920819 гБЬЉЩњЮя ШеЯп ЧАИДШЈ
      ШеЦк	    ПЊХЬ	    зюИп	    зюЕЭ	    ЪеХЬ	    ГЩНЛСП	    ГЩНЛЖю
2021/08/02 5.17 5.19 5.12 5.16 614600 3414088.50
2021/08/03 5.14 5.18 5.13 5.16 214600 1192053.38
2021/08/04 5.14 5.21 5.12 5.16 380700 2111487.50
2021/08/05 5.14 5.18 5.12 5.13 237600 1314575.00
2021/08/06 5.15 5.15 5.09 5.12 421700 2321042.50
2021/08/09 5.09 5.27 5.07 5.18 3631300 15880498.00
2021/08/10 5.21 5.24 5.15 5.19 230500 1292766.63
2021/08/11 5.17 5.21 5.15 5.20 257200 1435766.13
2021/08/12 5.23 5.36 5.23 5.29 1295800 7384311.50
2021/08/13 5.32 5.46 5.32 5.46 2230000 12920371.00
2021/08/16 5.55 5.61 5.48 5.59 3611700 19154098.00
2021/08/17 5.60 5.60 5.48 5.51 1078600 6381312.00
2021/08/18 5.52 5.56 5.42 5.45 815900 4795726.50
2021/08/19 5.45 5.48 5.26 5.43 806300 4666848.00
2021/08/20 5.48 5.48 5.31 5.39 447100 2584890.25
2021/08/23 5.37 5.43 5.35 5.39 348800 2017780.13
2021/08/24 5.39 5.44 5.34 5.36 535400 3094554.00
2021/08/25 5.37 5.38 5.30 5.34 685000 3919930.25
2021/08/26 5.37 5.38 5.32 5.32 821700 4724217.50
2021/08/27 5.33 5.43 5.31 5.40 1003700 5796035.50
2021/08/30 5.40 5.50 5.35 5.43 893500 5214261.50
2021/08/31 5.42 5.51 5.38 5.48 881900 5160508.50
2021/09/01 5.46 5.58 5.46 5.54 927500 5501906.50
2021/09/02 5.58 5.63 5.53 5.63 1757400 10533211.00
2021/09/03 6.60 6.60 5.82 5.82 7371500 48070136.00
2021/09/06 6.00 7.55 6.00 6.90 14069600 101717336.00
2021/09/07 6.90 7.07 6.61 6.72 5284200 37867112.00
2021/09/08 6.72 6.72 6.61 6.67 2673100 18857874.00
2021/09/09 6.71 7.01 6.69 6.97 3973200 28995784.00
2021/09/10 6.98 7.22 6.87 7.01 3424900 25435914.00
2021/09/13 7.06 7.17 6.66 6.78 2621300 19155748.00
2021/09/14 6.82 6.89 6.61 6.76 1741500 12544866.00
2021/09/15 6.76 6.80 6.60 6.65 1420900 10084038.00
2021/09/16 6.61 6.64 6.18 6.27 2131500 14427552.00
2021/09/17 6.28 6.44 6.23 6.41 1371500 9269464.00
2021/09/22 6.70 6.75 6.61 6.69 2537100 18006348.00
2021/09/23 6.72 6.75 6.60 6.68 1486700 10540113.00
2021/09/24 6.70 6.72 6.62 6.66 1172200 8288720.50
2021/09/27 6.68 6.71 6.38 6.42 1219900 8412841.00
2021/09/28 6.50 6.54 6.43 6.48 585200 4032142.00
2021/09/29 6.41 6.55 6.28 6.37 52868600 281493344.00
2021/09/30 6.37 6.60 6.35 6.57 1122800 7783337.00
2021/10/08 6.60 6.60 6.40 6.45 836700 5718960.00
2021/10/11 6.37 6.51 6.35 6.41 556000 3805681.50
2021/10/12 6.40 6.49 6.29 6.32 501300 3400456.75
2021/10/13 6.33 6.40 6.33 6.37 391700 2650238.25
2021/10/14 6.38 6.43 6.35 6.41 344300 2343399.50
2021/10/15 6.41 6.44 6.35 6.38 339300 2303190.25
2021/10/18 6.33 6.41 6.33 6.39 242100 1635217.88
2021/10/19 6.36 6.39 6.23 6.30 598000 4014274.00
2021/10/20 6.33 6.33 6.21 6.28 482400 3207084.75
2021/10/21 6.28 6.38 6.27 6.37 609500 4106016.50
2021/10/22 6.42 6.43 6.36 6.38 306100 2083617.25
2021/10/25 6.42 6.59 6.40 6.44 918000 6317048.00
2021/10/26 6.47 6.52 6.35 6.35 623100 4253966.00
2021/10/27 6.35 6.43 6.04 6.14 816400 5382263.50
2021/10/28 6.10 6.13 5.80 5.84 708700 4453592.50
2021/10/29 5.95 6.11 5.82 6.07 664700 4233349.00
2021/11/01 6.27 6.58 6.27 6.47 4041300 23935782.00
2021/11/02 6.54 6.54 6.32 6.35 834200 5697006.00
2021/11/03 6.43 6.53 6.36 6.47 875500 6000733.00
2021/11/04 6.54 6.79 6.43 6.74 40784200 232962288.00
2021/11/05 6.75 6.75 5.79 6.07 15410700 98695840.00
2021/11/08 6.12 6.65 6.12 6.54 9105900 58000416.00
2021/11/09 6.67 6.67 6.41 6.50 15136600 79804392.00
2021/11/10 6.50 6.65 6.48 6.60 4847400 27847974.00
2021/11/11 6.65 6.75 6.54 6.57 5603000 39418892.00
2021/11/12 6.69 6.98 6.58 6.98 9269600 65449976.00
2021/11/15 6.95 6.98 6.27 6.48 21887900 154571600.00
2021/11/16 6.38 6.42 6.09 6.12 10110500 64225824.00
2021/11/17 6.12 6.29 6.10 6.18 4496200 29687778.00
2021/11/18 6.24 6.25 5.87 5.92 5831700 37243044.00
2021/11/19 5.92 5.93 5.80 5.86 4293100 26856724.00
2021/11/22 5.86 5.98 5.86 5.93 3454400 21850498.00
2021/11/23 5.97 6.15 5.90 6.06 4947800 31895174.00
2021/11/24 6.07 6.07 5.88 5.92 4831500 27806912.00
2021/11/25 5.97 5.97 5.83 5.85 3994600 23896172.00
2021/11/26 5.86 5.91 5.69 5.70 3731900 22963066.00
2021/11/29 5.63 5.69 5.60 5.64 3234600 18684146.00
2021/11/30 5.66 5.69 5.39 5.44 7405000 41760164.00
2021/12/01 5.43 5.47 5.36 5.40 3583400 20047588.00
2021/12/02 5.40 5.41 5.29 5.31 6689800 33986776.00
2021/12/03 5.31 5.34 5.26 5.29 2197300 11983527.00
2021/12/06 5.29 5.35 5.25 5.26 2394500 13645732.00
2021/12/07 5.26 5.35 5.22 5.27 1562800 8854034.00
2021/12/08 5.32 5.32 5.24 5.27 1072800 6076185.50
2021/12/09 5.30 5.32 5.27 5.29 2041900 11622604.00
2021/12/10 5.29 5.29 5.19 5.25 2202100 12408900.00
2021/12/13 5.30 5.30 5.25 5.28 1392200 7894469.50
2021/12/14 5.29 5.44 5.28 5.38 3201200 18537556.00
2021/12/15 5.42 5.42 5.35 5.37 1416300 8175696.50
2021/12/16 5.39 5.42 5.38 5.39 1411500 8189024.00
2021/12/17 5.43 5.43 5.30 5.36 1699200 9753214.00
2021/12/20 5.32 5.38 5.22 5.25 1462300 8285600.00
2021/12/21 5.26 5.29 5.22 5.28 1159400 6555472.50
2021/12/22 5.28 5.30 5.24 5.26 1354100 7660829.50
2021/12/23 5.26 5.26 5.15 5.17 16916400 80668920.00
2021/12/24 5.15 5.15 4.86 4.87 6432100 34391688.00
2021/12/27 4.93 5.02 4.88 4.93 4759000 24423432.00
2021/12/28 4.98 5.00 4.95 4.99 1730100 9310718.00
2021/12/29 4.97 5.05 4.95 5.01 2565800 13821145.00
2021/12/30 5.01 5.76 4.97 5.45 15651800 89775120.00
2021/12/31 5.43 5.72 5.35 5.53 10936200 65315200.00
2022/01/04 5.49 5.53 5.27 5.36 5620500 32370548.00
2022/01/05 5.36 5.49 5.34 5.48 5474600 31936274.00
2022/01/06 5.47 5.47 5.25 5.37 4756200 27403948.00
2022/01/07 5.34 5.40 5.31 5.34 2399700 13779592.00
2022/01/10 5.40 5.46 5.33 5.36 2093003 12062587.00
2022/01/11 5.32 5.36 5.30 5.31 2070855 11848094.00
2022/01/12 5.35 5.35 5.25 5.34 1642139 9353265.00
2022/01/13 5.35 5.36 5.27 5.27 26363974 123970384.00
2022/01/14 5.25 5.29 5.14 5.20 3810980 21358414.00
2022/01/17 5.20 5.23 5.10 5.23 4849820 25776230.00
2022/01/18 5.22 5.23 5.15 5.18 2524309 13258440.00
2022/01/19 5.17 5.20 5.12 5.15 1472739 8159492.00
2022/01/20 5.19 5.27 5.15 5.25 5121732 28842804.00
2022/01/21 5.25 5.25 5.15 5.20 2331868 13034067.00
2022/01/24 5.15 5.21 5.12 5.12 1819567 10075337.00
2022/01/25 5.16 5.20 4.94 4.95 2696406 14593108.00
2022/01/26 5.10 5.19 5.04 5.12 14527814 68941608.00
2022/01/27 5.17 5.17 4.98 5.01 1527600 8307621.00
2022/01/28 5.01 5.08 5.00 5.06 1443096 7441280.50
2022/02/07 5.11 5.19 5.11 5.13 902727 4994531.50
2022/02/08 5.16 5.17 5.11 5.17 1451915 8050438.00
2022/02/09 5.17 5.18 5.13 5.17 905979 5042601.00
2022/02/10 5.16 5.22 5.14 5.17 1602591 8926489.00
2022/02/11 5.15 5.17 5.00 5.06 1825971 10048720.00
2022/02/14 5.02 5.13 5.02 5.07 770321 4219458.50
2022/02/15 5.05 5.16 5.05 5.08 1357994 7468678.00
2022/02/16 5.08 5.09 5.03 5.08 1187681 6498212.00
2022/02/17 5.10 5.14 5.04 5.07 1296814 7128340.50
2022/02/18 5.06 5.10 5.02 5.09 1367444 7437204.00
2022/02/21 5.16 5.18 5.11 5.14 1559448 8643019.00
2022/02/22 5.13 5.13 5.06 5.08 1156203 6333365.00
2022/02/23 5.13 5.14 5.09 5.13 1216066 6713654.00
2022/02/24 5.14 5.15 4.98 5.02 2318769 12633705.00
2022/02/25 5.04 5.09 5.03 5.06 970755 5302505.00
2022/02/28 5.05 5.08 5.02 5.04 899735 4898590.00
2022/03/01 5.04 5.07 5.02 5.06 637580 3472587.75
2022/03/02 5.06 5.06 5.01 5.05 810102 4407789.00
2022/03/03 5.07 5.08 5.01 5.06 1650086 8992751.00
2022/03/04 5.06 5.06 5.02 5.05 1065255 5802242.50
2022/03/07 5.08 5.10 5.01 5.02 1993387 10874190.00
2022/03/08 5.03 5.03 4.87 4.90 1853234 9920706.00
2022/03/09 4.94 4.94 4.64 4.74 1883439 9743939.00
2022/03/10 4.88 4.90 4.80 4.82 1083030 5683553.50
2022/03/11 4.77 4.83 4.68 4.83 1371028 7018346.50
2022/03/14 4.84 4.84 4.77 4.77 646378 3357940.50
2022/03/15 4.76 4.80 4.52 4.52 2017327 10224223.00
2022/03/16 4.61 4.67 4.46 4.61 1548344 7670263.50
2022/03/17 4.71 5.02 4.61 4.81 3461637 18244782.00
2022/03/18 4.80 4.91 4.74 4.86 1238990 6475156.00
2022/03/21 4.86 4.88 4.80 4.83 1279676 6680204.00
2022/03/22 4.83 4.85 4.78 4.82 934449 4874925.50
2022/03/23 4.86 4.86 4.75 4.77 657154 3405639.00
2022/03/24 4.76 4.76 4.63 4.69 10858429 50553860.00
2022/03/25 4.70 4.70 4.65 4.65 746902 3786130.75
2022/03/28 4.64 4.64 4.56 4.61 791853 3962420.75
2022/03/29 4.62 4.67 4.61 4.62 782006 3563833.00
2022/03/30 4.68 4.68 4.61 4.63 707022 3564421.00
2022/03/31 4.65 4.67 4.61 4.63 744973 3753404.25
2022/04/01 4.65 4.74 4.62 4.71 1521345 7714738.00
2022/04/06 4.72 4.74 4.66 4.68 609868 3108639.50
2022/04/07 4.71 4.71 4.55 4.58 9010654 42168244.00
2022/04/08 4.60 4.60 4.48 4.50 1404962 6908175.00
2022/04/11 4.52 4.52 4.41 4.44 1350914 6549474.00
2022/04/12 4.46 4.50 4.40 4.50 817368 3964364.25
2022/04/13 4.51 4.51 4.42 4.47 698028 3385377.50
2022/04/14 4.49 4.49 4.32 4.39 1572977 7547895.00
2022/04/15 4.38 4.38 4.29 4.31 1281041 6049488.00
2022/04/18 4.31 4.31 4.15 4.22 1411395 6479648.50
2022/04/19 4.48 4.70 4.47 4.48 3740555 18517914.00
2022/04/20 4.43 4.49 4.38 4.40 1249699 6036538.00
2022/04/21 4.35 4.41 4.27 4.33 1387517 6568891.50
2022/04/22 4.32 4.59 4.28 4.50 3250315 15777772.00
2022/04/25 4.44 4.53 4.25 4.25 2370486 11414520.00
2022/04/26 4.34 4.46 4.25 4.26 2560489 12192221.00
2022/04/27 4.31 4.42 4.20 4.38 1614859 7611882.50
2022/04/28 4.35 4.52 4.35 4.47 3582346 15888200.00
2022/04/29 4.53 4.58 4.48 4.52 1594712 7866580.00
2022/05/05 4.49 4.95 4.49 4.77 6487953 32621980.00
2022/05/06 4.68 4.86 4.63 4.71 2223644 11442788.00
2022/05/09 4.66 4.76 4.65 4.72 1173000 5983091.00
2022/05/10 4.66 4.78 4.64 4.74 4905254 23162332.00
2022/05/11 4.78 4.82 4.71 4.80 2605675 13492188.00
2022/05/12 4.77 4.91 4.76 4.90 3199779 16804004.00
2022/05/13 4.92 5.19 4.92 5.10 5564992 30452032.00
2022/05/16 5.17 5.34 5.14 5.23 6033541 33994164.00
2022/05/17 5.25 5.25 5.09 5.20 2184576 12136103.00
2022/05/18 5.23 5.23 5.10 5.13 1043553 5777329.00
2022/05/19 5.06 5.23 5.05 5.18 8193477 40746032.00
2022/05/20 5.19 5.19 5.11 5.17 1305042 7230286.50
2022/05/23 5.21 5.21 5.12 5.17 891158 4954182.50
2022/05/24 5.18 5.18 4.80 4.91 2519726 13495659.00
2022/05/25 4.91 4.95 4.84 4.91 833939 4418701.50
2022/05/26 4.98 4.98 4.80 4.88 6261030 29543392.00
2022/05/27 4.89 4.96 4.89 4.93 1081846 5774586.50
2022/05/30 4.99 5.04 4.99 5.00 856040 4638690.00
2022/05/31 5.07 5.07 4.98 5.01 5174711 22065300.00
2022/06/01 5.04 5.04 4.95 4.98 866100 4661306.00
2022/06/02 5.01 5.01 4.92 4.96 5797045 27423002.00
2022/06/06 5.01 5.22 4.97 5.18 2906171 16122495.00
2022/06/07 5.15 5.21 5.14 5.19 2476338 13827295.00
2022/06/08 5.19 5.20 5.15 5.15 1579822 8812020.00
2022/06/09 5.19 5.19 5.08 5.12 6739709 32087080.00
2022/06/10 5.08 5.25 5.08 5.19 1515154 8480261.00
2022/06/13 5.13 5.21 5.11 5.20 950750 5284190.50
2022/06/14 5.18 5.21 5.08 5.20 1194055 6629791.00
2022/06/15 5.20 5.20 5.15 5.19 719895 4017921.00
2022/06/16 5.17 5.22 5.15 5.19 6834216 32125032.00
2022/06/17 5.15 5.19 5.07 5.11 995428 5478837.00
2022/06/20 5.11 5.18 5.09 5.10 532920 2948841.75
2022/06/21 5.12 5.15 5.05 5.07 812491 4448120.00
2022/06/22 5.10 5.10 5.01 5.03 964195 5244627.00
2022/06/23 5.10 5.10 4.93 5.03 1503866 8087873.00
2022/06/24 4.98 5.07 4.94 5.02 631231 3403838.25
2022/06/27 5.02 5.05 4.98 5.05 1143363 6184130.00
2022/06/28 5.05 5.19 5.01 5.13 13722264 64050592.00
2022/06/29 5.11 5.11 5.01 5.04 1586244 8631296.00
2022/06/30 5.06 5.07 4.98 5.02 2690176 13133302.00
2022/07/01 5.06 5.06 5.00 5.03 534609 2897802.00
2022/07/04 4.95 5.09 4.95 5.04 605192 3287130.50
2022/07/05 5.06 5.06 4.98 5.02 1233145 6290387.00
2022/07/06 5.00 5.00 4.92 4.97 1372306 7340423.00
2022/07/07 4.93 5.00 4.93 4.95 345584 1853122.63
2022/07/08 4.93 5.00 4.93 4.95 445019 2384129.25
2022/07/11 4.93 4.98 4.93 4.95 660749 3527905.50
2022/07/12 4.94 4.98 4.90 4.94 535703 2858516.50
2022/07/13 4.91 4.96 4.91 4.96 1229833 6579014.00
2022/07/14 4.97 4.98 4.93 4.94 1047790 5605432.50
2022/07/15 5.16 5.33 5.13 5.15 5725851 32086730.00
2022/07/18 5.18 5.18 5.06 5.13 1075792 5917507.50
2022/07/19 5.09 5.13 5.08 5.13 641342 3532894.00
2022/07/20 5.17 5.17 5.10 5.13 648140 3578607.50
2022/07/21 5.15 5.21 5.12 5.18 2010835 11209765.00
2022/07/22 5.19 5.19 5.16 5.16 713726 3976490.00
2022/07/25 5.17 5.19 5.14 5.15 4754824 20048336.00
2022/07/26 5.10 5.19 5.10 5.15 721315 4009820.75
2022/07/27 5.17 5.18 5.14 5.17 611544 3402056.75
2022/07/28 5.17 5.17 5.15 5.16 347654 1931621.38
2022/07/29 5.16 5.19 5.10 5.14 925817 5138550.00
2022/08/01 5.14 5.14 5.08 5.10 1246332 6863611.50
2022/08/02 5.08 5.09 4.90 4.96 1548939 8303372.50
2022/08/03 4.96 5.02 4.91 4.95 639455 3422796.00
2022/08/04 4.95 5.06 4.93 5.03 486669 2636842.25
2022/08/05 5.05 5.10 5.02 5.05 434206 2370854.00
2022/08/08 5.09 5.10 5.00 5.06 840068 4576189.00
2022/08/09 5.08 5.11 5.04 5.09 585058 3198501.50
2022/08/10 5.11 5.11 5.04 5.09 1137737 6221163.00
2022/08/11 5.30 5.30 5.14 5.19 3287164 18416542.00
2022/08/12 5.14 5.20 5.13 5.16 1368137 7599663.50
2022/08/15 5.18 5.18 5.06 5.10 1366084 7533447.50
2022/08/16 5.09 5.23 5.09 5.20 4940567 27668938.00
2022/08/17 5.20 5.21 5.18 5.19 1031538 5763804.50
2022/08/18 5.20 5.22 5.13 5.15 1049784 5834074.00
2022/08/19 5.15 5.15 5.08 5.11 1396661 7684880.00
2022/08/22 5.10 5.16 5.08 5.15 1046400 5780433.00
2022/08/23 5.13 5.18 5.10 5.15 1040276 5762160.00
2022/08/24 5.14 5.20 5.11 5.11 753863 4178609.50
2022/08/25 5.12 5.17 5.09 5.16 2248432 11380840.00
2022/08/26 5.13 5.18 5.11 5.13 1969518 9848619.00
2022/08/29 5.16 5.16 5.09 5.13 1754355 8649166.00
2022/08/30 5.15 5.20 5.14 5.16 2442198 12508073.00
2022/08/31 5.18 5.18 5.10 5.16 1850657 9178980.00
2022/09/01 5.16 5.16 5.13 5.13 1870676 9025831.00
2022/09/02 5.16 5.16 5.13 5.14 1542104 7473426.50
2022/09/05 5.19 5.21 5.16 5.17 2203296 11900798.00
2022/09/06 5.19 5.19 5.13 5.16 1091817 6063066.00
2022/09/07 5.18 5.19 5.14 5.15 680573 3786196.50
2022/09/08 5.15 5.17 5.11 5.14 384705 2130071.25
2022/09/09 5.13 5.15 5.12 5.14 318686 1763133.63
2022/09/13 5.15 5.23 5.14 5.17 963295 5373797.50
2022/09/14 5.13 5.16 5.12 5.14 683846 3784301.50
2022/09/15 5.13 5.16 5.07 5.11 782833 4314185.50
2022/09/16 5.14 5.22 5.12 5.19 4508519 24967628.00
2022/09/19 5.15 5.17 5.04 5.06 1792422 9839386.00
2022/09/20 5.06 5.13 5.04 5.10 729348 3998902.75
2022/09/21 5.08 5.42 5.04 5.33 8040239 45775316.00
2022/09/22 5.34 5.35 5.18 5.21 4059776 23041264.00
2022/09/23 5.21 5.24 5.09 5.11 2291166 12673021.00
2022/09/26 5.10 5.14 5.06 5.06 995444 5468707.50
2022/09/27 5.06 5.12 5.05 5.10 854218 4672573.50
2022/09/28 5.08 5.13 5.02 5.04 779674 4265562.50
2022/09/29 5.04 5.09 4.98 5.01 872248 4659156.50
2022/09/30 5.02 5.08 4.92 4.96 1042142 5502135.00
2022/10/10 4.96 5.03 4.84 4.88 1186511 6153843.00
2022/10/11 4.91 4.97 4.85 4.94 687291 3585927.00
2022/10/12 4.94 4.99 4.88 4.98 803592 4218964.50
2022/10/13 4.93 5.02 4.93 4.99 468518 2477186.75
2022/10/14 5.00 5.06 4.98 5.03 1316625 7004861.50
2022/10/17 5.05 5.19 5.02 5.12 2283247 12144135.00
2022/10/18 5.15 5.15 5.07 5.12 985821 5321002.00
2022/10/19 5.10 5.17 5.08 5.08 1008226 5472519.50
2022/10/20 5.08 5.14 5.08 5.09 559679 3027232.00
2022/10/21 5.13 5.13 5.06 5.09 683399 3685870.50
2022/10/24 5.11 5.11 5.03 5.07 974095 5233135.00
2022/10/25 5.05 5.07 4.99 5.06 535503 2853423.50
2022/10/26 5.10 5.10 5.03 5.08 737637 3962411.75
2022/10/27 5.08 5.08 5.03 5.06 632446 3383966.75
2022/10/28 5.05 5.07 4.98 5.00 971890 5166484.00
2022/10/31 4.99 5.03 4.96 5.00 866942 4585933.00
2022/11/01 5.01 5.05 4.99 5.05 2023840 10113675.00
2022/11/02 5.05 5.08 5.01 5.07 1099778 5893912.00
2022/11/03 5.06 5.06 5.02 5.04 723474 3860333.25
2022/11/04 5.04 5.07 5.03 5.06 1034779 5539814.00
2022/11/07 5.12 5.22 5.10 5.18 2852325 15598913.00
2022/11/08 5.13 5.18 5.13 5.16 2010057 10321073.00
2022/11/09 5.17 5.20 5.12 5.18 724150 3948052.00
2022/11/10 5.15 5.18 5.12 5.16 661337 3605251.75
2022/11/11 5.20 5.26 5.15 5.20 1487657 8177006.50
2022/11/14 5.23 5.25 5.19 5.21 1083056 5985387.00
2022/11/15 5.24 5.24 5.18 5.22 840552 4632305.00
2022/11/16 5.24 5.24 5.16 5.19 1077445 5910669.50
2022/11/17 5.17 5.20 5.15 5.18 778571 4268014.00
2022/11/18 5.18 5.23 5.18 5.21 1103445 6073853.00
2022/11/21 5.30 5.32 5.21 5.25 4095131 22831526.00
2022/11/22 5.27 5.27 5.19 5.20 1482728 8184505.00
2022/11/23 5.20 5.22 5.15 5.19 1332459 7290425.00
2022/11/24 5.17 5.20 5.17 5.19 521379 2860498.75
2022/11/25 5.18 5.19 5.16 5.19 790955 4326719.50
2022/11/28 5.21 5.21 5.16 5.17 711078 3894873.25
2022/11/29 5.18 5.21 5.16 5.21 1081609 5941999.50
2022/11/30 5.21 5.22 5.18 5.19 3853411 16544003.00
2022/12/01 5.21 5.23 5.17 5.19 1132928 6228907.50
2022/12/02 5.21 5.21 5.16 5.18 477227 2611215.00
2022/12/05 5.19 5.19 5.15 5.18 897031 4908444.50
2022/12/06 5.17 5.18 5.14 5.15 1181933 6447188.50
2022/12/07 5.15 5.17 5.14 5.14 684769 3733563.25
2022/12/08 5.13 5.16 5.11 5.14 927151 5040503.50
2022/12/09 5.14 5.16 5.12 5.15 761045 4141394.00
2022/12/12 5.12 5.15 5.11 5.14 524946 2849412.00
2022/12/13 5.14 5.14 5.11 5.13 513489 2782361.50
2022/12/14 5.12 5.14 5.09 5.10 609497 3296359.00
2022/12/15 5.09 5.10 5.06 5.09 603992 3249308.75
2022/12/16 5.06 5.16 5.06 5.14 1200031 6500017.50
2022/12/19 5.13 5.16 5.07 5.10 590235 3189453.75
2022/12/20 5.07 5.09 5.02 5.05 561275 2999084.75
2022/12/21 5.07 5.07 4.98 5.00 691469 3669593.50
2022/12/22 5.02 5.02 4.93 4.95 831263 4369127.50
2022/12/23 4.92 4.97 4.91 4.95 337080 1768415.63
2022/12/26 4.93 4.98 4.92 4.97 369947 1945427.13
2022/12/27 4.98 5.04 4.94 5.03 471954 2494878.25
2022/12/28 4.97 5.07 4.95 5.04 447288 2384171.25
2022/12/29 5.03 5.05 4.98 4.98 389676 2069077.88
2022/12/30 5.01 5.03 4.97 4.99 270084 1427690.63
2023/01/03 5.02 5.04 4.97 5.02 284449 1509852.63
2023/01/04 5.04 5.07 5.00 5.06 536098 2866578.25
2023/01/05 5.07 5.07 5.02 5.06 476288 2545915.00
2023/01/06 5.07 5.07 5.03 5.06 426662 2282959.75
2023/01/09 5.07 5.09 5.05 5.07 401808 2158927.50
2023/01/10 5.08 5.09 5.04 5.08 463270 2486664.00
2023/01/11 5.07 5.07 5.04 5.07 264139 1415654.00
2023/01/12 5.06 5.07 5.02 5.07 280298 1498357.88
2023/01/13 5.06 5.06 5.01 5.05 371671 1982127.38
2023/01/16 5.05 5.08 5.02 5.04 801623 4292650.50
2023/01/17 5.04 5.07 5.03 5.04 492521 2631621.50
2023/01/18 5.06 5.06 5.03 5.05 335298 1791389.13
2023/01/19 5.05 5.07 5.04 5.07 618158 3311551.75
2023/01/20 5.07 5.18 5.04 5.13 773740 4186068.75
2023/01/30 5.15 5.18 5.14 5.16 857139 4678842.00
2023/01/31 5.17 5.29 5.13 5.29 5983365 33122454.00
2023/02/01 5.32 5.32 5.21 5.23 4057952 22531870.00
2023/02/02 5.22 5.25 5.17 5.19 2075341 11428967.00
2023/02/03 5.19 5.21 5.16 5.20 1037888 5697846.00
2023/02/06 5.18 5.23 5.16 5.21 984006 5109828.50
2023/02/07 5.20 5.22 5.17 5.19 792265 4051470.25
2023/02/08 5.20 5.21 5.16 5.19 847580 4355914.50
2023/02/09 5.19 5.22 5.17 5.19 966582 5313157.00
2023/02/10 5.19 5.20 5.17 5.19 606866 3328188.25
2023/02/13 5.21 5.25 5.20 5.24 2239252 12383932.00
2023/02/14 5.26 5.26 5.20 5.23 1372657 7602836.00
2023/02/15 5.23 5.25 5.19 5.20 753600 4154415.50
2023/02/16 5.20 5.21 5.13 5.17 1379492 7566151.00
2023/02/17 5.17 5.18 5.13 5.18 585535 3196782.00
2023/02/20 5.18 5.23 5.18 5.22 1204549 6633234.00
2023/02/21 5.22 5.24 5.16 5.20 1488980 8165745.00
2023/02/22 5.20 5.20 5.15 5.18 977024 5343689.50
2023/02/23 5.19 5.19 5.13 5.16 968906 5282987.00
2023/02/24 5.17 5.17 5.13 5.16 537642 2925467.50
2023/02/27 5.19 5.19 5.13 5.15 1298034 7079054.00
2023/02/28 5.16 5.19 5.13 5.18 688530 3767768.00
2023/03/01 5.16 5.21 5.16 5.19 763788 4191005.50
2023/03/02 5.18 5.20 5.17 5.18 493927 2708433.75
2023/03/03 5.19 5.20 5.13 5.19 693493 3788682.25
2023/03/06 5.18 5.19 5.14 5.16 571441 3119865.50
2023/03/07 5.18 5.18 5.10 5.10 1209169 6560052.50
2023/03/08 5.11 5.13 5.10 5.11 493809 2676067.75
2023/03/09 5.13 5.14 5.09 5.12 456652 2474785.75
2023/03/10 5.09 5.13 5.08 5.11 682921 3687983.25
2023/03/13 5.05 5.14 5.05 5.10 642800 3465570.75
2023/03/14 5.10 5.10 5.00 5.06 754930 4035372.50
2023/03/15 5.06 5.09 5.01 5.05 1108972 5927646.00
2023/03/16 5.05 5.07 5.01 5.02 547200 2919481.50
2023/03/17 5.05 5.05 5.02 5.02 528085 2816147.50
2023/03/20 5.02 5.04 5.00 5.01 330970 1759657.38
2023/03/21 5.01 5.04 5.00 5.04 518570 2758416.25
2023/03/22 5.03 5.07 5.03 5.07 606670 3242520.00
2023/03/23 5.04 5.08 5.04 5.06 350600 1879099.50
2023/03/24 5.04 5.10 5.04 5.09 761735 4094679.50
2023/03/27 5.08 5.09 5.04 5.05 492811 2641396.75
2023/03/28 5.07 5.07 4.97 5.00 1317256 6999930.50
2023/03/29 4.99 5.03 4.98 5.00 609802 3236907.50
2023/03/30 5.00 5.05 5.00 5.04 1002540 5355050.00
2023/03/31 5.05 5.05 5.02 5.02 569069 3034905.50
2023/04/03 5.04 5.06 5.00 5.01 958747 4955148.00
2023/04/04 5.00 5.03 4.94 4.97 2795339 12705779.00
2023/04/06 4.98 4.98 4.92 4.95 2541762 11348411.00
2023/04/07 4.95 4.99 4.93 4.99 2909161 13276853.00
2023/04/10 4.97 5.01 4.96 4.97 416143 2198778.00
2023/04/11 4.99 5.00 4.93 4.97 1853091 7982113.00
2023/04/12 4.98 4.99 4.93 4.97 1956093 8525160.00
2023/04/13 4.94 4.97 4.92 4.93 2177372 9788271.00
2023/04/14 4.93 4.95 4.86 4.92 2301660 11965968.00
2023/04/17 4.90 4.93 4.88 4.90 946427 4919006.50
2023/04/18 4.92 4.93 4.82 4.86 1755339 9057812.00
2023/04/19 4.87 4.88 4.80 4.83 1912197 9797669.00
2023/04/20 4.82 4.85 4.77 4.80 1227619 6258391.00
2023/04/21 4.77 4.84 4.77 4.80 776968 3962593.00
2023/04/24 4.81 4.81 4.73 4.75 885341 4479047.00
2023/04/25 4.76 4.76 4.67 4.68 838300 4198249.00
2023/04/26 4.67 4.79 4.67 4.78 765319 3854608.00
2023/04/27 4.66 4.67 4.51 4.58 3043297 15030551.00
2023/04/28 4.59 4.64 4.56 4.63 1012233 4948686.50
2023/05/04 4.62 4.66 4.50 4.63 967258 4734936.00
2023/05/05 4.62 4.62 4.42 4.43 4229186 20318226.00
2023/05/08 4.47 4.48 4.39 4.44 3474895 16406472.00
2023/05/09 4.44 4.47 4.40 4.41 1485804 7025028.00
2023/05/10 4.41 4.41 4.32 4.41 1139976 5326723.00
2023/05/11 4.41 4.43 4.30 4.38 1471293 6857745.50
2023/05/12 4.38 4.39 4.33 4.37 940181 4377575.00
2023/05/15 4.36 4.38 4.30 4.37 954226 4425111.00
2023/05/16 4.37 4.40 4.36 4.39 805385 3771271.25
2023/05/17 4.39 4.42 4.37 4.40 693700 3259519.75
2023/05/18 4.42 4.43 4.35 4.38 810829 3808323.00
2023/05/19 4.37 4.44 4.37 4.44 896914 4206981.50
2023/05/22 4.46 4.57 4.42 4.56 2144082 10255912.00
2023/05/23 4.55 4.55 4.48 4.50 901848 4341744.00
2023/05/24 4.52 4.52 4.47 4.49 854998 4091048.50
2023/05/25 4.45 4.52 4.44 4.49 719546 3453814.75
2023/05/26 4.52 4.53 4.48 4.49 586615 2815961.00
2023/05/29 4.49 4.49 4.42 4.44 917830 4368612.00
2023/05/30 4.44 4.46 4.41 4.43 607052 2869267.25
2023/05/31 4.43 4.47 4.40 4.43 563622 2671192.75
2023/06/01 4.45 4.45 4.41 4.43 330287 1563917.13
2023/06/02 4.43 4.45 4.41 4.45 649151 3071745.25
2023/06/05 4.43 4.44 4.40 4.42 738228 3479407.00
2023/06/06 4.40 4.42 4.37 4.37 602823 2830011.00
2023/06/07 4.37 4.40 4.33 4.40 634278 2954722.50
2023/06/08 4.36 4.38 4.32 4.37 688743 3201746.75
2023/06/09 4.39 4.43 4.30 4.41 1977180 8961358.00
2023/06/12 4.37 4.59 4.34 4.54 3374976 14896515.00
2023/06/13 4.53 4.54 4.47 4.49 1513800 7021274.00
2023/06/14 4.51 4.52 4.44 4.47 1722274 7957566.50
2023/06/15 4.47 4.48 4.46 4.47 1744667 8059546.50
2023/06/16 4.46 4.48 4.45 4.48 776692 3603413.25
2023/06/19 4.44 4.48 4.41 4.43 755938 3498376.00
2023/06/20 4.43 4.43 4.30 4.36 964286 4258788.50
2023/06/21 4.34 4.37 4.31 4.32 621719 2821360.75
2023/06/26 4.31 4.32 4.24 4.26 1479356 6628394.50
2023/06/27 4.25 4.30 4.25 4.26 921754 4112530.25
2023/06/28 4.25 4.40 4.24 4.36 1406277 6159022.00
2023/06/29 4.35 4.50 4.32 4.47 1959110 9042309.00
2023/06/30 4.48 4.53 4.43 4.49 1284309 6002051.50
2023/07/03 4.51 4.53 4.48 4.52 1226587 5754310.50
2023/07/04 4.53 4.54 4.48 4.54 1665679 7867999.00
2023/07/05 4.51 4.52 4.47 4.48 363601 1705774.63
2023/07/06 4.48 4.48 4.40 4.41 986786 4552666.00
2023/07/07 4.42 4.42 4.38 4.41 331544 1524687.38
2023/07/10 4.42 4.42 4.36 4.38 381620 1746832.88
2023/07/11 4.39 4.40 4.35 4.40 510800 2336058.75
2023/07/12 4.40 4.42 4.35 4.36 365257 1668331.50
2023/07/13 4.36 4.43 4.36 4.40 640347 2942976.00
2023/07/14 4.40 4.40 4.38 4.40 146124 670618.25
2023/07/17 4.38 4.40 4.36 4.36 233343 1066588.75
2023/07/18 4.36 4.38 4.33 4.37 391207 1781056.50
2023/07/19 4.34 4.38 4.34 4.37 475478 2168134.75
2023/07/20 4.37 4.41 4.35 4.37 508158 2325229.75
2023/07/21 4.39 4.39 4.31 4.33 631016 3016871.50
2023/07/24 4.37 4.37 4.33 4.36 117432 534650.13
2023/07/25 4.36 4.39 4.36 4.38 439204 2008771.25
2023/07/26 4.37 4.40 4.37 4.40 555062 2543442.25
2023/07/27 4.41 4.42 4.39 4.40 796071 3667977.00
2023/07/28 4.39 4.42 4.38 4.42 656918 3025542.25
2023/07/31 4.42 4.45 4.41 4.45 970826 4500935.00
2023/08/01 4.45 4.46 4.43 4.43 605743 2808439.00
2023/08/02 4.44 4.44 4.39 4.41 478636 2202067.75
2023/08/03 4.40 4.43 4.39 4.42 437945 2019795.00
2023/08/04 4.42 4.45 4.40 4.42 574463 2656769.25
2023/08/07 4.42 4.42 4.35 4.37 428172 1959598.50
2023/08/08 4.35 4.38 4.33 4.35 391365 1780192.13
2023/08/09 4.35 4.37 4.33 4.34 617722 2803967.25
2023/08/10 4.36 4.38 4.34 4.36 226149 1032071.50
2023/08/11 4.37 4.37 4.28 4.32 863715 3901509.00
2023/08/14 4.29 4.33 4.26 4.30 591817 2649982.50
2023/08/15 4.27 4.32 4.27 4.30 287404 1294162.50
2023/08/16 4.28 4.30 4.26 4.27 398256 1784497.25
2023/08/17 4.27 4.28 4.26 4.28 227961 1019051.88
2023/08/18 4.26 4.28 4.24 4.27 471060 2101147.75
2023/08/21 4.27 4.30 4.23 4.25 355230 1589081.75
2023/08/22 4.23 4.27 4.20 4.24 894801 3963218.00
2023/08/23 4.23 4.23 4.17 4.19 872320 3835574.50
2023/08/24 4.19 4.19 4.10 4.12 1155185 5004017.00
2023/08/25 4.11 4.11 4.05 4.07 694773 2978587.25
2023/08/28 4.23 4.25 4.08 4.10 1137489 4940270.50
2023/08/29 4.14 4.14 4.08 4.12 573703 2472712.75
2023/08/30 4.11 4.14 4.09 4.13 472915 2042469.50
2023/08/31 4.13 4.13 4.09 4.09 374854 1615258.88
2023/09/01 4.12 4.18 4.10 4.16 1104668 4797530.00
2023/09/04 4.21 4.36 4.21 4.26 1993930 8910758.00
2023/09/05 4.27 4.28 4.19 4.21 1093564 4834116.00
2023/09/06 4.18 4.21 4.16 4.17 746635 3265221.25
2023/09/07 4.17 4.19 4.09 4.10 722409 3123446.75
2023/09/08 4.10 4.13 4.09 4.12 654753 2818960.50
2023/09/11 4.12 4.15 4.10 4.13 520431 2252583.75
2023/09/12 4.11 4.14 4.10 4.13 810875 3506924.50
2023/09/13 4.13 4.15 4.11 4.12 613290 2526485.00
2023/09/14 4.14 4.14 4.09 4.11 571010 2458764.50
2023/09/15 4.11 4.14 4.08 4.09 741313 3186125.00
2023/09/18 4.12 4.12 4.05 4.08 388845 1663281.25
2023/09/19 4.06 4.09 4.01 4.09 707983 3014274.50
2023/09/20 4.09 4.09 4.03 4.04 307627 1309163.38
2023/09/21 4.03 4.05 3.98 4.02 720066 3038752.25
2023/09/22 4.01 4.04 3.99 4.04 444936 1877731.50
2023/09/25 4.05 4.05 4.02 4.03 462839 1960049.88
2023/09/26 4.03 4.04 4.00 4.02 457639 1931038.13
2023/09/27 4.00 4.04 4.00 4.02 710164 2996476.50
2023/09/28 4.01 4.04 4.01 4.04 679092 2866072.00
2023/10/09 4.04 4.04 4.02 4.03 506242 2140734.50
2023/10/10 4.03 4.03 4.00 4.02 459375 1936508.38
2023/10/11 4.02 4.08 4.02 4.05 635747 2639937.50
2023/10/12 4.08 4.08 4.05 4.07 106558 443729.59
2023/10/13 4.07 4.07 4.03 4.03 233290 966733.56
2023/10/16 4.03 4.03 3.95 3.98 501797 2051890.00
2023/10/17 3.97 3.99 3.92 3.93 521787 2112084.25
2023/10/18 3.92 3.94 3.88 3.91 343369 1373891.25
2023/10/19 3.88 3.91 3.84 3.86 646007 2559264.00
2023/10/20 3.84 3.89 3.70 3.75 2385076 9210486.00
2023/10/23 3.78 3.78 3.65 3.67 613939 2322793.00
2023/10/24 3.67 3.70 3.58 3.61 1855175 6923464.50
2023/10/25 3.64 3.66 3.61 3.64 648865 2419437.75
2023/10/26 3.66 3.66 3.56 3.63 595544 2196451.50
2023/10/27 3.63 3.69 3.60 3.68 979103 3672952.75
2023/10/30 3.58 3.68 3.58 3.66 767056 2863700.75
2023/10/31 3.64 3.67 3.62 3.64 485149 1816561.38
2023/11/01 3.64 3.67 3.63 3.64 201660 754013.38
2023/11/02 3.66 3.66 3.60 3.61 255587 950421.00
2023/11/03 3.60 3.65 3.59 3.64 261384 975655.56
2023/11/06 3.64 3.66 3.62 3.65 630811 2364028.75
2023/11/07 3.67 3.67 3.64 3.66 601549 2260638.50
2023/11/08 3.66 3.73 3.66 3.71 1609327 6116844.00
2023/11/09 3.73 3.79 3.70 3.79 1394814 5370258.50
2023/11/10 3.76 3.79 3.72 3.75 806976 3106288.50
2023/11/13 3.74 3.78 3.72 3.73 539671 2069844.25
2023/11/14 3.72 3.75 3.72 3.75 474900 1819632.63
2023/11/15 3.78 3.78 3.74 3.78 717608 2770489.25
2023/11/16 3.80 3.80 3.71 3.74 598194 2291936.25
2023/11/17 3.76 3.76 3.72 3.74 271699 1042598.25
2023/11/20 3.77 3.80 3.73 3.80 1301822 5047677.00
2023/11/21 3.83 4.21 3.82 3.97 8650619 35766868.00
2023/11/22 3.98 4.31 3.97 4.30 13724053 58890512.00
2023/11/23 4.30 4.53 4.06 4.15 15408082 68129704.00
2023/11/24 4.11 4.47 4.11 4.46 17532066 77985008.00
2023/11/27 4.54 5.10 4.53 5.00 51913453 254550448.00
2023/11/28 4.77 4.90 4.57 4.63 22976387 111572296.00
2023/11/29 4.71 4.78 4.25 4.33 17257825 79260696.00
2023/11/30 4.35 4.44 4.21 4.34 7198098 31977198.00
2023/12/01 4.34 4.43 4.14 4.17 8383461 36487132.00
2023/12/04 4.17 4.18 3.98 4.07 6268249 26178730.00
2023/12/05 4.09 4.38 4.03 4.38 14918939 65453352.00
2023/12/06 4.37 4.45 4.26 4.26 10247001 45375620.00
2023/12/07 4.28 4.37 4.27 4.34 6920186 30647818.00
2023/12/08 4.35 4.39 4.28 4.33 7406975 32925772.00
2023/12/11 4.33 4.34 4.09 4.18 6311956 27055382.00
2023/12/12 4.17 4.24 4.11 4.20 4047539 17319630.00
2023/12/13 4.11 4.34 4.11 4.30 7626871 33431326.00
2023/12/14 4.28 4.48 4.28 4.39 13429570 60338240.00
2023/12/15 4.39 4.46 4.32 4.42 8998502 40448824.00
2023/12/18 4.42 4.64 4.41 4.64 14151819 65543416.00
2023/12/19 4.65 4.67 4.47 4.52 10006805 46441576.00
2023/12/20 4.52 4.62 4.51 4.57 11105332 51903548.00
2023/12/21 4.55 4.68 4.12 4.24 16721399 75798896.00
2023/12/22 4.20 4.33 4.13 4.25 8124346 35171064.00
2023/12/25 4.20 4.37 4.20 4.37 7664931 33877352.00
2023/12/26 4.37 4.51 4.32 4.48 11406922 51845316.00
2023/12/27 4.44 4.45 4.31 4.38 6294117 28161900.00
2023/12/28 4.37 4.47 4.34 4.45 8019409 36127472.00
2023/12/29 4.45 4.50 4.38 4.50 8202033 37375164.00
2024/01/02 4.48 4.60 4.45 4.60 13356708 61830008.00
2024/01/03 4.57 4.74 4.51 4.68 17708299 83821176.00
2024/01/04 4.69 4.70 4.49 4.59 9603268 45133800.00
2024/01/05 4.56 4.61 4.38 4.41 10631382 48625984.00
2024/01/08 4.41 4.51 4.30 4.33 7401835 33452092.00
2024/01/09 4.30 4.37 4.19 4.24 6274203 27360142.00
2024/01/10 4.25 4.31 4.21 4.31 3481785 15216805.00
2024/01/11 4.30 4.37 4.27 4.31 3966286 17561026.00
2024/01/12 4.32 4.35 4.11 4.11 7129924 30699526.00
2024/01/15 4.10 4.13 4.01 4.03 3612572 15032632.00
2024/01/16 4.04 4.20 3.91 4.19 8836381 36917260.00
2024/01/17 4.12 4.25 4.06 4.06 4970325 21145428.00
2024/01/18 3.99 4.10 3.94 4.10 5831652 23934450.00
2024/01/19 4.06 4.19 4.01 4.16 4690163 19853464.00
2024/01/22 4.15 4.15 3.93 3.95 3789936 15680396.00
2024/01/23 3.92 4.02 3.90 4.00 2472047 10064195.00
2024/01/24 4.00 4.04 3.90 4.02 2820511 11489058.00
2024/01/25 4.03 4.09 3.98 4.07 3429060 14221141.00
2024/01/26 4.05 4.12 4.00 4.03 3193460 13241432.00
2024/01/29 4.05 4.05 3.88 3.89 4406591 17722634.00
2024/01/30 3.60 3.91 3.60 3.78 2831963 11056322.00
2024/01/31 3.80 3.87 3.72 3.74 2335460 9053080.00
2024/02/01 3.74 3.76 3.63 3.64 2492116 9466115.00
2024/02/02 3.67 3.75 3.41 3.49 3790243 13962444.00
2024/02/05 3.40 3.50 3.20 3.26 4582067 15454165.00
2024/02/06 3.22 3.50 3.18 3.49 5159064 18007710.00
2024/02/07 3.49 3.62 3.45 3.47 5179114 18885658.00
2024/02/08 3.49 3.58 3.35 3.56 4378784 15664655.00
2024/02/19 3.58 3.64 3.55 3.63 3236200 11988344.00
2024/02/20 3.64 3.74 3.57 3.71 3750697 14092485.00
2024/02/21 3.70 3.77 3.63 3.71 4879721 18636736.00
2024/02/22 3.69 3.73 3.67 3.70 2637599 10007548.00
2024/02/23 3.70 3.71 3.63 3.66 2827959 10642826.00
2024/02/26 3.64 3.69 3.62 3.65 2380984 8926841.00
2024/02/27 3.61 3.75 3.48 3.75 9725934 36403808.00
2024/02/28 3.73 3.79 3.62 3.62 7972097 30466600.00
2024/02/29 3.60 3.66 3.58 3.66 4493263 16745378.00
2024/03/01 3.69 3.69 3.63 3.64 2709764 10159508.00
2024/03/04 3.65 3.67 3.55 3.58 2550910 9392377.00
2024/03/05 3.58 3.58 3.46 3.49 3704053 13322379.00
2024/03/06 3.49 3.53 3.47 3.50 2513627 9056425.00
2024/03/07 3.50 3.50 3.40 3.43 3841741 13632852.00
2024/03/08 3.43 3.45 3.37 3.40 2305735 8063930.50
2024/03/11 3.39 3.44 3.30 3.42 3838194 13366700.00
2024/03/12 3.42 3.46 3.39 3.46 3428110 12108550.00
2024/03/13 3.46 3.47 3.41 3.42 1851433 6535233.50
2024/03/14 3.42 3.45 3.36 3.39 2396934 8429528.00
2024/03/15 3.37 3.54 3.36 3.49 5480230 19617894.00
2024/03/18 3.48 3.52 3.46 3.50 2525494 9053299.00
2024/03/19 3.50 3.51 3.47 3.48 2471763 8857747.00
2024/03/20 3.48 3.49 3.46 3.47 1552178 5546471.50
2024/03/21 3.49 3.51 3.47 3.48 2382783 8549003.00
2024/03/22 3.49 3.49 3.38 3.41 2486722 8762981.00
2024/03/25 3.43 3.43 3.35 3.36 2240742 7790738.50
2024/03/26 3.35 3.40 3.35 3.36 1453064 5037244.50
2024/03/27 3.36 3.44 3.36 3.37 2357275 8258790.50
2024/03/28 3.34 3.41 3.34 3.38 1968582 6856571.50
2024/03/29 3.37 3.40 3.36 3.39 1213407 4226857.50
2024/04/01 3.41 3.41 3.38 3.40 2075347 7244133.00
2024/04/02 3.40 3.41 3.37 3.39 1608568 5611623.50
2024/04/03 3.39 3.40 3.36 3.39 1528767 5310051.50
2024/04/08 3.38 3.38 3.31 3.32 2052346 7059586.50
2024/04/09 3.32 3.35 3.32 3.34 602039 2073027.63
2024/04/10 3.36 3.45 3.31 3.40 3950731 13867229.00
2024/04/11 3.39 3.42 3.35 3.39 1404870 4893694.50
2024/04/12 3.39 3.40 3.32 3.34 1381411 4759544.00
2024/04/15 3.35 3.37 3.23 3.30 1677602 5706658.50
2024/04/16 3.30 3.31 3.19 3.20 3140882 10425179.00
2024/04/17 3.22 3.38 3.22 3.34 2792787 9573666.00
2024/04/18 3.33 3.39 3.31 3.33 978994 3358549.50
2024/04/19 3.31 3.34 3.29 3.30 1184622 4034702.00
2024/04/22 3.29 3.30 3.25 3.27 859850 2893358.50
2024/04/23 3.28 3.31 3.26 3.30 768349 2603320.50
2024/04/24 3.30 3.32 3.26 3.28 720838 2439807.75
2024/04/25 3.30 3.30 3.26 3.28 832681 2814460.00
2024/04/26 3.26 3.26 3.19 3.23 4630235 15338490.00
2024/04/29 3.21 3.23 3.19 3.23 2604646 8636257.00
2024/04/30 3.21 3.24 3.20 3.23 2082081 6914622.50
2024/05/06 3.26 3.27 3.23 3.26 2286448 7664871.00
2024/05/07 3.27 3.28 3.23 3.25 1492186 5007150.50
2024/05/08 3.24 3.39 3.23 3.33 4503361 15366277.00
2024/05/09 3.31 3.34 3.29 3.30 2736678 9340378.00
2024/05/10 3.32 3.32 3.26 3.28 1627862 5518830.50
2024/05/13 3.27 3.28 3.22 3.24 1393423 4657857.50
2024/05/14 3.24 3.26 3.24 3.25 632165 2116354.25
2024/05/15 3.26 3.26 3.23 3.24 1172848 3913862.50
2024/05/16 3.25 3.25 3.22 3.23 1070081 3564551.00
2024/05/17 3.24 3.24 3.21 3.23 1284621 4265897.50
2024/05/20 3.23 3.24 3.22 3.23 1423531 4732815.50
2024/05/21 3.22 3.23 3.20 3.21 1443508 4773495.00
2024/05/22 3.20 3.23 3.20 3.22 1080497 3580828.25
2024/05/23 3.21 3.31 3.20 3.25 4865472 16370401.00
2024/05/24 3.25 3.25 3.21 3.23 1612126 5365002.50
2024/05/27 3.23 3.24 3.22 3.24 1502584 5000870.00
2024/05/28 3.24 3.24 3.21 3.22 906628 3014553.75
2024/05/29 3.23 3.23 3.20 3.22 755800 2504385.75
2024/05/30 3.22 3.22 3.19 3.19 839486 2771025.25
2024/05/31 3.20 3.22 3.19 3.21 423160 1398927.00
2024/06/03 3.20 3.21 3.16 3.17 1114838 3653243.50
2024/06/04 3.16 3.19 3.13 3.15 1007855 3279789.00
2024/06/05 3.13 3.16 3.05 3.07 1637162 5239400.50
2024/06/06 3.08 3.11 2.88 2.90 3612597 11004322.00
2024/06/07 2.93 3.00 2.92 2.99 901821 2760638.25
2024/06/11 3.00 3.00 2.93 3.00 629740 1939975.75
2024/06/12 3.03 3.03 2.97 2.99 699879 2168281.00
2024/06/13 2.98 3.01 2.97 2.98 538974 1666930.88
2024/06/14 2.98 2.99 2.96 2.99 585816 1801906.13
2024/06/17 3.00 3.00 2.93 2.95 578352 1770385.63
2024/06/18 2.95 2.96 2.91 2.92 968480 2939043.75
2024/06/19 2.92 3.00 2.86 2.95 1797286 5461379.00
2024/06/20 2.95 2.95 2.87 2.89 1148690 3446250.00
2024/06/21 2.88 2.95 2.88 2.92 1135988 3444262.25
2024/06/24 2.89 2.91 2.83 2.83 922312 2736126.00
2024/06/25 2.84 2.88 2.84 2.85 789415 2337220.00
2024/06/26 2.83 2.90 2.83 2.89 876251 2605582.75
2024/06/27 2.89 2.89 2.85 2.85 653742 1940728.25
2024/06/28 2.87 2.89 2.86 2.86 836739 2486552.00
2024/07/01 2.88 2.88 2.84 2.88 765081 2263731.25
2024/07/02 2.85 2.89 2.85 2.89 814887 2427571.75
2024/07/03 2.87 2.93 2.87 2.93 990221 2965318.50
2024/07/04 2.93 2.97 2.90 2.91 995850 3027073.00
2024/07/05 2.94 2.95 2.90 2.95 950341 2776881.50
2024/07/08 2.94 2.96 2.85 2.85 934339 2722820.25
2024/07/09 2.87 2.90 2.82 2.86 652719 1862937.75
2024/07/10 2.86 2.87 2.84 2.86 362390 1035517.25
2024/07/11 2.89 2.92 2.86 2.91 1288885 3732800.00
2024/07/12 2.91 2.93 2.88 2.91 1057851 3073409.75
2024/07/15 2.91 2.91 2.87 2.88 732202 2107746.75
2024/07/16 2.86 2.93 2.85 2.93 1213728 3521285.25
2024/07/17 2.93 3.14 2.90 3.12 6346275 19514844.00
2024/07/18 3.08 3.10 2.98 3.01 3207514 9679790.00
2024/07/19 3.02 3.07 2.98 3.00 1386938 4198242.50
2024/07/22 3.12 3.12 3.01 3.03 1359793 4146435.75
2024/07/23 3.04 3.06 2.98 3.01 702900 2123222.75
2024/07/24 3.03 3.03 2.93 2.94 926374 2741531.75
2024/07/25 2.93 2.99 2.90 2.97 856725 2525703.25
2024/07/26 2.97 3.02 2.94 2.96 952691 2832186.00
2024/07/29 2.98 2.98 2.95 2.96 290431 859807.44
2024/07/30 2.93 2.98 2.93 2.95 547788 1620171.25
2024/07/31 2.95 3.00 2.95 3.00 972843 2903149.50
2024/08/01 3.00 3.01 2.98 3.00 950704 2846530.75
2024/08/02 3.00 3.00 2.97 2.98 494585 1476853.25
2024/08/05 2.95 2.99 2.93 2.93 1002571 2957981.25
2024/08/06 2.93 2.97 2.92 2.95 812498 2392057.50
2024/08/07 2.95 2.97 2.94 2.97 616628 1821822.88
2024/08/08 2.96 2.96 2.94 2.96 595941 1755823.75
2024/08/09 2.96 2.96 2.94 2.94 333142 982588.88
2024/08/12 2.94 2.96 2.85 2.90 1215303 3524268.00
2024/08/13 2.88 2.90 2.86 2.88 679592 1952340.38
2024/08/14 2.88 2.89 2.86 2.87 364467 1049696.63
2024/08/15 2.86 2.89 2.86 2.87 391610 1127122.75
2024/08/16 2.87 2.88 2.85 2.85 474307 1360126.13
2024/08/19 2.85 2.89 2.85 2.89 535965 1540153.63
2024/08/20 2.85 2.90 2.82 2.82 1185622 3382998.50
2024/08/21 2.82 2.83 2.75 2.76 1636203 4557626.50
2024/08/22 2.76 2.79 2.67 2.68 1369118 3714270.50
2024/08/23 2.68 2.73 2.68 2.71 581569 1570875.63
2024/08/26 2.70 2.78 2.70 2.72 599686 1641198.38
2024/08/27 2.72 2.74 2.68 2.71 580357 1565715.00
2024/08/28 2.69 2.74 2.66 2.70 742551 2003887.25
2024/08/29 2.68 2.71 2.66 2.70 532276 1430931.75
2024/08/30 2.70 2.77 2.69 2.73 1318249 3605541.75
2024/09/02 2.72 2.74 2.67 2.68 981914 2650290.75
2024/09/03 2.67 2.72 2.67 2.69 951508 2557975.00
2024/09/04 2.67 2.67 2.54 2.56 2522413 6562591.50
2024/09/05 2.55 2.56 2.47 2.49 3359319 8433440.00
2024/09/06 2.47 2.49 2.39 2.41 3034684 7388085.00
2024/09/09 2.41 2.47 2.37 2.40 2403080 5171045.00
2024/09/10 2.40 2.40 2.24 2.30 4786487 10487176.00
2024/09/11 2.30 2.30 2.18 2.20 5854212 12419542.00
2024/09/12 2.19 2.22 2.02 2.06 10961114 22935014.00
2024/09/13 2.06 2.12 1.99 2.07 11932606 24268300.00
2024/09/18 2.06 2.12 2.00 2.03 6836756 13945740.00
2024/09/19 2.03 2.42 2.02 2.23 17126868 37583152.00
2024/09/20 2.23 2.23 2.15 2.17 5084617 11107919.00
2024/09/23 2.18 2.23 2.15 2.17 2021637 4413901.00
2024/09/24 2.19 2.36 2.16 2.28 6368960 14368558.00
2024/09/25 2.36 2.42 2.31 2.32 6756828 15851322.00
2024/09/26 2.31 2.41 2.28 2.41 5884422 13805680.00
2024/09/27 2.46 2.70 2.43 2.62 12919587 33087820.00
2024/09/30 2.80 3.25 2.73 3.21 28638696 85835872.00
2024/10/08 4.13 4.13 3.45 3.93 40222916 152325488.00
2024/10/09 3.59 3.75 3.28 3.31 22581214 79361568.00
2024/10/10 3.33 3.49 3.22 3.26 13316880 44619436.00
2024/10/11 3.30 3.30 2.98 3.03 11784968 36287392.00
2024/10/14 3.03 3.14 2.99 3.14 8105175 24966098.00
2024/10/15 3.13 3.20 3.04 3.05 7193062 22479836.00
2024/10/16 3.00 3.12 2.98 3.03 6402651 19530418.00
2024/10/17 3.08 3.38 3.06 3.17 17809648 56873564.00
2024/10/18 3.24 3.38 3.13 3.30 17245138 56312780.00
2024/10/21 3.36 3.63 3.32 3.63 27399496 96142448.00
2024/10/22 3.64 3.78 3.41 3.49 22641806 80894136.00
2024/10/23 3.66 3.78 3.56 3.61 21333638 78134568.00
2024/10/24 3.62 3.74 3.51 3.68 22999544 84295488.00
2024/10/25 3.65 4.04 3.65 3.79 39066300 150550368.00
2024/10/28 3.70 3.83 3.62 3.75 22413274 83418968.00
2024/10/29 3.77 4.02 3.71 3.96 32674184 126730056.00
2024/10/30 3.94 4.32 3.88 4.25 46019640 190420112.00
2024/10/31 4.23 4.23 3.88 3.99 34176492 137603200.00
2024/11/01 3.95 3.95 3.49 3.58 23047986 85587808.00
2024/11/04 3.57 3.72 3.57 3.70 12827001 46931708.00
2024/11/05 3.67 4.26 3.67 4.18 38401692 154739904.00
2024/11/06 4.24 4.64 4.22 4.44 67561952 300892224.00
2024/11/07 4.40 5.13 4.30 4.87 83754816 398192544.00
2024/11/08 4.92 5.08 4.42 4.49 58315232 274353664.00
2024/11/11 4.35 4.56 4.18 4.44 32534996 141753072.00
2024/11/12 4.45 4.80 4.34 4.50 31316486 142597008.00
2024/11/13 4.55 4.56 4.23 4.40 21455968 93399416.00
2024/11/14 4.41 4.49 4.17 4.19 19050612 82478584.00
2024/11/15 4.17 4.25 4.06 4.08 20621400 85334096.00
2024/11/18 4.40 4.82 4.22 4.56 63042036 286894432.00
2024/11/19 4.31 4.40 4.10 4.26 43502896 183781488.00
2024/11/20 4.20 4.40 4.12 4.38 27060900 116500336.00
2024/11/21 4.39 4.50 4.29 4.43 29164998 128129696.00
2024/11/22 4.45 4.49 4.18 4.18 25585350 111203456.00
2024/11/25 4.33 4.33 4.10 4.17 14371782 59949712.00
2024/11/26 4.18 4.22 4.04 4.06 13345498 55018960.00
2024/11/27 4.03 4.04 3.77 4.02 17000760 66303636.00
2024/11/28 4.01 4.22 3.99 4.11 16684780 68807232.00
2024/11/29 4.11 4.20 4.05 4.15 13445902 55418396.00
2024/12/02 4.20 4.44 4.19 4.38 25833128 111685520.00
2024/12/03 4.43 4.55 4.33 4.39 22828044 101141416.00
2024/12/04 4.35 4.42 4.20 4.22 14049425 60667060.00
2024/12/05 4.24 4.30 4.22 4.27 10678381 45264372.00
2024/12/06 4.28 4.80 4.20 4.60 49119984 224987440.00
2024/12/09 4.71 4.86 4.39 4.46 34156568 157677072.00
2024/12/10 4.67 4.76 4.40 4.47 25910172 117520896.00
2024/12/11 4.43 4.56 4.33 4.49 21780756 96732536.00
2024/12/12 4.45 4.51 4.35 4.48 17408204 77142112.00
2024/12/13 4.44 4.80 4.42 4.65 46514044 217636144.00
2024/12/16 4.60 4.72 4.51 4.53 15146638 69914688.00
2024/12/17 4.56 4.60 4.24 4.25 15353644 67161408.00
2024/12/18 4.25 4.35 4.10 4.14 10592617 44704736.00
2024/12/19 4.10 4.21 3.93 4.19 11631209 47258964.00
2024/12/20 4.11 4.26 4.10 4.16 7547994 31676088.00
2024/12/23 4.17 4.21 3.98 3.98 7224230 29416082.00
2024/12/24 3.98 4.06 3.95 4.00 4875550 19461894.00
2024/12/25 4.04 4.05 3.73 3.73 9815548 37620656.00
2024/12/26 3.73 3.82 3.65 3.68 6915975 25829322.00
2024/12/27 3.69 3.81 3.62 3.77 7779615 29092208.00
2024/12/30 3.71 3.72 3.58 3.60 7394142 26963712.00
2024/12/31 3.56 3.67 3.54 3.55 6883487 24894272.00
2025/01/02 3.59 3.59 3.41 3.45 5205264 18249610.00
2025/01/03 3.44 3.48 3.36 3.37 6170809 21079820.00
2025/01/06 3.37 3.42 3.31 3.37 5493477 18487748.00
2025/01/07 3.41 3.44 3.35 3.43 4620874 15732578.00
2025/01/08 3.44 3.52 3.40 3.47 5256471 18182102.00
2025/01/09 3.53 3.55 3.45 3.50 5179880 18114234.00
2025/01/10 3.51 3.54 3.35 3.35 4415534 15234858.00
2025/01/13 3.30 3.38 3.25 3.28 3959945 13022617.00
2025/01/14 3.31 3.55 3.27 3.55 7951608 27227542.00
2025/01/15 3.56 3.68 3.53 3.58 10465110 37731788.00
2025/01/16 3.63 3.72 3.56 3.61 8145804 29630058.00
2025/01/17 3.63 3.63 3.54 3.55 3653077 13090919.00
2025/01/20 3.57 3.59 3.38 3.41 7806913 26944144.00
2025/01/21 3.42 3.43 3.27 3.28 8818671 29279956.00
2025/01/22 3.26 3.27 3.11 3.11 7373148 23418142.00
2025/01/23 3.16 3.24 3.14 3.14 6059275 19314858.00
2025/01/24 3.12 3.15 3.03 3.14 5880955 18235806.00
2025/01/27 3.11 3.19 3.10 3.15 3918845 12324216.00
2025/02/05 3.15 3.17 3.08 3.10 4107270 12779255.00
2025/02/06 3.11 3.23 3.05 3.21 8282606 25945978.00
2025/02/07 3.19 3.54 3.17 3.42 17341196 58257312.00
2025/02/10 3.39 3.48 3.38 3.46 9421103 32318624.00
2025/02/11 3.48 3.61 3.42 3.53 11019459 38577672.00
2025/02/12 3.49 3.54 3.45 3.51 9254828 32336026.00
2025/02/13 3.52 3.54 3.43 3.44 8402524 29247424.00
2025/02/14 3.46 3.46 3.33 3.37 7994021 26988512.00
2025/02/17 3.38 3.47 3.31 3.41 8805036 29887776.00
2025/02/18 3.38 3.64 3.38 3.50 23926050 84305712.00
2025/02/19 3.45 3.50 3.31 3.49 18604706 63101180.00
2025/02/20 3.48 3.53 3.43 3.50 11836094 41285212.00
2025/02/21 3.48 3.50 3.42 3.47 10352344 35796280.00
2025/02/24 3.54 3.71 3.50 3.50 17249210 61948468.00
2025/02/25 3.42 3.45 3.35 3.39 13438413 45584088.00
2025/02/26 3.41 3.45 3.36 3.42 8888018 30333598.00
2025/02/27 3.39 3.45 3.38 3.44 7974416 27193852.00
2025/02/28 3.42 3.49 3.38 3.39 11030119 37930196.00
2025/03/03 3.39 3.47 3.31 3.47 10608996 36197452.00
2025/03/04 3.47 3.65 3.44 3.64 22623812 80575576.00
2025/03/05 3.57 3.85 3.57 3.80 30704346 114632208.00
2025/03/06 3.80 3.83 3.60 3.74 21680550 80599432.00
2025/03/07 3.77 3.81 3.63 3.67 16766683 62338708.00
2025/03/10 3.67 3.75 3.57 3.72 14369357 53007428.00
2025/03/11 3.68 3.69 3.57 3.66 12790945 46504360.00
2025/03/12 3.68 3.72 3.64 3.65 10341508 37953344.00
2025/03/13 3.67 3.67 3.53 3.57 10278342 36819416.00
2025/03/14 3.56 3.71 3.53 3.70 15930565 58218220.00
2025/03/17 3.72 4.06 3.70 3.95 35600972 138012688.00
2025/03/18 3.90 4.09 3.83 3.99 26918250 106871432.00
2025/03/19 3.99 3.99 3.80 3.84 17377856 67318016.00
2025/03/20 3.81 4.23 3.78 3.92 32926348 132287104.00
2025/03/21 3.86 4.06 3.84 4.04 26103786 103735536.00
2025/03/24 4.02 4.08 3.85 3.99 18860452 74546064.00
2025/03/25 4.01 4.02 3.89 3.96 16819248 66538600.00
2025/03/26 4.08 4.39 4.02 4.03 30097060 125385712.00
2025/03/27 3.90 4.09 3.87 4.00 20148402 79839816.00
2025/03/28 3.94 3.99 3.77 3.80 17114900 66093240.00
2025/03/31 3.75 3.76 3.53 3.57 12221704 44200464.00
2025/04/01 3.57 3.72 3.57 3.63 9361670 34241356.00
2025/04/02 3.65 3.66 3.55 3.57 6476440 23268806.00
2025/04/03 3.57 3.76 3.55 3.71 12959101 47550704.00
2025/04/07 3.52 4.07 3.32 3.58 29904532 110456568.00
2025/04/08 3.60 4.27 3.60 4.20 54690600 215909680.00
2025/04/09 4.09 4.49 4.02 4.21 55449060 233896048.00
2025/04/10 4.09 4.45 4.05 4.29 54728024 233410288.00
2025/04/11 4.21 4.32 4.07 4.12 32128556 134458864.00
2025/04/14 4.22 4.22 4.09 4.11 19231984 79524976.00
2025/04/15 4.10 4.11 3.88 3.92 20569874 81439464.00
2025/04/16 3.88 3.92 3.73 3.78 16397360 62474332.00
2025/04/17 3.83 3.91 3.77 3.84 14466687 55876384.00
2025/04/18 3.81 3.87 3.77 3.86 11464962 43833084.00
2025/04/21 3.93 4.14 3.92 4.14 25577668 103853208.00
2025/04/22 4.18 4.98 4.11 4.74 97787304 448188928.00
2025/04/23 4.55 4.59 4.31 4.35 64080332 281882560.00
2025/04/24 4.31 4.52 4.21 4.36 39331692 171249360.00
2025/04/25 4.32 4.33 4.13 4.13 33546972 140658864.00
2025/04/28 4.14 4.17 4.02 4.12 20068978 82305928.00
2025/04/29 4.13 4.27 4.07 4.27 24336332 102720024.00
2025/04/30 4.30 4.30 4.18 4.22 24182732 102391312.00
2025/05/06 4.26 4.53 4.19 4.48 40135316 174182432.00
2025/05/07 4.45 4.58 4.35 4.50 39470936 175617632.00
2025/05/08 4.52 4.52 4.41 4.42 21080116 93886536.00
2025/05/09 4.44 4.44 4.24 4.29 22353500 96612256.00
2025/05/12 4.32 4.32 4.24 4.31 17986296 76978208.00
2025/05/13 4.33 4.38 4.28 4.30 15966986 68943608.00
2025/05/14 4.30 4.32 4.19 4.30 15692525 66673408.00
2025/05/15 4.30 4.47 4.25 4.42 31460362 138281872.00
2025/05/16 4.38 4.67 4.31 4.55 37772760 169053808.00
2025/05/19 4.45 4.56 4.42 4.51 25092676 112619544.00
2025/05/20 4.54 4.64 4.45 4.58 29883728 136697008.00
2025/05/21 4.62 4.72 4.47 4.47 24549800 112350176.00
2025/05/22 4.45 4.45 4.21 4.28 27600044 119394672.00
2025/05/23 4.26 4.35 4.20 4.22 17016638 72909152.00
2025/05/26 4.22 4.27 4.18 4.27 13653861 57838936.00
2025/05/27 4.25 4.54 4.22 4.52 35091740 155395280.00
2025/05/28 4.90 5.09 4.50 4.51 64947936 310157696.00
2025/05/29 4.32 4.61 4.31 4.54 39549404 177154704.00
2025/05/30 4.50 4.53 4.40 4.40 21810044 97109456.00
2025/06/03 4.38 4.45 4.33 4.41 16519105 72850720.00
2025/06/04 4.44 4.44 4.37 4.39 14041749 61726548.00
2025/06/05 4.39 4.44 4.34 4.39 18245032 80047664.00
2025/06/06 4.38 4.52 4.36 4.44 23932608 106702664.00
2025/06/09 4.42 4.52 4.40 4.51 20389038 91185528.00
2025/06/10 4.49 4.79 4.44 4.62 44501560 204815744.00
2025/06/11 4.55 4.62 4.53 4.58 21860812 100004776.00
2025/06/12 4.58 4.63 4.52 4.59 19391866 88799584.00
2025/06/13 4.55 4.57 4.38 4.40 22991664 102583856.00
2025/06/16 4.38 4.43 4.30 4.43 15659785 68599480.00
2025/06/17 4.42 4.59 4.40 4.45 17833286 80113328.00
2025/06/18 4.42 4.48 4.32 4.33 17548824 76727872.00
2025/06/19 4.32 4.35 4.11 4.13 19982080 84449728.00
2025/06/20 4.15 4.20 4.11 4.14 9612864 39919220.00
2025/06/23 4.11 4.21 4.11 4.21 8643267 35990020.00
2025/06/24 4.21 4.30 4.21 4.30 13877119 59212620.00
2025/06/25 4.31 4.36 4.29 4.34 11944784 51662192.00
2025/06/26 4.34 4.37 4.26 4.28 15179521 65567056.00
2025/06/27 4.28 4.31 4.25 4.27 11078717 47401096.00
2025/06/30 4.30 4.30 4.24 4.27 7431913 31700430.00
2025/07/01 4.27 4.31 4.24 4.27 7505957 32055078.00
2025/07/02 4.28 4.28 4.23 4.24 7630893 32385820.00
2025/07/03 4.25 4.28 4.22 4.25 7670258 32598704.00
2025/07/04 4.25 4.25 4.15 4.15 11029711 46250716.00
2025/07/07 4.17 4.18 4.14 4.16 5349709 22234904.00
2025/07/08 4.16 4.19 4.15 4.18 7756048 32350482.00
2025/07/09 4.19 4.26 4.17 4.20 10234452 43161076.00
2025/07/10 4.26 4.32 4.22 4.30 19373512 82898688.00
2025/07/11 4.26 4.37 4.25 4.28 17335556 74551552.00
2025/07/14 4.28 4.35 4.25 4.28 10579866 45505756.00
2025/07/15 4.27 4.30 4.15 4.20 12439573 52296596.00
2025/07/16 4.22 4.23 4.16 4.19 8362308 35059628.00
2025/07/17 4.17 4.20 4.16 4.18 7436561 31080436.00
2025/07/18 4.20 4.20 4.15 4.17 5849331 24384614.00
2025/07/21 4.18 4.24 4.16 4.24 11052063 46501992.00
2025/07/22 4.24 4.24 4.17 4.22 11461565 48201196.00
2025/07/23 4.23 4.25 4.18 4.19 9590752 40386168.00
2025/07/24 4.22 4.34 4.21 4.32 20246556 86584976.00
2025/07/25 4.32 4.41 4.29 4.31 17339250 75470112.00
2025/07/28 4.31 4.44 4.30 4.37 22751688 99444768.00
2025/07/29 4.33 4.34 4.25 4.30 14393359 61740964.00
2025/07/30 4.30 4.35 4.24 4.26 12093382 51972660.00
2025/07/31 4.27 4.27 4.17 4.19 11631185 49016736.00
2025/08/01 4.20 4.23 4.18 4.20 6514215 27371002.00
2025/08/04 4.19 4.22 4.18 4.21 6049435 25383224.00
2025/08/05 4.21 4.24 4.19 4.22 7595791 31956664.00
2025/08/06 4.24 4.24 4.18 4.22 8135586 34214220.00
2025/08/07 4.21 4.21 4.18 4.19 7109666 29803540.00
2025/08/08 4.20 4.20 4.16 4.17 8009753 33409160.00
2025/08/11 4.18 4.20 4.16 4.20 6166937 25804894.00
2025/08/12 4.20 4.21 4.17 4.19 5047945 21101148.00
2025/08/13 4.20 4.20 4.17 4.18 5684294 23771988.00
2025/08/14 4.18 4.18 4.10 4.10 9708885 40216156.00
2025/08/15 4.10 4.18 4.10 4.18 8223480 34159700.00
2025/08/18 4.30 4.49 4.25 4.39 36297976 158970368.00
2025/08/19 4.42 4.57 4.38 4.39 31969500 143015296.00
2025/08/20 4.37 4.44 4.33 4.41 16382145 71653968.00
2025/08/21 4.44 4.58 4.40 4.56 35078368 158799744.00
2025/08/22 4.58 4.65 4.45 4.49 22251708 100157264.00
2025/08/25 4.51 4.57 4.45 4.48 18398876 82545776.00
2025/08/26 4.48 4.53 4.44 4.46 16805788 75070784.00
2025/08/27 4.46 4.50 4.30 4.32 16404316 72414376.00
2025/08/28 4.32 4.37 4.19 4.29 14870510 63628040.00
2025/08/29 4.31 4.39 4.29 4.33 10853997 47101592.00
2025/09/01 4.37 4.52 4.28 4.46 17705246 78332600.00
2025/09/02 4.44 4.78 4.38 4.62 41110492 187562224.00
2025/09/03 4.58 4.60 4.39 4.41 23395164 104846552.00
2025/09/04 4.38 4.57 4.38 4.43 21567944 96223840.00
2025/09/05 4.42 4.57 4.38 4.55 23286368 104179168.00
2025/09/08 4.53 4.69 4.50 4.61 24776340 113987744.00
2025/09/09 4.61 4.61 4.45 4.48 18589232 83611936.00
2025/09/10 4.48 4.65 4.44 4.61 22990832 104659520.00
2025/09/11 4.57 4.60 4.51 4.59 15836494 71990952.00
2025/09/12 4.60 4.60 4.48 4.49 14603058 66090692.00
2025/09/15 4.54 4.68 4.48 4.67 27564560 126948296.00
2025/09/16 4.73 4.75 4.59 4.67 24786396 115662048.00
2025/09/17 4.71 4.71 4.55 4.57 18580962 85084384.00
2025/09/18 4.58 4.70 4.48 4.49 23086794 105927032.00
2025/09/19 4.48 4.55 4.41 4.43 15651279 69923440.00
2025/09/22 4.43 4.48 4.35 4.45 9777060 43148440.00
2025/09/23 4.45 4.46 4.23 4.29 13838800 59602244.00
2025/09/24 4.28 4.38 4.28 4.33 8166769 35334128.00
2025/09/25 4.33 4.36 4.23 4.24 9022748 38669844.00
2025/09/26 4.25 4.31 4.20 4.25 8566517 36397340.00
2025/09/29 4.24 4.30 4.21 4.27 5950359 25401772.00
2025/09/30 4.30 4.30 4.25 4.25 5653700 24137762.00
2025/10/09 4.26 4.30 4.21 4.28 7539865 32147306.00
2025/10/10 4.28 4.31 4.24 4.27 8441179 36143888.00
2025/10/13 4.19 4.27 4.12 4.23 8646884 36478660.00
2025/10/14 4.25 4.29 4.20 4.21 8396483 35708048.00
2025/10/15 4.23 4.26 4.20 4.23 6917789 29209980.00
2025/10/16 4.23 4.25 4.18 4.19 6162028 25962456.00
2025/10/17 4.20 4.24 4.14 4.15 7549465 31624708.00
2025/10/20 4.16 4.19 4.14 4.17 5334540 22240892.00
2025/10/21 4.17 4.24 4.15 4.24 6777745 28557586.00
2025/10/22 4.23 4.30 4.22 4.25 6788754 28945754.00
2025/10/23 4.26 4.29 4.23 4.28 4917648 20916552.00
2025/10/24 4.28 4.32 4.25 4.28 5702797 24079250.00
2025/10/27 4.23 4.25 4.17 4.19 12771050 53600016.00
2025/10/28 4.19 4.22 4.13 4.14 7849669 32324700.00
2025/10/29 4.14 4.42 4.09 4.38 24990728 106709024.00
2025/10/30 4.32 4.40 4.21 4.24 21948448 94378888.00
2025/10/31 4.25 4.35 4.22 4.29 12397723 53269944.00
2025/11/03 4.32 4.49 4.26 4.42 20563232 89360264.00
2025/11/04 4.42 4.44 4.27 4.29 13960066 60256612.00
2025/11/05 4.26 4.34 4.25 4.31 9552873 40663584.00
2025/11/06 4.33 4.36 4.28 4.33 7681197 33229880.00
2025/11/07 4.30 4.42 4.29 4.37 14976700 64849944.00
2025/11/10 4.37 4.41 4.32 4.38 10787475 47109368.00
2025/11/11 4.38 4.39 4.33 4.37 8059268 34641696.00
2025/11/12 4.37 4.38 4.28 4.31 8750372 37820116.00
2025/11/13 4.33 4.39 4.30 4.38 12447360 53843988.00
2025/11/14 4.39 4.41 4.35 4.35 8655255 37859220.00
2025/11/17 4.36 4.43 4.32 4.34 10109624 43601084.00
2025/11/18 4.33 4.34 4.19 4.21 13977350 59517668.00
2025/11/19 4.21 4.25 4.15 4.17 7257831 29939278.00
2025/11/20 4.20 4.25 4.15 4.15 7096027 29770992.00
2025/11/21 4.16 4.18 4.06 4.09 9546693 38800988.00
2025/11/24 4.12 4.12 4.03 4.06 8047224 32765250.00
2025/11/25 4.07 4.13 4.06 4.08 6605169 26566684.00
2025/11/26 4.09 4.10 4.04 4.06 6401672 26051002.00
2025/11/27 4.06 4.09 4.05 4.06 3839883 15150057.00
2025/11/28 4.06 4.08 4.05 4.07 4911307 19968142.00
2025/12/01 4.06 4.12 4.06 4.11 5438733 21764078.00
2025/12/02 4.09 4.11 4.08 4.08 4989378 20421226.00
2025/12/03 4.08 4.10 4.05 4.06 5465841 21812186.00
2025/12/04 4.07 4.07 4.02 4.03 4763219 19234774.00
2025/12/05 4.03 4.08 4.01 4.06 4038210 16331559.00
2025/12/08 4.07 4.07 4.04 4.05 4592777 18636876.00
2025/12/09 4.06 4.07 3.99 4.01 6315984 25381480.00
2025/12/10 4.00 4.02 3.91 3.94 7420962 29229434.00
2025/12/11 3.94 4.15 3.85 3.99 19366596 77346800.00
2025/12/12 3.97 4.00 3.87 3.90 12295474 48316808.00
2025/12/15 3.88 3.90 3.83 3.85 5737430 22105924.00
2025/12/16 3.85 3.94 3.82 3.87 6201114 24034004.00
2025/12/17 3.87 3.89 3.82 3.88 4781682 18466196.00
2025/12/18 3.86 3.97 3.85 3.92 7369547 28924334.00
2025/12/19 3.92 3.96 3.89 3.94 7312697 28691200.00
2025/12/22 3.93 4.12 3.91 4.06 14554709 58565528.00
2025/12/23 4.06 4.07 3.98 4.00 7798454 31345370.00
2025/12/24 4.00 4.01 3.96 4.00 4559239 18148416.00
2025/12/25 4.00 4.03 3.98 4.01 4632498 18564152.00
2025/12/26 4.00 4.03 3.96 3.97 5857429 23334202.00
2025/12/29 3.97 3.99 3.94 3.95 4301156 17033442.00
2025/12/30 3.95 3.95 3.85 3.88 5771238 22457978.00
2025/12/31 3.88 3.89 3.85 3.87 3064061 11840368.00
2026/01/05 3.89 3.95 3.83 3.92 5569084 21738770.00
2026/01/06 3.95 3.97 3.91 3.96 6059571 23866598.00
2026/01/07 3.96 3.98 3.92 3.94 6849938 27066756.00
2026/01/08 3.94 3.95 3.90 3.94 7333636 28770022.00
2026/01/09 3.93 3.98 3.88 3.95 6867130 27072022.00
2026/01/12 3.95 4.00 3.88 4.00 17426816 68575072.00
2026/01/13 4.00 4.15 3.93 4.05 26464804 107395528.00
2026/01/14 4.04 4.07 3.96 4.01 16478917 66306936.00
2026/01/15 3.99 4.18 3.98 4.06 20891766 85207880.00
2026/01/16 4.08 4.08 3.99 4.00 9455098 37959056.00
2026/01/19 4.00 4.11 3.97 4.05 10940192 44065076.00
2026/01/20 4.04 4.06 4.01 4.05 7892066 31837352.00
2026/01/21 4.03 4.03 3.97 3.99 10205114 40745108.00
2026/01/22 3.97 4.01 3.97 4.00 6712114 26782562.00
2026/01/23 4.00 4.05 3.99 4.03 9166639 36806680.00
2026/01/26 4.03 4.05 3.98 4.02 11326763 45496356.00
2026/01/27 4.00 4.01 3.92 3.96 8934322 35378576.00
2026/01/28 3.97 4.15 3.94 4.06 22571562 92144368.00
2026/01/29 4.03 4.13 4.00 4.07 15894159 64371540.00
2026/01/30 4.04 4.28 4.02 4.13 31272660 130442048.00
2026/02/02 4.07 4.12 3.93 3.94 17704918 70417240.00
2026/02/03 3.98 4.03 3.93 3.97 8549256 33894628.00
2026/02/04 3.97 3.99 3.94 3.95 9848330 38953416.00
2026/02/05 3.95 3.97 3.93 3.94 5995045 23633694.00
2026/02/06 3.95 3.98 3.92 3.96 5865277 23198768.00
2026/02/09 3.96 3.99 3.94 3.97 8521460 33782148.00
2026/02/10 3.96 3.97 3.93 3.93 5741950 22638108.00
2026/02/11 3.92 3.96 3.92 3.94 5279096 20774868.00
2026/02/12 3.94 3.94 3.89 3.91 6359808 24868634.00
2026/02/13 3.89 3.93 3.88 3.89 4334711 16923556.00
2026/02/24 3.93 4.02 3.90 4.01 12060660 47865116.00
2026/02/25 4.03 4.18 4.03 4.07 25006142 102755944.00
#Ъ§ОнРДдД:ЭЈДяаХ
