603486 ПЦЮжЫЙ ШеЯп ЧАИДШЈ
      ШеЦк	    ПЊХЬ	    зюИп	    зюЕЭ	    ЪеХЬ	    ГЩНЛСП	    ГЩНЛЖю
2021/08/02 172.26 175.84 155.81 166.06 7758644 1287137664.00
2021/08/03 159.69 171.20 159.69 169.75 5506225 939109632.00
2021/08/04 172.75 178.73 170.27 174.56 3668839 649113280.00
2021/08/05 173.52 182.25 170.25 179.25 4044616 730659648.00
2021/08/06 179.61 180.25 168.31 171.73 3961777 696867136.00
2021/08/09 170.96 189.18 170.15 187.22 4339967 808110208.00
2021/08/10 183.01 189.69 176.26 186.32 4501270 832712256.00
2021/08/11 183.24 196.43 180.26 193.14 3415485 661026112.00
2021/08/12 192.25 193.71 185.45 185.95 2552403 488468928.00
2021/08/13 186.00 189.73 176.90 183.41 3007576 553548224.00
2021/08/16 179.71 192.25 179.71 187.14 2509157 477664320.00
2021/08/17 186.51 186.94 176.25 178.25 2581747 472953088.00
2021/08/18 178.25 182.25 176.26 180.25 1663279 303057376.00
2021/08/19 180.59 186.98 172.57 175.13 2606907 468356896.00
2021/08/20 175.13 178.24 166.05 170.22 3013247 522957760.00
2021/08/23 172.36 173.64 167.15 169.65 3418998 589055104.00
2021/08/24 172.65 178.65 169.13 175.40 2241930 397889632.00
2021/08/25 175.40 177.81 167.62 176.30 2891152 507228000.00
2021/08/26 175.30 176.85 164.71 166.25 4037199 690970304.00
2021/08/27 168.21 177.23 167.38 173.17 3443254 605436032.00
2021/08/30 167.25 167.25 155.58 155.58 2881130 462459552.00
2021/08/31 145.95 148.84 139.80 143.94 13591068 1986585472.00
2021/09/01 146.57 152.25 138.25 149.41 7878858 1174786816.00
2021/09/02 147.26 155.84 146.30 149.17 4562099 702873920.00
2021/09/03 148.75 150.34 139.25 148.20 4240952 629867264.00
2021/09/06 150.25 155.91 146.86 155.65 3811780 597911936.00
2021/09/07 156.25 163.80 151.80 161.91 3923573 639943616.00
2021/09/08 162.25 162.60 150.42 151.12 4689030 730503360.00
2021/09/09 151.14 153.46 148.75 151.74 3570334 548502272.00
2021/09/10 150.87 153.25 145.78 148.03 3590179 539723392.00
2021/09/13 151.04 151.13 144.76 144.96 2713263 405249760.00
2021/09/14 147.72 150.86 145.05 146.95 3324268 503733760.00
2021/09/15 142.89 148.25 139.76 141.80 4105539 596989248.00
2021/09/16 144.73 156.26 143.36 154.94 7428580 1169638784.00
2021/09/17 149.25 152.25 142.45 150.25 6273128 938881152.00
2021/09/22 149.85 149.85 140.15 143.68 3177372 464296576.00
2021/09/23 144.56 149.91 141.13 147.55 3890675 582004288.00
2021/09/24 145.03 159.94 145.03 156.97 4805575 762224704.00
2021/09/27 153.25 164.46 153.25 158.20 6441574 1048094144.00
2021/09/28 155.80 162.24 151.75 152.78 3615920 574117248.00
2021/09/29 153.06 156.25 146.55 153.00 3702824 573066176.00
2021/09/30 153.63 153.72 146.77 149.15 3497179 532539616.00
2021/10/08 152.24 152.75 146.34 149.13 2795827 425575456.00
2021/10/11 147.22 150.62 143.25 145.05 3004378 448403168.00
2021/10/12 145.25 148.25 140.75 142.75 2876007 422344320.00
2021/10/13 142.74 148.61 139.26 147.19 2381454 350187968.00
2021/10/14 147.19 147.25 138.49 142.19 3588411 518600288.00
2021/10/15 143.25 150.33 140.22 150.17 3997077 598019072.00
2021/10/18 149.05 149.25 135.25 144.79 7881754 1134003840.00
2021/10/19 143.24 157.75 142.59 153.75 5540745 856411392.00
2021/10/20 154.25 161.12 153.95 157.25 4518452 728311360.00
2021/10/21 159.25 168.92 155.37 160.22 5744663 946978240.00
2021/10/22 160.25 164.00 156.05 159.04 2958318 478969600.00
2021/10/25 158.25 168.59 157.20 165.20 4358664 725891776.00
2021/10/26 162.15 164.05 158.94 161.79 3273583 536853024.00
2021/10/27 170.00 170.00 152.80 163.41 4402593 717244352.00
2021/10/28 163.28 167.07 158.49 163.44 2570046 426494688.00
2021/10/29 163.38 168.75 159.91 168.75 3476629 585110976.00
2021/11/01 179.35 185.90 175.46 179.71 6534543 1208839424.00
2021/11/02 182.25 195.25 180.07 188.54 4908607 943720960.00
2021/11/03 189.63 194.13 187.24 188.38 3118333 600950208.00
2021/11/04 187.25 190.25 180.75 188.55 2599740 493777664.00
2021/11/05 186.50 188.32 180.85 185.90 2168698 407912928.00
2021/11/08 181.36 190.25 179.45 181.06 2621550 487634304.00
2021/11/09 179.05 185.25 178.25 181.09 2538109 465399488.00
2021/11/10 180.75 181.08 174.70 177.23 2479551 446552960.00
2021/11/11 177.25 180.25 170.84 175.80 2528883 450453920.00
2021/11/12 182.25 182.25 164.25 166.56 4392038 756502848.00
2021/11/15 166.56 169.95 161.42 164.25 4354185 727315712.00
2021/11/16 164.25 174.25 161.41 171.61 3639737 632715008.00
2021/11/17 172.07 175.24 167.35 171.75 3063256 534585472.00
2021/11/18 172.75 173.99 168.41 170.25 2402385 417496864.00
2021/11/19 172.20 173.77 168.47 170.05 2005944 348041408.00
2021/11/22 169.76 173.75 167.45 168.55 2566481 443232320.00
2021/11/23 168.73 168.85 164.49 165.66 2267980 382079872.00
2021/11/24 165.66 167.66 162.68 165.59 1732570 290258784.00
2021/11/25 165.59 165.59 161.17 162.61 1894481 314170272.00
2021/11/26 164.23 167.45 161.37 163.50 2046169 340874368.00
2021/11/29 162.03 165.77 158.86 162.45 2498318 411706720.00
2021/11/30 162.25 164.25 159.81 161.18 2057152 338124224.00
2021/12/01 161.15 161.86 157.85 160.03 2854375 462342688.00
2021/12/02 161.15 167.14 160.37 162.90 3485281 579507072.00
2021/12/03 162.90 164.32 158.34 159.75 2242193 364684832.00
2021/12/06 159.14 160.75 152.25 156.75 2639139 423569632.00
2021/12/07 157.25 161.20 155.50 158.34 2333833 376846752.00
2021/12/08 158.34 169.42 157.27 167.24 4028104 673526400.00
2021/12/09 168.15 174.10 163.75 172.51 5352519 925484032.00
2021/12/10 170.95 177.51 170.75 173.60 4631159 816100736.00
2021/12/13 172.25 174.26 159.05 160.02 5576560 931061760.00
2021/12/14 159.41 160.75 148.73 149.77 6460972 1003112384.00
2021/12/15 148.00 156.15 147.27 156.03 6035546 927070848.00
2021/12/16 154.25 155.55 148.75 152.49 3516253 542590464.00
2021/12/17 150.46 152.66 148.05 148.57 2221354 338028608.00
2021/12/20 147.75 149.57 144.16 145.25 3434374 511042816.00
2021/12/21 144.69 148.01 143.03 147.26 1909564 284343296.00
2021/12/22 147.25 148.90 145.96 146.09 2607116 390580608.00
2021/12/23 144.35 146.10 143.76 145.95 2804278 414412608.00
2021/12/24 144.99 144.99 138.16 138.83 3338492 476937600.00
2021/12/27 140.16 143.09 136.58 142.48 2594291 371300544.00
2021/12/28 143.50 149.73 142.25 149.50 4071584 606470912.00
2021/12/29 149.65 153.50 147.56 152.63 3820037 589458816.00
2021/12/30 152.63 152.65 148.93 151.16 2321754 356415904.00
2021/12/31 152.24 153.75 147.33 148.20 2207406 335221664.00
2022/01/04 149.78 149.78 144.25 145.02 2695845 400709344.00
2022/01/05 144.80 150.13 141.37 149.23 4205151 630339776.00
2022/01/06 145.98 150.25 145.02 145.46 2264842 339598400.00
2022/01/07 145.46 149.69 144.32 145.25 2527451 378380896.00
2022/01/10 146.55 152.75 141.25 149.75 3857635 585754880.00
2022/01/11 149.25 152.24 143.64 143.72 2319121 346392736.00
2022/01/12 143.77 145.92 142.37 145.21 2105321 309925152.00
2022/01/13 144.25 145.11 138.58 140.36 2034078 291580768.00
2022/01/14 139.25 141.13 135.51 137.75 2124454 297777888.00
2022/01/17 137.75 139.49 134.26 138.25 2296197 319690560.00
2022/01/18 138.52 148.12 137.25 143.71 3209345 472202016.00
2022/01/19 142.16 142.91 135.84 136.80 2056323 289925728.00
2022/01/20 135.83 137.75 133.05 134.87 1765917 243168400.00
2022/01/21 134.72 135.66 130.85 133.72 1944304 264036432.00
2022/01/24 136.92 137.81 130.00 131.26 2771044 373621600.00
2022/01/25 132.24 135.51 131.27 132.84 2318912 315581344.00
2022/01/26 132.60 135.24 129.35 130.40 1719675 231098496.00
2022/01/27 131.25 132.13 126.80 127.45 1557565 205811552.00
2022/01/28 127.67 134.23 125.18 132.25 2389310 319113472.00
2022/02/07 134.25 135.89 127.05 127.40 2326877 307273216.00
2022/02/08 126.05 127.25 120.16 122.75 3558675 445960352.00
2022/02/09 122.75 125.91 120.30 125.67 3913806 492626400.00
2022/02/10 125.52 126.05 120.65 121.87 1792152 224379920.00
2022/02/11 122.05 129.39 120.92 126.50 3538193 456536128.00
2022/02/14 125.04 126.48 120.45 121.75 2549228 318148000.00
2022/02/15 121.75 130.25 121.19 130.05 3143449 408160576.00
2022/02/16 130.05 130.94 127.25 127.75 1859681 245038064.00
2022/02/17 127.81 129.99 127.08 129.78 1559856 205605568.00
2022/02/18 128.44 130.10 126.75 128.39 1459743 191801360.00
2022/02/21 128.39 138.75 127.60 135.06 3480938 480485856.00
2022/02/22 135.49 136.04 130.25 132.22 3004568 403336608.00
2022/02/23 132.25 136.75 128.93 135.89 2228517 303985440.00
2022/02/24 134.24 134.58 130.00 131.97 1992171 269101216.00
2022/02/25 133.60 136.23 130.43 135.60 2025602 277781600.00
2022/02/28 134.29 136.52 131.25 132.72 2092363 283759264.00
2022/03/01 132.63 134.75 130.00 130.51 1957108 261210096.00
2022/03/02 130.40 131.74 126.55 127.00 1505475 197151808.00
2022/03/03 127.25 128.21 122.05 122.35 1783511 226421120.00
2022/03/04 122.50 123.45 120.39 120.85 1605464 200032416.00
2022/03/07 120.19 120.25 112.31 113.08 3182980 373540736.00
2022/03/08 113.08 116.24 110.64 111.17 2389895 277147072.00
2022/03/09 111.17 113.84 106.53 111.01 2742605 310887200.00
2022/03/10 114.75 115.95 113.25 114.27 1872534 219487872.00
2022/03/11 112.02 114.75 109.81 114.25 1931500 222952864.00
2022/03/14 111.75 112.99 106.56 107.26 4096775 460418144.00
2022/03/15 107.26 107.26 100.30 100.96 4907965 520321888.00
2022/03/16 103.27 105.25 98.36 104.25 4988362 525912000.00
2022/03/17 106.25 111.25 104.86 109.75 4870503 542749568.00
2022/03/18 109.09 109.25 105.93 107.15 2195522 241172208.00
2022/03/21 107.64 111.69 106.05 110.65 2272125 256608560.00
2022/03/22 110.27 110.61 106.95 108.11 1794992 199419232.00
2022/03/23 107.80 110.29 107.15 109.01 1701703 189955008.00
2022/03/24 108.25 110.75 106.55 109.90 1630631 182121712.00
2022/03/25 109.29 113.08 106.37 106.83 1902966 213142944.00
2022/03/28 104.45 105.95 101.86 103.24 2217190 235363472.00
2022/03/29 103.17 106.13 100.23 101.13 2975112 311031008.00
2022/03/30 102.75 108.76 101.25 108.13 2743652 300400960.00
2022/03/31 108.15 108.69 105.22 105.91 2055190 223916432.00
2022/04/01 105.11 107.96 104.65 106.30 1841933 201066432.00
2022/04/06 106.30 106.95 103.75 104.88 1819813 195792752.00
2022/04/07 104.45 105.73 101.33 101.61 2010961 211938928.00
2022/04/08 101.23 102.35 98.75 100.14 1894909 195692656.00
2022/04/11 98.81 99.14 93.35 93.98 2869201 280917984.00
2022/04/12 93.55 97.54 91.75 97.42 2739996 267082688.00
2022/04/13 96.23 99.58 94.85 95.97 1840913 183982944.00
2022/04/14 95.97 105.84 95.96 105.84 3262845 340836960.00
2022/04/15 102.15 107.85 101.31 103.62 3479963 370349888.00
2022/04/18 103.51 104.91 102.30 103.43 1620505 172178720.00
2022/04/19 103.75 104.04 98.35 99.47 3045231 312702720.00
2022/04/20 99.67 101.75 98.25 98.73 2291168 234793664.00
2022/04/21 96.81 104.01 96.81 98.97 3363249 348746528.00
2022/04/22 97.95 100.81 96.73 96.96 3095386 312787872.00
2022/04/25 97.25 104.55 96.75 97.50 5309389 547745536.00
2022/04/26 101.25 102.25 93.64 94.76 4773484 474354048.00
2022/04/27 88.44 101.45 88.25 100.49 5104342 504543392.00
2022/04/28 100.09 102.36 98.74 100.75 2344207 241690000.00
2022/04/29 101.07 105.80 98.95 105.35 3326117 350863328.00
2022/05/05 106.25 106.25 98.35 99.75 4667019 485341920.00
2022/05/06 96.25 96.73 93.99 94.75 2126460 208687120.00
2022/05/09 93.25 93.99 88.13 88.95 2900720 269054336.00
2022/05/10 85.25 91.46 84.28 89.25 2957984 270128768.00
2022/05/11 89.46 98.25 88.33 97.05 3935985 386344128.00
2022/05/12 95.25 96.98 94.23 95.85 1905329 186732528.00
2022/05/13 95.91 96.86 94.02 95.05 1237500 120738072.00
2022/05/16 94.02 101.06 94.02 97.90 3037791 306450880.00
2022/05/17 96.47 100.47 96.47 99.75 2280263 233195056.00
2022/05/18 101.19 101.24 96.40 98.19 2328253 234100240.00
2022/05/19 95.95 97.90 95.13 96.24 2576637 255535616.00
2022/05/20 96.66 101.05 95.75 98.95 2809209 286359264.00
2022/05/23 99.12 99.85 96.26 97.24 1820783 181781568.00
2022/05/24 96.61 102.25 95.66 97.55 3105023 317274464.00
2022/05/25 96.25 97.64 93.46 94.26 2336698 228110512.00
2022/05/26 94.31 96.11 91.09 93.76 1926181 184765456.00
2022/05/27 94.75 100.25 94.39 97.34 3266520 329206272.00
2022/05/30 97.05 105.15 96.35 103.75 4063750 427056416.00
2022/05/31 102.21 114.40 102.05 114.40 6050588 684736256.00
2022/06/01 114.55 117.50 112.01 113.25 4608798 539328320.00
2022/06/02 113.48 114.25 109.45 111.20 3022099 340183104.00
2022/06/06 108.49 113.81 108.49 112.75 4614983 524532160.00
2022/06/07 112.30 117.23 110.36 115.35 3867890 448906208.00
2022/06/08 115.15 115.15 110.85 113.10 2816593 322085184.00
2022/06/09 113.45 114.03 108.85 109.55 2786249 312310752.00
2022/06/10 108.21 109.85 106.75 109.07 2275652 250867232.00
2022/06/13 107.94 108.35 102.63 105.77 5208270 555183104.00
2022/06/14 104.88 107.64 103.50 107.61 2814933 303174272.00
2022/06/15 107.30 110.70 105.35 108.80 3419453 377214080.00
2022/06/16 108.80 112.27 108.15 109.45 2534667 282594304.00
2022/06/17 108.35 111.89 104.79 111.68 4157193 459589696.00
2022/06/20 111.07 114.68 110.90 113.35 4327732 497317856.00
2022/06/21 113.35 122.35 111.36 116.36 6428879 767500672.00
2022/06/22 116.38 119.90 107.64 107.85 6211822 707503744.00
2022/06/23 107.85 110.84 105.67 108.29 3863424 423603968.00
2022/06/24 108.42 111.22 106.52 109.74 4419692 489831680.00
2022/06/27 110.85 116.83 109.95 114.17 5409314 625425920.00
2022/06/28 113.95 113.95 108.55 112.01 4068967 457957120.00
2022/06/29 112.01 115.22 110.40 113.25 4035649 464660672.00
2022/06/30 113.37 123.35 113.37 120.24 5552273 671128320.00
2022/07/01 120.03 124.48 119.35 122.80 4199674 519259392.00
2022/07/04 120.57 122.35 119.04 121.30 3867591 472330912.00
2022/07/05 121.35 124.85 116.35 120.21 4127406 500061312.00
2022/07/06 119.34 120.03 113.45 115.40 4203415 495341536.00
2022/07/07 115.40 116.05 108.85 110.27 5489108 618659776.00
2022/07/08 110.05 110.26 105.95 107.35 6147552 668042368.00
2022/07/11 107.35 107.35 102.94 103.85 4151374 439052544.00
2022/07/12 103.14 105.42 100.15 100.81 4159266 431418880.00
2022/07/13 101.00 101.96 99.24 101.43 3182393 325851712.00
2022/07/14 103.33 103.73 99.33 100.20 4212064 431654624.00
2022/07/15 98.35 103.73 98.35 101.20 4281885 442502528.00
2022/07/18 100.35 100.85 96.96 99.25 3581944 360171648.00
2022/07/19 98.36 99.84 97.35 98.25 2497766 249065600.00
2022/07/20 98.49 99.68 97.62 98.76 2633757 263874320.00
2022/07/21 98.66 99.14 97.03 97.03 2595573 258047264.00
2022/07/22 97.53 97.76 94.35 95.41 3838425 372257056.00
2022/07/25 96.19 97.87 94.18 95.77 3930510 383596928.00
2022/07/26 95.37 97.05 94.75 95.20 2927490 284188960.00
2022/07/27 94.95 96.36 94.20 95.70 2623014 254018912.00
2022/07/28 95.73 97.33 94.73 95.11 3032823 295897280.00
2022/07/29 95.23 95.35 90.83 90.86 4120417 387090720.00
2022/08/01 90.51 95.12 90.35 92.35 4247532 402158976.00
2022/08/02 91.24 91.24 87.35 88.42 4332566 392328000.00
2022/08/03 88.42 90.85 87.86 88.60 3237131 293239360.00
2022/08/04 89.33 89.95 87.36 88.30 2846258 256609376.00
2022/08/05 88.70 89.14 87.35 89.10 3532516 316545504.00
2022/08/08 88.95 89.72 87.50 87.90 3107780 279462240.00
2022/08/09 88.31 89.60 85.45 89.33 5182353 463177632.00
2022/08/10 88.34 89.18 85.22 85.37 6292472 555454528.00
2022/08/11 85.66 91.95 85.40 91.35 8037409 729741568.00
2022/08/12 91.41 94.83 90.35 92.23 6256045 590211136.00
2022/08/15 90.52 91.72 89.82 91.64 3738030 346155520.00
2022/08/16 92.25 92.25 90.56 91.20 2586433 239813072.00
2022/08/17 90.85 91.65 89.66 91.08 3007407 277679456.00
2022/08/18 91.27 91.27 88.35 88.75 3577750 325659616.00
2022/08/19 88.70 89.85 87.36 87.71 2788242 251637616.00
2022/08/22 86.98 89.02 85.92 88.50 2365517 210877552.00
2022/08/23 87.80 88.50 86.14 86.67 3544072 312930624.00
2022/08/24 86.52 87.23 82.95 83.15 4314197 371632192.00
2022/08/25 83.35 84.55 81.37 84.25 3342498 282241216.00
2022/08/26 84.05 85.10 81.42 82.15 3225331 272878464.00
2022/08/29 79.35 82.06 78.89 80.15 4623892 377316064.00
2022/08/30 80.10 80.95 78.34 79.03 3474288 281208768.00
2022/08/31 78.56 80.65 77.65 79.95 4099938 331774464.00
2022/09/01 79.95 81.63 78.97 80.04 3239649 265530624.00
2022/09/02 80.04 80.04 77.41 78.15 3186174 255138272.00
2022/09/05 77.85 78.36 75.57 76.74 3226836 252100368.00
2022/09/06 76.96 78.18 75.56 75.96 3559585 277164448.00
2022/09/07 75.94 75.94 73.83 74.01 6152399 468345376.00
2022/09/08 74.17 74.56 72.15 72.16 6380601 475588896.00
2022/09/09 72.16 73.55 71.53 73.19 6326989 470949696.00
2022/09/13 73.29 74.93 72.85 73.46 4485027 338657440.00
2022/09/14 71.59 73.10 71.35 72.34 2500847 184606592.00
2022/09/15 72.78 73.76 70.24 70.73 4701220 344359616.00
2022/09/16 71.26 71.31 68.87 68.87 4359746 310913824.00
2022/09/19 68.55 69.28 67.64 68.19 3549427 248015024.00
2022/09/20 68.34 69.13 67.80 68.78 2711377 190330976.00
2022/09/21 68.40 68.40 66.46 67.62 3311341 228808832.00
2022/09/22 67.66 67.74 65.80 66.14 3714350 253041248.00
2022/09/23 66.15 66.68 64.45 65.12 2991593 200595152.00
2022/09/26 64.89 66.72 64.54 65.77 3654608 247275680.00
2022/09/27 66.55 68.42 65.57 68.41 5019357 347493792.00
2022/09/28 68.19 69.23 65.95 66.35 2932975 202959328.00
2022/09/29 67.35 69.45 66.16 66.62 5040368 348202688.00
2022/09/30 67.31 67.31 64.75 65.05 3419844 230087920.00
2022/10/10 65.35 65.82 62.46 62.69 3479348 226888672.00
2022/10/11 62.66 63.70 60.85 63.54 3419644 219804368.00
2022/10/12 63.05 64.93 61.56 64.69 3091481 200553168.00
2022/10/13 64.26 67.79 64.19 64.58 3716508 250938064.00
2022/10/14 65.13 69.83 64.70 68.34 6600108 458861568.00
2022/10/17 67.25 69.79 67.23 68.27 3763165 263367968.00
2022/10/18 68.60 68.85 67.23 67.60 2689819 186806000.00
2022/10/19 67.27 68.25 65.61 65.63 3111503 211706464.00
2022/10/20 65.01 67.53 64.95 65.70 3186702 215863360.00
2022/10/21 65.75 67.04 64.71 65.86 3415230 229575888.00
2022/10/24 65.36 65.66 61.01 61.09 6044044 390780704.00
2022/10/25 60.68 62.34 59.01 59.89 4757047 295675232.00
2022/10/26 59.89 64.94 59.85 64.09 6395451 416198528.00
2022/10/27 64.09 65.21 63.05 63.18 3804530 249258960.00
2022/10/28 62.85 63.82 59.53 59.85 3894828 246204816.00
2022/10/31 56.35 58.48 54.46 56.65 7929490 462373216.00
2022/11/01 56.69 62.48 56.69 62.48 6270722 387992704.00
2022/11/02 63.60 66.95 63.60 65.24 8246983 553690560.00
2022/11/03 65.25 65.46 63.60 64.79 4358537 288729408.00
2022/11/04 64.93 68.40 64.85 67.01 5947680 405042880.00
2022/11/07 66.65 68.54 66.05 67.55 4432651 306897760.00
2022/11/08 67.57 67.71 65.91 66.47 2642873 179981152.00
2022/11/09 66.43 67.15 65.67 65.82 2484815 168773008.00
2022/11/10 65.75 66.23 64.05 64.29 3296971 219297616.00
2022/11/11 66.72 68.44 65.76 67.37 5377213 369653952.00
2022/11/14 69.63 71.84 67.41 67.94 8294524 591645696.00
2022/11/15 68.05 73.85 66.83 73.53 10126926 737856960.00
2022/11/16 73.25 75.73 72.35 74.41 8866460 671765312.00
2022/11/17 74.35 75.91 72.42 75.91 6125962 464820192.00
2022/11/18 75.90 76.26 73.50 73.85 4983866 380520608.00
2022/11/21 72.75 73.34 71.07 72.37 4016717 295850176.00
2022/11/22 72.33 72.74 70.55 70.94 3031107 221713328.00
2022/11/23 71.10 71.45 67.83 68.88 4322621 306111232.00
2022/11/24 69.23 70.83 68.93 70.37 3206808 229593696.00
2022/11/25 70.13 71.80 69.27 69.81 2740588 197472784.00
2022/11/28 67.37 69.25 66.73 69.15 3385676 235164272.00
2022/11/29 70.36 73.14 69.15 72.99 4635568 339503360.00
2022/11/30 72.15 72.71 70.36 70.39 3766762 274594560.00
2022/12/01 72.35 74.35 71.37 72.03 4435701 329338560.00
2022/12/02 71.98 73.43 71.15 72.20 2614314 193345984.00
2022/12/05 72.96 78.80 72.40 78.46 7968300 625716864.00
2022/12/06 77.92 80.57 76.66 78.26 6232364 500131008.00
2022/12/07 77.87 78.87 76.23 77.43 3978317 314130688.00
2022/12/08 77.43 79.78 75.95 79.55 4393772 352183968.00
2022/12/09 79.65 82.36 78.35 82.25 6328084 519643968.00
2022/12/12 81.41 83.75 79.85 80.35 5113895 425669984.00
2022/12/13 79.85 81.53 78.66 80.26 2199640 179800912.00
2022/12/14 79.23 81.85 79.18 81.60 3077493 253995520.00
2022/12/15 82.30 85.02 80.28 80.43 4469724 376911456.00
2022/12/16 80.04 81.28 77.67 78.25 5137704 412961888.00
2022/12/19 78.26 78.75 76.36 77.14 2972181 235417808.00
2022/12/20 77.24 77.62 74.25 75.12 2861674 220445376.00
2022/12/21 75.66 76.80 74.84 75.40 1964184 151797184.00
2022/12/22 75.52 77.89 75.23 75.95 3538706 276996672.00
2022/12/23 74.95 75.50 73.51 74.54 2577340 195656128.00
2022/12/26 74.54 75.03 73.55 73.74 2201145 166673440.00
2022/12/27 74.18 76.02 73.84 75.77 3015656 231373904.00
2022/12/28 75.74 75.90 72.43 73.65 3513310 264505184.00
2022/12/29 74.23 74.24 71.48 71.58 2375707 175443856.00
2022/12/30 72.01 72.74 71.11 71.29 1846210 135418624.00
2023/01/03 71.03 71.68 69.24 71.25 3663611 264490272.00
2023/01/04 70.93 73.85 70.93 71.84 4068873 300820128.00
2023/01/05 72.23 75.74 71.65 75.32 5770805 436342400.00
2023/01/06 74.94 75.85 73.86 73.88 3155676 240859184.00
2023/01/09 73.97 75.25 73.36 73.99 2462203 187093744.00
2023/01/10 73.90 75.12 73.03 74.60 2741395 208178880.00
2023/01/11 75.35 75.36 73.05 73.14 2845016 215185776.00
2023/01/12 72.83 73.64 72.30 72.85 2007524 149730288.00
2023/01/13 72.92 80.30 72.45 80.30 11272286 901825600.00
2023/01/16 81.73 88.15 80.86 87.43 14325219 1242797440.00
2023/01/17 88.20 88.45 85.23 86.60 6260815 551288320.00
2023/01/18 86.61 87.40 82.13 82.55 6939986 591037184.00
2023/01/19 83.21 87.35 81.55 86.93 6506392 561754112.00
2023/01/20 86.40 89.75 85.35 85.60 5336741 471696288.00
2023/01/30 87.05 87.35 83.68 84.42 4965385 431100096.00
2023/01/31 85.00 86.59 83.55 85.55 4644999 405187008.00
2023/02/01 85.96 90.85 84.78 89.93 6185961 551338752.00
2023/02/02 89.93 92.93 87.45 89.62 6038990 555331712.00
2023/02/03 89.50 91.33 86.65 91.15 5660583 510749216.00
2023/02/06 89.74 89.91 85.43 87.95 5810055 515959328.00
2023/02/07 87.78 92.25 87.16 92.05 6533414 605015040.00
2023/02/08 92.75 96.73 90.35 94.77 5849563 560706368.00
2023/02/09 93.55 97.62 91.80 95.36 5645774 541008192.00
2023/02/10 94.58 95.79 92.30 92.98 3697039 351778720.00
2023/02/13 92.85 95.15 92.03 92.97 3500133 332778144.00
2023/02/14 92.65 95.16 92.15 93.43 3137620 299260960.00
2023/02/15 92.87 93.15 88.99 89.65 5343898 492117856.00
2023/02/16 89.35 89.93 86.08 86.90 5180400 464326240.00
2023/02/17 87.44 88.61 85.75 86.12 3721681 330674048.00
2023/02/20 86.11 91.93 85.55 91.93 6293166 575440640.00
2023/02/21 91.23 92.70 90.63 91.65 3070069 285998304.00
2023/02/22 90.62 92.52 88.44 91.20 4217611 388147392.00
2023/02/23 91.82 95.01 91.13 91.23 3925492 372071168.00
2023/02/24 91.38 91.98 90.23 90.95 2347154 217799936.00
2023/02/27 89.55 90.35 87.90 88.56 2921180 263517584.00
2023/02/28 89.12 89.12 86.50 88.76 3191243 285112896.00
2023/03/01 88.45 93.29 87.10 90.71 4307117 397472512.00
2023/03/02 89.75 91.19 89.15 89.73 2031274 185840240.00
2023/03/03 89.74 91.83 87.95 88.10 2170808 196729984.00
2023/03/06 88.10 88.77 83.55 84.61 6131859 531000480.00
2023/03/07 84.70 86.23 81.35 81.56 4563372 387573408.00
2023/03/08 81.31 82.18 80.35 80.72 2175431 179949136.00
2023/03/09 80.77 81.20 78.95 79.39 2730951 222322160.00
2023/03/10 78.56 78.85 76.97 77.24 3697850 293953856.00
2023/03/13 77.44 80.15 77.44 78.98 3945772 317563264.00
2023/03/14 78.98 80.33 77.91 79.68 3348475 271368928.00
2023/03/15 79.88 81.85 79.76 81.77 3565768 294778304.00
2023/03/16 81.05 81.78 79.36 80.74 2906519 239216976.00
2023/03/17 81.62 81.73 77.71 79.05 4695400 377751424.00
2023/03/20 78.35 78.55 75.95 76.58 4432523 347151488.00
2023/03/21 77.85 81.35 77.05 80.85 3915490 317764480.00
2023/03/22 80.81 81.85 79.86 80.34 2561440 210767520.00
2023/03/23 79.35 82.55 79.35 82.18 4147471 344988512.00
2023/03/24 82.22 88.33 81.85 84.84 6556723 568888256.00
2023/03/27 84.51 87.19 83.95 84.74 4502507 392647232.00
2023/03/28 85.35 85.48 81.79 82.05 2846274 240809488.00
2023/03/29 82.60 83.48 80.35 81.07 3112437 259604160.00
2023/03/30 81.12 84.87 80.05 83.66 4513860 379512896.00
2023/03/31 83.65 83.65 80.70 80.95 3878484 323415168.00
2023/04/03 80.85 83.65 78.40 78.76 6648017 544871360.00
2023/04/04 78.77 79.85 77.00 79.25 4952627 396899104.00
2023/04/06 78.89 80.83 77.61 78.95 3585021 289333152.00
2023/04/07 79.35 80.76 77.95 80.39 3540583 289367264.00
2023/04/10 81.52 82.95 79.85 80.76 3591221 298341280.00
2023/04/11 80.74 83.95 79.96 81.74 4190401 351501888.00
2023/04/12 81.35 82.23 78.86 79.86 3695591 301063584.00
2023/04/13 79.65 79.74 78.38 78.71 2457408 198042496.00
2023/04/14 78.71 80.80 77.85 80.22 2937495 238169360.00
2023/04/17 79.84 82.82 79.74 81.12 2788452 230770896.00
2023/04/18 80.63 80.95 79.18 79.50 1938200 158111088.00
2023/04/19 79.24 80.06 77.43 77.90 3057264 244935072.00
2023/04/20 77.57 79.75 77.16 79.05 3161946 254657648.00
2023/04/21 78.95 79.45 74.35 74.60 3940699 306921536.00
2023/04/24 74.58 75.12 71.26 71.96 5050304 374446656.00
2023/04/25 72.30 72.30 69.03 70.93 5398561 387326048.00
2023/04/26 71.35 71.54 69.48 69.60 2776829 199870112.00
2023/04/27 68.35 69.62 67.52 69.22 6673614 468278528.00
2023/04/28 69.35 70.85 67.44 67.85 3677749 257584032.00
2023/05/04 67.96 72.20 67.85 69.35 5838889 420145792.00
2023/05/05 68.64 69.33 67.15 67.39 3031695 210826848.00
2023/05/08 67.34 67.82 65.37 65.68 4577318 310274784.00
2023/05/09 65.67 66.83 63.98 64.83 3453237 230921904.00
2023/05/10 64.85 67.10 64.75 66.05 3215433 217756784.00
2023/05/11 65.85 66.18 65.05 65.62 1985945 133512472.00
2023/05/12 65.85 66.81 64.73 65.31 2505702 168352832.00
2023/05/15 65.35 65.83 64.51 65.61 2250649 150361008.00
2023/05/16 65.93 65.95 64.68 64.85 2003457 133417632.00
2023/05/17 65.23 65.23 63.18 63.46 3706324 242025360.00
2023/05/18 63.52 65.84 63.52 65.10 4355215 289894880.00
2023/05/19 65.22 70.16 64.75 69.31 7383432 515486112.00
2023/05/22 69.25 73.54 68.85 73.23 8409287 620181760.00
2023/05/23 72.41 74.10 71.93 73.26 4401447 328386688.00
2023/05/24 72.51 73.20 71.15 72.00 3972801 292414848.00
2023/05/25 71.13 72.07 69.35 70.40 3452903 248628080.00
2023/05/26 70.55 71.98 69.20 71.31 2710125 195873984.00
2023/05/29 71.35 71.85 69.24 70.09 3789822 271819648.00
2023/05/30 70.24 71.62 67.71 69.12 3433919 243104400.00
2023/05/31 69.35 70.71 67.22 67.59 2899007 202352512.00
2023/06/01 67.56 70.73 66.03 68.56 3071488 215242032.00
2023/06/02 68.65 75.09 68.33 73.66 7063380 523234080.00
2023/06/05 73.35 73.35 70.46 72.57 5182317 378765312.00
2023/06/06 72.55 73.57 70.65 71.04 3506698 258301472.00
2023/06/07 71.09 71.83 69.15 69.57 2588363 185436736.00
2023/06/08 69.67 71.16 69.25 70.95 3316180 238152880.00
2023/06/09 71.43 71.55 66.68 66.98 5332210 372504896.00
2023/06/12 66.35 71.35 65.58 70.33 5516439 391211424.00
2023/06/13 70.25 70.25 67.21 68.08 3821386 266771872.00
2023/06/14 68.23 69.73 67.50 68.43 2434998 170866496.00
2023/06/15 68.43 72.75 68.29 72.19 4992686 360780960.00
2023/06/16 72.19 73.70 71.76 73.11 5139238 377833216.00
2023/06/19 73.11 73.67 71.25 71.28 3300419 239464352.00
2023/06/20 71.28 77.74 70.56 76.25 9469471 717211008.00
2023/06/21 75.93 77.09 73.81 74.25 5674077 431147584.00
2023/06/26 76.25 78.60 74.21 74.91 7250296 560418432.00
2023/06/27 74.92 78.90 73.71 78.84 6861043 533187552.00
2023/06/28 78.25 79.77 76.93 77.66 3669010 289287360.00
2023/06/29 77.23 78.75 75.50 77.74 3743953 292373408.00
2023/06/30 78.15 79.23 76.63 77.02 3312928 259608304.00
2023/07/03 77.75 84.25 76.66 80.85 6966907 567598400.00
2023/07/04 80.88 81.88 79.05 79.26 4062291 328172736.00
2023/07/05 78.84 79.00 76.54 76.60 4232235 330714464.00
2023/07/06 76.25 77.72 75.48 76.54 3098818 239618208.00
2023/07/07 76.31 76.31 74.70 75.21 2386569 181583584.00
2023/07/10 75.55 76.07 74.13 75.10 2499618 189794416.00
2023/07/11 75.10 75.65 73.74 74.24 2488923 187022432.00
2023/07/12 73.80 76.73 72.98 75.08 3716664 282296064.00
2023/07/13 75.08 75.86 73.88 74.85 2617210 197163136.00
2023/07/14 74.85 74.86 72.25 72.30 3341166 246479328.00
2023/07/17 72.31 73.73 71.86 72.85 1816097 133457376.00
2023/07/18 72.63 73.55 72.25 72.90 1387703 102024552.00
2023/07/19 72.86 75.01 72.25 74.30 3062628 229099712.00
2023/07/20 74.31 75.07 72.76 72.93 1629344 121375536.00
2023/07/21 72.75 73.17 70.40 70.68 2765255 199931328.00
2023/07/24 70.72 71.31 69.30 69.63 2605856 184260416.00
2023/07/25 70.75 73.75 70.35 73.57 4164077 306596288.00
2023/07/26 73.60 74.23 72.31 72.46 1705091 125587392.00
2023/07/27 73.04 74.25 72.46 72.91 2303998 171262720.00
2023/07/28 72.51 77.19 72.36 76.47 4692150 358242432.00
2023/07/31 76.56 78.55 75.93 78.29 4856168 379374720.00
2023/08/01 77.99 78.05 77.05 77.52 2139791 167217600.00
2023/08/02 77.45 78.56 77.15 77.48 1923368 150944048.00
2023/08/03 77.48 77.65 75.75 77.65 1990620 154084400.00
2023/08/04 78.27 79.14 77.85 78.88 2478646 196686672.00
2023/08/07 78.60 78.74 76.50 76.99 2085981 162872928.00
2023/08/08 77.65 77.65 75.25 75.80 1579100 121156144.00
2023/08/09 76.56 76.64 74.57 75.13 1513152 114974336.00
2023/08/10 75.49 75.49 73.55 75.27 1689900 127164408.00
2023/08/11 74.82 75.43 73.55 73.63 1377022 103204400.00
2023/08/14 72.35 73.03 71.66 72.71 1339646 98004120.00
2023/08/15 72.38 73.25 70.65 71.34 1557661 112325120.00
2023/08/16 71.34 71.89 70.25 70.45 1186686 85094920.00
2023/08/17 69.86 72.42 69.81 72.01 1605721 116260696.00
2023/08/18 72.25 73.33 71.05 71.25 1366552 99721552.00
2023/08/21 71.25 71.74 68.75 68.85 1896854 134190672.00
2023/08/22 69.55 69.86 66.56 69.06 2494089 171566048.00
2023/08/23 68.82 69.05 67.44 67.57 1715528 118088848.00
2023/08/24 67.69 69.32 67.44 67.68 1572839 108440280.00
2023/08/25 67.25 68.35 65.97 66.21 1509500 101646192.00
2023/08/28 62.92 64.88 59.51 59.51 7352650 451600640.00
2023/08/29 55.68 56.25 53.48 54.22 26850333 1471960448.00
2023/08/30 53.62 54.57 53.14 53.79 12173535 663695680.00
2023/08/31 54.11 54.20 52.15 52.28 11144969 596527552.00
2023/09/01 52.39 53.01 52.19 52.39 6545167 348453792.00
2023/09/04 52.40 53.54 52.23 53.44 8126263 437013920.00
2023/09/05 53.34 53.64 52.97 53.52 4989253 269668928.00
2023/09/06 53.25 53.25 52.33 52.83 4228063 225958096.00
2023/09/07 52.65 52.84 52.02 52.25 4886437 259118448.00
2023/09/08 51.81 52.15 51.39 51.56 2526574 132341064.00
2023/09/11 51.67 52.11 51.08 51.77 3576154 187320368.00
2023/09/12 51.60 52.34 51.25 51.75 3042813 159733072.00
2023/09/13 51.52 51.70 50.28 50.85 4582703 236479632.00
2023/09/14 50.97 50.99 49.41 49.70 5104225 258393760.00
2023/09/15 49.72 49.85 48.97 49.57 6152251 308405600.00
2023/09/18 49.45 50.73 48.97 49.31 7189635 363672320.00
2023/09/19 49.17 49.44 48.26 48.55 4073637 201186720.00
2023/09/20 48.62 48.63 47.76 47.93 4494679 219713856.00
2023/09/21 47.75 48.08 47.35 47.41 3744805 181169248.00
2023/09/22 47.21 48.60 47.18 48.60 4918012 239813120.00
2023/09/25 48.50 49.21 47.70 47.92 3648941 178267088.00
2023/09/26 47.93 48.53 47.60 47.68 3445433 167982224.00
2023/09/27 47.56 48.91 47.56 48.17 4209175 206464672.00
2023/09/28 48.18 48.45 47.65 47.75 3610547 175733008.00
2023/10/09 47.74 48.20 47.31 47.42 3433932 166381344.00
2023/10/10 47.51 48.16 47.10 47.13 4151618 200593392.00
2023/10/11 47.28 48.02 47.15 47.42 3408326 164822352.00
2023/10/12 47.55 48.38 47.31 48.04 3836560 186640880.00
2023/10/13 47.75 47.81 47.00 47.31 4474347 215173312.00
2023/10/16 47.34 47.34 45.77 45.86 5341878 251281232.00
2023/10/17 46.04 46.33 45.66 45.95 3444864 160670320.00
2023/10/18 45.82 45.85 44.72 44.82 4121550 188572416.00
2023/10/19 44.55 45.02 43.85 43.94 4673800 210379408.00
2023/10/20 43.75 44.61 43.65 43.79 3976879 178212960.00
2023/10/23 43.76 43.76 42.61 42.76 3328591 145882448.00
2023/10/24 43.10 43.55 42.67 43.36 3737932 164263856.00
2023/10/25 43.76 44.15 42.80 42.80 4651107 205538256.00
2023/10/26 42.36 42.74 41.61 42.05 6132097 262316352.00
2023/10/27 42.04 44.13 41.91 43.65 5978201 262782448.00
2023/10/30 42.42 43.02 41.95 42.87 8489256 367171584.00
2023/10/31 42.65 42.75 41.73 42.41 6196924 266233936.00
2023/11/01 42.53 42.92 42.07 42.25 4103216 177276288.00
2023/11/02 42.33 42.81 41.34 41.34 4740304 202709424.00
2023/11/03 41.74 43.83 41.71 43.57 9152650 400856032.00
2023/11/06 43.93 45.34 43.52 45.06 8368703 378568672.00
2023/11/07 44.85 45.77 44.48 45.66 5870205 269885728.00
2023/11/08 45.63 46.22 45.27 45.75 4857941 225776208.00
2023/11/09 45.66 46.35 45.40 45.57 4687141 218261840.00
2023/11/10 45.30 45.93 44.92 45.52 3604741 166323232.00
2023/11/13 45.50 46.13 44.93 45.19 4688521 216745568.00
2023/11/14 45.15 45.73 44.93 45.24 4005412 184297472.00
2023/11/15 45.58 46.03 45.22 45.36 3973900 184362224.00
2023/11/16 45.25 45.58 44.73 44.74 3510494 160783584.00
2023/11/17 44.65 45.12 44.25 44.60 3643949 165440480.00
2023/11/20 44.83 45.83 44.35 45.42 4962435 227972912.00
2023/11/21 45.50 46.31 45.16 45.57 4503751 209576128.00
2023/11/22 45.57 45.57 44.15 44.16 4328440 196265248.00
2023/11/23 44.09 44.52 43.76 44.42 2751060 123485128.00
2023/11/24 44.28 44.45 43.57 43.78 2843100 127024600.00
2023/11/27 43.57 43.78 43.01 43.37 3303308 145604032.00
2023/11/28 43.42 43.60 42.88 43.17 2795285 122735488.00
2023/11/29 43.09 43.25 42.47 42.65 2655930 115616816.00
2023/11/30 42.70 42.93 41.91 41.98 2715456 116650800.00
2023/12/01 41.98 42.05 40.83 41.60 4370900 183938784.00
2023/12/04 41.75 41.90 40.85 40.90 3316696 139378912.00
2023/12/05 40.83 40.83 39.64 39.66 4099181 168171632.00
2023/12/06 39.25 40.69 39.25 40.04 3854923 157119584.00
2023/12/07 39.96 40.04 39.05 39.56 4559494 183550112.00
2023/12/08 39.58 39.82 39.13 39.22 3283881 132093648.00
2023/12/11 39.10 39.89 38.25 39.67 3613367 143799328.00
2023/12/12 39.66 39.83 39.21 39.51 2837937 114258664.00
2023/12/13 39.39 39.48 38.48 38.48 2879648 114175136.00
2023/12/14 38.69 39.48 37.97 38.08 3932926 154880336.00
2023/12/15 38.48 38.85 37.75 37.79 4001085 156039872.00
2023/12/18 37.58 38.05 37.12 37.22 2899572 110984808.00
2023/12/19 37.10 37.96 36.98 37.55 2314751 88368192.00
2023/12/20 37.77 37.77 36.88 36.95 2433550 92402464.00
2023/12/21 36.92 38.05 36.58 37.83 5098978 195070368.00
2023/12/22 37.58 38.45 37.15 37.68 5572587 214684848.00
2023/12/25 37.69 38.62 37.25 38.18 4169328 162225584.00
2023/12/26 38.25 38.63 37.80 38.34 3624255 141322048.00
2023/12/27 38.15 38.39 37.46 37.82 3759124 144744800.00
2023/12/28 37.68 40.77 37.63 40.45 8780333 354605280.00
2023/12/29 40.45 41.08 40.26 40.69 4932051 204592576.00
2024/01/02 40.75 40.86 39.86 39.89 3356990 137268000.00
2024/01/03 39.80 39.88 38.89 39.38 4136951 165820000.00
2024/01/04 39.25 39.35 37.63 38.05 6391467 249119072.00
2024/01/05 37.96 39.17 37.75 38.15 5747822 225934624.00
2024/01/08 38.33 38.33 36.99 37.02 3894547 148740048.00
2024/01/09 37.11 38.83 37.09 37.84 4811284 185992464.00
2024/01/10 37.43 38.80 37.19 38.05 4472520 173672784.00
2024/01/11 37.83 39.13 37.49 38.90 4701109 183777424.00
2024/01/12 38.61 39.22 38.10 38.38 3978025 156539456.00
2024/01/15 38.13 38.50 37.60 38.08 3156409 122423728.00
2024/01/16 37.96 38.71 37.65 38.44 4119524 160365616.00
2024/01/17 38.25 38.43 37.33 37.33 3598026 139165632.00
2024/01/18 36.74 37.51 36.09 37.41 5299416 199335632.00
2024/01/19 37.16 38.15 37.07 37.49 3693373 141827712.00
2024/01/22 37.45 37.45 34.95 35.20 5375942 198454992.00
2024/01/23 34.89 36.28 34.79 35.98 4365650 159288144.00
2024/01/24 36.34 36.70 35.15 36.27 4322483 158157888.00
2024/01/25 36.29 36.88 35.86 36.76 4283824 159382448.00
2024/01/26 36.55 37.33 35.60 35.99 4752183 176125664.00
2024/01/29 35.99 36.28 34.67 34.69 4295159 154385088.00
2024/01/30 34.40 34.49 33.05 33.05 4889730 168639280.00
2024/01/31 32.41 33.00 31.16 31.22 5526252 180167520.00
2024/02/01 31.20 31.58 30.51 30.85 4907732 155739152.00
2024/02/02 30.86 31.13 28.40 29.50 6494361 197935664.00
2024/02/05 29.49 29.64 27.05 27.77 6855774 198326784.00
2024/02/06 27.77 30.13 27.01 29.98 7546830 222875104.00
2024/02/07 30.07 32.82 29.90 31.70 10735219 348298528.00
2024/02/08 31.83 32.45 31.11 32.25 8151537 266525040.00
2024/02/19 32.76 33.45 32.22 32.82 7251379 242366736.00
2024/02/20 32.62 33.65 32.31 33.34 4499253 152058752.00
2024/02/21 33.21 35.57 33.08 34.63 5607792 198188592.00
2024/02/22 34.64 34.93 34.20 34.72 3877100 136948016.00
2024/02/23 34.78 35.44 34.50 35.23 5180115 185351536.00
2024/02/26 35.88 37.30 35.53 36.60 8400577 313171968.00
2024/02/27 36.39 36.73 35.97 36.69 6624817 245619648.00
2024/02/28 36.67 37.95 35.15 35.15 9525242 354978464.00
2024/02/29 34.55 36.58 34.55 36.58 5060726 186230064.00
2024/03/01 36.65 38.43 36.65 38.31 8703396 336217344.00
2024/03/04 38.54 39.03 37.67 38.16 6327107 246849984.00
2024/03/05 37.68 38.14 37.43 37.64 4975305 191686080.00
2024/03/06 37.41 38.65 37.15 38.16 5818482 225805104.00
2024/03/07 38.51 38.75 37.12 37.13 5585349 216015760.00
2024/03/08 37.14 37.64 36.60 36.95 3977202 149809056.00
2024/03/11 37.04 37.81 36.85 37.80 4029009 153698336.00
2024/03/12 37.99 39.47 37.43 39.30 6895680 271850944.00
2024/03/13 39.30 39.62 38.52 39.25 4792095 191293344.00
2024/03/14 39.07 40.09 38.77 39.05 4592961 184119536.00
2024/03/15 38.95 39.33 38.35 38.91 3450027 136250224.00
2024/03/18 38.95 39.18 37.47 37.98 7379624 285245536.00
2024/03/19 37.85 37.85 37.37 37.38 4831050 185060976.00
2024/03/20 37.55 37.67 36.70 37.10 4762694 179900528.00
2024/03/21 37.09 37.23 36.18 36.80 5054618 188980512.00
2024/03/22 36.40 36.72 35.70 35.70 4081054 150134144.00
2024/03/25 35.58 36.52 35.07 35.25 4804101 175205984.00
2024/03/26 35.28 35.92 35.01 35.73 4001993 145033600.00
2024/03/27 35.71 35.72 34.25 34.29 3553365 127088968.00
2024/03/28 34.25 35.32 34.18 34.82 3340548 118691120.00
2024/03/29 34.86 35.14 34.55 34.89 2538195 90465552.00
2024/04/01 35.08 35.93 35.08 35.67 3498326 127270016.00
2024/04/02 35.75 35.75 34.36 34.50 4301276 153110544.00
2024/04/03 34.30 34.64 33.20 33.24 5515360 189459408.00
2024/04/08 33.24 33.24 32.00 32.01 5016934 166043744.00
2024/04/09 31.95 33.46 31.95 33.36 4597649 154038512.00
2024/04/10 33.36 33.44 32.61 32.92 3448748 116002320.00
2024/04/11 32.73 33.85 32.36 33.42 3666911 124740832.00
2024/04/12 33.42 34.69 33.37 33.43 4974360 173059520.00
2024/04/15 33.25 33.81 32.27 32.71 4303247 144849216.00
2024/04/16 32.48 32.73 31.51 31.67 3963820 129836760.00
2024/04/17 32.01 33.56 31.80 33.42 4676891 156301264.00
2024/04/18 33.41 35.41 33.06 34.56 7494121 264623728.00
2024/04/19 34.04 38.09 33.70 38.09 15023576 552258112.00
2024/04/22 38.65 41.97 38.25 40.63 18921796 779069440.00
2024/04/23 40.25 41.54 40.13 41.10 10713050 443995264.00
2024/04/24 40.81 41.05 40.05 41.05 8662005 358286432.00
2024/04/25 40.96 43.00 40.77 41.65 9282740 395177664.00
2024/04/26 41.45 41.75 40.67 40.78 9071650 380591584.00
2024/04/29 43.25 44.93 43.25 44.93 9127725 414400192.00
2024/04/30 45.35 49.45 45.25 48.80 19464460 949901888.00
2024/05/06 48.80 51.53 48.79 49.95 17198394 876012480.00
2024/05/07 50.25 50.80 48.81 49.12 11117973 559331904.00
2024/05/08 49.00 49.75 47.91 48.50 8789374 433820672.00
2024/05/09 48.45 51.79 47.85 51.45 14841032 748104832.00
2024/05/10 50.85 56.67 50.45 56.67 18462500 1010290496.00
2024/05/13 56.05 62.10 54.96 60.86 20727340 1224408960.00
2024/05/14 59.69 60.65 57.84 58.35 14807360 883574208.00
2024/05/15 59.13 60.34 57.13 59.85 15398489 913784576.00
2024/05/16 58.64 58.72 53.96 54.46 20495234 1154040064.00
2024/05/17 53.25 54.85 51.85 53.30 17237288 929779840.00
2024/05/20 53.11 53.75 51.79 52.29 14013134 746534912.00
2024/05/21 51.81 54.20 51.75 53.28 14333795 775816256.00
2024/05/22 53.28 53.71 51.25 51.77 12427171 658499840.00
2024/05/23 51.14 52.83 51.00 52.36 9872298 521191136.00
2024/05/24 52.06 53.13 51.25 51.45 7957276 419735264.00
2024/05/27 51.45 52.94 50.13 52.01 9676560 506742656.00
2024/05/28 51.40 52.25 50.45 52.01 7470580 388034976.00
2024/05/29 51.34 52.16 50.50 51.05 5512124 287140544.00
2024/05/30 50.75 51.14 49.75 49.97 5409789 277078784.00
2024/05/31 50.13 50.43 49.13 49.14 5622031 283923552.00
2024/06/03 49.64 53.46 48.94 52.24 12262457 645292800.00
2024/06/04 52.33 52.83 50.76 52.05 9084760 475171008.00
2024/06/05 51.35 52.00 50.12 50.12 6980806 359113856.00
2024/06/06 50.14 50.80 49.86 50.08 5299908 270450720.00
2024/06/07 50.08 50.40 48.58 48.95 6784746 338498592.00
2024/06/11 48.61 49.40 48.04 48.95 6749164 334137760.00
2024/06/12 48.95 49.86 48.75 49.41 5415678 270964384.00
2024/06/13 49.45 49.64 48.34 48.45 6461690 320979008.00
2024/06/14 48.45 50.91 48.45 50.80 13150638 670508416.00
2024/06/17 50.06 50.65 49.05 49.56 8377700 422674208.00
2024/06/18 49.40 49.84 48.25 48.80 6452990 320042272.00
2024/06/19 48.83 49.03 48.15 48.48 4342834 213801472.00
2024/06/20 48.25 48.67 47.61 47.61 3838319 186932608.00
2024/06/21 47.59 48.48 47.26 48.13 3784280 183335936.00
2024/06/24 47.85 50.10 47.43 48.47 6527900 321767648.00
2024/06/25 48.48 49.83 48.04 48.30 6671900 329624832.00
2024/06/26 47.92 48.30 46.88 47.78 5601341 269354112.00
2024/06/27 47.84 49.09 46.90 48.46 6195418 299610304.00
2024/06/28 47.95 48.48 46.45 46.73 8228681 394117664.00
2024/07/01 46.51 46.99 44.80 45.23 10361695 475933920.00
2024/07/02 45.47 45.47 44.45 44.94 7689808 348767776.00
2024/07/03 45.23 45.88 44.21 44.31 4486281 202758944.00
2024/07/04 44.31 45.14 43.62 43.62 4223176 188680720.00
2024/07/05 43.63 43.97 42.76 43.66 4942320 216360208.00
2024/07/08 43.55 43.55 41.90 42.23 4580754 196522720.00
2024/07/09 42.44 42.57 41.32 42.38 4135111 175448096.00
2024/07/10 42.24 42.90 41.67 42.03 3387308 144564768.00
2024/07/11 42.55 42.89 41.62 42.45 5670514 241745952.00
2024/07/12 42.10 42.45 41.77 42.22 3268155 139069792.00
2024/07/15 41.61 41.72 40.64 41.12 4486317 187276272.00
2024/07/16 41.01 41.27 40.35 40.75 5520100 226881136.00
2024/07/17 41.09 41.61 40.46 40.80 4293355 177875568.00
2024/07/18 40.73 40.88 40.10 40.60 3111804 127416048.00
2024/07/19 40.65 40.72 39.95 40.26 4210955 171524688.00
2024/07/22 40.26 41.21 40.15 40.58 4196657 172825088.00
2024/07/23 40.54 40.58 38.70 38.76 3997100 159691136.00
2024/07/24 38.66 38.93 37.73 37.78 4987628 192765488.00
2024/07/25 37.47 38.20 37.25 37.44 3165604 120819208.00
2024/07/26 37.56 40.30 37.56 39.75 7680291 305727488.00
2024/07/29 38.86 39.13 37.87 38.41 5972510 232649392.00
2024/07/30 38.32 38.40 37.57 37.97 3043740 116725264.00
2024/07/31 38.09 40.91 37.72 40.71 6948363 280800800.00
2024/08/01 41.36 41.88 39.96 40.28 8115681 333876576.00
2024/08/02 39.75 40.96 39.43 39.54 5045090 204000864.00
2024/08/05 38.95 40.78 38.43 38.46 5998087 239137424.00
2024/08/06 39.39 39.52 38.09 38.63 4065761 158977792.00
2024/08/07 38.65 39.22 37.84 37.91 6744874 260857072.00
2024/08/08 37.72 37.90 36.88 37.44 5909200 223353472.00
2024/08/09 37.80 37.93 37.16 37.21 3459216 131030576.00
2024/08/12 37.32 38.31 37.04 37.75 5337531 203960672.00
2024/08/13 37.68 37.83 36.90 37.65 3699956 139419328.00
2024/08/14 37.56 37.67 36.55 37.49 4723256 177220880.00
2024/08/15 37.14 37.65 36.74 37.06 4291296 161269792.00
2024/08/16 36.91 37.14 36.55 36.60 2946377 109748064.00
2024/08/19 36.55 37.51 36.31 37.32 4646088 173778560.00
2024/08/20 37.25 37.34 36.41 36.47 3283200 122070760.00
2024/08/21 36.24 36.90 36.00 36.62 2705916 100012432.00
2024/08/22 36.07 36.55 35.97 36.14 2610905 95780368.00
2024/08/23 35.91 38.02 35.80 37.23 6367340 240311920.00
2024/08/26 36.85 38.73 36.85 37.75 4979154 190499712.00
2024/08/27 37.35 37.70 36.95 37.48 3597396 135856752.00
2024/08/28 37.43 37.60 37.05 37.46 2685809 101475224.00
2024/08/29 36.91 38.90 36.28 38.71 7024464 269418784.00
2024/08/30 38.35 40.98 38.20 39.72 8891488 359074784.00
2024/09/02 40.54 40.82 39.08 39.78 9338341 376811008.00
2024/09/03 39.70 41.90 39.49 41.55 9793017 405529120.00
2024/09/04 41.16 42.52 40.70 41.75 7282121 307350752.00
2024/09/05 41.67 42.16 41.25 42.00 4609680 194457232.00
2024/09/06 42.03 43.20 41.30 41.38 7871385 336657056.00
2024/09/09 40.75 41.74 40.46 40.69 5395218 223101872.00
2024/09/10 40.42 41.25 39.95 40.30 3916560 159411856.00
2024/09/11 40.23 41.07 40.00 40.93 3441812 141685840.00
2024/09/12 40.72 41.34 40.47 40.62 3116396 128665400.00
2024/09/13 40.43 40.96 39.80 39.80 2637109 107511392.00
2024/09/18 39.77 40.60 39.36 40.15 2896027 117245336.00
2024/09/19 40.20 41.41 39.81 40.77 4243616 175283552.00
2024/09/20 40.77 40.94 39.36 40.66 4419971 179270112.00
2024/09/23 40.55 42.21 40.35 41.69 5592335 235144096.00
2024/09/24 41.69 42.39 40.39 42.04 7428300 311001664.00
2024/09/25 42.23 42.99 40.93 40.95 10544428 447099936.00
2024/09/26 40.58 44.10 40.21 44.03 10041196 427765728.00
2024/09/27 44.92 46.91 44.84 46.38 8234076 381611744.00
2024/09/30 48.65 50.95 46.43 50.76 16020231 792720640.00
2024/10/08 55.88 55.88 49.42 51.50 23414760 1232163072.00
2024/10/09 50.03 50.03 46.31 47.23 16065824 778550464.00
2024/10/10 47.35 48.64 46.25 46.89 8907990 427028896.00
2024/10/11 46.89 48.42 45.56 47.14 9396551 446469728.00
2024/10/14 47.15 47.31 45.28 46.95 8070099 377185536.00
2024/10/15 46.85 47.18 45.19 45.27 6660988 310777088.00
2024/10/16 44.83 45.84 44.21 44.26 6163545 278902592.00
2024/10/17 44.93 48.05 44.93 46.60 15430097 733397568.00
2024/10/18 46.18 51.31 46.18 50.80 16765935 838397824.00
2024/10/21 51.90 54.10 50.84 52.60 14247716 752273600.00
2024/10/22 52.07 53.06 51.15 51.44 8339521 436605696.00
2024/10/23 51.15 53.04 50.78 52.33 6752536 355097920.00
2024/10/24 51.71 52.16 50.36 50.61 4443905 228810912.00
2024/10/25 50.61 54.26 50.15 53.88 8241846 439609184.00
2024/10/28 54.10 55.84 52.72 55.02 10370299 569143488.00
2024/10/29 54.96 56.91 54.26 56.35 8774982 495771008.00
2024/10/30 52.55 54.53 50.67 51.44 25066032 1317100032.00
2024/10/31 50.80 51.82 49.75 51.80 11417444 587988288.00
2024/11/01 51.55 52.08 49.40 49.44 7728800 392467616.00
2024/11/04 49.53 52.23 49.50 51.30 7815405 404506208.00
2024/11/05 51.37 52.53 49.98 51.77 10666765 553541504.00
2024/11/06 51.77 54.32 51.15 51.94 8402575 446808736.00
2024/11/07 51.61 54.53 51.21 54.16 7679174 414286464.00
2024/11/08 54.44 55.22 52.56 53.05 6906607 371789632.00
2024/11/11 52.55 53.65 51.55 53.59 5623194 300779072.00
2024/11/12 53.34 54.32 50.95 51.40 7737064 409429856.00
2024/11/13 51.27 51.35 49.72 50.58 5712246 290677568.00
2024/11/14 50.60 50.98 48.35 48.65 7451137 371466560.00
2024/11/15 48.11 48.89 46.59 46.79 6768082 323056800.00
2024/11/18 47.01 47.18 45.45 45.84 5373200 250389440.00
2024/11/19 45.90 47.07 45.68 46.82 5505929 257243920.00
2024/11/20 46.82 48.05 46.45 47.93 5149772 246424592.00
2024/11/21 47.55 47.75 46.93 47.30 3415072 163072272.00
2024/11/22 47.31 48.02 46.15 46.40 4997820 236095664.00
2024/11/25 46.45 46.55 45.23 45.76 4015901 185420848.00
2024/11/26 45.58 46.29 45.36 45.79 2290107 106209496.00
2024/11/27 45.61 48.42 45.43 48.42 6360643 304902496.00
2024/11/28 48.55 48.55 47.30 47.65 3529875 170069728.00
2024/11/29 47.31 51.55 47.31 50.85 9692078 485270016.00
2024/12/02 50.75 52.15 50.53 52.06 6753731 350613024.00
2024/12/03 52.05 52.85 51.32 51.50 6368940 334267840.00
2024/12/04 51.31 51.75 49.56 49.94 6501100 330935712.00
2024/12/05 49.65 50.21 49.25 49.59 4068257 203672096.00
2024/12/06 49.59 51.50 49.07 50.41 6205137 314204288.00
2024/12/09 50.13 50.75 48.61 49.01 7121683 354036352.00
2024/12/10 50.85 51.73 49.70 51.02 9554635 489587936.00
2024/12/11 51.03 52.55 50.57 52.14 7603492 396668832.00
2024/12/12 51.78 52.24 51.24 51.80 4044650 211204224.00
2024/12/13 51.80 51.82 50.36 50.52 5163500 266097104.00
2024/12/16 50.52 50.95 49.10 49.68 3921769 196269536.00
2024/12/17 49.35 49.95 48.63 49.09 3893296 193345248.00
2024/12/18 49.01 50.35 48.58 49.80 3860944 192347264.00
2024/12/19 49.05 50.51 48.89 50.28 3041491 153298352.00
2024/12/20 50.17 51.42 50.05 50.31 3836233 196662656.00
2024/12/23 50.31 50.86 49.23 49.44 3440522 172876592.00
2024/12/24 49.44 50.43 49.35 49.95 2207274 111276336.00
2024/12/25 50.00 50.05 47.73 48.24 5112758 249770384.00
2024/12/26 48.14 49.15 48.05 48.78 2721000 133565960.00
2024/12/27 48.81 49.62 48.08 48.28 3393352 166951360.00
2024/12/30 48.18 50.15 48.17 48.54 4353500 215396928.00
2024/12/31 48.87 49.15 46.55 46.55 5016709 239551248.00
2025/01/02 46.55 47.77 45.38 45.80 4646510 218229792.00
2025/01/03 45.96 46.51 45.05 45.16 4095558 189090832.00
2025/01/06 45.08 45.55 44.56 45.16 3494383 159085184.00
2025/01/07 45.23 48.75 45.23 46.87 5507893 261893760.00
2025/01/08 46.67 48.25 45.95 47.29 4974582 236557408.00
2025/01/09 46.90 47.00 45.21 45.49 7216700 333459680.00
2025/01/10 45.48 45.75 44.05 44.05 3509200 159158624.00
2025/01/13 43.45 44.04 42.78 43.39 4906653 214724976.00
2025/01/14 43.47 44.89 42.88 44.73 7292400 322960992.00
2025/01/15 44.74 44.91 43.48 43.58 5117844 226869776.00
2025/01/16 43.60 45.05 43.60 44.40 5446401 244457872.00
2025/01/17 44.44 45.01 43.60 44.77 4901880 219825568.00
2025/01/20 44.95 48.55 44.95 46.49 15241845 727039744.00
2025/01/21 46.55 47.70 45.82 47.11 12045880 567923264.00
2025/01/22 47.02 47.02 45.22 46.16 6727672 312214400.00
2025/01/23 46.33 46.85 44.03 44.04 10802440 492533504.00
2025/01/24 43.76 44.13 42.47 42.75 11105383 482332672.00
2025/01/27 43.06 43.51 42.20 42.26 6848331 296284544.00
2025/02/05 42.57 43.84 42.00 43.68 8139590 353756896.00
2025/02/06 43.46 48.09 43.33 48.09 16115871 760195456.00
2025/02/07 49.55 50.96 48.91 49.69 24041364 1212083584.00
2025/02/10 50.05 50.05 48.55 49.02 10064154 497136768.00
2025/02/11 49.55 50.05 48.73 49.30 9966541 496583360.00
2025/02/12 49.46 53.67 49.46 52.75 18016044 953850624.00
2025/02/13 52.23 53.73 51.55 51.63 14708334 779196544.00
2025/02/14 51.18 54.29 50.74 53.33 12913062 687207680.00
2025/02/17 53.33 54.55 52.83 53.37 10216834 551954432.00
2025/02/18 53.25 53.49 51.92 52.33 7679169 407736288.00
2025/02/19 52.06 55.48 51.75 55.21 12145618 667966272.00
2025/02/20 55.28 57.55 55.05 56.72 12632071 719225216.00
2025/02/21 57.10 61.55 56.91 60.57 14297089 856340544.00
2025/02/24 61.35 62.25 59.05 61.10 11007657 676347584.00
2025/02/25 59.55 61.15 58.90 59.93 7533990 454074592.00
2025/02/26 59.55 62.04 59.23 60.43 8240194 502698496.00
2025/02/27 60.52 60.74 58.69 59.45 6308797 376720544.00
2025/02/28 59.40 60.05 57.36 57.86 8435780 495987936.00
2025/03/03 58.05 58.65 56.43 57.45 6975186 404075296.00
2025/03/04 57.11 58.05 56.55 57.55 4126740 239427040.00
2025/03/05 57.55 58.31 57.25 57.83 4525788 263262848.00
2025/03/06 57.83 59.04 57.42 57.59 6482073 379140320.00
2025/03/07 57.05 57.42 55.98 56.39 6102276 348066624.00
2025/03/10 56.39 58.45 56.15 58.17 6780257 392818464.00
2025/03/11 57.61 58.81 57.25 58.69 7106650 415313504.00
2025/03/12 59.65 61.53 58.75 58.80 8392758 507109376.00
2025/03/13 59.97 63.03 59.50 60.55 9991218 618869568.00
2025/03/14 60.05 60.81 58.80 60.70 7113746 429153568.00
2025/03/17 61.35 61.85 59.13 59.97 5588225 338432064.00
2025/03/18 59.99 65.70 59.85 64.82 10703021 679798528.00
2025/03/19 64.04 65.90 63.36 64.58 6578794 427630080.00
2025/03/20 64.45 65.41 63.15 63.51 4735622 305608608.00
2025/03/21 63.50 67.94 63.20 64.66 9979271 663286016.00
2025/03/24 64.26 65.28 62.13 63.35 6501298 415460352.00
2025/03/25 63.35 64.39 62.36 62.93 4401114 280128672.00
2025/03/26 62.56 62.93 61.21 61.46 4410816 274484640.00
2025/03/27 61.23 62.36 61.13 61.75 2502320 155740080.00
2025/03/28 61.70 63.77 61.46 61.55 3195700 200302592.00
2025/03/31 61.55 61.98 60.56 61.05 3649819 224467216.00
2025/04/01 61.30 61.37 58.54 58.67 5845119 349655776.00
2025/04/02 58.56 59.02 58.03 58.51 4071237 239843632.00
2025/04/03 57.93 57.93 54.10 54.26 8019452 447803232.00
2025/04/07 49.90 50.55 48.79 48.79 3237600 160861760.00
2025/04/08 46.43 48.50 44.22 45.77 11874919 546652928.00
2025/04/09 44.52 45.76 41.85 45.53 13621149 609316288.00
2025/04/10 47.38 47.95 45.78 46.65 14065374 665541376.00
2025/04/11 46.15 49.51 44.95 49.51 14506760 690069248.00
2025/04/14 49.70 49.75 47.98 48.04 10191800 502134368.00
2025/04/15 48.04 48.40 47.32 47.65 5063039 243858976.00
2025/04/16 47.30 47.47 45.76 46.92 5123201 240955456.00
2025/04/17 46.64 47.75 46.55 46.87 4345027 207575904.00
2025/04/18 46.74 47.21 46.28 46.89 2494412 117720824.00
2025/04/21 46.82 49.76 46.35 49.34 6762305 330154368.00
2025/04/22 49.33 49.95 48.88 49.62 5970629 298377440.00
2025/04/23 50.02 53.05 50.02 51.78 8716850 456776672.00
2025/04/24 51.85 53.72 51.15 52.15 6619978 350038368.00
2025/04/25 52.45 52.96 51.75 52.73 4255314 225307168.00
2025/04/28 53.25 53.35 48.65 49.23 13594522 683443968.00
2025/04/29 48.76 49.93 48.38 49.45 7044723 350934656.00
2025/04/30 49.65 51.75 49.38 51.05 8335870 424573856.00
2025/05/06 51.44 53.05 50.79 52.47 7553005 396840384.00
2025/05/07 53.46 53.99 52.30 53.33 5773259 308633792.00
2025/05/08 53.33 53.96 52.75 53.36 4204949 226542288.00
2025/05/09 53.85 54.60 52.90 53.58 6042952 327358208.00
2025/05/12 54.75 55.23 53.88 54.63 7300817 401639200.00
2025/05/13 55.52 55.85 54.35 54.78 7571450 421983264.00
2025/05/14 54.76 56.05 54.26 55.36 5069650 283006752.00
2025/05/15 55.21 55.21 53.57 54.00 4547677 248709440.00
2025/05/16 54.00 58.03 53.61 55.76 7543663 422349856.00
2025/05/19 55.52 57.41 54.47 56.97 7906041 448477248.00
2025/05/20 56.94 59.99 56.23 58.45 6597079 387821664.00
2025/05/21 57.77 59.03 56.97 57.46 4001662 232182384.00
2025/05/22 57.19 57.73 56.29 56.57 4338850 248388192.00
2025/05/23 56.60 58.70 56.55 56.91 4771427 276812576.00
2025/05/26 56.55 56.88 54.22 54.73 7297746 404471136.00
2025/05/27 54.57 54.85 53.05 53.22 5064445 273623328.00
2025/05/28 53.45 54.05 53.02 53.13 4344912 234217152.00
2025/05/29 53.40 54.43 53.25 53.47 5600265 304177472.00
2025/05/30 53.43 53.94 52.28 53.26 4674820 250542672.00
2025/06/03 53.24 55.00 52.83 54.08 5639048 308647200.00
2025/06/04 54.21 54.55 53.57 54.10 3806967 207696688.00
2025/06/05 53.97 54.06 52.57 53.32 5609914 301015872.00
2025/06/06 53.35 53.41 52.76 53.03 3574662 189506032.00
2025/06/09 53.20 53.63 52.84 53.22 3437417 183109792.00
2025/06/10 53.21 53.49 52.05 52.54 3992300 210762624.00
2025/06/11 52.56 53.49 52.44 52.60 3466226 183145056.00
2025/06/12 52.34 53.31 52.05 52.88 3241997 171343936.00
2025/06/13 52.50 53.50 52.32 52.65 4568778 242127040.00
2025/06/16 52.41 53.92 52.11 53.70 4409561 234566304.00
2025/06/17 53.70 55.35 53.30 54.11 5356345 291040320.00
2025/06/18 53.93 54.10 53.07 53.55 3248000 174180256.00
2025/06/19 53.53 54.55 53.21 54.11 4519530 244025184.00
2025/06/20 53.95 54.78 53.75 53.88 2926518 158602512.00
2025/06/23 53.22 53.68 51.34 52.47 5457660 285731488.00
2025/06/24 52.10 54.17 52.10 54.16 5592498 298524672.00
2025/06/25 54.50 55.79 54.50 55.50 5595418 308909920.00
2025/06/26 55.83 56.44 54.55 54.82 4372300 241619568.00
2025/06/27 55.04 55.65 54.44 54.73 3375884 185617536.00
2025/06/30 54.98 58.30 54.50 58.23 10356562 592356288.00
2025/07/01 58.13 59.18 57.51 57.77 6627977 386410304.00
2025/07/02 57.16 58.26 56.72 56.78 4865600 279691904.00
2025/07/03 57.00 58.18 56.55 56.75 4470420 255060608.00
2025/07/04 56.72 57.47 56.33 56.88 4162480 237274912.00
2025/07/07 56.58 56.75 56.00 56.08 2834099 159656336.00
2025/07/08 55.98 56.46 55.72 56.12 4265797 239168656.00
2025/07/09 56.42 58.43 55.00 58.20 11045363 628436864.00
2025/07/10 57.71 58.07 56.42 57.90 7112305 406805408.00
2025/07/11 57.60 59.29 57.58 58.21 6160614 359136704.00
2025/07/14 61.00 64.03 60.80 64.03 9668112 607628544.00
2025/07/15 65.20 70.43 64.70 70.43 26834904 1825739008.00
2025/07/16 70.61 71.50 68.36 69.72 17325052 1203964032.00
2025/07/17 70.09 71.90 69.70 70.40 10890851 767146944.00
2025/07/18 70.87 71.14 69.40 70.35 9061600 636036864.00
2025/07/21 71.03 71.31 67.00 67.88 14094911 960006208.00
2025/07/22 67.88 68.50 66.88 68.00 8865848 599808640.00
2025/07/23 67.72 69.30 67.54 69.00 9346469 642597824.00
2025/07/24 69.08 69.43 68.03 68.58 5847382 400764736.00
2025/07/25 68.55 70.98 68.01 70.84 9826491 685454464.00
2025/07/28 70.36 72.65 70.15 72.10 9698421 693166400.00
2025/07/29 72.00 77.19 71.26 76.69 13127580 986381824.00
2025/07/30 76.50 79.50 76.01 78.32 10584082 823651136.00
2025/07/31 78.20 82.89 76.56 79.61 12252568 978067136.00
2025/08/01 79.15 82.77 77.72 78.68 10681702 848885568.00
2025/08/04 77.72 82.56 77.12 82.18 10606672 859094912.00
2025/08/05 82.97 89.94 82.00 87.70 11841592 1022008384.00
2025/08/06 86.80 89.48 84.50 88.95 8172699 713859968.00
2025/08/07 88.92 88.95 86.00 86.94 8779418 764779648.00
2025/08/08 86.10 88.26 85.00 87.12 7349161 636834304.00
2025/08/11 86.95 91.54 86.40 90.27 7496525 675857152.00
2025/08/12 90.30 90.99 86.75 88.79 7652671 677566208.00
2025/08/13 88.47 89.68 87.59 89.41 6947989 616008640.00
2025/08/14 89.10 91.52 88.53 89.00 7873198 708555648.00
2025/08/15 89.48 93.34 89.00 91.60 7881358 722083264.00
2025/08/18 93.05 94.94 90.98 91.81 10115493 938335616.00
2025/08/19 91.55 91.82 88.01 89.20 8731610 781330944.00
2025/08/20 89.20 91.32 88.00 91.30 6188461 556294400.00
2025/08/21 91.01 92.19 90.33 91.44 5283706 482126528.00
2025/08/22 91.55 92.20 89.62 90.99 6119771 553946368.00
2025/08/25 91.09 97.90 90.04 96.30 11392045 1066772992.00
2025/08/26 96.00 98.37 93.51 96.45 7967026 766467456.00
2025/08/27 95.54 100.90 94.56 94.67 8669044 851515008.00
2025/08/28 94.10 95.80 91.80 93.45 8900576 832226752.00
2025/08/29 93.18 97.38 92.66 96.89 6740913 645863552.00
2025/09/01 96.89 98.55 92.18 93.00 9793503 932142848.00
2025/09/02 92.80 97.45 92.71 96.29 9534070 908910784.00
2025/09/03 96.80 99.64 96.00 96.45 6474522 632254912.00
2025/09/04 96.20 96.96 87.67 89.37 10702255 971529792.00
2025/09/05 88.72 93.00 88.72 92.86 6114905 557951168.00
2025/09/08 93.50 98.74 93.50 98.30 8170476 789757568.00
2025/09/09 98.37 98.90 95.70 97.16 4642308 450107808.00
2025/09/10 96.37 98.81 95.60 96.83 4141976 401852672.00
2025/09/11 96.83 100.45 94.86 100.45 5625867 552902912.00
2025/09/12 101.50 101.55 97.43 97.43 5285143 522986208.00
2025/09/15 96.49 97.50 94.83 96.14 5209017 499155488.00
2025/09/16 96.14 98.11 95.01 98.11 4466348 432293952.00
2025/09/17 97.60 106.60 97.51 105.00 8172632 850468288.00
2025/09/18 105.01 111.69 104.44 105.96 9870432 1062247104.00
2025/09/19 106.10 108.68 104.27 105.00 5440400 576951360.00
2025/09/22 104.90 106.37 101.88 104.85 5131322 532519040.00
2025/09/23 105.50 108.06 103.86 105.58 5092351 537678336.00
2025/09/24 103.00 106.58 100.51 104.08 5641314 587178112.00
2025/09/25 104.08 107.85 103.97 106.00 4550429 481494624.00
2025/09/26 105.00 108.17 104.61 106.45 4151006 441142016.00
2025/09/29 106.45 110.70 103.60 105.06 6424080 683200128.00
2025/09/30 104.28 107.53 103.00 107.50 5147055 543537536.00
2025/10/09 105.06 105.70 97.20 102.45 9181536 926518784.00
2025/10/10 101.03 105.65 101.03 102.90 5256288 545097024.00
2025/10/13 96.72 99.98 96.56 97.49 5142909 505148800.00
2025/10/14 98.00 100.00 95.70 96.12 4374997 427190912.00
2025/10/15 95.98 97.95 94.38 96.18 4626445 443372512.00
2025/10/16 96.02 96.43 94.29 94.48 3207326 305010688.00
2025/10/17 94.04 94.47 90.50 90.75 4674663 430624864.00
2025/10/20 91.75 92.28 88.58 89.60 6244533 563000000.00
2025/10/21 90.18 93.20 89.46 90.78 4857980 441432384.00
2025/10/22 90.55 92.41 89.86 91.58 3211709 293346240.00
2025/10/23 91.42 92.10 89.38 90.45 4568550 412954528.00
2025/10/24 91.05 93.15 90.46 91.16 5562985 510833248.00
2025/10/27 95.90 97.81 92.95 93.85 9170981 872647104.00
2025/10/28 94.01 94.65 92.30 92.56 4732787 441187488.00
2025/10/29 92.52 94.35 92.36 94.32 3946051 368387648.00
2025/10/30 94.17 94.66 90.30 90.40 6532355 598338176.00
2025/10/31 89.96 91.38 89.30 89.40 4424391 399490944.00
2025/11/03 89.40 89.96 86.59 88.00 5702112 499837056.00
2025/11/04 87.90 87.90 85.20 85.78 4339707 374781312.00
2025/11/05 84.77 86.03 83.76 85.50 4411028 374286880.00
2025/11/06 85.53 86.73 85.20 86.52 3608811 311131520.00
2025/11/07 85.38 85.56 82.50 82.57 6930093 579620992.00
2025/11/10 82.41 84.20 82.41 83.56 4282189 356722016.00
2025/11/11 83.89 84.68 81.81 82.33 4175649 344422944.00
2025/11/12 81.85 82.71 81.44 81.80 2931141 240641776.00
2025/11/13 81.62 82.42 81.17 82.33 3293950 270010368.00
2025/11/14 81.51 82.75 81.10 81.32 2553962 209143520.00
2025/11/17 81.00 81.45 79.86 80.50 3381196 272483424.00
2025/11/18 80.63 81.15 79.91 80.36 2451264 197277696.00
2025/11/19 80.53 80.99 79.66 79.92 2545132 204139584.00
2025/11/20 80.36 81.35 79.83 80.88 3300542 266357792.00
2025/11/21 80.03 80.40 77.70 78.29 4772745 375977088.00
2025/11/24 78.90 79.48 77.72 78.20 3762166 295145728.00
2025/11/25 78.49 80.15 78.08 79.00 3568468 282950880.00
2025/11/26 78.95 79.44 78.51 79.24 2930558 231392240.00
2025/11/27 79.30 81.13 79.24 79.77 3849328 308938688.00
2025/11/28 79.09 79.36 77.80 78.58 3390350 265691712.00
2025/12/01 77.01 78.74 76.06 78.74 5901100 458326848.00
2025/12/02 78.68 78.73 77.05 77.93 3839546 298743040.00
2025/12/03 77.90 83.31 77.90 81.51 9527078 777006400.00
2025/12/04 83.00 83.38 79.01 79.88 7968850 637794944.00
2025/12/05 79.66 79.85 78.01 79.60 4723942 373345408.00
2025/12/08 79.70 81.43 78.26 80.87 5727379 458103648.00
2025/12/09 80.59 80.90 78.28 78.39 5299625 419885344.00
2025/12/10 78.41 79.90 77.70 79.40 4772055 377488480.00
2025/12/11 79.40 80.34 77.10 77.12 4426977 346548512.00
2025/12/12 77.25 79.79 76.69 79.60 7156866 562699968.00
2025/12/15 79.07 80.55 78.55 79.60 4887809 389509536.00
2025/12/16 79.63 82.41 79.50 81.74 6927015 564994688.00
2025/12/17 81.81 81.94 77.71 80.50 9095931 719848384.00
2025/12/18 79.68 80.07 77.80 77.82 5419712 425904544.00
2025/12/19 77.82 80.65 77.58 79.40 6095613 486229984.00
2025/12/22 80.17 80.20 78.40 79.00 5155759 407620928.00
2025/12/23 79.02 80.83 78.21 78.51 4339149 342384992.00
2025/12/24 78.21 79.87 78.17 79.32 4276707 339134400.00
2025/12/25 79.69 81.15 79.51 80.98 5805845 467217024.00
2025/12/26 81.10 81.50 80.09 80.40 4282522 345271456.00
2025/12/29 80.78 82.05 79.71 79.93 5383729 434129312.00
2025/12/30 79.79 81.88 79.20 81.41 6285233 508768928.00
2025/12/31 81.95 82.30 80.68 80.68 5927928 481773088.00
2026/01/05 80.70 83.36 80.28 82.74 6782466 559801088.00
2026/01/06 82.85 83.74 82.30 83.58 6547839 543637696.00
2026/01/07 83.59 84.31 81.02 81.08 8665610 711688832.00
2026/01/08 81.10 83.00 80.50 82.40 6399674 525428640.00
2026/01/09 82.60 83.73 81.70 83.48 6825388 566574016.00
2026/01/12 84.00 86.31 82.10 85.86 9457021 798530304.00
2026/01/13 86.00 86.49 82.68 83.41 7657140 646010752.00
2026/01/14 83.39 85.55 82.75 83.67 7731553 649747136.00
2026/01/15 83.21 83.55 81.77 82.10 5477030 451485984.00
2026/01/16 82.06 85.49 81.89 83.85 7187070 601091072.00
2026/01/19 84.50 84.88 83.03 83.59 4806250 402881856.00
2026/01/20 83.52 84.38 82.11 82.56 4939729 409779584.00
2026/01/21 82.19 83.80 80.84 83.39 4929254 408529152.00
2026/01/22 83.20 86.23 82.11 82.42 5199726 434699872.00
2026/01/23 82.40 83.19 81.80 82.87 4595866 378612256.00
2026/01/26 82.76 83.65 78.08 78.18 9366287 749900992.00
2026/01/27 78.18 78.54 76.10 76.67 6841871 525862112.00
2026/01/28 76.50 76.86 73.88 74.17 8461706 631387520.00
2026/01/29 73.83 75.45 73.16 74.40 4860106 362011872.00
2026/01/30 74.15 74.59 71.71 71.82 6774549 491336544.00
2026/02/02 72.00 73.64 71.24 71.42 7055733 509617632.00
2026/02/03 72.03 72.45 69.44 71.87 7724662 545791744.00
2026/02/04 71.30 71.73 69.98 71.56 6016531 425050464.00
2026/02/05 71.88 72.76 71.32 71.69 6418781 461684160.00
2026/02/06 70.95 71.84 70.40 71.02 4178562 297763648.00
2026/02/09 71.91 72.13 71.33 71.70 4176341 299451392.00
2026/02/10 71.70 72.38 71.28 71.86 3824784 274699456.00
2026/02/11 71.89 73.20 71.42 71.68 4999320 360676352.00
2026/02/12 71.90 72.00 71.12 71.26 3372675 241214176.00
2026/02/13 71.30 71.88 70.86 70.86 3399151 242666192.00
2026/02/24 72.00 74.00 71.60 73.16 7542688 552945024.00
2026/02/25 73.15 73.40 72.07 72.40 5371866 390485408.00
#Ъ§ОнРДдД:ЭЈДяаХ
