603848 КУЬЋЬЋ ШеЯп ЧАИДШЈ
      ШеЦк	    ПЊХЬ	    зюИп	    зюЕЭ	    ЪеХЬ	    ГЩНЛСП	    ГЩНЛЖю
2021/08/02 11.60 11.99 11.41 11.95 4152343 52667312.00
2021/08/03 11.95 12.00 11.68 11.82 1425083 18275748.00
2021/08/04 11.82 11.92 11.64 11.77 1032800 13090215.00
2021/08/05 11.71 11.95 11.38 11.44 1619900 20300184.00
2021/08/06 11.45 11.45 11.10 11.17 1263600 15391154.00
2021/08/09 11.15 11.47 11.10 11.46 845300 10369385.00
2021/08/10 11.33 11.78 11.30 11.74 1274000 16033049.00
2021/08/11 11.74 11.96 11.66 11.76 1435544 18293056.00
2021/08/12 11.81 12.00 11.72 11.83 1319600 16905300.00
2021/08/13 11.83 11.95 11.70 11.75 764300 9747360.00
2021/08/16 11.75 11.82 11.61 11.75 912100 11560344.00
2021/08/17 11.74 11.82 11.32 11.34 939800 11774085.00
2021/08/18 11.30 11.93 11.30 11.88 1674800 21112458.00
2021/08/19 11.95 12.06 11.69 11.94 1073883 13735638.00
2021/08/20 12.01 12.21 11.77 12.00 2157801 27872492.00
2021/08/23 12.15 12.85 12.13 12.82 3888445 52821324.00
2021/08/24 12.82 13.12 12.37 12.48 2562657 34701316.00
2021/08/25 12.48 12.83 12.40 12.46 1847457 25032118.00
2021/08/26 12.43 12.85 12.29 12.60 1924434 26042806.00
2021/08/27 12.43 12.54 12.20 12.32 1681800 22287464.00
2021/08/30 12.41 12.41 12.12 12.23 1219957 16089586.00
2021/08/31 12.05 12.35 11.84 12.24 1700200 22090520.00
2021/09/01 12.31 12.70 11.97 12.43 1894400 25186822.00
2021/09/02 12.29 12.44 12.13 12.31 1119000 14753914.00
2021/09/03 12.37 12.60 12.33 12.48 1162200 15591302.00
2021/09/06 12.49 12.80 12.40 12.72 1753388 23827232.00
2021/09/07 12.71 12.71 12.43 12.55 1200200 16141755.00
2021/09/08 12.45 12.66 12.41 12.56 900900 12158991.00
2021/09/09 12.56 12.56 12.21 12.28 1740383 23141586.00
2021/09/10 12.31 12.43 12.01 12.14 1650300 21652864.00
2021/09/13 12.14 12.35 11.99 12.25 988500 12990488.00
2021/09/14 12.25 12.44 12.07 12.11 890200 11759491.00
2021/09/15 12.11 12.11 11.95 11.98 767122 9941372.00
2021/09/16 11.98 12.22 11.92 11.93 803400 10429071.00
2021/09/17 11.90 12.02 11.80 11.91 707152 9066856.00
2021/09/22 11.80 11.90 11.68 11.81 704100 8963485.00
2021/09/23 11.81 12.14 11.81 11.89 690252 8895709.00
2021/09/24 11.92 11.92 11.58 11.62 770300 9766036.00
2021/09/27 11.62 11.73 11.36 11.62 883200 11034594.00
2021/09/28 11.62 11.68 11.46 11.50 358016 4464902.00
2021/09/29 11.50 11.50 11.03 11.03 900200 10927147.00
2021/09/30 11.03 11.38 11.03 11.31 679776 8235889.00
2021/10/08 11.37 11.59 11.16 11.48 587000 7265876.00
2021/10/11 11.56 11.70 11.49 11.60 482068 6061748.00
2021/10/12 11.60 11.70 11.33 11.57 541040 6740366.00
2021/10/13 11.64 11.64 11.37 11.57 605872 7540903.00
2021/10/14 11.63 11.68 11.50 11.60 434800 5455569.00
2021/10/15 11.60 11.66 11.47 11.51 535600 6685755.00
2021/10/18 11.57 11.66 11.27 11.65 565948 7041058.00
2021/10/19 11.61 11.86 11.52 11.79 794900 10083045.00
2021/10/20 11.80 11.80 11.52 11.65 471435 5929671.00
2021/10/21 11.60 11.60 11.28 11.32 554700 6862576.00
2021/10/22 11.38 11.55 11.30 11.32 513000 6332877.00
2021/10/25 11.28 11.40 11.09 11.40 473000 5796152.00
2021/10/26 11.44 11.44 11.10 11.13 648900 7877192.00
2021/10/27 11.18 11.18 10.61 10.72 993400 11645768.00
2021/10/28 10.92 11.23 10.67 10.69 1213900 14345116.00
2021/10/29 10.68 11.12 10.58 11.05 730400 8678311.00
2021/11/01 11.12 12.23 11.04 11.90 3197157 40684268.00
2021/11/02 11.96 11.97 11.66 11.73 1255800 15978829.00
2021/11/03 11.85 12.12 11.78 11.93 1248667 16129497.00
2021/11/04 11.93 12.40 11.78 12.32 2070800 27370286.00
2021/11/05 12.31 12.40 12.03 12.26 1274500 16829646.00
2021/11/08 12.22 12.52 12.22 12.34 1325900 17660358.00
2021/11/09 12.32 12.60 12.31 12.45 1519157 20401860.00
2021/11/10 12.35 12.81 12.35 12.51 3313801 45045856.00
2021/11/11 12.47 12.90 12.44 12.70 2646938 36214360.00
2021/11/12 12.70 12.70 12.41 12.58 959200 12960280.00
2021/11/15 12.57 13.12 12.55 12.91 3933700 54716888.00
2021/11/16 12.83 13.09 12.65 12.84 1343600 18575120.00
2021/11/17 12.77 12.90 12.47 12.63 1646200 22327268.00
2021/11/18 12.59 13.99 12.51 13.99 5636844 81371816.00
2021/11/19 14.25 14.35 13.20 13.31 5949098 86163120.00
2021/11/22 13.31 13.32 12.55 12.70 6548588 89413016.00
2021/11/23 12.67 12.88 12.60 12.65 3820700 52176856.00
2021/11/24 12.65 12.70 12.19 12.34 3927012 52093488.00
2021/11/25 12.33 12.39 12.09 12.16 3029450 39860792.00
2021/11/26 12.13 12.26 11.94 12.16 2899812 37902340.00
2021/11/29 11.98 12.01 11.62 11.68 3187681 40378444.00
2021/11/30 11.66 11.85 11.55 11.62 2780530 35159288.00
2021/12/01 11.58 11.82 11.47 11.76 2132571 26936850.00
2021/12/02 11.73 11.79 11.59 11.70 1911700 24156400.00
2021/12/03 11.77 11.88 11.66 11.81 1859200 23670264.00
2021/12/06 11.80 11.89 11.66 11.71 2287812 29021604.00
2021/12/07 11.75 11.98 11.72 11.98 3012177 38649900.00
2021/12/08 12.00 12.05 11.84 11.95 1705059 21953356.00
2021/12/09 12.07 12.57 12.07 12.51 4102410 54585864.00
2021/12/10 12.55 12.57 12.27 12.51 3054700 40690488.00
2021/12/13 12.50 12.83 12.44 12.51 2694469 36442400.00
2021/12/14 12.51 12.70 12.46 12.57 1972800 26668526.00
2021/12/15 12.62 12.69 12.45 12.54 1854100 25067824.00
2021/12/16 12.53 12.72 12.49 12.64 1878257 25470942.00
2021/12/17 12.64 12.73 12.15 12.15 2935175 38903308.00
2021/12/20 12.23 12.44 12.11 12.11 2244151 29692148.00
2021/12/21 12.16 12.71 12.15 12.71 2676151 36183016.00
2021/12/22 12.73 12.79 12.57 12.76 1743010 23793532.00
2021/12/23 12.77 12.81 12.45 12.55 1544900 20897400.00
2021/12/24 12.58 12.63 12.24 12.29 1396100 18563434.00
2021/12/27 12.35 12.72 12.32 12.70 1804300 24446852.00
2021/12/28 12.65 12.82 12.53 12.73 1473838 20023996.00
2021/12/29 12.60 12.85 12.50 12.77 1754100 23938370.00
2021/12/30 12.75 13.01 12.68 12.82 1647010 22663998.00
2021/12/31 12.78 12.91 12.63 12.90 2032500 27836676.00
2022/01/04 12.91 13.26 12.87 13.22 2645000 37155112.00
2022/01/05 13.26 13.36 12.98 13.23 2419500 34200500.00
2022/01/06 13.19 13.49 13.06 13.40 2505600 35648932.00
2022/01/07 13.47 13.85 13.22 13.29 2880600 41599672.00
2022/01/10 13.23 14.29 13.17 14.13 4964200 73566432.00
2022/01/11 14.10 14.28 13.76 13.84 3056600 45602408.00
2022/01/12 13.85 14.19 13.66 14.04 2095300 31360704.00
2022/01/13 14.19 14.31 13.93 14.03 2490900 37506712.00
2022/01/14 14.09 14.93 13.91 14.13 4421900 67618616.00
2022/01/17 14.13 15.02 14.06 14.84 4301767 67371960.00
2022/01/18 14.84 15.19 14.45 14.54 2868700 45204104.00
2022/01/19 14.41 14.88 14.41 14.54 1370751 21325438.00
2022/01/20 14.52 14.57 13.86 13.92 2618289 39480816.00
2022/01/21 14.06 14.06 13.44 13.47 1465300 21353808.00
2022/01/24 13.51 13.61 13.23 13.41 1495684 21471232.00
2022/01/25 13.37 13.53 13.10 13.10 1744300 24775484.00
2022/01/26 13.15 13.74 13.11 13.51 1945050 27922020.00
2022/01/27 13.60 13.76 13.34 13.51 2238300 32460916.00
2022/01/28 13.56 13.84 13.00 13.62 2469000 35694632.00
2022/02/07 13.82 13.83 13.18 13.31 2183400 31331668.00
2022/02/08 13.40 13.54 13.19 13.53 1267300 18176640.00
2022/02/09 13.71 14.13 13.46 13.67 2734751 40097516.00
2022/02/10 13.68 13.75 13.38 13.55 1345900 19488704.00
2022/02/11 13.70 13.70 13.21 13.39 1563300 22449568.00
2022/02/14 13.17 13.42 13.17 13.30 1028400 14653618.00
2022/02/15 13.25 13.45 13.23 13.38 912100 13001882.00
2022/02/16 13.50 13.50 13.28 13.40 910800 13066914.00
2022/02/17 13.43 13.65 13.25 13.36 1353500 19477424.00
2022/02/18 13.26 14.25 13.26 14.03 3392900 50392232.00
2022/02/21 14.09 15.53 14.03 15.53 5281206 84446560.00
2022/02/22 15.33 16.04 15.25 15.67 5361198 88789864.00
2022/02/23 15.82 15.82 14.46 14.56 6475700 102945000.00
2022/02/24 14.66 14.66 13.74 13.93 4252686 64228456.00
2022/02/25 13.97 14.67 13.97 14.33 2769000 42436008.00
2022/02/28 14.33 14.44 13.85 14.02 1911211 28595862.00
2022/03/01 14.17 14.27 13.98 14.17 1402000 21123810.00
2022/03/02 14.15 14.25 13.87 14.25 1233286 18539790.00
2022/03/03 14.23 14.27 13.95 14.14 1176400 17649364.00
2022/03/04 13.93 14.09 13.71 13.75 1414400 20957338.00
2022/03/07 13.65 14.13 13.56 13.81 1580200 23368324.00
2022/03/08 13.93 14.05 13.05 13.05 1851700 26514836.00
2022/03/09 13.08 13.33 12.25 12.74 2207500 30313946.00
2022/03/10 12.84 13.14 12.63 12.73 1498300 20744568.00
2022/03/11 12.55 13.00 12.33 12.69 1194200 16112500.00
2022/03/14 12.39 12.67 12.15 12.26 1901447 25299680.00
2022/03/15 12.79 12.79 11.22 11.22 2288165 28883440.00
2022/03/16 11.17 11.65 10.86 11.64 2515800 30730870.00
2022/03/17 11.73 12.00 11.55 11.70 2036000 25892652.00
2022/03/18 11.74 12.28 11.57 12.17 2143100 27803192.00
2022/03/21 12.29 12.65 11.96 12.41 1327500 17647074.00
2022/03/22 12.49 12.78 12.17 12.51 1158400 15542836.00
2022/03/23 12.51 12.75 12.29 12.45 1237800 16590403.00
2022/03/24 12.45 12.45 12.14 12.16 1185000 15627346.00
2022/03/25 12.27 12.62 12.17 12.23 1086400 14495295.00
2022/03/28 12.45 12.53 11.98 12.34 1444300 19120244.00
2022/03/29 12.58 12.59 12.16 12.21 822300 10874066.00
2022/03/30 12.32 12.70 12.17 12.64 1486200 19981586.00
2022/03/31 12.83 12.83 12.40 12.48 846500 11386771.00
2022/04/01 12.50 12.67 12.27 12.55 865900 11629220.00
2022/04/06 12.64 12.99 12.48 12.83 1714700 23553228.00
2022/04/07 12.90 13.30 12.73 12.74 1837099 25575436.00
2022/04/08 12.79 13.01 12.66 12.72 908765 12496039.00
2022/04/11 12.70 12.70 11.84 12.08 1946600 25738540.00
2022/04/12 12.15 12.15 11.74 12.10 1693900 21895942.00
2022/04/13 12.05 12.13 11.75 12.09 1013200 13121807.00
2022/04/14 12.17 12.32 12.03 12.22 1070500 14067193.00
2022/04/15 12.18 12.18 11.83 12.08 931550 12050228.00
2022/04/18 11.98 12.31 11.77 12.04 1016200 13168303.00
2022/04/19 12.06 12.12 11.86 12.09 723100 9356803.00
2022/04/20 12.16 12.85 12.09 12.40 1849200 24775582.00
2022/04/21 12.28 12.45 11.08 11.15 3307800 41621712.00
2022/04/22 11.13 11.36 10.90 11.26 1776843 21483908.00
2022/04/25 11.02 11.19 10.18 10.34 2546300 29358060.00
2022/04/26 10.15 10.34 9.76 10.18 2150300 23721352.00
2022/04/27 10.14 10.14 9.45 10.03 2054343 22088412.00
2022/04/28 9.95 10.22 9.83 10.06 1275000 14039726.00
2022/04/29 10.07 10.45 10.07 10.37 1378200 15508758.00
2022/05/05 10.36 10.75 10.25 10.72 1389466 15964460.00
2022/05/06 10.54 10.85 10.27 10.68 938972 10875140.00
2022/05/09 10.53 10.83 10.39 10.48 1192300 13752539.00
2022/05/10 10.35 10.63 10.28 10.55 975583 11145326.00
2022/05/11 10.60 10.81 10.56 10.62 1987800 23092628.00
2022/05/12 10.60 10.85 10.56 10.78 1356500 15825086.00
2022/05/13 10.92 11.15 10.75 11.11 1317000 15689952.00
2022/05/16 11.43 12.13 11.16 11.98 3187874 40778900.00
2022/05/17 11.80 12.10 11.68 12.04 1756165 22566012.00
2022/05/18 11.96 12.47 11.91 12.24 1721865 22776752.00
2022/05/19 11.87 12.22 11.87 12.20 1198900 15672526.00
2022/05/20 12.24 12.75 12.24 12.60 1997500 26952834.00
2022/05/23 12.60 12.95 12.48 12.81 1229500 16854448.00
2022/05/24 12.70 12.93 12.33 12.38 2015215 27222476.00
2022/05/25 12.79 12.84 11.80 12.23 3477100 46030376.00
2022/05/26 12.10 12.22 11.95 12.06 1235400 16063085.00
2022/05/27 12.06 12.24 11.81 11.89 1388600 17973270.00
2022/05/30 11.68 12.10 11.68 12.03 515200 6671729.00
2022/05/31 12.03 12.15 11.77 11.97 961300 12359959.00
2022/06/01 12.06 12.47 11.73 12.20 1763600 23193776.00
2022/06/02 12.15 12.28 11.98 12.23 810183 10606615.00
2022/06/06 12.50 12.63 12.11 12.46 1559500 20735562.00
2022/06/07 12.54 13.20 12.47 13.00 3256418 45050968.00
2022/06/08 13.04 13.32 12.19 12.36 4270983 58590212.00
2022/06/09 11.93 12.40 11.65 12.29 2607000 33772832.00
2022/06/10 12.05 12.96 11.85 12.96 3353366 45624052.00
2022/06/13 13.00 13.40 12.75 13.33 3487830 49063860.00
2022/06/14 13.26 13.73 13.05 13.58 3576100 51260580.00
2022/06/15 13.65 14.48 13.59 14.42 4965732 75172440.00
2022/06/16 14.91 15.02 14.11 14.28 6386615 98875768.00
2022/06/17 14.60 14.87 13.97 14.78 5736783 89408928.00
2022/06/20 14.77 15.53 14.57 15.45 5175700 83296632.00
2022/06/21 15.45 15.99 15.19 15.58 5824883 96676720.00
2022/06/22 15.58 15.82 14.53 14.54 6875600 110762200.00
2022/06/23 14.35 16.09 14.35 15.62 6344200 101930560.00
2022/06/24 15.93 16.15 15.35 15.87 5179048 87079856.00
2022/06/27 15.89 17.36 15.89 17.15 6343885 110643472.00
2022/06/28 16.57 17.35 16.05 17.14 5197790 92303536.00
2022/06/29 17.18 17.25 16.41 17.03 3735000 66498996.00
2022/06/30 16.89 16.89 15.26 16.46 3388300 57817408.00
2022/07/01 16.46 16.80 16.43 16.60 2972195 51461992.00
2022/07/04 16.71 16.71 15.70 15.72 3579400 59693512.00
2022/07/05 15.73 15.80 14.08 14.08 6203457 95467072.00
2022/07/06 14.07 14.45 13.68 14.16 3700883 55035368.00
2022/07/07 14.32 15.26 14.21 15.06 4972100 77408096.00
2022/07/08 15.00 15.93 14.68 15.81 3541955 57694488.00
2022/07/11 16.13 16.79 15.77 16.37 7202783 122543904.00
2022/07/12 16.36 16.65 16.05 16.23 4946283 84585008.00
2022/07/13 16.23 16.45 15.79 16.30 5779183 97506624.00
2022/07/14 16.36 16.36 15.35 15.50 4317190 70724176.00
2022/07/15 15.53 15.81 14.88 14.90 4196602 67095640.00
2022/07/18 15.06 15.60 14.80 15.46 2973300 47577108.00
2022/07/19 15.43 15.81 15.37 15.62 1761012 28773816.00
2022/07/20 15.64 15.92 15.63 15.73 1883712 30987518.00
2022/07/21 15.68 15.87 14.77 14.88 3320300 52618436.00
2022/07/22 15.28 15.28 14.75 15.21 2348283 36865208.00
2022/07/25 15.47 15.47 15.12 15.28 1513400 24204604.00
2022/07/26 15.29 15.40 15.04 15.31 954200 15189440.00
2022/07/27 15.31 15.57 15.07 15.15 1591000 25382288.00
2022/07/28 15.15 15.30 15.07 15.10 1414600 22452452.00
2022/07/29 15.08 15.90 14.80 15.70 3545800 57797704.00
2022/08/01 15.63 15.89 15.43 15.55 1820300 29705560.00
2022/08/02 15.46 15.46 14.60 14.87 2351715 36836872.00
2022/08/03 14.85 15.35 14.50 14.53 1457072 22794368.00
2022/08/04 14.83 14.83 14.26 14.66 1046400 15948689.00
2022/08/05 14.72 14.85 14.42 14.73 1462400 22437760.00
2022/08/08 14.73 14.95 14.40 14.65 1153400 17570564.00
2022/08/09 14.75 14.98 14.51 14.63 1265459 19489830.00
2022/08/10 14.56 14.56 14.30 14.34 946200 14284767.00
2022/08/11 14.60 14.60 14.09 14.40 1867247 28083258.00
2022/08/12 14.50 14.55 14.24 14.35 955500 14422800.00
2022/08/15 14.35 14.35 13.83 13.90 2233100 32809144.00
2022/08/16 13.92 14.59 13.87 14.50 2381100 35609484.00
2022/08/17 14.50 15.39 14.45 14.91 3266600 51006408.00
2022/08/18 14.80 14.82 14.32 14.37 1611100 24449080.00
2022/08/19 14.37 14.56 14.10 14.23 1224300 18338066.00
2022/08/22 14.21 14.49 13.91 14.25 714000 10674865.00
2022/08/23 14.25 14.47 14.10 14.22 619800 9218849.00
2022/08/24 14.29 14.29 13.64 13.80 914100 13351340.00
2022/08/25 13.76 14.10 13.60 13.85 1412500 20518872.00
2022/08/26 13.80 14.00 13.53 13.56 1160000 16728030.00
2022/08/29 13.49 13.64 13.20 13.52 877300 12388679.00
2022/08/30 13.60 14.08 13.56 13.83 1972900 28699364.00
2022/08/31 13.75 13.98 13.42 13.50 1371200 19638172.00
2022/09/01 13.44 13.73 13.30 13.33 1027900 14553798.00
2022/09/02 13.42 13.90 13.34 13.84 1632435 23441000.00
2022/09/05 13.86 14.39 13.86 14.36 2316340 34489048.00
2022/09/06 14.33 14.84 14.33 14.52 2809835 43004620.00
2022/09/07 14.62 14.83 14.30 14.67 2488372 38267220.00
2022/09/08 14.70 14.76 14.18 14.30 1938804 29288422.00
2022/09/09 14.46 14.46 13.97 14.00 1347200 19944030.00
2022/09/13 14.07 14.20 13.85 14.13 1133900 16735692.00
2022/09/14 14.05 14.08 13.75 13.94 698800 10209537.00
2022/09/15 14.10 14.10 13.35 13.47 1559200 22313958.00
2022/09/16 13.45 13.57 12.92 12.92 1207900 16827596.00
2022/09/19 12.82 13.02 12.67 12.94 837600 11372886.00
2022/09/20 13.10 13.60 13.01 13.42 1335900 18778612.00
2022/09/21 13.44 13.88 13.10 13.75 1700900 24297268.00
2022/09/22 13.70 14.17 13.31 13.66 1548600 22584672.00
2022/09/23 13.75 14.01 13.28 13.93 1882600 27215334.00
2022/09/26 14.02 14.15 13.72 13.96 1703400 24881538.00
2022/09/27 13.96 13.97 13.16 13.42 2054347 28964044.00
2022/09/28 13.29 13.48 12.90 12.99 1253500 17375308.00
2022/09/29 13.08 13.79 11.91 12.15 2563700 34004784.00
2022/09/30 12.12 12.51 11.87 12.21 1452514 18801376.00
2022/10/10 12.21 12.25 11.75 11.84 800083 10145571.00
2022/10/11 11.74 12.00 11.44 11.98 833783 10404053.00
2022/10/12 12.03 12.13 11.67 12.11 769483 9718358.00
2022/10/13 12.15 12.20 11.92 11.97 1293100 16484864.00
2022/10/14 11.92 12.21 11.92 12.01 958100 12285248.00
2022/10/17 12.01 12.15 11.94 12.10 935800 11943392.00
2022/10/18 12.23 12.49 12.09 12.26 1433300 18616664.00
2022/10/19 12.26 12.29 11.85 11.86 1207700 15361803.00
2022/10/20 11.89 12.15 11.55 11.98 1612700 20303224.00
2022/10/21 12.05 12.23 11.90 11.95 1233700 15745123.00
2022/10/24 11.95 12.12 11.40 11.55 1350400 16762136.00
2022/10/25 11.48 11.69 11.33 11.63 994600 12176669.00
2022/10/26 11.65 11.98 11.50 11.76 1142300 14300735.00
2022/10/27 12.03 12.07 11.76 11.77 868100 10957179.00
2022/10/28 11.51 11.85 11.18 11.19 1455300 17597852.00
2022/10/31 10.96 11.21 10.84 10.98 989700 11627931.00
2022/11/01 11.15 11.40 10.97 11.40 1172800 13983543.00
2022/11/02 11.59 11.59 11.37 11.54 617196 7524125.00
2022/11/03 11.46 12.23 11.40 12.06 2047200 25778306.00
2022/11/04 12.16 12.16 11.97 12.09 1251600 15950132.00
2022/11/07 12.26 12.48 12.00 12.32 2355200 30584336.00
2022/11/08 12.32 12.50 11.95 12.05 1387700 17747008.00
2022/11/09 12.05 12.54 11.97 12.49 1940329 25243596.00
2022/11/10 12.53 13.48 12.37 13.33 4129476 56440860.00
2022/11/11 13.51 14.08 13.10 13.66 5202400 74887440.00
2022/11/14 13.75 13.79 13.32 13.56 2886100 41217904.00
2022/11/15 13.56 13.56 13.31 13.35 1639500 23161056.00
2022/11/16 13.39 13.50 13.11 13.20 1507900 21091052.00
2022/11/17 13.29 13.29 12.96 13.10 1066296 14653991.00
2022/11/18 13.10 13.20 12.81 12.84 1122466 15329276.00
2022/11/21 13.00 13.00 12.41 12.64 1409901 18731720.00
2022/11/22 12.61 12.75 12.10 12.30 1751134 22974462.00
2022/11/23 12.35 12.36 11.96 12.00 1686700 21518076.00
2022/11/24 12.09 12.12 11.98 12.08 1240700 15809898.00
2022/11/25 12.09 12.28 12.05 12.17 1165666 15029527.00
2022/11/28 12.06 12.10 11.83 11.97 941500 11892477.00
2022/11/29 12.01 12.44 12.01 12.30 2026000 26310308.00
2022/11/30 12.26 12.51 12.23 12.49 2133700 27968576.00
2022/12/01 12.48 12.73 12.44 12.52 1754400 23222396.00
2022/12/02 12.54 12.54 12.10 12.28 1625400 21170372.00
2022/12/05 12.40 12.48 12.24 12.39 1622084 21206604.00
2022/12/06 12.38 12.39 12.08 12.16 1282900 16551273.00
2022/12/07 12.10 12.18 12.01 12.06 1169000 14935276.00
2022/12/08 12.10 12.23 12.00 12.21 1407195 18084366.00
2022/12/09 12.19 12.24 11.95 12.00 995600 12701367.00
2022/12/12 12.04 12.07 11.75 11.79 1234400 15487121.00
2022/12/13 11.86 12.00 11.73 11.79 1250700 15686682.00
2022/12/14 11.67 12.00 11.67 11.89 1025900 12882098.00
2022/12/15 11.88 12.05 11.78 11.78 1111800 13979183.00
2022/12/16 11.78 11.90 11.69 11.73 837800 10446821.00
2022/12/19 11.73 11.78 11.43 11.50 1327400 16269515.00
2022/12/20 11.48 11.74 11.39 11.62 1118900 13756833.00
2022/12/21 11.50 12.05 11.50 11.84 1611700 20221954.00
2022/12/22 11.84 12.05 11.76 11.80 1208000 15165222.00
2022/12/23 11.77 11.87 11.18 11.25 2782300 33627212.00
2022/12/26 11.30 11.79 11.25 11.66 1751149 21580420.00
2022/12/27 11.66 12.37 11.61 12.33 3220349 41107748.00
2022/12/28 12.45 12.57 12.15 12.55 3040900 39847640.00
2022/12/29 12.80 13.15 12.38 12.76 4288284 57793672.00
2022/12/30 12.83 13.25 12.63 13.25 3491500 47831796.00
2023/01/03 12.97 13.44 12.25 12.69 3797600 50672520.00
2023/01/04 12.69 12.83 12.45 12.69 2618856 35009892.00
2023/01/05 12.69 12.95 12.58 12.74 2085100 28001552.00
2023/01/06 12.80 13.62 12.67 13.40 4761156 66141732.00
2023/01/09 13.55 13.69 13.21 13.45 3010600 42590484.00
2023/01/10 13.55 13.55 13.13 13.26 1923400 26776004.00
2023/01/11 13.20 13.49 13.03 13.25 1498900 20930406.00
2023/01/12 13.26 13.34 13.08 13.33 1096100 15274947.00
2023/01/13 13.45 13.45 13.12 13.30 1460400 20423876.00
2023/01/16 13.90 13.90 11.91 13.00 6010201 80326792.00
2023/01/17 12.65 13.05 12.60 12.70 3273459 44092928.00
2023/01/18 12.62 12.94 12.52 12.59 2018400 26950654.00
2023/01/19 12.50 12.58 12.28 12.34 1649900 21561818.00
2023/01/20 12.34 12.69 12.34 12.66 1502736 19882862.00
2023/01/30 12.76 12.90 12.55 12.58 1589895 21295758.00
2023/01/31 12.61 12.63 12.50 12.56 846100 11212686.00
2023/02/01 12.60 12.69 12.50 12.67 1462483 19460056.00
2023/02/02 12.69 12.77 12.60 12.75 1390321 18606070.00
2023/02/03 12.72 12.83 12.51 12.65 1396821 18655584.00
2023/02/06 12.60 12.60 12.35 12.40 1522700 19987088.00
2023/02/07 12.42 12.73 12.33 12.72 2172383 28795900.00
2023/02/08 12.72 12.72 12.48 12.51 1021800 13568967.00
2023/02/09 12.51 12.60 12.40 12.60 763821 10104292.00
2023/02/10 12.60 12.83 12.56 12.76 1925100 25805540.00
2023/02/13 12.73 14.11 12.72 14.11 9162458 131077600.00
2023/02/14 15.30 15.30 14.41 14.58 10148178 156174784.00
2023/02/15 14.50 15.26 14.46 14.82 8034849 124970720.00
2023/02/16 14.91 14.98 14.02 14.30 4203200 64142008.00
2023/02/17 14.25 14.60 14.03 14.15 3210400 48016364.00
2023/02/20 14.12 15.64 14.12 15.64 11207532 179612496.00
2023/02/21 15.81 16.53 15.46 15.61 12456790 206994832.00
2023/02/22 15.66 16.45 15.38 16.35 7314000 122764872.00
2023/02/23 16.35 16.85 15.93 16.14 4333700 73830000.00
2023/02/24 16.11 17.30 16.04 17.14 6718800 118363920.00
2023/02/27 17.10 17.30 16.39 17.15 3268590 57556244.00
2023/02/28 16.92 16.93 16.18 16.55 3887436 66780992.00
2023/03/01 16.53 16.99 16.30 16.80 3045761 52776620.00
2023/03/02 16.91 17.50 16.70 16.90 3037900 54105352.00
2023/03/03 16.90 16.91 16.30 16.45 1545200 26508636.00
2023/03/06 16.46 16.46 15.99 16.07 1814200 30503820.00
2023/03/07 16.30 16.30 15.63 15.70 1342100 22270092.00
2023/03/08 15.78 16.00 15.61 15.85 964000 15895460.00
2023/03/09 15.90 15.90 15.40 15.45 979100 15906711.00
2023/03/10 15.29 15.37 14.76 14.78 1663200 26163824.00
2023/03/13 14.66 15.02 14.45 14.64 1822800 27932296.00
2023/03/14 14.46 14.62 14.00 14.22 1762600 26347438.00
2023/03/15 14.41 14.58 14.26 14.39 1303900 19724708.00
2023/03/16 14.39 14.39 13.95 13.98 1600800 23744788.00
2023/03/17 14.10 14.25 13.82 13.99 2047600 30095000.00
2023/03/20 13.95 14.50 13.90 14.03 2472500 36767992.00
2023/03/21 14.04 14.85 14.00 14.69 2624700 39966264.00
2023/03/22 14.65 14.90 14.30 14.46 2900785 44217552.00
2023/03/23 14.42 14.42 14.02 14.17 2153536 32043250.00
2023/03/24 14.20 14.58 14.02 14.53 1942100 29382240.00
2023/03/27 14.48 14.60 13.64 14.08 3806700 56067656.00
2023/03/28 14.11 14.11 13.66 13.79 2693200 39076880.00
2023/03/29 13.74 13.79 13.35 13.40 2487400 35283680.00
2023/03/30 13.44 13.85 13.25 13.66 2452700 34974456.00
2023/03/31 13.59 13.65 13.43 13.52 1469700 20888988.00
2023/04/03 13.52 14.17 13.52 14.08 3735600 54842772.00
2023/04/04 14.07 14.10 13.73 13.84 1929500 28051130.00
2023/04/06 13.88 14.05 13.72 13.96 1599200 23359900.00
2023/04/07 13.97 14.50 13.83 14.37 2990700 44789668.00
2023/04/10 14.37 14.37 13.93 14.00 2124000 31287716.00
2023/04/11 14.07 14.17 13.75 13.85 1093400 15970020.00
2023/04/12 13.84 14.36 13.81 13.88 2780700 41005696.00
2023/04/13 13.88 13.90 13.55 13.60 1457800 20961462.00
2023/04/14 13.74 13.78 13.49 13.65 964900 13803842.00
2023/04/17 13.73 13.74 13.58 13.65 877600 12602622.00
2023/04/18 13.73 14.00 13.45 13.77 1887400 27210200.00
2023/04/19 13.77 13.77 13.36 13.40 1461200 20725138.00
2023/04/20 13.39 13.60 13.34 13.42 1086300 15348923.00
2023/04/21 13.35 13.76 13.09 13.20 1855300 26158742.00
2023/04/24 13.16 13.22 12.60 12.70 1997556 27031826.00
2023/04/25 12.75 12.85 12.37 12.51 2220400 29441152.00
2023/04/26 12.48 12.91 12.39 12.75 1558400 20907908.00
2023/04/27 12.80 13.26 12.75 13.15 1964100 27124610.00
2023/04/28 13.24 13.39 13.14 13.18 1563400 21780754.00
2023/05/04 13.11 13.69 13.10 13.34 1808566 25497276.00
2023/05/05 13.36 13.41 13.12 13.35 1018000 14232090.00
2023/05/08 13.60 13.75 13.35 13.71 1989400 28438374.00
2023/05/09 13.66 13.94 13.47 13.48 1551434 22417244.00
2023/05/10 13.50 13.66 13.38 13.63 1234300 17582230.00
2023/05/11 13.67 13.78 13.49 13.62 969366 13892652.00
2023/05/12 13.62 14.09 13.58 13.70 1710700 24917936.00
2023/05/15 13.70 13.87 13.41 13.83 963400 13809354.00
2023/05/16 13.90 13.90 13.43 13.51 789000 11252659.00
2023/05/17 13.49 13.60 13.35 13.56 472000 6704498.00
2023/05/18 13.52 13.68 13.46 13.59 571400 8153830.00
2023/05/19 13.56 13.87 13.48 13.84 979000 14168867.00
2023/05/22 13.84 14.49 13.69 14.49 2655700 39695412.00
2023/05/23 14.47 14.48 13.86 13.90 1964048 28989816.00
2023/05/24 13.90 13.95 13.53 13.78 1170100 16852496.00
2023/05/25 13.80 13.94 13.58 13.81 1032100 14900579.00
2023/05/26 13.78 13.94 13.59 13.67 866200 12462447.00
2023/05/29 13.68 13.81 13.27 13.67 1227100 17426524.00
2023/05/30 13.63 13.63 12.88 13.20 2793500 38698224.00
2023/05/31 13.19 13.32 12.93 13.10 1247500 17204240.00
2023/06/01 13.09 13.15 12.73 12.80 2796600 37958488.00
2023/06/02 12.76 13.80 12.76 13.69 3003000 42267564.00
2023/06/05 13.63 13.79 13.52 13.70 1618500 23257120.00
2023/06/06 13.68 14.35 13.58 13.89 2178000 32056380.00
2023/06/07 13.81 14.20 13.63 13.70 1255100 18267174.00
2023/06/08 13.72 13.78 13.38 13.60 1228400 17475640.00
2023/06/09 13.55 13.65 13.17 13.20 1058900 14836732.00
2023/06/12 13.20 14.13 12.99 14.09 2196900 31635608.00
2023/06/13 14.03 14.08 13.80 14.02 1281000 18750696.00
2023/06/14 13.84 14.30 13.84 14.10 1451000 21494578.00
2023/06/15 14.05 14.24 13.88 14.10 1096000 16168804.00
2023/06/16 14.15 14.15 13.93 13.97 957500 14096116.00
2023/06/19 14.01 14.03 13.79 13.86 986400 14363028.00
2023/06/20 13.86 13.86 13.59 13.70 1003900 14457341.00
2023/06/21 13.71 13.76 12.50 12.52 4885100 66124480.00
2023/06/26 12.50 12.50 11.87 12.06 3873515 49460976.00
2023/06/27 12.10 13.34 12.10 13.34 3607700 49226752.00
2023/06/28 13.77 14.74 13.53 14.74 9121566 135250752.00
2023/06/29 14.84 15.97 14.53 14.94 12167829 192545360.00
2023/06/30 15.90 16.50 15.13 15.30 14675701 244587360.00
2023/07/03 14.79 14.99 14.18 14.69 11350397 172783632.00
2023/07/04 14.38 14.56 14.30 14.38 6877878 103922648.00
2023/07/05 14.39 14.49 14.18 14.45 6822562 102716808.00
2023/07/06 14.45 14.46 13.97 14.19 4121350 60443724.00
2023/07/07 14.30 14.70 14.21 14.27 6512362 97324976.00
2023/07/10 14.20 14.28 13.82 13.97 4755128 68807248.00
2023/07/11 14.00 14.03 13.76 13.78 3152201 45253044.00
2023/07/12 13.74 13.85 13.38 13.52 3436397 48510684.00
2023/07/13 13.51 13.60 13.40 13.54 2474500 34664008.00
2023/07/14 13.53 13.65 13.24 13.53 2537193 35490400.00
2023/07/17 13.50 13.68 13.40 13.68 2231762 31396962.00
2023/07/18 13.58 14.08 13.36 13.77 4136627 58798964.00
2023/07/19 13.65 13.77 13.40 13.63 2742958 38611780.00
2023/07/20 13.62 13.97 13.53 13.71 3331487 47500780.00
2023/07/21 13.64 13.90 13.51 13.71 2353252 33517148.00
2023/07/24 13.71 13.81 13.16 13.25 3414900 47229992.00
2023/07/25 13.50 14.63 13.50 14.63 6808880 100734240.00
2023/07/26 15.13 16.00 15.00 15.32 12298053 194358512.00
2023/07/27 15.30 15.36 15.00 15.07 7530600 117766656.00
2023/07/28 15.15 15.57 15.08 15.46 7165800 113495064.00
2023/07/31 15.36 16.00 15.23 15.52 6816100 108467760.00
2023/08/01 15.37 15.45 15.10 15.37 4793153 75665600.00
2023/08/02 15.48 15.48 15.11 15.28 2261500 35523676.00
2023/08/03 15.19 15.44 15.00 15.39 3833828 60351756.00
2023/08/04 15.40 15.45 15.13 15.15 2724100 42837300.00
2023/08/07 15.06 15.06 14.70 14.85 2967600 45436168.00
2023/08/08 14.95 14.95 14.63 14.75 1706000 26012172.00
2023/08/09 14.75 14.77 14.61 14.63 1132200 17169996.00
2023/08/10 14.50 14.79 14.37 14.73 1992300 30135500.00
2023/08/11 14.67 14.77 14.27 14.30 1409200 21054196.00
2023/08/14 14.28 14.33 14.03 14.33 1229000 18067098.00
2023/08/15 14.33 14.70 14.27 14.55 2946200 44224060.00
2023/08/16 14.50 14.70 14.18 14.55 2690400 40212204.00
2023/08/17 14.54 14.93 14.25 14.74 2442300 36995816.00
2023/08/18 14.73 14.85 14.31 14.34 1958400 29443924.00
2023/08/21 14.32 14.58 14.26 14.27 1404700 20944424.00
2023/08/22 14.38 14.45 13.97 14.44 2127074 31270780.00
2023/08/23 14.44 14.44 13.70 13.91 2637500 38013768.00
2023/08/24 14.20 15.35 14.20 15.35 9351672 146914368.00
2023/08/25 15.59 15.78 15.04 15.20 9595472 152264288.00
2023/08/28 15.60 16.30 14.90 15.84 11971373 193609600.00
2023/08/29 15.33 16.34 15.30 16.34 9054201 147845440.00
2023/08/30 16.03 16.20 15.79 16.03 5691960 93920320.00
2023/08/31 16.00 16.46 15.80 16.06 6112268 101902440.00
2023/09/01 16.27 16.67 15.95 16.03 4999200 83447184.00
2023/09/04 16.08 16.64 16.05 16.53 5935003 100473568.00
2023/09/05 16.23 16.50 16.06 16.11 3496872 58552192.00
2023/09/06 16.11 16.25 15.75 15.77 2790400 45666468.00
2023/09/07 15.76 16.14 15.52 15.56 2757500 44806464.00
2023/09/08 15.64 15.67 15.42 15.63 1669083 26809130.00
2023/09/11 15.65 15.75 15.38 15.67 2478200 39808000.00
2023/09/12 15.54 15.60 15.33 15.53 1490900 23807090.00
2023/09/13 15.38 15.57 15.10 15.25 1675400 26393852.00
2023/09/14 15.17 15.35 14.93 15.10 1161700 18083092.00
2023/09/15 15.20 15.77 15.02 15.45 2375900 37917076.00
2023/09/18 15.30 15.90 15.00 15.73 2510100 40458244.00
2023/09/19 15.90 15.90 15.40 15.66 2025983 32588334.00
2023/09/20 15.57 15.63 15.39 15.41 1841400 29451400.00
2023/09/21 15.38 15.52 15.19 15.20 1755780 27721000.00
2023/09/22 15.14 15.48 15.02 15.45 1450000 22880844.00
2023/09/25 15.45 15.69 15.38 15.44 1733331 27755944.00
2023/09/26 15.44 15.48 15.21 15.23 1246100 19717732.00
2023/09/27 15.34 15.72 15.20 15.45 1915700 30637132.00
2023/09/28 15.44 15.54 15.30 15.45 1355800 21604806.00
2023/10/09 15.45 15.72 15.12 15.32 1861300 29659540.00
2023/10/10 15.33 15.41 15.01 15.05 1570200 24531300.00
2023/10/11 15.04 15.27 14.78 14.90 2295794 35438408.00
2023/10/12 15.05 15.05 14.70 14.98 1764073 27140076.00
2023/10/13 14.92 14.95 14.63 14.77 1029972 15709690.00
2023/10/16 14.79 15.25 14.75 14.92 1880711 29093788.00
2023/10/17 14.98 15.09 14.69 14.93 1280362 19702050.00
2023/10/18 14.98 15.00 14.50 14.55 2177619 32937948.00
2023/10/19 14.47 14.87 14.29 14.49 1263800 19087444.00
2023/10/20 14.44 14.66 14.35 14.38 1057472 15819166.00
2023/10/23 14.38 14.45 13.90 14.00 1240562 18241512.00
2023/10/24 14.08 14.59 14.07 14.52 1405874 20955120.00
2023/10/25 14.68 14.76 14.35 14.71 1665800 25156134.00
2023/10/26 14.55 14.79 14.44 14.70 1465674 22218536.00
2023/10/27 14.67 15.10 14.64 15.00 1459611 22510792.00
2023/10/30 14.95 15.36 14.95 15.30 1777025 27949096.00
2023/10/31 15.07 15.07 14.20 14.40 5018100 74821200.00
2023/11/01 14.37 14.46 14.05 14.17 2906883 42696296.00
2023/11/02 14.10 14.59 14.10 14.23 2670400 39606836.00
2023/11/03 14.16 14.84 14.11 14.67 3092700 46675784.00
2023/11/06 14.84 15.06 14.67 15.05 2283083 35145692.00
2023/11/07 15.05 15.25 14.77 15.20 1564100 24358568.00
2023/11/08 15.19 15.28 15.04 15.25 1180200 18529760.00
2023/11/09 15.06 15.32 15.06 15.22 1270200 19940490.00
2023/11/10 15.20 15.20 14.91 14.97 1401962 21762580.00
2023/11/13 14.95 15.07 14.55 15.01 1765900 27078590.00
2023/11/14 15.01 15.21 14.80 15.00 1315900 20401828.00
2023/11/15 15.00 15.53 15.00 15.45 1843800 29177916.00
2023/11/16 15.45 15.47 15.23 15.34 981000 15536070.00
2023/11/17 15.34 15.45 15.24 15.45 1178000 18677392.00
2023/11/20 15.46 15.71 15.33 15.68 1788880 28700200.00
2023/11/21 15.75 15.95 15.62 15.66 2126200 34605064.00
2023/11/22 15.65 15.74 15.45 15.48 1454991 23362180.00
2023/11/23 15.44 16.04 15.35 15.98 2754502 45057592.00
2023/11/24 15.97 16.09 15.70 15.76 1729800 28211472.00
2023/11/27 15.76 15.97 15.50 15.79 1496500 24139954.00
2023/11/28 15.78 15.81 15.42 15.75 1421945 23026570.00
2023/11/29 15.88 15.92 15.66 15.75 1118560 18179592.00
2023/11/30 15.74 15.83 15.54 15.79 1061300 17191750.00
2023/12/01 15.80 15.83 15.52 15.64 1121400 18134640.00
2023/12/04 15.61 15.66 15.40 15.48 1381800 22150596.00
2023/12/05 15.47 15.50 15.22 15.23 1050500 16661667.00
2023/12/06 15.23 15.45 15.19 15.34 1068900 16910192.00
2023/12/07 15.28 15.44 15.11 15.35 1085000 17201172.00
2023/12/08 15.40 15.47 14.96 15.03 1080700 17004116.00
2023/12/11 15.02 15.20 14.80 14.91 1573100 24298400.00
2023/12/12 14.89 15.20 14.80 15.16 1370100 21330904.00
2023/12/13 15.11 15.12 14.85 14.86 1175672 18142078.00
2023/12/14 14.96 15.15 14.87 14.98 792300 12309296.00
2023/12/15 15.01 15.25 14.90 15.02 986500 15366487.00
2023/12/18 14.95 15.07 14.70 14.79 1077091 16551282.00
2023/12/19 14.82 14.82 14.58 14.75 945100 14368299.00
2023/12/20 14.90 14.92 14.61 14.61 761368 11595250.00
2023/12/21 14.59 14.93 14.47 14.91 1055600 16060727.00
2023/12/22 14.90 15.10 14.70 14.78 1033600 15934042.00
2023/12/25 14.79 14.79 14.48 14.65 1236100 18669004.00
2023/12/26 14.64 14.64 14.17 14.36 1341200 19867748.00
2023/12/27 14.37 14.58 14.29 14.55 952190 14249025.00
2023/12/28 14.46 15.15 14.35 15.03 1175374 18024290.00
2023/12/29 14.98 15.12 14.91 14.98 834600 12934988.00
2024/01/02 14.99 15.17 14.90 14.97 1111200 17218354.00
2024/01/03 14.92 15.04 14.65 14.78 1548300 23708284.00
2024/01/04 14.63 15.65 14.40 15.54 3276637 51220760.00
2024/01/05 15.43 15.44 15.18 15.29 3060278 48368636.00
2024/01/08 15.29 15.33 14.81 14.88 1674200 26003396.00
2024/01/09 14.89 15.18 14.80 14.90 1736300 26839192.00
2024/01/10 14.87 15.65 14.76 15.42 3593053 57022368.00
2024/01/11 15.38 16.00 15.23 15.64 2803700 45362864.00
2024/01/12 15.79 15.79 15.49 15.57 1627000 26189604.00
2024/01/15 15.58 16.13 15.43 16.00 2247800 36811300.00
2024/01/16 15.90 16.09 15.35 15.70 2723288 44100104.00
2024/01/17 15.59 15.79 15.40 15.45 3121024 50258848.00
2024/01/18 15.34 15.59 14.97 15.38 1904265 30013752.00
2024/01/19 15.38 15.69 15.10 15.15 1848374 29236332.00
2024/01/22 15.13 15.14 13.59 13.70 3879200 57218512.00
2024/01/23 13.40 13.70 13.06 13.42 2616262 36409780.00
2024/01/24 13.47 14.08 13.20 13.77 2194283 31054200.00
2024/01/25 14.32 15.20 14.10 14.72 7084900 107430952.00
2024/01/26 14.82 15.45 14.64 14.95 4958200 77081128.00
2024/01/29 14.99 15.25 14.62 14.68 3118994 48017712.00
2024/01/30 14.58 14.64 14.00 14.00 2361100 34965136.00
2024/01/31 13.97 14.01 13.37 13.48 3121269 44293980.00
2024/02/01 14.26 14.26 12.84 13.37 2756000 38171452.00
2024/02/02 13.37 13.56 12.24 12.68 2713900 36179716.00
2024/02/05 12.32 12.42 11.36 11.36 4055826 48922500.00
2024/02/06 11.07 11.77 10.32 11.39 4058948 46917928.00
2024/02/07 11.49 11.87 11.18 11.40 4107440 49362900.00
2024/02/08 11.40 12.56 11.00 12.51 4485011 55221536.00
2024/02/19 12.70 13.30 12.56 13.08 4329310 58432136.00
2024/02/20 13.09 13.25 12.69 13.15 1843183 24885318.00
2024/02/21 13.16 13.68 12.90 13.18 2261300 31213236.00
2024/02/22 13.12 13.40 12.98 13.17 1851010 25194744.00
2024/02/23 13.15 13.60 13.06 13.50 2055700 28447912.00
2024/02/26 13.47 13.65 13.11 13.43 2359213 32756286.00
2024/02/27 13.43 13.70 13.22 13.70 1885200 26360474.00
2024/02/28 13.71 13.87 12.86 12.92 3242900 44847164.00
2024/02/29 12.47 13.18 12.47 13.12 2111839 28455472.00
2024/03/01 13.15 13.39 12.99 13.19 2454500 33613384.00
2024/03/04 13.18 13.55 13.10 13.32 2540623 35123360.00
2024/03/05 13.26 13.40 13.05 13.25 1403972 19286994.00
2024/03/06 13.18 13.40 12.97 13.17 1342750 18373296.00
2024/03/07 13.24 13.45 13.07 13.11 1257969 17268238.00
2024/03/08 13.18 13.29 13.00 13.10 1303433 17752244.00
2024/03/11 13.22 13.32 13.06 13.32 1200400 16470896.00
2024/03/12 13.35 13.76 13.28 13.71 1660529 23305432.00
2024/03/13 13.66 13.76 13.42 13.61 1352601 19020756.00
2024/03/14 13.69 13.75 13.44 13.56 1091055 15369970.00
2024/03/15 13.56 13.64 13.43 13.61 1030032 14457612.00
2024/03/18 13.60 13.76 13.45 13.76 1447800 20441616.00
2024/03/19 13.67 13.77 13.58 13.61 1000501 14185740.00
2024/03/20 13.66 15.02 13.61 15.02 3462709 51582316.00
2024/03/21 15.44 15.76 14.32 14.51 7656285 116407608.00
2024/03/22 14.40 14.50 13.90 14.16 4120496 60234088.00
2024/03/25 14.16 14.99 14.01 14.29 5412257 80911032.00
2024/03/26 14.28 14.74 14.00 14.26 3293641 48596312.00
2024/03/27 14.16 14.58 13.60 13.66 2508202 36300024.00
2024/03/28 13.51 14.14 13.30 13.92 2621600 37643532.00
2024/03/29 13.78 13.99 13.61 13.94 1537274 22008252.00
2024/04/01 13.89 14.30 13.85 14.22 2197300 32182776.00
2024/04/02 14.12 14.42 14.11 14.23 2051457 30217680.00
2024/04/03 14.16 14.85 14.14 14.66 3516000 52898636.00
2024/04/08 14.66 14.66 14.13 14.18 1943700 28756150.00
2024/04/09 14.03 14.38 13.97 14.32 1292900 19020802.00
2024/04/10 14.16 14.38 13.79 13.90 2444037 35397688.00
2024/04/11 13.78 14.18 13.67 13.87 1346300 19496280.00
2024/04/12 13.87 14.40 13.87 14.12 1881700 27664676.00
2024/04/15 14.10 14.10 12.90 13.19 3846700 53493452.00
2024/04/16 13.08 13.09 12.50 12.61 2678500 35314268.00
2024/04/17 12.78 13.42 12.78 13.40 2295600 31543126.00
2024/04/18 13.49 13.66 13.17 13.37 1571200 21969548.00
2024/04/19 13.38 13.47 13.08 13.24 1563400 21473864.00
2024/04/22 13.31 14.61 13.26 14.61 3065125 45545504.00
2024/04/23 14.19 14.33 13.59 14.00 8136525 116364272.00
2024/04/24 13.76 13.85 13.40 13.84 5695821 80617456.00
2024/04/25 13.60 13.81 13.55 13.70 3803049 54071016.00
2024/04/26 13.63 13.90 13.55 13.80 4199326 59762092.00
2024/04/29 13.72 14.50 13.72 14.48 4650719 68481320.00
2024/04/30 14.20 14.41 14.01 14.31 3078455 45448224.00
2024/05/06 14.40 15.08 14.38 14.79 4924700 75240936.00
2024/05/07 14.69 14.78 14.46 14.63 2456200 37089992.00
2024/05/08 14.63 14.63 14.10 14.14 3381106 49990732.00
2024/05/09 14.06 14.73 14.06 14.52 3324600 49685832.00
2024/05/10 14.52 14.68 14.18 14.44 2306518 34349976.00
2024/05/13 14.25 14.64 14.00 14.43 3671700 54687896.00
2024/05/14 14.28 14.80 14.25 14.70 3383669 51212992.00
2024/05/15 14.55 15.22 14.50 14.72 3715600 57034788.00
2024/05/16 14.74 15.40 14.65 15.09 5564072 86306512.00
2024/05/17 14.85 15.27 14.47 15.02 5596358 85667488.00
2024/05/20 14.98 15.48 14.89 15.08 6367900 100145760.00
2024/05/21 14.95 15.09 14.73 14.93 2553600 39294880.00
2024/05/22 14.83 15.01 14.55 14.66 2494000 38074328.00
2024/05/23 14.52 14.60 14.11 14.19 2598500 38474640.00
2024/05/24 14.30 14.33 14.01 14.09 1528400 22359424.00
2024/05/27 14.18 14.21 13.79 14.16 1771800 25613468.00
2024/05/28 14.08 14.32 13.91 13.92 1987500 28938146.00
2024/05/29 13.92 14.03 13.76 13.83 1313300 18891758.00
2024/05/30 13.83 13.95 13.57 13.69 1692700 24093516.00
2024/05/31 13.69 13.83 13.60 13.79 1193500 16994000.00
2024/06/03 13.79 13.83 13.33 13.46 1948665 27328592.00
2024/06/04 13.44 13.57 13.16 13.55 1407400 19570024.00
2024/06/05 13.55 13.58 12.99 13.00 2245100 30782448.00
2024/06/06 13.00 13.12 12.50 12.60 2572221 33957716.00
2024/06/07 12.75 12.96 12.69 12.94 1670900 22316976.00
2024/06/11 12.90 12.95 12.60 12.91 1290000 17172788.00
2024/06/12 12.88 13.20 12.83 13.19 2805100 38092540.00
2024/06/13 13.05 13.10 12.77 12.80 2179700 29198164.00
2024/06/14 12.77 12.85 12.62 12.81 1488400 19720978.00
2024/06/17 12.62 12.76 12.57 12.66 1312274 17238700.00
2024/06/18 12.66 12.74 12.59 12.69 1101400 14509014.00
2024/06/19 12.72 12.76 12.43 12.64 1452826 19004180.00
2024/06/20 12.61 12.68 12.26 12.31 1682850 21734004.00
2024/06/21 12.27 12.40 12.12 12.33 1100900 14076186.00
2024/06/24 12.23 12.27 11.82 12.01 1628100 20419242.00
2024/06/25 12.00 12.28 11.98 12.23 1255900 15902592.00
2024/06/26 12.24 12.44 12.16 12.44 1571350 20144540.00
2024/06/27 12.39 12.47 12.31 12.35 1159600 14927783.00
2024/06/28 12.47 12.60 12.27 12.39 1450400 18356214.00
2024/07/01 12.48 12.89 12.40 12.83 1980300 25442450.00
2024/07/02 12.71 12.94 12.69 12.90 1551000 20165852.00
2024/07/03 12.90 13.27 12.72 13.06 3268650 43244348.00
2024/07/04 13.05 13.25 12.75 12.88 1882069 24571192.00
2024/07/05 12.88 13.08 12.75 13.06 2545550 33492232.00
2024/07/08 12.93 13.43 12.82 13.40 3192049 43045044.00
2024/07/09 13.34 13.78 13.22 13.74 3654200 50339600.00
2024/07/10 13.65 13.82 13.61 13.63 2058380 28597614.00
2024/07/11 13.79 14.18 13.55 13.63 2242900 31098880.00
2024/07/12 13.65 13.99 13.63 13.85 1984900 27822116.00
2024/07/15 13.90 13.93 13.68 13.88 1635500 22901026.00
2024/07/16 13.75 13.95 13.55 13.64 1309700 18208672.00
2024/07/17 13.64 13.65 13.38 13.39 1513250 20711880.00
2024/07/18 13.37 13.65 13.12 13.58 1055350 14389849.00
2024/07/19 13.40 13.70 13.31 13.43 870400 11928574.00
2024/07/22 13.64 13.64 12.99 13.18 1263500 16924214.00
2024/07/23 13.23 13.31 13.05 13.15 941100 12586374.00
2024/07/24 13.02 13.15 12.77 12.85 1082300 14197517.00
2024/07/25 12.81 13.13 12.70 13.11 1412000 18578896.00
2024/07/26 13.15 14.02 13.15 13.96 2925174 40752784.00
2024/07/29 13.96 14.61 13.77 14.50 3775500 54765916.00
2024/07/30 14.49 14.86 13.40 14.02 13626800 197512784.00
2024/07/31 13.60 13.61 13.10 13.39 6139469 83038192.00
2024/08/01 13.32 13.38 13.13 13.22 3560466 47756524.00
2024/08/02 13.15 13.16 12.80 12.85 3366469 44136692.00
2024/08/05 12.72 12.98 12.62 12.63 2363200 30743232.00
2024/08/06 12.68 12.82 12.50 12.80 2268200 29150974.00
2024/08/07 12.75 12.75 12.64 12.65 1093400 14089813.00
2024/08/08 12.60 12.77 12.35 12.61 1756400 22442912.00
2024/08/09 12.62 12.70 12.56 12.58 1093100 14022051.00
2024/08/12 12.48 12.57 12.39 12.43 1177600 14916188.00
2024/08/13 12.50 12.50 12.23 12.36 1036300 12988801.00
2024/08/14 12.38 12.45 12.27 12.37 711832 8940903.00
2024/08/15 12.24 12.44 12.24 12.34 944332 11855626.00
2024/08/16 12.31 12.40 12.24 12.24 926522 11589156.00
2024/08/19 12.28 12.42 12.18 12.41 961200 12026759.00
2024/08/20 12.39 12.47 12.15 12.30 998000 12494502.00
2024/08/21 12.24 12.45 12.24 12.35 763400 9566867.00
2024/08/22 12.41 12.41 12.11 12.14 798300 9937858.00
2024/08/23 12.07 12.11 11.81 11.89 1288800 15621628.00
2024/08/26 11.89 11.98 11.76 11.94 633600 7660808.00
2024/08/27 11.88 12.20 11.85 11.86 969500 11818868.00
2024/08/28 11.76 11.80 11.33 11.69 1166700 13786631.00
2024/08/29 11.65 11.75 11.54 11.63 1131000 13407839.00
2024/08/30 11.67 11.98 11.58 11.87 1481900 17806760.00
2024/09/02 11.88 12.11 11.80 11.93 1396505 16955740.00
2024/09/03 11.92 12.04 11.87 11.98 1133000 13766116.00
2024/09/04 11.85 12.06 11.85 11.98 941600 11474034.00
2024/09/05 11.98 13.20 11.97 12.56 6123605 78930992.00
2024/09/06 12.49 12.55 11.68 11.81 5461905 66806888.00
2024/09/09 11.77 11.77 11.42 11.46 1958999 22919736.00
2024/09/10 11.46 11.52 11.24 11.52 1343200 15565678.00
2024/09/11 11.46 11.53 11.39 11.41 846700 9856901.00
2024/09/12 11.41 11.97 11.36 11.56 2000100 23698176.00
2024/09/13 11.68 11.68 11.27 11.27 1223100 14172885.00
2024/09/18 11.27 11.31 11.04 11.30 952899 10822044.00
2024/09/19 11.33 11.64 11.33 11.53 1083800 12681874.00
2024/09/20 11.51 11.64 11.40 11.53 1040099 12228405.00
2024/09/23 11.59 11.65 11.50 11.55 751700 8853913.00
2024/09/24 11.54 12.28 11.54 12.04 3137967 38030632.00
2024/09/25 12.34 13.02 12.18 12.65 6427700 82903440.00
2024/09/26 12.65 13.56 12.56 13.40 5727505 76013608.00
2024/09/27 13.62 13.66 13.28 13.49 2730800 37404692.00
2024/09/30 13.66 14.38 13.38 14.23 8434900 119693304.00
2024/10/08 15.60 15.60 13.57 14.18 10627183 155471168.00
2024/10/09 13.71 13.80 12.74 12.74 6803700 90040704.00
2024/10/10 12.80 13.30 12.68 12.96 3885754 51315552.00
2024/10/11 12.90 13.27 12.59 12.87 3377706 44277076.00
2024/10/14 13.00 13.07 12.65 12.99 2026406 26556556.00
2024/10/15 12.91 13.04 12.72 12.72 1989000 25950740.00
2024/10/16 12.62 12.86 12.56 12.65 1687700 21767968.00
2024/10/17 12.65 12.79 12.45 12.46 1834400 23499168.00
2024/10/18 12.46 12.89 12.40 12.73 2962102 38229800.00
2024/10/21 12.72 12.85 12.63 12.82 3195608 41353428.00
2024/10/22 12.81 13.36 12.78 12.93 4448711 58892740.00
2024/10/23 12.96 13.14 12.86 12.94 3152275 41507616.00
2024/10/24 12.90 13.05 12.80 12.92 1798800 23678580.00
2024/10/25 12.95 13.77 12.90 13.72 5629300 76425592.00
2024/10/28 13.62 14.09 13.53 13.92 3818842 53782360.00
2024/10/29 13.83 13.85 13.20 13.39 3881766 53000128.00
2024/10/30 13.26 13.48 13.09 13.30 2173700 29260074.00
2024/10/31 13.29 13.44 13.06 13.30 1942200 26193644.00
2024/11/01 13.28 13.29 12.85 13.02 2775800 36654788.00
2024/11/04 12.92 13.84 12.91 13.84 4360400 60069348.00
2024/11/05 13.78 13.95 13.67 13.77 2662600 37229744.00
2024/11/06 13.84 13.87 13.55 13.72 2371100 32906038.00
2024/11/07 13.66 13.89 13.51 13.88 2517600 35253816.00
2024/11/08 13.91 14.02 13.57 13.70 2106995 29417988.00
2024/11/11 13.62 13.70 13.42 13.66 1612800 22223960.00
2024/11/12 13.67 14.30 13.66 14.14 4642717 66119588.00
2024/11/13 14.08 14.75 13.85 14.69 5632400 82102856.00
2024/11/14 14.60 14.71 14.08 14.57 4764300 69672112.00
2024/11/15 14.41 14.99 14.25 14.75 5171000 77357376.00
2024/11/18 14.65 14.98 14.28 14.34 3240695 48120512.00
2024/11/19 14.22 14.74 14.20 14.74 1867200 27302496.00
2024/11/20 14.78 15.00 14.50 14.70 1959750 29218044.00
2024/11/21 14.56 15.07 14.54 15.03 2388700 35915180.00
2024/11/22 15.00 15.30 14.80 14.84 2791207 42519896.00
2024/11/25 14.82 15.19 14.80 15.15 1700300 25903948.00
2024/11/26 15.13 15.58 14.94 15.29 2314907 35685272.00
2024/11/27 15.29 16.84 15.08 16.84 8198695 136687104.00
2024/11/28 17.08 18.48 16.36 16.68 10575132 184859872.00
2024/11/29 16.65 17.29 16.06 16.86 9225232 155439296.00
2024/12/02 16.56 17.23 16.01 16.78 8964960 149943248.00
2024/12/03 16.61 16.76 15.89 16.18 5635573 92310960.00
2024/12/04 16.00 16.41 15.91 16.25 4529973 74197920.00
2024/12/05 16.00 16.56 15.98 16.56 3336700 55117568.00
2024/12/06 16.40 16.67 16.27 16.59 2522800 42107248.00
2024/12/09 16.39 17.00 16.35 16.53 2275100 38301308.00
2024/12/10 16.94 17.36 16.50 16.60 3788800 64552300.00
2024/12/11 16.51 16.93 16.37 16.88 3305950 55898752.00
2024/12/12 16.73 17.80 16.73 17.76 4372650 77518256.00
2024/12/13 17.80 17.80 17.21 17.25 2573157 45273108.00
2024/12/16 17.35 17.40 16.78 16.97 1953400 33550438.00
2024/12/17 16.99 17.15 16.60 16.88 2449383 41774296.00
2024/12/18 16.87 17.34 16.60 17.26 1858033 32158388.00
2024/12/19 17.10 17.48 16.83 17.47 1495000 26030588.00
2024/12/20 17.35 17.80 17.30 17.39 1497000 26636544.00
2024/12/23 17.35 17.44 16.73 16.80 2206750 37836848.00
2024/12/24 16.71 16.95 16.12 16.50 2997650 49826616.00
2024/12/25 16.45 16.62 16.00 16.25 1219652 20001128.00
2024/12/26 16.20 16.62 15.97 16.60 1404200 23401500.00
2024/12/27 16.56 16.76 16.35 16.44 1438900 23963386.00
2024/12/30 16.30 16.44 16.11 16.31 1321800 21756852.00
2024/12/31 16.24 16.49 15.98 16.26 1476201 24280464.00
2025/01/02 16.18 16.26 15.40 15.52 2218965 35524300.00
2025/01/03 15.46 15.70 13.95 13.97 2944700 42845156.00
2025/01/06 13.80 13.88 13.08 13.21 2508500 34139936.00
2025/01/07 13.28 13.48 12.86 13.35 4743327 63460672.00
2025/01/08 13.35 13.55 12.95 13.46 1852127 24928700.00
2025/01/09 13.28 13.45 13.04 13.07 2037000 27272684.00
2025/01/10 13.12 13.21 12.73 12.77 1934810 25366392.00
2025/01/13 12.74 13.25 12.51 12.92 2424700 31852736.00
2025/01/14 13.02 13.34 12.85 13.34 2522100 33652912.00
2025/01/15 13.21 13.50 13.17 13.31 1514900 20486736.00
2025/01/16 13.32 13.46 13.12 13.24 1600444 21580520.00
2025/01/17 13.24 13.30 12.99 13.25 1094395 14602197.00
2025/01/20 13.32 13.49 13.19 13.48 1259500 17141642.00
2025/01/21 13.47 13.53 13.16 13.36 1121300 15133641.00
2025/01/22 13.31 13.31 13.05 13.16 1064700 14218043.00
2025/01/23 13.29 13.39 13.15 13.24 1099000 14842997.00
2025/01/24 13.24 13.35 13.02 13.30 844700 11355499.00
2025/01/27 13.26 13.61 13.26 13.43 1034300 14140604.00
2025/02/05 13.43 13.48 13.17 13.25 930300 12528925.00
2025/02/06 13.29 13.45 13.15 13.45 923700 12482990.00
2025/02/07 13.45 13.86 13.26 13.75 3603300 50069272.00
2025/02/10 13.80 14.09 13.55 14.05 2261400 31696762.00
2025/02/11 14.14 14.36 13.77 13.85 3315600 47200292.00
2025/02/12 13.80 14.80 13.70 14.78 5475100 79965504.00
2025/02/13 14.50 14.99 14.28 14.79 6181900 92347784.00
2025/02/14 14.70 14.79 14.48 14.68 2294400 33968948.00
2025/02/17 14.68 15.55 14.68 15.50 4326800 67199632.00
2025/02/18 15.50 16.16 15.29 15.98 6019900 96631448.00
2025/02/19 15.97 16.78 15.85 16.65 5340296 88955152.00
2025/02/20 16.85 17.74 15.01 15.40 13884590 224186544.00
2025/02/21 14.79 14.93 14.27 14.73 9962242 146879328.00
2025/02/24 14.39 14.42 14.14 14.21 7122901 103012736.00
2025/02/25 14.05 14.25 13.98 14.11 3462100 49634776.00
2025/02/26 14.02 14.20 14.02 14.16 2947990 42199368.00
2025/02/27 14.10 14.15 13.80 14.02 4671741 66129924.00
2025/02/28 13.91 14.02 13.70 13.70 2830900 39795824.00
2025/03/03 13.80 13.90 13.66 13.73 2027500 28373880.00
2025/03/04 13.60 14.01 13.60 13.99 2652141 37423920.00
2025/03/05 13.99 13.99 13.72 13.88 1483500 20804000.00
2025/03/06 13.88 14.26 13.82 14.21 4956900 70994184.00
2025/03/07 14.35 14.35 14.06 14.11 2653500 38087060.00
2025/03/10 14.08 14.16 14.01 14.05 1642600 23406028.00
2025/03/11 14.01 14.10 13.95 14.10 1220000 17349372.00
2025/03/12 14.12 14.15 14.01 14.11 1488700 21252364.00
2025/03/13 14.20 14.40 13.98 14.21 2968500 42654460.00
2025/03/14 14.20 14.47 14.07 14.35 3937000 57088420.00
2025/03/17 14.36 14.53 14.25 14.35 3026500 44039220.00
2025/03/18 14.44 14.45 14.16 14.24 2174100 31368764.00
2025/03/19 14.22 14.34 14.12 14.20 1892100 27232082.00
2025/03/20 14.12 14.25 14.06 14.14 1316500 18902852.00
2025/03/21 14.14 14.14 13.87 13.94 1820900 25818550.00
2025/03/24 13.94 14.06 13.60 13.89 2116349 29642364.00
2025/03/25 13.80 13.94 13.78 13.86 1052000 14786707.00
2025/03/26 13.85 14.01 13.84 13.97 1086933 15385955.00
2025/03/27 13.98 14.00 13.82 13.96 829700 11717841.00
2025/03/28 13.95 14.06 13.87 13.89 1030300 14588332.00
2025/03/31 13.85 13.88 13.63 13.65 1237600 17231704.00
2025/04/01 13.63 13.94 13.63 13.83 977800 13709822.00
2025/04/02 13.81 13.93 13.75 13.85 732250 10306601.00
2025/04/03 13.70 13.97 13.70 13.86 1257700 17632460.00
2025/04/07 13.16 13.49 12.45 12.83 3678649 48430216.00
2025/04/08 12.71 13.27 12.71 12.99 2291200 30280680.00
2025/04/09 12.80 13.29 12.50 13.18 2057900 26982430.00
2025/04/10 13.28 13.56 13.21 13.35 2324500 31579636.00
2025/04/11 13.20 13.42 13.18 13.41 1252141 16956064.00
2025/04/14 13.63 13.94 13.46 13.73 1748800 24302944.00
2025/04/15 13.69 13.75 13.50 13.73 1121400 15509202.00
2025/04/16 13.65 13.90 13.56 13.75 1311600 18298706.00
2025/04/17 13.66 14.03 13.60 13.93 1880200 26513934.00
2025/04/18 13.94 14.03 13.73 13.77 1127200 15812531.00
2025/04/21 13.85 13.94 13.76 13.89 1036200 14560864.00
2025/04/22 13.89 13.96 13.75 13.85 919700 12914780.00
2025/04/23 13.85 13.95 13.70 13.74 918433 12836253.00
2025/04/24 13.63 13.79 13.60 13.73 935500 13012566.00
2025/04/25 13.70 13.89 13.64 13.64 1213800 16961494.00
2025/04/28 13.54 14.06 13.10 13.75 2726800 37594000.00
2025/04/29 13.75 14.28 13.65 14.14 2473900 35272324.00
2025/04/30 14.10 14.44 14.10 14.16 2173500 31415320.00
2025/05/06 14.43 14.45 14.21 14.32 1856600 26926764.00
2025/05/07 14.40 14.78 14.32 14.64 3465968 51141256.00
2025/05/08 14.68 14.82 14.51 14.73 2647807 39481320.00
2025/05/09 14.64 14.85 14.57 14.65 1949800 29069698.00
2025/05/12 14.73 15.13 14.70 14.79 2833200 42631696.00
2025/05/13 14.95 15.02 14.62 14.84 1657600 24833132.00
2025/05/14 14.80 14.99 14.65 14.95 1626500 24483720.00
2025/05/15 14.95 15.38 14.90 15.15 2790600 42858012.00
2025/05/16 15.15 15.33 15.00 15.29 1711500 26369870.00
2025/05/19 15.24 15.57 15.15 15.37 2784000 43383704.00
2025/05/20 15.50 15.56 15.19 15.31 2066300 32202874.00
2025/05/21 15.22 15.32 14.72 14.82 3300700 49800312.00
2025/05/22 14.80 15.14 14.68 14.96 3013868 45491668.00
2025/05/23 14.90 15.04 14.44 14.44 2179168 32488996.00
2025/05/26 14.60 14.78 14.39 14.62 1732743 25638292.00
2025/05/27 14.51 14.80 14.50 14.73 1347500 20080046.00
2025/05/28 14.75 14.80 14.50 14.54 979000 14536031.00
2025/05/29 14.55 14.58 14.45 14.48 1509668 22201820.00
2025/05/30 14.40 14.54 14.16 14.19 1175200 17068346.00
2025/06/03 14.17 14.58 14.07 14.54 1539400 22516176.00
2025/06/04 14.54 14.67 14.37 14.64 1127500 16597533.00
2025/06/05 14.55 14.73 14.43 14.47 802868 11822229.00
2025/06/06 14.50 14.54 14.35 14.54 827100 12122542.00
2025/06/09 14.53 15.09 14.45 14.75 2800363 41971480.00
2025/06/10 14.69 14.86 14.43 14.61 1741179 25861112.00
2025/06/11 14.53 14.88 14.53 14.85 1474079 22073920.00
2025/06/12 15.13 15.13 14.67 14.74 1839998 27669020.00
2025/06/13 14.73 14.73 14.41 14.59 1536900 22694604.00
2025/06/16 14.45 14.57 14.36 14.39 871400 12759403.00
2025/06/17 14.42 14.51 14.20 14.30 882100 12817735.00
2025/06/18 14.23 14.24 14.00 14.04 907400 12966839.00
2025/06/19 13.89 14.11 13.77 13.84 908000 12830596.00
2025/06/20 13.77 13.98 13.71 13.87 815100 11443373.00
2025/06/23 13.81 13.94 13.68 13.93 1375400 19255162.00
2025/06/24 14.00 15.02 13.99 14.87 3740500 55327332.00
2025/06/25 14.85 15.34 14.68 15.11 4028000 61751720.00
2025/06/26 14.96 15.25 14.71 15.10 1982958 30072998.00
2025/06/27 14.97 15.20 14.71 14.71 1789300 27003124.00
2025/06/30 14.76 15.22 14.70 15.20 1612800 24446498.00
2025/07/01 15.19 15.24 14.51 15.09 1288163 19677484.00
2025/07/02 15.05 15.17 14.83 15.15 1345263 20463080.00
2025/07/03 15.12 15.32 14.96 15.25 1138700 17503822.00
2025/07/04 15.30 15.52 15.05 15.16 1834400 28344776.00
2025/07/07 15.16 15.40 15.06 15.26 815800 12585112.00
2025/07/08 15.36 15.41 15.13 15.35 870900 13349927.00
2025/07/09 15.49 16.89 15.49 15.90 14322890 234217312.00
2025/07/10 15.87 17.49 15.58 17.49 14858013 246467136.00
2025/07/11 17.50 17.80 16.58 16.89 11009710 187518368.00
2025/07/14 16.89 17.65 16.54 16.80 7762000 131241824.00
2025/07/15 16.80 17.31 16.24 16.53 7290541 121186544.00
2025/07/16 16.75 17.12 16.55 16.62 5700872 95652528.00
2025/07/17 16.51 17.12 16.47 16.78 6466972 108196192.00
2025/07/18 16.92 16.92 16.47 16.51 4008540 66606068.00
2025/07/21 16.50 16.69 16.45 16.53 2775037 45992884.00
2025/07/22 16.55 16.97 16.48 16.54 3180772 52964536.00
2025/07/23 16.53 16.57 16.16 16.21 3744900 60932728.00
2025/07/24 16.09 17.20 16.09 17.08 6475210 108477584.00
2025/07/25 17.04 17.62 17.02 17.48 6011000 104329344.00
2025/07/28 17.63 19.23 17.63 18.44 13283127 247531664.00
2025/07/29 18.40 18.76 17.63 18.05 8968500 163041216.00
2025/07/30 17.81 18.14 17.36 17.57 5382700 95660832.00
2025/07/31 17.65 17.77 17.23 17.53 3779400 66147736.00
2025/08/01 17.50 17.98 17.30 17.56 4122200 72713312.00
2025/08/04 17.47 17.60 17.19 17.53 2505400 43560736.00
2025/08/05 17.53 18.00 17.41 17.97 3164300 56190144.00
2025/08/06 18.49 18.49 17.26 17.82 3748300 66439212.00
2025/08/07 17.71 19.20 17.71 18.49 6597500 123628632.00
2025/08/08 18.36 19.48 18.21 19.14 7546300 143981088.00
2025/08/11 19.15 20.54 19.11 20.41 7198948 143678112.00
2025/08/12 20.80 21.13 20.01 21.01 7489000 154852352.00
2025/08/13 21.15 21.66 20.74 21.59 6310900 134245312.00
2025/08/14 21.69 23.75 21.62 22.70 14129500 327990176.00
2025/08/15 22.51 22.70 21.57 22.23 11098483 243673360.00
2025/08/18 22.00 22.60 20.48 21.00 10182600 218976112.00
2025/08/19 21.00 22.47 20.60 22.35 7406827 160267936.00
2025/08/20 22.18 22.84 22.10 22.80 4536700 102242704.00
2025/08/21 22.76 23.38 22.43 23.28 5176200 118414040.00
2025/08/22 23.05 25.01 23.05 24.68 6192137 150741152.00
2025/08/25 24.94 25.60 24.20 25.20 5817500 145917824.00
2025/08/26 25.35 25.60 24.30 24.55 4726300 117223928.00
2025/08/27 24.40 24.75 23.11 23.34 4505974 108146288.00
2025/08/28 23.22 24.60 22.92 24.28 5407316 129733688.00
2025/08/29 24.99 24.99 23.80 24.13 3392700 81897208.00
2025/09/01 23.68 24.29 23.55 23.90 2998054 71931216.00
2025/09/02 23.90 24.86 23.39 24.80 4825432 116368832.00
2025/09/03 25.20 27.21 25.20 27.03 8100012 214151216.00
2025/09/04 27.17 28.10 26.61 27.78 6477536 177129952.00
2025/09/05 27.35 29.49 26.66 28.83 7175484 202803312.00
2025/09/08 28.84 29.90 27.83 29.75 5645507 165640576.00
2025/09/09 29.60 30.66 28.03 29.50 7022334 206478784.00
2025/09/10 29.21 29.99 28.30 28.76 4197520 122595456.00
2025/09/11 28.62 29.95 27.80 29.44 7453620 214940464.00
2025/09/12 29.06 29.78 27.65 29.00 7293468 208072080.00
2025/09/15 29.10 31.90 29.10 31.90 11565920 356140128.00
2025/09/16 31.90 34.29 30.21 32.61 10809572 344771552.00
2025/09/17 32.80 32.90 31.43 32.24 5908080 189019776.00
2025/09/18 31.72 31.72 29.10 29.60 6242602 190724160.00
2025/09/19 31.00 31.06 27.77 29.60 9742946 286000160.00
2025/09/22 30.13 30.19 26.64 27.18 8569146 240936496.00
2025/09/23 26.76 26.76 24.46 24.46 6234683 155328176.00
2025/09/24 22.01 22.01 22.01 22.01 1547400 34058272.00
2025/09/25 21.09 22.20 20.70 20.96 13893659 294233216.00
2025/09/26 20.45 21.00 19.96 20.65 9146014 186389008.00
2025/09/29 20.40 20.40 19.28 19.33 12123854 237340256.00
2025/09/30 19.34 19.49 19.13 19.30 7376664 142372224.00
2025/10/09 19.27 19.43 19.17 19.42 5543398 106837992.00
2025/10/10 19.33 20.69 19.22 20.19 12358172 247944112.00
2025/10/13 19.62 20.21 19.20 20.12 6113674 121172720.00
2025/10/14 20.36 22.13 20.14 22.13 10479576 227100256.00
2025/10/15 22.59 23.86 22.16 22.84 19624402 449478592.00
2025/10/16 22.61 23.22 22.00 22.05 10485200 236535712.00
2025/10/17 22.32 23.34 22.30 22.38 10347482 235664624.00
2025/10/20 22.52 22.57 21.13 22.06 7300700 158651408.00
2025/10/21 22.00 22.22 21.59 22.17 5025812 110188576.00
2025/10/22 22.23 22.29 21.66 21.75 3838482 83853968.00
2025/10/23 21.52 21.74 21.04 21.29 4528800 96568192.00
2025/10/24 21.40 21.81 21.07 21.11 4298081 91561200.00
2025/10/27 21.11 21.37 20.50 20.75 5699900 118574904.00
2025/10/28 20.63 20.94 20.36 20.43 4216000 86804960.00
2025/10/29 20.47 20.92 20.08 20.80 4415800 90835728.00
2025/10/30 21.01 21.01 20.32 20.34 3894500 80088536.00
2025/10/31 20.34 22.10 20.34 21.49 8067700 172395312.00
2025/11/03 21.49 22.08 21.17 21.90 6481400 140253696.00
2025/11/04 21.71 22.30 21.25 21.40 4585300 99275952.00
2025/11/05 21.40 21.63 20.87 21.14 3892800 82391616.00
2025/11/06 21.00 21.11 20.57 20.96 3578800 74366984.00
2025/11/07 20.88 21.09 20.65 20.87 2929100 60966488.00
2025/11/10 20.86 21.28 20.78 21.16 2950700 62116880.00
2025/11/11 21.28 21.30 20.55 20.81 3017300 62819584.00
2025/11/12 20.80 21.08 20.26 20.44 3637081 74900456.00
2025/11/13 20.43 20.60 20.05 20.52 2619100 53412328.00
2025/11/14 20.47 20.82 20.33 20.41 2608900 53643620.00
2025/11/17 20.50 20.50 20.10 20.23 1937000 39149396.00
2025/11/18 20.20 20.33 20.04 20.25 2653700 53563948.00
2025/11/19 20.08 20.34 19.69 19.73 2747000 54764968.00
2025/11/20 19.88 20.19 19.65 19.83 2299400 45694172.00
2025/11/21 19.80 19.86 19.03 19.10 2722300 52644288.00
2025/11/24 19.29 19.50 18.97 19.16 2276800 43794352.00
2025/11/25 19.19 19.74 19.16 19.61 2075910 40588828.00
2025/11/26 19.67 19.70 19.36 19.42 1556900 30363822.00
2025/11/27 19.60 19.79 19.27 19.40 1868200 36577248.00
2025/11/28 19.32 19.70 19.32 19.69 1551200 30325204.00
2025/12/01 19.67 19.79 19.54 19.75 1562500 30754476.00
2025/12/02 19.83 20.01 19.45 19.50 2016200 39653104.00
2025/12/03 19.50 19.70 19.24 19.30 1231900 23928668.00
2025/12/04 19.38 19.38 18.91 18.95 1487448 28314376.00
2025/12/05 18.95 19.07 18.76 19.05 1185400 22469284.00
2025/12/08 19.05 19.19 18.92 19.04 1404400 26728636.00
2025/12/09 19.05 19.12 18.87 18.90 1086222 20627672.00
2025/12/10 18.88 19.28 18.84 19.05 1543600 29395276.00
2025/12/11 18.98 19.05 18.56 18.57 1166800 21839536.00
2025/12/12 18.48 18.95 18.41 18.63 1168200 21747170.00
2025/12/15 18.50 18.93 18.45 18.72 1297585 24258392.00
2025/12/16 18.98 19.48 18.56 18.60 3552399 67288176.00
2025/12/17 18.50 19.10 18.50 18.87 3232600 60972900.00
2025/12/18 19.00 19.19 18.49 18.51 2561100 48057236.00
2025/12/19 18.65 18.89 18.47 18.89 1955900 36580744.00
2025/12/22 19.27 19.30 18.69 19.01 2173600 41198660.00
2025/12/23 18.88 18.99 18.32 18.49 3237748 59956528.00
2025/12/24 18.53 18.60 18.31 18.54 1633800 30256396.00
2025/12/25 18.57 18.68 18.32 18.61 1832100 33936676.00
2025/12/26 18.75 18.75 18.22 18.28 2507900 46199296.00
2025/12/29 18.31 18.40 18.10 18.34 2692900 49190140.00
2025/12/30 18.34 18.42 18.15 18.27 1843399 33695772.00
2025/12/31 18.28 18.36 18.06 18.27 1775200 32309096.00
2026/01/05 18.29 18.66 18.22 18.66 2381800 44023592.00
2026/01/06 18.85 18.85 18.52 18.73 3228500 60241192.00
2026/01/07 18.86 18.86 18.51 18.67 2148900 40227328.00
2026/01/08 18.65 19.20 18.59 18.95 3887200 73605432.00
2026/01/09 19.01 19.04 18.59 18.76 2816000 52794704.00
2026/01/12 18.77 19.19 18.72 19.14 3181346 60598144.00
2026/01/13 19.18 19.29 18.91 19.05 2604455 49830368.00
2026/01/14 19.01 19.20 18.61 18.89 2817800 53303064.00
2026/01/15 18.89 19.07 18.72 18.86 1780000 33631720.00
2026/01/16 18.91 19.18 18.83 19.02 2077000 39424660.00
2026/01/19 19.30 19.30 18.93 19.19 2501000 47832440.00
2026/01/20 19.35 19.43 18.99 19.22 2792600 53742552.00
2026/01/21 19.20 19.45 18.95 19.40 3000200 57775976.00
2026/01/22 19.40 19.55 19.18 19.47 2605200 50532824.00
2026/01/23 19.47 19.99 19.35 19.74 3337700 65538180.00
2026/01/26 19.84 19.85 18.80 18.88 4091700 78345704.00
2026/01/27 18.72 18.84 17.90 18.20 4656900 84817344.00
2026/01/28 18.22 18.36 17.86 18.19 3498300 63406224.00
2026/01/29 18.10 19.06 17.99 18.74 4636100 86440240.00
2026/01/30 18.84 19.46 18.51 19.40 5556200 105640008.00
2026/02/02 19.60 19.70 19.20 19.29 4604200 89366680.00
2026/02/03 19.28 20.43 19.18 20.38 6686801 133318000.00
2026/02/04 20.34 20.75 20.06 20.50 6090086 124031048.00
2026/02/05 20.30 21.38 19.95 20.46 17236328 355599904.00
2026/02/06 19.36 19.85 18.41 18.41 13676790 253396944.00
2026/02/09 18.38 18.52 18.22 18.44 6946734 127420808.00
2026/02/10 18.45 18.45 18.09 18.14 5255537 95429904.00
2026/02/11 18.14 18.18 17.95 17.97 3470300 62646128.00
2026/02/12 17.97 18.05 17.87 17.96 2841300 51035388.00
2026/02/13 17.94 18.04 17.90 17.98 1788400 32138152.00
2026/02/24 18.00 18.07 17.96 18.05 1804101 32489182.00
2026/02/25 18.07 18.09 18.00 18.04 2555900 46076496.00
#Ъ§ОнРДдД:ЭЈДяаХ
