603337 НмПЫПЦММ ШеЯп ЧАИДШЈ
      ШеЦк	    ПЊХЬ	    зюИп	    зюЕЭ	    ЪеХЬ	    ГЩНЛСП	    ГЩНЛЖю
2021/08/02 22.52 24.18 22.39 23.16 3987008 100894536.00
2021/08/03 24.06 24.06 22.76 23.06 2922980 73763096.00
2021/08/04 22.76 23.79 22.34 23.23 4590451 114825528.00
2021/08/05 23.77 24.11 22.48 23.73 3744994 94380328.00
2021/08/06 23.63 23.68 22.98 23.22 1911841 48175220.00
2021/08/09 22.90 24.84 22.90 24.60 3058151 79761056.00
2021/08/10 24.55 24.55 23.48 24.12 3744516 96829608.00
2021/08/11 24.12 25.38 23.91 24.46 3469068 92534744.00
2021/08/12 24.46 24.60 23.81 24.05 2333244 60751856.00
2021/08/13 23.80 24.42 23.76 24.14 1959658 51117348.00
2021/08/16 23.96 24.17 22.88 23.98 3350842 85424456.00
2021/08/17 23.94 24.42 23.01 23.06 2531040 64844376.00
2021/08/18 23.18 23.58 22.84 23.45 1463393 36771844.00
2021/08/19 23.41 23.89 22.88 23.56 1526930 38624592.00
2021/08/20 23.99 24.74 21.79 24.32 7528813 189862240.00
2021/08/23 24.27 24.27 22.15 22.92 7457522 184233888.00
2021/08/24 22.97 23.28 22.08 22.27 5357887 130845752.00
2021/08/25 22.18 22.26 21.49 21.50 4266877 101190896.00
2021/08/26 21.66 21.66 20.69 20.76 3737302 85631072.00
2021/08/27 20.67 20.95 20.21 20.65 3184755 71710800.00
2021/08/30 20.75 21.05 20.40 20.46 2346701 53178732.00
2021/08/31 20.45 20.52 19.83 20.01 2191387 48176164.00
2021/09/01 20.15 20.30 19.58 20.08 2569230 56245712.00
2021/09/02 20.27 21.31 19.57 20.98 3934640 88238688.00
2021/09/03 20.67 20.82 20.10 20.12 2740283 61132572.00
2021/09/06 20.12 20.55 19.94 20.25 2524240 56045220.00
2021/09/07 20.46 20.46 19.86 20.09 2224900 48913356.00
2021/09/08 20.16 20.61 20.13 20.54 2803545 62736876.00
2021/09/09 20.45 20.66 20.08 20.17 2292739 50971392.00
2021/09/10 20.07 20.31 20.07 20.24 1224517 27102938.00
2021/09/13 20.25 20.62 19.98 20.52 2346956 52356204.00
2021/09/14 20.56 21.27 20.44 20.87 2979589 67931360.00
2021/09/15 20.86 21.28 20.60 20.93 1956399 44809220.00
2021/09/16 20.94 21.05 20.29 20.66 1945054 44026708.00
2021/09/17 20.57 20.72 20.19 20.51 1160270 25948268.00
2021/09/22 20.33 20.33 19.21 19.26 2786411 59925640.00
2021/09/23 19.27 19.79 19.23 19.29 2544533 54545504.00
2021/09/24 19.24 20.05 18.93 19.59 2337936 50286288.00
2021/09/27 19.60 19.94 19.18 19.27 1593523 34065912.00
2021/09/28 19.20 19.36 18.85 18.95 1365331 28603480.00
2021/09/29 18.95 18.95 18.18 18.24 1240773 25224652.00
2021/09/30 18.24 19.84 18.24 19.56 1942322 41028428.00
2021/10/08 19.96 20.14 19.41 19.89 1438768 31192324.00
2021/10/11 19.88 19.90 19.08 19.21 1852287 39582264.00
2021/10/12 19.11 19.55 18.89 19.02 908936 19170288.00
2021/10/13 19.25 19.25 18.82 19.02 729060 15284232.00
2021/10/14 19.15 19.46 18.87 19.25 765723 16232993.00
2021/10/15 19.16 20.23 19.16 20.04 1929522 42121340.00
2021/10/18 20.01 20.04 19.47 19.75 818220 17700578.00
2021/10/19 19.72 19.99 19.67 19.86 618925 13464212.00
2021/10/20 19.77 20.21 19.59 20.18 1011151 22239324.00
2021/10/21 20.62 21.00 20.27 20.51 1853750 41746616.00
2021/10/22 20.51 20.78 20.08 20.39 1274037 28368494.00
2021/10/25 20.06 21.35 19.97 20.80 1671618 38138288.00
2021/10/26 20.98 20.98 20.20 20.32 1465464 32813918.00
2021/10/27 20.26 21.04 20.26 20.79 1721077 39161628.00
2021/10/28 20.79 20.79 20.06 20.25 1785078 39638720.00
2021/10/29 19.82 19.87 18.03 18.25 5027505 102895096.00
2021/11/01 18.16 18.16 17.48 18.03 3596486 70591512.00
2021/11/02 17.76 19.36 17.73 18.79 3861670 80170216.00
2021/11/03 18.92 20.72 18.42 20.21 3773295 82575456.00
2021/11/04 20.21 20.64 19.65 20.31 2363928 52521424.00
2021/11/05 20.31 21.29 20.31 20.49 1568660 35574900.00
2021/11/08 20.49 20.56 19.98 20.14 1048447 23137536.00
2021/11/09 19.96 20.50 19.96 20.31 938620 20826718.00
2021/11/10 20.28 20.48 19.93 20.44 1496100 33108132.00
2021/11/11 20.46 21.61 20.28 21.35 2707948 62773804.00
2021/11/12 21.50 21.71 20.96 21.51 1382900 32181058.00
2021/11/15 21.51 22.63 21.41 22.32 2886892 69769152.00
2021/11/16 22.38 24.56 22.38 24.03 6720230 172095696.00
2021/11/17 23.94 24.37 23.01 24.03 4924972 125818720.00
2021/11/18 24.06 25.11 23.68 24.58 4957747 132216608.00
2021/11/19 24.94 25.80 24.14 25.31 4311239 116708544.00
2021/11/22 25.06 25.50 24.06 24.41 3261251 86421424.00
2021/11/23 24.12 25.18 23.99 24.86 3029855 81227936.00
2021/11/24 24.38 25.28 24.31 24.64 2105196 55966660.00
2021/11/25 24.46 24.64 24.07 24.26 1817614 47647376.00
2021/11/26 24.43 24.46 23.52 23.99 1946954 50221736.00
2021/11/29 23.60 23.63 22.96 23.31 2410260 60589748.00
2021/11/30 23.72 24.61 23.56 24.26 2714472 70768616.00
2021/12/01 24.29 26.88 24.02 26.88 3110261 87218128.00
2021/12/02 27.26 27.68 25.68 26.63 4240956 122076248.00
2021/12/03 26.44 26.97 25.56 26.24 2783247 78703056.00
2021/12/06 25.88 26.26 24.37 24.56 3027634 81480520.00
2021/12/07 24.21 24.52 23.31 23.42 3918454 100651760.00
2021/12/08 23.47 24.03 23.00 23.27 1356306 34293200.00
2021/12/09 23.32 23.72 22.88 23.25 1423663 35922952.00
2021/12/10 23.27 23.74 22.70 23.43 1937284 48754144.00
2021/12/13 23.43 23.71 23.11 23.46 1645979 41712064.00
2021/12/14 23.47 24.14 23.28 23.45 1054202 26864612.00
2021/12/15 23.38 23.54 22.33 22.59 2632419 64989040.00
2021/12/16 22.56 23.12 22.52 22.79 780146 19339464.00
2021/12/17 22.34 22.95 21.94 21.94 2024257 48937848.00
2021/12/20 21.92 22.18 21.67 22.00 967100 23096044.00
2021/12/21 22.06 23.14 22.06 22.81 1413510 34991644.00
2021/12/22 22.81 22.81 21.98 22.21 2141002 51715808.00
2021/12/23 22.24 22.33 21.84 22.22 1048763 25196900.00
2021/12/24 22.21 22.54 21.55 21.58 1134846 27142224.00
2021/12/27 21.46 21.91 21.24 21.62 988200 23221176.00
2021/12/28 21.38 22.22 21.38 21.67 1194801 28285112.00
2021/12/29 21.82 21.82 21.17 21.19 1506929 35015532.00
2021/12/30 21.15 21.62 20.76 21.02 2628149 60357192.00
2021/12/31 21.05 21.64 20.88 21.51 1553811 36276336.00
2022/01/04 21.51 21.76 20.86 20.92 2347300 54037556.00
2022/01/05 21.06 22.21 20.81 21.80 3911721 92393264.00
2022/01/06 21.62 22.18 21.53 21.61 1526200 36251564.00
2022/01/07 21.53 22.70 21.36 22.35 3775512 90760512.00
2022/01/10 22.39 24.00 22.39 23.79 5100425 129231768.00
2022/01/11 23.79 23.81 22.94 23.19 2943934 74283440.00
2022/01/12 23.06 23.54 22.78 23.04 1727407 43227632.00
2022/01/13 23.01 23.07 20.54 21.83 2174488 52489488.00
2022/01/14 21.68 22.62 21.51 22.43 1776231 43072116.00
2022/01/17 21.84 23.21 21.84 23.12 1323153 32731376.00
2022/01/18 23.09 23.09 22.16 22.78 1378279 33786008.00
2022/01/19 22.64 22.86 22.07 22.67 1317337 32158952.00
2022/01/20 22.67 22.72 22.01 22.33 777100 18822376.00
2022/01/21 24.66 24.76 23.66 24.76 11976489 316900288.00
2022/01/24 24.94 27.43 24.59 25.59 7327339 204199520.00
2022/01/25 25.59 26.79 24.38 25.07 4676312 127168712.00
2022/01/26 24.47 25.58 24.16 24.66 4106610 109756808.00
2022/01/27 24.63 27.32 24.63 26.84 10514342 301984256.00
2022/01/28 25.74 27.06 24.66 27.01 7267863 203376480.00
2022/02/07 27.35 27.51 25.93 26.84 4379991 125717768.00
2022/02/08 26.84 27.26 26.18 26.82 4341602 124673560.00
2022/02/09 26.52 27.26 26.41 27.15 2616948 75395584.00
2022/02/10 27.13 27.32 26.16 27.32 2649629 75938960.00
2022/02/11 26.92 27.06 26.41 26.71 1181086 33835344.00
2022/02/14 26.46 26.46 25.44 25.95 1629466 45411968.00
2022/02/15 26.01 26.90 25.64 26.09 1852761 52183840.00
2022/02/16 26.16 26.28 25.25 25.65 1269348 35094488.00
2022/02/17 25.44 25.83 25.20 25.34 1191385 32636184.00
2022/02/18 25.06 25.53 24.96 24.98 1006932 27282042.00
2022/02/21 25.00 25.36 24.50 25.16 1245819 33517636.00
2022/02/22 25.11 25.20 24.14 24.36 1184453 31274960.00
2022/02/23 24.34 25.86 24.26 25.56 1619523 43949348.00
2022/02/24 25.44 25.56 24.06 24.49 1336739 35495552.00
2022/02/25 24.52 25.63 24.16 25.60 1651690 44610708.00
2022/02/28 25.46 26.42 25.17 26.29 1096410 30532066.00
2022/03/01 26.36 26.45 25.71 25.79 663006 18431352.00
2022/03/02 25.56 26.31 25.06 25.75 875832 24315550.00
2022/03/03 26.18 26.18 24.51 24.75 1605852 43151372.00
2022/03/04 25.10 25.10 24.31 24.53 992030 26319872.00
2022/03/07 24.34 24.53 23.26 23.65 1174517 30229528.00
2022/03/08 23.54 23.86 22.60 22.93 1153866 29010758.00
2022/03/09 23.26 23.43 21.28 22.24 1355364 32745754.00
2022/03/10 22.88 23.55 22.47 23.16 905511 22596012.00
2022/03/11 23.06 23.11 21.94 22.68 1644670 40174328.00
2022/03/14 22.56 22.64 21.06 21.42 1266765 29884828.00
2022/03/15 20.85 21.44 20.03 20.18 2562852 58192108.00
2022/03/16 20.48 22.32 20.14 21.85 2493371 57767296.00
2022/03/17 22.07 23.14 21.20 21.43 1923720 45948504.00
2022/03/18 21.11 21.67 20.79 21.30 932700 21657376.00
2022/03/21 21.40 21.78 21.19 21.51 605129 14149672.00
2022/03/22 21.51 21.84 21.20 21.26 567968 13302871.00
2022/03/23 21.37 22.21 21.19 21.70 629315 14919776.00
2022/03/24 22.16 22.16 21.20 21.60 669708 15699884.00
2022/03/25 21.79 22.93 21.12 21.20 701063 16437638.00
2022/03/28 21.06 21.06 20.31 20.85 761080 17174752.00
2022/03/29 20.91 21.32 20.68 20.95 508480 11684536.00
2022/03/30 20.89 22.36 20.85 21.92 938257 22137432.00
2022/03/31 21.92 22.17 21.51 21.62 588627 13983464.00
2022/04/01 21.68 22.01 21.37 21.46 628073 14742462.00
2022/04/06 21.27 21.46 20.71 20.98 1115566 25502714.00
2022/04/07 20.97 21.11 20.45 20.50 1011536 22930340.00
2022/04/08 20.47 20.79 19.06 19.51 2060284 44386792.00
2022/04/11 19.73 19.73 18.62 18.88 1480961 30872724.00
2022/04/12 18.92 20.96 18.10 18.61 1979143 40879176.00
2022/04/13 18.55 18.56 17.99 18.10 1400361 28168408.00
2022/04/14 18.16 18.53 18.02 18.16 1223993 24623358.00
2022/04/15 18.11 18.66 17.56 18.41 2217118 44597820.00
2022/04/18 18.25 18.32 17.51 18.20 1767366 34955112.00
2022/04/19 18.17 18.43 18.04 18.20 1448487 29232778.00
2022/04/20 18.04 18.57 18.04 18.29 1299707 26233252.00
2022/04/21 18.34 18.49 17.76 17.95 1627969 32833512.00
2022/04/22 17.87 17.87 17.26 17.64 1724890 33590916.00
2022/04/25 19.06 19.60 18.33 19.60 3746389 79610608.00
2022/04/26 19.92 20.06 18.51 19.16 5773609 122557200.00
2022/04/27 18.73 19.69 17.89 19.64 3505147 73266016.00
2022/04/28 19.82 20.93 19.17 20.12 3343339 74092288.00
2022/04/29 19.79 20.67 19.67 20.26 2634795 58285580.00
2022/05/05 20.26 21.50 19.97 21.17 2517420 57553928.00
2022/05/06 20.56 21.66 20.56 21.24 1353865 31284252.00
2022/05/09 20.74 21.51 20.56 20.68 1455979 33180062.00
2022/05/10 20.60 21.76 20.42 21.02 1490500 34389944.00
2022/05/11 21.16 21.25 20.76 21.04 1121075 25734440.00
2022/05/12 21.12 21.56 20.95 21.23 1028557 23872676.00
2022/05/13 21.64 22.36 21.06 21.32 1536528 36256948.00
2022/05/16 21.54 21.76 21.06 21.32 1157651 27059132.00
2022/05/17 21.54 21.63 20.98 21.12 1104850 25593312.00
2022/05/18 21.06 21.06 20.45 20.57 1242751 28075516.00
2022/05/19 20.06 20.66 19.66 20.27 2213947 48820464.00
2022/05/20 20.70 20.76 20.04 20.21 1308749 29099588.00
2022/05/23 20.18 20.30 19.34 19.82 2780740 59885428.00
2022/05/24 19.80 19.93 19.09 19.17 2375516 50686780.00
2022/05/25 19.22 19.31 18.77 19.13 1671206 34947868.00
2022/05/26 19.13 19.34 18.69 19.23 1928090 39829360.00
2022/05/27 19.28 19.67 18.99 19.24 1925500 40387584.00
2022/05/30 19.11 19.63 19.02 19.57 1912800 40177324.00
2022/05/31 19.60 20.15 19.31 20.02 1913600 40818072.00
2022/06/01 19.86 20.22 19.58 19.86 1946455 41965664.00
2022/06/02 19.86 20.43 19.64 20.28 1725578 37479352.00
2022/06/06 20.26 20.58 20.15 20.33 2132044 46772636.00
2022/06/07 20.32 20.45 19.98 20.19 1877731 40899056.00
2022/06/08 20.18 20.65 19.83 20.22 1966200 43082744.00
2022/06/09 20.34 20.35 19.68 19.76 1911719 41148224.00
2022/06/10 19.58 20.07 19.58 19.86 1580500 33858552.00
2022/06/13 19.83 20.34 19.51 20.18 2229743 48356864.00
2022/06/14 20.18 20.18 19.26 19.78 1791663 38113140.00
2022/06/15 19.82 20.13 19.63 19.65 1629949 34934272.00
2022/06/16 19.76 20.11 19.45 19.74 1215032 26087440.00
2022/06/17 19.71 19.94 19.35 19.68 1839229 38986504.00
2022/06/20 19.65 20.41 19.65 20.08 2042427 44259464.00
2022/06/21 19.98 20.33 19.77 19.92 1558449 33755584.00
2022/06/22 20.18 20.23 19.41 19.48 1516771 32644684.00
2022/06/23 19.47 19.84 19.26 19.75 1857423 39457408.00
2022/06/24 19.86 20.43 19.75 20.14 2690100 58515568.00
2022/06/27 20.29 21.06 20.07 20.77 3344352 74486664.00
2022/06/28 20.97 20.97 20.04 20.52 1704236 37453148.00
2022/06/29 20.55 20.58 20.06 20.08 1508600 33028458.00
2022/06/30 20.05 20.28 19.65 19.86 1805624 38866244.00
2022/07/01 19.73 20.14 19.61 19.75 1483463 31777248.00
2022/07/04 19.75 19.76 19.23 19.56 2636330 55504632.00
2022/07/05 19.58 19.93 19.28 19.51 2240242 47442424.00
2022/07/06 19.55 19.75 19.23 19.45 1409909 29718082.00
2022/07/07 19.46 19.56 19.03 19.28 1195700 24926540.00
2022/07/08 19.28 19.89 19.24 19.59 1289872 27361664.00
2022/07/11 19.50 19.50 18.65 18.83 2280881 46841816.00
2022/07/12 18.82 18.97 18.35 18.43 1625400 32666204.00
2022/07/13 18.52 18.78 18.44 18.50 981535 19831388.00
2022/07/14 18.75 19.15 18.29 18.74 2116262 43238132.00
2022/07/15 18.84 19.23 18.50 18.83 1461795 30125538.00
2022/07/18 18.88 19.47 18.55 19.35 2213013 45768256.00
2022/07/19 19.28 19.69 19.27 19.69 1760908 37224960.00
2022/07/20 19.71 19.81 19.58 19.76 1117933 23838936.00
2022/07/21 19.73 20.03 19.69 19.84 1399707 30110976.00
2022/07/22 20.02 20.06 19.21 19.52 1430891 30273816.00
2022/07/25 19.67 19.67 18.98 19.21 2044100 42627280.00
2022/07/26 19.30 19.58 18.78 19.58 1347443 28183272.00
2022/07/27 19.60 19.94 19.43 19.90 1472284 31382420.00
2022/07/28 19.98 20.17 19.86 19.96 1128376 24395608.00
2022/07/29 19.96 20.16 19.35 19.78 2379337 50948180.00
2022/08/01 19.50 19.99 19.50 19.76 1140215 24304158.00
2022/08/02 19.33 20.15 18.82 19.23 2365319 49332556.00
2022/08/03 19.23 19.56 18.88 18.93 1498800 31298532.00
2022/08/04 19.26 19.33 18.70 19.08 1233758 25398372.00
2022/08/05 19.12 19.17 18.61 18.93 1780912 36421260.00
2022/08/08 18.96 19.17 18.80 19.14 1326673 27389824.00
2022/08/09 19.14 19.24 18.91 19.06 1093834 22641590.00
2022/08/10 19.04 19.26 18.84 19.06 2284329 47059988.00
2022/08/11 19.22 20.13 19.00 20.08 2532195 54269008.00
2022/08/12 20.10 20.10 19.54 19.63 2042600 43633964.00
2022/08/15 19.62 19.72 19.33 19.50 1505443 31778820.00
2022/08/16 19.48 19.71 19.38 19.43 1339433 28305538.00
2022/08/17 19.43 19.71 19.35 19.66 1137600 24060724.00
2022/08/18 19.64 19.64 19.45 19.58 776200 16418120.00
2022/08/19 19.67 19.89 19.44 19.48 1677100 35685928.00
2022/08/22 19.36 19.86 19.18 19.78 1617400 34261100.00
2022/08/23 19.66 19.73 19.23 19.42 1655800 34821508.00
2022/08/24 19.42 19.56 18.81 18.96 1806446 37311564.00
2022/08/25 19.01 19.26 18.81 19.03 1568100 32252612.00
2022/08/26 18.97 18.97 17.76 18.07 5993523 117850064.00
2022/08/29 17.68 18.04 17.22 17.42 4645445 88406800.00
2022/08/30 17.40 17.46 16.84 17.19 2634532 49334984.00
2022/08/31 17.10 17.36 16.78 16.90 2645800 49232640.00
2022/09/01 16.92 16.92 16.49 16.56 2343867 42751380.00
2022/09/02 16.60 16.86 16.49 16.80 1452195 26593258.00
2022/09/05 16.80 16.81 16.53 16.80 1210100 22073758.00
2022/09/06 16.78 17.20 16.67 17.05 1792161 33313760.00
2022/09/07 17.03 17.48 16.86 17.32 2041570 38494476.00
2022/09/08 17.23 17.54 17.15 17.53 1344654 25545762.00
2022/09/09 17.46 17.65 17.27 17.55 1003900 19178262.00
2022/09/13 17.43 17.56 17.28 17.29 907792 17242732.00
2022/09/14 17.06 17.28 16.93 17.28 862035 16115160.00
2022/09/15 17.25 17.52 16.77 17.03 1273826 23858092.00
2022/09/16 16.90 17.15 16.63 16.65 1189647 21964656.00
2022/09/19 16.58 16.89 16.39 16.61 1108816 20168744.00
2022/09/20 16.64 16.85 16.56 16.66 664100 12153355.00
2022/09/21 16.65 16.90 16.45 16.76 887811 16271488.00
2022/09/22 16.68 16.88 16.63 16.70 426140 7820356.00
2022/09/23 16.59 16.81 16.34 16.52 751300 13664408.00
2022/09/26 16.19 16.54 16.09 16.31 1280377 22922380.00
2022/09/27 16.19 16.66 16.19 16.63 632900 11438425.00
2022/09/28 16.46 16.95 16.28 16.72 1497892 27419234.00
2022/09/29 16.78 17.02 16.62 16.88 807715 14930718.00
2022/09/30 16.76 16.87 16.44 16.63 971508 17799128.00
2022/10/10 16.65 16.74 16.18 16.50 732666 13217580.00
2022/10/11 16.50 16.55 16.16 16.31 821000 14725906.00
2022/10/12 16.24 17.04 16.10 17.01 1433258 26036056.00
2022/10/13 16.86 17.01 16.65 16.70 972800 17862860.00
2022/10/14 16.78 16.94 16.72 16.85 1161200 21422596.00
2022/10/17 16.68 17.57 16.67 17.26 1303300 24493436.00
2022/10/18 17.36 17.36 17.13 17.19 850780 16046597.00
2022/10/19 17.12 17.27 17.02 17.11 531155 9963312.00
2022/10/20 17.11 17.48 16.60 17.09 1059466 19741344.00
2022/10/21 17.10 17.48 16.93 17.08 901216 16949314.00
2022/10/24 17.04 18.06 17.04 17.68 2234357 43015200.00
2022/10/25 17.64 18.29 17.41 18.13 2788634 54793776.00
2022/10/26 18.03 18.36 17.80 18.13 1967856 38851308.00
2022/10/27 18.14 18.25 17.78 17.90 893300 17455524.00
2022/10/28 17.51 18.04 17.23 17.32 1509700 29065998.00
2022/10/31 17.32 18.33 17.04 17.88 1332829 25814566.00
2022/11/01 17.88 18.33 17.79 18.16 891257 17567240.00
2022/11/02 18.22 19.04 18.01 18.68 1695429 34331304.00
2022/11/03 18.63 18.78 18.31 18.64 740200 14934023.00
2022/11/04 18.63 18.97 18.49 18.87 994839 20369164.00
2022/11/07 18.87 18.90 18.41 18.50 1383300 27938132.00
2022/11/08 18.66 18.66 17.99 18.46 1356684 26994914.00
2022/11/09 18.46 18.85 18.13 18.20 937400 18743396.00
2022/11/10 18.15 18.43 17.98 18.28 806724 15977543.00
2022/11/11 18.78 19.03 18.37 18.43 2154101 43671172.00
2022/11/14 18.43 18.92 18.08 18.37 770826 15538714.00
2022/11/15 18.32 18.99 18.18 18.87 1081946 21929570.00
2022/11/16 18.76 18.88 18.48 18.54 684015 13873762.00
2022/11/17 18.64 18.72 18.30 18.56 531900 10675905.00
2022/11/18 18.60 18.74 18.38 18.39 543486 10943144.00
2022/11/21 18.24 18.48 18.14 18.18 893828 17735886.00
2022/11/22 18.18 18.30 17.83 18.04 1032388 20268030.00
2022/11/23 18.01 18.16 17.68 18.01 586900 11470806.00
2022/11/24 18.10 18.30 18.00 18.21 365174 7216858.00
2022/11/25 18.10 18.20 17.86 17.89 532617 10467147.00
2022/11/28 17.81 17.88 17.51 17.72 462600 8947137.00
2022/11/29 17.87 18.03 17.56 17.80 578300 11272980.00
2022/11/30 17.97 18.27 17.72 18.00 721332 14179022.00
2022/12/01 18.27 18.67 17.93 18.35 1796888 36021124.00
2022/12/02 18.53 18.58 18.06 18.29 666201 13222237.00
2022/12/05 18.26 18.48 18.19 18.35 489361 9760184.00
2022/12/06 18.43 18.65 18.14 18.20 979961 19540428.00
2022/12/07 18.20 18.34 17.90 18.09 544072 10759461.00
2022/12/08 18.03 18.25 17.91 18.00 489740 9642355.00
2022/12/09 18.00 18.15 17.81 17.98 851783 16700458.00
2022/12/12 18.02 18.03 17.75 17.86 470984 9184129.00
2022/12/13 17.86 17.91 17.66 17.74 429800 8327175.00
2022/12/14 17.65 17.92 17.41 17.52 597456 11489592.00
2022/12/15 17.58 17.74 17.39 17.60 335407 6444061.00
2022/12/16 17.60 17.60 17.39 17.46 329788 6296291.00
2022/12/19 17.46 17.68 17.24 17.35 488620 9297873.00
2022/12/20 17.25 17.46 17.12 17.32 1044931 19687226.00
2022/12/21 17.30 17.37 17.06 17.21 663440 12462172.00
2022/12/22 17.21 17.43 16.88 16.89 1094524 20565724.00
2022/12/23 16.96 17.52 16.83 17.14 1100000 20732012.00
2022/12/26 17.28 17.43 17.04 17.10 479700 9020728.00
2022/12/27 17.09 17.46 17.01 17.25 634540 11987312.00
2022/12/28 17.04 17.26 17.04 17.14 889500 16696570.00
2022/12/29 17.09 17.43 17.09 17.18 1052100 19878736.00
2022/12/30 17.18 17.48 17.07 17.42 948125 17965470.00
2023/01/03 17.43 17.64 17.24 17.49 491099 9397946.00
2023/01/04 17.51 17.83 17.39 17.69 773024 14925098.00
2023/01/05 17.69 17.95 17.67 17.84 456663 8905995.00
2023/01/06 17.98 18.03 17.73 17.93 506200 9890750.00
2023/01/09 17.97 18.21 17.88 17.93 832006 16354684.00
2023/01/10 17.93 18.35 17.73 18.16 1085386 21454172.00
2023/01/11 18.15 18.35 17.81 18.10 1240312 24425022.00
2023/01/12 17.91 18.70 17.91 18.38 1514734 30228356.00
2023/01/13 18.58 18.58 18.20 18.51 785846 15714806.00
2023/01/16 18.44 19.03 18.44 18.74 945420 19348032.00
2023/01/17 18.51 18.88 18.51 18.54 797906 16178664.00
2023/01/18 18.47 18.78 18.23 18.56 915355 18418754.00
2023/01/19 18.76 19.03 18.38 18.97 760578 15534915.00
2023/01/20 19.06 19.66 18.91 18.97 986835 20558108.00
2023/01/30 19.33 19.54 18.84 19.00 1026946 21224972.00
2023/01/31 18.98 19.23 18.83 18.91 548000 11309199.00
2023/02/01 19.02 19.06 18.63 18.78 1337556 27271858.00
2023/02/02 18.79 19.14 18.50 18.81 1486571 30347376.00
2023/02/03 18.81 19.14 18.56 19.08 756000 15508830.00
2023/02/06 19.01 19.27 18.88 19.09 664315 13768271.00
2023/02/07 19.12 19.43 18.99 19.25 831099 17309578.00
2023/02/08 19.59 19.66 19.10 19.27 904934 18941332.00
2023/02/09 19.22 19.36 19.14 19.28 1051015 21921350.00
2023/02/10 19.31 19.45 19.14 19.36 849216 17769900.00
2023/02/13 19.42 20.13 19.36 19.60 1827615 39017668.00
2023/02/14 19.60 20.41 19.38 20.26 2505500 54560712.00
2023/02/15 20.21 20.37 19.84 19.88 905100 19613664.00
2023/02/16 19.87 20.26 19.59 19.77 1027565 22189436.00
2023/02/17 19.68 20.04 19.41 19.96 1411626 30202400.00
2023/02/20 19.81 21.92 19.74 21.66 3867573 87889368.00
2023/02/21 21.57 21.72 21.16 21.52 2135525 49261464.00
2023/02/22 21.41 22.43 21.31 21.93 1805200 42534856.00
2023/02/23 21.93 22.45 21.53 21.68 1785715 42085232.00
2023/02/24 21.45 21.78 20.86 21.05 1171266 26640304.00
2023/02/27 20.96 21.33 20.83 20.95 916344 20676068.00
2023/02/28 20.95 21.28 20.83 21.03 1204484 27296504.00
2023/03/01 21.01 21.26 20.20 20.53 7034270 156092048.00
2023/03/02 20.68 21.18 20.40 20.77 4469298 100044000.00
2023/03/03 20.82 21.28 20.38 20.39 2676268 59847396.00
2023/03/06 20.39 20.58 19.86 20.10 2407846 52333440.00
2023/03/07 20.10 20.41 19.58 19.58 1464878 31478848.00
2023/03/08 19.54 19.93 19.41 19.67 1647691 35074696.00
2023/03/09 19.81 19.95 19.58 19.82 827976 17724900.00
2023/03/10 19.98 19.98 19.60 19.70 1221601 26131084.00
2023/03/13 19.38 19.82 19.35 19.47 1220250 25825368.00
2023/03/14 19.39 19.50 18.97 19.16 943797 19608686.00
2023/03/15 19.50 19.56 19.20 19.38 1164485 24463810.00
2023/03/16 19.29 19.31 18.79 18.85 930932 19182312.00
2023/03/17 18.93 20.40 18.72 18.78 1038357 21412414.00
2023/03/20 18.77 18.88 18.44 18.52 1079723 21828600.00
2023/03/21 18.51 19.08 18.51 18.99 1311307 26952964.00
2023/03/22 19.02 19.61 18.99 19.16 966058 20283912.00
2023/03/23 19.34 19.47 19.00 19.07 766900 15950709.00
2023/03/24 19.07 19.23 18.71 18.76 1558257 32055412.00
2023/03/27 18.86 18.97 18.59 18.78 1231800 25097978.00
2023/03/28 18.78 18.95 18.61 18.71 764196 15573294.00
2023/03/29 18.71 18.83 18.43 18.49 667068 13463334.00
2023/03/30 18.46 18.64 18.23 18.49 927646 18565856.00
2023/03/31 18.32 18.76 18.31 18.42 1215546 24473952.00
2023/04/03 18.37 18.91 18.37 18.86 1996875 40653448.00
2023/04/04 19.06 19.06 17.98 18.39 2666406 53024920.00
2023/04/06 18.28 18.55 17.98 18.41 1820072 36186524.00
2023/04/07 18.52 18.98 18.28 18.94 1598467 32571200.00
2023/04/10 19.06 19.39 18.60 19.20 1782600 36835904.00
2023/04/11 19.18 19.38 19.01 19.23 1151101 23960734.00
2023/04/12 19.14 19.14 18.06 18.23 3437700 68641864.00
2023/04/13 18.23 18.33 17.75 18.25 1806561 35457160.00
2023/04/14 18.38 18.55 18.18 18.38 1033153 20663284.00
2023/04/17 18.44 18.57 18.18 18.26 868648 17306420.00
2023/04/18 18.21 18.32 18.08 18.15 584346 11570326.00
2023/04/19 18.11 18.26 17.89 18.00 843833 16560566.00
2023/04/20 18.04 18.04 17.49 17.78 1056700 20402332.00
2023/04/21 17.79 17.98 17.44 17.47 1143393 22075050.00
2023/04/24 17.44 17.57 17.18 17.28 1185691 22403936.00
2023/04/25 17.36 17.49 16.78 17.08 1543957 28845360.00
2023/04/26 16.76 17.62 16.76 17.40 1517846 28706960.00
2023/04/27 17.59 18.00 17.22 17.85 1418814 27331136.00
2023/04/28 17.66 17.98 17.49 17.52 1092800 21085360.00
2023/05/04 17.59 17.85 17.47 17.56 1366646 26345630.00
2023/05/05 17.50 17.73 17.40 17.48 794761 15224677.00
2023/05/08 17.63 17.88 17.29 17.72 1039888 19983412.00
2023/05/09 17.76 17.88 17.53 17.79 943446 18262576.00
2023/05/10 17.50 17.71 17.45 17.54 569446 10921464.00
2023/05/11 17.67 17.67 17.35 17.40 582100 11127429.00
2023/05/12 17.40 17.54 17.17 17.18 727563 13756579.00
2023/05/15 17.20 17.51 16.93 17.47 1010100 19063262.00
2023/05/16 17.42 17.97 17.39 17.57 1108000 21425648.00
2023/05/17 17.67 17.92 17.44 17.73 696446 13463985.00
2023/05/18 17.73 18.27 17.72 18.20 1509962 29688746.00
2023/05/19 18.27 18.33 17.78 17.88 771663 15103984.00
2023/05/22 17.87 17.94 17.68 17.71 612816 11897363.00
2023/05/23 17.79 17.88 17.56 17.60 742348 14346253.00
2023/05/24 17.41 17.86 16.89 17.57 3098049 58861096.00
2023/05/25 17.41 18.37 17.41 18.03 1970842 38538588.00
2023/05/26 18.03 18.03 17.48 17.84 811493 15697562.00
2023/05/29 17.86 18.02 17.48 17.53 624119 12030542.00
2023/05/30 17.54 17.81 17.43 17.69 717696 13802908.00
2023/05/31 17.65 17.69 17.24 17.29 703500 13349803.00
2023/06/01 17.50 17.50 17.20 17.24 431236 8159550.00
2023/06/02 17.28 17.43 17.09 17.28 696000 13138053.00
2023/06/05 17.28 17.37 17.10 17.24 730100 13765207.00
2023/06/06 17.24 17.24 16.89 16.96 1098624 20512374.00
2023/06/07 17.10 17.10 16.79 16.81 713824 13219339.00
2023/06/08 16.91 16.98 16.61 16.63 934472 17119516.00
2023/06/09 16.70 16.70 16.21 16.23 1926939 34683512.00
2023/06/12 16.19 16.61 15.80 16.45 1619909 28908112.00
2023/06/13 16.42 16.60 16.32 16.43 822100 14876213.00
2023/06/14 16.51 16.76 16.33 16.52 1053700 19189776.00
2023/06/15 16.58 16.97 16.33 16.74 2343273 42898416.00
2023/06/16 16.73 16.73 16.49 16.57 1265855 23063952.00
2023/06/19 16.66 16.93 16.50 16.87 1940870 35752112.00
2023/06/20 16.87 17.12 16.53 16.63 1905708 34960188.00
2023/06/21 16.63 16.74 16.33 16.34 794700 14377586.00
2023/06/26 16.41 16.47 16.07 16.10 1190900 21215358.00
2023/06/27 16.10 16.48 16.08 16.29 946701 16973844.00
2023/06/28 16.29 16.65 16.16 16.63 1654016 29754956.00
2023/06/29 16.86 17.25 16.62 16.65 1036145 18694272.00
2023/06/30 16.64 17.85 16.60 17.74 3288321 61575040.00
2023/07/03 17.74 17.86 17.33 17.39 1324572 24859428.00
2023/07/04 17.30 17.79 17.24 17.53 1499200 28190328.00
2023/07/05 17.57 18.15 17.46 17.99 2071044 39765132.00
2023/07/06 17.96 18.03 17.75 17.78 817800 15681952.00
2023/07/07 17.95 17.95 17.63 17.72 504600 9617192.00
2023/07/10 17.73 17.99 17.63 17.84 1116100 21349012.00
2023/07/11 17.93 17.96 17.60 17.78 879500 16749781.00
2023/07/12 17.70 18.04 17.62 17.95 1248231 23983238.00
2023/07/13 17.91 18.63 17.88 18.59 1994770 39267160.00
2023/07/14 18.65 19.38 18.54 19.04 2284494 46393412.00
2023/07/17 19.03 19.22 18.80 19.20 1441334 29330392.00
2023/07/18 19.11 19.37 18.95 19.28 1249005 25591440.00
2023/07/19 19.20 19.38 19.10 19.16 725300 14887859.00
2023/07/20 19.23 19.37 18.93 19.03 1424700 29091186.00
2023/07/21 19.00 19.28 18.71 19.18 1957846 39833424.00
2023/07/24 19.26 19.40 19.06 19.18 918900 18846724.00
2023/07/25 19.30 19.40 18.86 19.11 1306350 26604006.00
2023/07/26 19.01 19.38 18.93 19.20 1209259 24808296.00
2023/07/27 19.05 19.32 19.00 19.15 609175 12449441.00
2023/07/28 19.20 19.42 18.71 19.17 1310873 26826242.00
2023/07/31 19.18 19.48 18.89 19.27 2028763 41617172.00
2023/08/01 19.35 19.67 19.09 19.29 1446092 29768338.00
2023/08/02 19.29 19.86 19.20 19.86 2583900 54045672.00
2023/08/03 19.86 20.10 19.12 19.24 2163975 44984160.00
2023/08/04 19.28 19.40 18.80 18.92 1763488 35831596.00
2023/08/07 19.05 19.20 18.78 19.16 1485981 30171266.00
2023/08/08 19.16 19.40 18.82 19.06 1229444 25048206.00
2023/08/09 19.05 19.18 18.82 18.86 1253600 25388940.00
2023/08/10 18.90 19.14 18.85 19.10 449700 9133068.00
2023/08/11 19.10 19.10 18.63 18.70 772400 15501648.00
2023/08/14 18.70 19.04 18.38 19.03 717072 14395734.00
2023/08/15 18.91 18.99 18.71 18.86 518800 10438942.00
2023/08/16 18.87 18.98 18.55 18.55 478352 9579161.00
2023/08/17 18.70 19.01 18.41 18.93 1055500 21239356.00
2023/08/18 18.93 18.99 18.56 18.61 589100 11814872.00
2023/08/21 18.63 18.65 18.00 18.03 579300 11371096.00
2023/08/22 18.25 18.34 17.71 17.98 1506360 29054128.00
2023/08/23 18.23 18.23 17.55 17.85 655800 12597274.00
2023/08/24 17.85 18.36 17.55 18.03 1004400 19328580.00
2023/08/25 17.99 18.08 17.65 17.68 620000 11866767.00
2023/08/28 19.02 19.02 17.22 17.23 1518544 28713980.00
2023/08/29 17.34 18.03 17.23 17.95 1054300 20119440.00
2023/08/30 18.50 19.88 18.22 18.57 5748004 116770928.00
2023/08/31 19.50 19.50 18.42 19.24 4862558 99349760.00
2023/09/01 19.10 19.58 18.89 19.43 2365929 48872968.00
2023/09/04 19.46 19.52 19.03 19.50 1705481 35110704.00
2023/09/05 19.48 19.78 19.29 19.43 2294287 47695164.00
2023/09/06 19.30 19.77 19.10 19.64 2182468 45400964.00
2023/09/07 19.57 20.33 19.42 19.48 2013534 42424616.00
2023/09/08 19.24 19.74 19.24 19.60 960791 20046780.00
2023/09/11 19.60 19.72 19.29 19.50 998511 20775366.00
2023/09/12 19.33 19.62 19.27 19.41 739700 15317575.00
2023/09/13 19.51 19.60 19.20 19.30 953900 19683524.00
2023/09/14 19.30 19.38 18.98 19.27 1447171 29605876.00
2023/09/15 19.28 19.58 19.28 19.45 791425 16388385.00
2023/09/18 19.60 19.83 19.21 19.68 978927 20480218.00
2023/09/19 19.64 19.66 19.27 19.45 898200 18584358.00
2023/09/20 19.22 19.65 19.22 19.41 661300 13731289.00
2023/09/21 19.43 19.70 19.30 19.47 1213100 25293668.00
2023/09/22 19.73 19.85 19.26 19.85 1392046 29159532.00
2023/09/25 19.90 20.29 19.86 19.95 1415700 30226760.00
2023/09/26 19.95 20.14 19.77 19.94 752243 15969171.00
2023/09/27 20.11 20.18 19.71 19.94 1164844 24768038.00
2023/09/28 19.99 20.24 19.83 19.95 1031200 21985064.00
2023/10/09 19.86 19.94 19.42 19.82 1039000 21831708.00
2023/10/10 19.83 20.18 19.57 19.66 872500 18364388.00
2023/10/11 19.28 19.97 19.28 19.84 1063302 22375188.00
2023/10/12 19.73 20.14 19.58 19.97 1338600 28310784.00
2023/10/13 19.95 20.24 19.61 19.98 982630 20938504.00
2023/10/16 20.15 20.15 19.64 19.82 1111000 23427232.00
2023/10/17 19.61 19.93 19.56 19.76 609700 12819163.00
2023/10/18 19.98 19.98 19.49 19.57 1211311 25429636.00
2023/10/19 19.62 19.72 18.43 19.45 685535 14265178.00
2023/10/20 19.29 19.60 19.23 19.24 608826 12602025.00
2023/10/23 19.30 19.35 18.70 19.00 1307490 26510520.00
2023/10/24 18.97 19.28 18.62 19.25 817791 16608498.00
2023/10/25 18.85 19.24 17.84 18.55 1740700 34376408.00
2023/10/26 18.40 19.00 18.35 18.79 835759 16711009.00
2023/10/27 18.81 20.20 18.81 19.91 2201100 46534712.00
2023/10/30 19.88 20.21 19.52 20.10 1483300 31558624.00
2023/10/31 20.20 20.50 19.50 19.63 1774900 37508680.00
2023/11/01 19.63 19.98 19.57 19.88 1120734 23677862.00
2023/11/02 19.88 20.63 19.84 20.20 1975300 42434724.00
2023/11/03 20.20 20.50 19.99 20.07 1963452 42282376.00
2023/11/06 20.07 20.17 19.53 19.70 1889204 39684752.00
2023/11/07 19.75 19.80 19.35 19.58 1584835 33089960.00
2023/11/08 19.58 19.65 19.28 19.58 763400 15886030.00
2023/11/09 19.42 19.78 19.39 19.52 1088924 22684412.00
2023/11/10 19.58 19.75 19.28 19.67 640500 13388875.00
2023/11/13 19.58 19.78 19.47 19.67 653546 13670564.00
2023/11/14 19.58 19.74 19.55 19.70 864000 18116186.00
2023/11/15 19.70 19.98 19.60 19.73 1041700 21860924.00
2023/11/16 19.57 19.63 19.33 19.40 443934 9234890.00
2023/11/17 19.23 19.70 19.23 19.69 692700 14443885.00
2023/11/20 19.67 19.75 19.56 19.67 771800 16195577.00
2023/11/21 19.75 19.76 19.49 19.55 708700 14814052.00
2023/11/22 19.50 19.64 19.42 19.50 568020 11845452.00
2023/11/23 19.43 19.74 19.29 19.67 672645 14059135.00
2023/11/24 19.65 19.72 19.48 19.66 767925 16075316.00
2023/11/27 19.51 19.75 19.48 19.73 1125030 23565462.00
2023/11/28 20.03 20.76 19.74 20.44 2838946 61279288.00
2023/11/29 20.34 20.49 20.08 20.25 1481891 32017524.00
2023/11/30 20.12 20.42 20.12 20.31 982546 21235388.00
2023/12/01 20.11 20.31 19.82 19.94 1198655 25525564.00
2023/12/04 19.94 20.08 19.75 19.93 890800 18875068.00
2023/12/05 19.93 20.10 19.72 19.88 627526 13328248.00
2023/12/06 19.85 19.98 19.63 19.64 890800 18815374.00
2023/12/07 19.78 19.89 19.51 19.67 829271 17412348.00
2023/12/08 19.79 19.90 19.52 19.56 751246 15796834.00
2023/12/11 19.55 20.08 19.32 20.02 1108391 23366850.00
2023/12/12 20.08 20.23 19.77 20.18 667846 14256592.00
2023/12/13 20.08 20.53 19.93 20.29 962165 20842122.00
2023/12/14 20.36 20.46 20.15 20.27 660105 14255760.00
2023/12/15 20.36 20.50 19.93 20.03 757397 16234755.00
2023/12/18 20.04 20.10 19.70 19.80 718600 15188543.00
2023/12/19 19.77 20.06 19.62 20.03 768972 16266102.00
2023/12/20 19.88 20.47 19.88 20.17 1619075 34854720.00
2023/12/21 20.17 20.21 19.31 20.03 1760001 37121696.00
2023/12/22 20.06 20.17 19.60 19.71 1174500 24760306.00
2023/12/25 19.71 20.07 19.70 20.05 1033955 21898568.00
2023/12/26 19.77 20.06 19.53 19.89 1755446 37029916.00
2023/12/27 19.63 20.00 19.58 19.99 1058157 22338320.00
2023/12/28 19.99 20.28 19.80 19.93 1329205 28396644.00
2023/12/29 19.80 20.37 19.40 20.30 1535935 32801316.00
2024/01/02 20.30 20.72 20.21 20.34 1264424 27587272.00
2024/01/03 20.32 20.75 20.26 20.69 1438236 31459056.00
2024/01/04 20.78 20.78 20.13 20.35 1308821 28280164.00
2024/01/05 20.25 20.60 19.98 20.21 1406956 30356916.00
2024/01/08 20.05 20.20 19.45 19.47 1992789 41709924.00
2024/01/09 19.48 19.86 19.36 19.74 1233215 25875524.00
2024/01/10 19.63 19.93 19.57 19.82 931560 19579252.00
2024/01/11 19.70 20.00 19.70 19.98 912400 19293110.00
2024/01/12 19.88 20.26 19.82 20.12 1356772 28987394.00
2024/01/15 20.10 20.24 19.94 20.12 1000855 21427514.00
2024/01/16 20.06 20.15 19.63 20.10 956086 20254666.00
2024/01/17 20.09 20.20 19.49 19.52 940434 19932914.00
2024/01/18 19.40 19.50 18.71 19.38 1728577 35207940.00
2024/01/19 19.33 19.44 18.97 19.22 1136500 23314688.00
2024/01/22 19.01 19.05 17.79 18.13 1542900 30784116.00
2024/01/23 18.13 18.26 17.80 18.12 1187200 22886044.00
2024/01/24 18.29 18.54 17.82 18.23 1785600 34764936.00
2024/01/25 18.40 18.89 18.11 18.87 1782852 35380088.00
2024/01/26 18.67 19.08 18.44 18.52 743915 14888689.00
2024/01/29 18.52 18.80 18.07 18.20 878606 17333046.00
2024/01/30 17.01 18.33 17.01 17.83 1569600 30266676.00
2024/01/31 17.66 17.84 17.08 17.08 1104135 20627036.00
2024/02/01 17.05 17.88 17.00 17.55 1211961 22631792.00
2024/02/02 17.38 17.71 16.50 17.22 1464526 27117022.00
2024/02/05 16.99 17.22 16.13 17.09 2244471 40213132.00
2024/02/06 17.07 18.16 16.30 17.82 2276557 41753544.00
2024/02/07 17.87 18.55 17.50 17.98 1891559 36628508.00
2024/02/08 17.86 18.87 17.58 18.70 2000840 39141512.00
2024/02/19 19.00 19.34 18.58 18.71 1848024 37184760.00
2024/02/20 18.71 19.04 18.49 18.96 933335 18841334.00
2024/02/21 18.66 19.57 18.66 19.12 1109948 22839268.00
2024/02/22 19.42 19.70 18.95 19.26 1005871 20660796.00
2024/02/23 19.38 19.44 18.85 19.27 894888 18286812.00
2024/02/26 19.24 19.98 19.20 19.86 1774353 37184428.00
2024/02/27 19.86 20.04 19.62 19.98 842013 17803968.00
2024/02/28 19.99 20.20 19.80 19.80 1372346 29282376.00
2024/02/29 19.74 20.25 19.62 19.92 1954532 41365192.00
2024/03/01 19.88 19.95 19.62 19.79 1121115 23637404.00
2024/03/04 19.89 19.92 19.66 19.75 1177400 24808200.00
2024/03/05 19.75 19.76 19.47 19.55 1079400 22540652.00
2024/03/06 19.73 19.73 19.40 19.58 742600 15463149.00
2024/03/07 19.58 19.92 19.51 19.56 1039800 21819380.00
2024/03/08 19.47 19.69 19.28 19.46 965790 20047632.00
2024/03/11 19.40 19.96 19.32 19.96 1105600 23217416.00
2024/03/12 19.95 20.40 19.90 20.30 1519100 32711800.00
2024/03/13 20.32 20.48 20.14 20.45 795935 17217228.00
2024/03/14 20.50 20.54 20.22 20.42 1082485 23501880.00
2024/03/15 20.49 20.50 20.16 20.45 641034 13881670.00
2024/03/18 20.50 20.65 20.33 20.43 1217746 26483022.00
2024/03/19 20.45 20.60 20.08 20.50 1322900 28716488.00
2024/03/20 20.50 20.57 20.16 20.28 1209862 26157900.00
2024/03/21 20.37 20.42 20.20 20.32 972619 20989718.00
2024/03/22 20.32 20.32 19.87 19.98 917952 19580270.00
2024/03/25 19.98 20.27 19.70 19.70 919895 19557222.00
2024/03/26 19.71 19.86 19.45 19.76 1177200 24675360.00
2024/03/27 19.77 19.85 19.40 19.43 955789 19954280.00
2024/03/28 19.49 19.94 19.49 19.76 1400046 29489504.00
2024/03/29 19.78 19.99 19.60 19.98 764029 16156553.00
2024/04/01 20.00 20.83 19.90 20.68 2020774 44204848.00
2024/04/02 20.88 21.16 20.69 21.11 2102777 46659744.00
2024/04/03 21.13 21.48 20.95 21.24 1850607 41690840.00
2024/04/08 21.24 21.43 20.85 21.08 2037100 45673268.00
2024/04/09 21.07 21.38 20.69 20.81 1730544 38511616.00
2024/04/10 20.85 21.18 20.71 20.98 1152845 25630790.00
2024/04/11 20.77 21.75 20.77 21.47 2580067 58789424.00
2024/04/12 21.40 21.92 21.30 21.47 2435061 55691512.00
2024/04/15 21.38 23.10 21.38 22.25 4517491 105780928.00
2024/04/16 22.24 22.58 21.57 21.58 2969414 69243248.00
2024/04/17 21.57 22.98 21.22 22.57 4075368 95714856.00
2024/04/18 22.55 23.30 22.25 22.87 4572593 110916608.00
2024/04/19 23.07 23.68 22.74 23.10 2788197 68310392.00
2024/04/22 23.30 24.29 23.28 23.32 3658082 91696320.00
2024/04/23 23.31 23.97 22.79 23.74 3644351 90350848.00
2024/04/24 23.57 23.89 23.20 23.46 2427961 60026388.00
2024/04/25 23.60 23.60 22.60 23.00 2827846 68358592.00
2024/04/26 23.38 23.38 22.84 23.13 1814646 44163948.00
2024/04/29 23.01 23.28 22.43 22.83 1542687 37046792.00
2024/04/30 24.15 25.24 23.77 25.24 6347250 166808848.00
2024/05/06 25.70 27.62 25.50 27.20 12438891 345066848.00
2024/05/07 26.92 28.56 26.50 27.59 7816407 225867872.00
2024/05/08 27.70 28.28 27.08 27.76 4860528 140271760.00
2024/05/09 27.79 28.20 27.42 27.73 3738909 108522720.00
2024/05/10 27.73 28.49 27.57 28.05 3310722 97105496.00
2024/05/13 27.88 28.32 27.13 27.45 5296976 154041216.00
2024/05/14 27.45 29.69 27.45 29.30 8279312 248499568.00
2024/05/15 29.30 29.33 28.44 28.70 4559858 137389264.00
2024/05/16 28.43 28.90 27.83 28.15 3082162 91364200.00
2024/05/17 27.86 28.25 26.59 27.35 4894000 138926272.00
2024/05/20 26.53 27.99 26.08 27.35 3728393 106841352.00
2024/05/21 27.65 27.85 27.03 27.50 1903500 54843668.00
2024/05/22 27.71 27.80 26.71 26.90 2498800 70964096.00
2024/05/23 27.05 27.35 26.82 27.10 1744541 49511332.00
2024/05/24 26.77 27.31 26.77 26.93 1324795 37544964.00
2024/05/27 26.88 26.98 26.21 26.70 3245915 90507136.00
2024/05/28 26.78 26.88 26.24 26.31 1748686 48617860.00
2024/05/29 26.68 26.68 25.95 26.23 1681300 46286516.00
2024/05/30 25.91 26.66 25.82 26.35 1606388 44378752.00
2024/05/31 26.07 27.30 25.90 27.00 3342800 94221592.00
2024/06/03 26.62 27.25 26.00 26.27 3888600 108498288.00
2024/06/04 26.27 26.75 26.04 26.37 2811939 77963136.00
2024/06/05 26.40 26.64 25.66 25.76 3446996 94269416.00
2024/06/06 26.09 26.28 25.82 26.12 2548715 69758800.00
2024/06/07 25.82 26.62 25.78 26.10 2185400 59818956.00
2024/06/11 25.81 26.21 25.36 25.71 3664533 98592440.00
2024/06/12 25.81 26.24 25.58 25.88 2222200 60361108.00
2024/06/13 25.86 26.18 25.79 25.91 1232300 33585104.00
2024/06/14 25.86 26.01 25.33 25.74 1766446 47610488.00
2024/06/17 25.86 26.67 25.84 26.54 2438300 67433576.00
2024/06/18 26.42 27.45 26.18 27.18 3081400 87082264.00
2024/06/19 27.21 27.22 25.61 25.71 3845315 105088376.00
2024/06/20 25.79 26.30 25.30 25.43 3085201 83553152.00
2024/06/21 25.40 25.89 25.15 25.70 2196810 59042876.00
2024/06/24 25.85 25.97 25.01 25.10 2455973 65494444.00
2024/06/25 24.91 26.04 24.89 25.09 3305844 88339856.00
2024/06/26 24.50 25.75 24.50 25.69 2705800 72121968.00
2024/06/27 25.69 25.84 24.79 25.05 2739499 72313448.00
2024/06/28 24.98 25.48 24.86 25.02 2554064 67484360.00
2024/07/01 25.11 25.56 24.84 25.39 2298600 60868300.00
2024/07/02 25.39 25.58 24.73 25.16 2762000 72846392.00
2024/07/03 25.30 25.33 24.37 24.49 1875345 48737944.00
2024/07/04 24.50 25.09 24.26 24.34 1909900 49389608.00
2024/07/05 24.55 24.57 23.80 24.53 1587189 40609292.00
2024/07/08 24.41 25.00 24.07 24.72 3102200 80483984.00
2024/07/09 24.71 25.10 24.20 24.98 2232600 56831352.00
2024/07/10 24.98 25.02 24.48 24.62 1706200 43449572.00
2024/07/11 26.16 27.16 26.16 27.16 968150 26892866.00
2024/07/12 27.60 28.92 27.28 28.50 11776070 339932928.00
2024/07/15 28.20 29.10 27.81 28.92 5208492 152228928.00
2024/07/16 29.05 29.16 28.21 28.61 3977773 116677696.00
2024/07/17 28.33 28.70 27.93 28.01 2400185 69629152.00
2024/07/18 28.02 28.90 27.53 28.75 3266300 95592024.00
2024/07/19 28.31 28.99 28.25 28.28 1792445 52774348.00
2024/07/22 28.64 28.78 28.23 28.68 2618850 76799640.00
2024/07/23 28.35 28.47 27.92 27.99 1915382 55422264.00
2024/07/24 27.83 28.27 27.28 27.49 2274900 64716512.00
2024/07/25 27.30 27.68 26.78 27.07 2754429 76884912.00
2024/07/26 26.77 27.38 26.57 26.96 3069300 85019344.00
2024/07/29 26.68 27.00 25.39 25.62 4280777 114606600.00
2024/07/30 25.41 25.56 23.54 24.01 6036577 151419744.00
2024/07/31 24.02 25.70 23.53 25.62 5619000 144339824.00
2024/08/01 25.98 26.29 25.56 26.06 5011975 133970184.00
2024/08/02 25.90 27.40 25.31 26.05 4349070 118629520.00
2024/08/05 25.92 26.64 25.53 25.86 3024500 81366648.00
2024/08/06 25.94 26.70 25.51 26.23 2565192 69019448.00
2024/08/07 26.35 26.86 25.82 26.51 1916300 52414676.00
2024/08/08 26.28 26.67 26.00 26.38 1698212 45989056.00
2024/08/09 26.66 26.74 25.89 25.99 1652512 44587580.00
2024/08/12 25.65 26.20 25.53 25.74 2462430 65379396.00
2024/08/13 25.55 26.42 25.49 26.40 4002100 107517216.00
2024/08/14 25.93 26.33 24.51 25.00 4375100 113416864.00
2024/08/15 25.24 25.24 24.35 24.91 3548900 90526520.00
2024/08/16 24.86 24.96 24.20 24.27 2146100 54329000.00
2024/08/19 24.20 25.05 23.99 25.04 3441796 87874328.00
2024/08/20 25.04 25.04 24.24 24.41 2016900 51086528.00
2024/08/21 24.39 24.63 23.96 24.05 1987792 49611704.00
2024/08/22 24.05 24.63 23.74 24.17 2183334 54612064.00
2024/08/23 24.15 24.36 23.68 24.01 1552650 38416492.00
2024/08/26 24.06 24.39 23.63 24.36 2241700 55745280.00
2024/08/27 24.48 24.59 23.71 23.87 1376400 34058984.00
2024/08/28 23.64 24.24 23.55 23.80 1499800 36954092.00
2024/08/29 23.57 24.39 23.49 24.25 1751000 43604024.00
2024/08/30 24.08 25.05 23.81 24.48 3076300 77948032.00
2024/09/02 24.48 25.20 24.22 24.78 4229700 108384096.00
2024/09/03 24.35 25.59 24.35 25.06 3086800 79889176.00
2024/09/04 25.01 25.27 24.70 25.15 2133200 55124936.00
2024/09/05 25.18 26.40 25.17 26.14 3540314 94737784.00
2024/09/06 26.12 26.32 25.60 25.68 2357400 63073752.00
2024/09/09 25.50 25.87 25.13 25.38 1776300 46536792.00
2024/09/10 25.35 25.55 24.70 25.06 2018533 52094712.00
2024/09/11 25.09 25.96 24.84 25.86 2906519 76926520.00
2024/09/12 25.87 26.27 25.41 26.14 2389400 64043084.00
2024/09/13 25.90 26.60 25.70 25.72 2232846 60011112.00
2024/09/18 25.70 26.20 25.30 25.91 2073765 54976136.00
2024/09/19 25.85 25.98 25.31 25.78 2208218 58551516.00
2024/09/20 25.80 25.92 24.57 24.90 2854119 73536168.00
2024/09/23 24.52 25.29 24.25 24.39 2454167 62514216.00
2024/09/24 24.29 25.25 24.12 24.58 3043800 77058656.00
2024/09/25 24.58 25.45 24.15 24.23 2551600 65182616.00
2024/09/26 24.28 24.47 23.84 24.43 3564995 89022456.00
2024/09/27 25.20 25.95 24.35 25.85 1861962 48301816.00
2024/09/30 26.50 27.80 25.91 27.32 9704466 269320544.00
2024/10/08 30.13 30.13 26.13 27.76 10618949 303336544.00
2024/10/09 27.18 27.47 25.63 25.63 7339036 200915600.00
2024/10/10 26.00 27.12 25.56 25.80 8383330 225986592.00
2024/10/11 26.60 28.20 26.58 27.77 13513588 382325632.00
2024/10/14 27.73 28.03 26.30 27.66 9888196 277740320.00
2024/10/15 27.48 28.57 27.20 27.58 5810640 166993504.00
2024/10/16 27.23 28.36 26.88 27.98 6044000 173344400.00
2024/10/17 28.05 28.97 27.80 28.30 7773000 226921264.00
2024/10/18 28.08 28.90 27.28 28.49 7729789 225595552.00
2024/10/21 28.49 29.20 28.01 28.80 8205680 241009792.00
2024/10/22 28.73 30.11 28.20 29.41 7984964 241164272.00
2024/10/23 29.39 29.78 29.02 29.50 4168113 126023416.00
2024/10/24 29.21 29.54 28.30 28.81 6288599 186911440.00
2024/10/25 28.65 29.50 28.35 29.26 3510692 104512128.00
2024/10/28 29.00 29.54 28.72 29.38 3618300 108788456.00
2024/10/29 29.39 30.78 28.92 29.06 6170062 186399680.00
2024/10/30 29.08 29.24 28.20 28.86 4021585 118859768.00
2024/10/31 28.70 28.83 27.49 28.31 7480854 215672096.00
2024/11/01 27.82 29.00 27.82 28.43 4324543 127138344.00
2024/11/04 28.50 29.05 28.29 28.58 5520963 162297008.00
2024/11/05 28.45 28.79 28.31 28.61 4353017 127745120.00
2024/11/06 28.58 28.83 28.00 28.18 4291036 124966208.00
2024/11/07 28.19 29.06 28.02 29.04 2846575 83879288.00
2024/11/08 29.04 29.25 28.53 28.78 3204382 95023320.00
2024/11/11 28.80 28.82 27.73 28.46 4802466 138133488.00
2024/11/12 28.47 28.76 28.14 28.46 2955092 85512040.00
2024/11/13 28.30 29.63 28.15 29.60 3817700 112341064.00
2024/11/14 29.60 29.98 29.30 29.37 3793343 114204632.00
2024/11/15 29.42 29.96 28.57 28.59 3156913 93941456.00
2024/11/18 28.55 28.88 27.68 27.80 2795896 80199224.00
2024/11/19 27.89 29.56 27.85 29.54 3811578 111895560.00
2024/11/20 29.50 30.18 29.32 29.91 2462275 74503208.00
2024/11/21 29.88 32.57 29.58 32.32 6265676 201588016.00
2024/11/22 32.55 32.55 30.72 31.08 6175457 196646960.00
2024/11/25 30.74 31.18 30.10 30.51 4544262 141725648.00
2024/11/26 30.39 30.70 29.90 30.15 2259700 69489816.00
2024/11/27 29.50 29.80 28.59 29.60 3554908 106027024.00
2024/11/28 29.50 29.77 29.00 29.22 1672506 49881536.00
2024/11/29 29.25 30.18 29.13 30.01 3234307 98259768.00
2024/12/02 29.99 30.77 29.47 29.91 3461919 105884408.00
2024/12/03 29.88 30.47 29.72 30.30 1877300 57824336.00
2024/12/04 30.30 30.57 29.39 29.55 1784138 54086516.00
2024/12/05 29.51 29.88 29.22 29.63 1171828 35267304.00
2024/12/06 29.80 30.42 29.50 30.10 2022874 61660128.00
2024/12/09 30.10 30.32 29.42 29.59 2133800 64695784.00
2024/12/10 30.10 30.60 29.14 29.88 3858500 116449952.00
2024/12/11 29.60 29.95 28.88 29.04 2946886 87991656.00
2024/12/12 28.95 29.01 28.37 28.49 4415348 128687496.00
2024/12/13 28.50 28.91 28.11 28.82 8195130 238483376.00
2024/12/16 28.72 29.05 28.32 28.54 4495736 130788736.00
2024/12/17 28.53 28.85 28.36 28.38 3220043 93561712.00
2024/12/18 28.45 29.00 28.45 28.66 2317400 67884448.00
2024/12/19 28.40 28.75 28.23 28.55 2177290 63206704.00
2024/12/20 28.57 28.79 28.27 28.36 1574100 45544120.00
2024/12/23 28.39 29.10 28.39 28.68 3030790 88724360.00
2024/12/24 28.70 29.25 28.53 29.05 2416657 71283584.00
2024/12/25 29.06 29.49 28.67 29.30 1912231 56621584.00
2024/12/26 29.30 29.42 28.91 29.10 1697401 50343296.00
2024/12/27 28.90 29.18 28.42 28.49 2639600 77020760.00
2024/12/30 28.46 29.44 28.40 29.34 3059944 90880464.00
2024/12/31 29.34 30.47 28.95 29.96 4302540 130746072.00
2025/01/02 29.75 30.10 28.46 28.66 5187869 153632944.00
2025/01/03 28.60 29.70 28.48 28.88 3097441 91576488.00
2025/01/06 28.88 28.88 27.86 28.06 3994700 114893392.00
2025/01/07 28.06 28.80 27.92 28.10 2447421 70399328.00
2025/01/08 28.01 29.25 27.93 28.91 2828587 82125736.00
2025/01/09 28.86 29.11 28.40 28.51 1809000 52772084.00
2025/01/10 28.50 28.83 28.12 28.12 1722400 49863764.00
2025/01/13 28.18 28.58 27.95 28.09 2159500 62022476.00
2025/01/14 28.14 29.49 27.85 29.45 2498749 73740232.00
2025/01/15 29.31 30.23 29.30 29.85 2502800 75951992.00
2025/01/16 29.85 30.23 29.53 29.69 1762041 53453924.00
2025/01/17 29.96 30.12 29.32 30.03 1971001 59669788.00
2025/01/20 30.41 31.16 30.03 30.25 2509500 78116896.00
2025/01/21 30.38 30.68 29.89 30.24 1503287 46361404.00
2025/01/22 30.60 30.60 29.53 29.89 1462569 44347380.00
2025/01/23 30.08 30.32 29.47 30.16 2606109 79518248.00
2025/01/24 30.16 32.40 30.01 32.16 5808065 186170784.00
2025/01/27 32.14 32.81 31.98 32.22 2530048 83150208.00
2025/02/05 32.37 32.48 30.30 30.42 3961292 124739960.00
2025/02/06 30.50 31.25 30.06 31.18 2520842 78683096.00
2025/02/07 31.21 32.98 30.81 32.73 4308040 140499312.00
2025/02/10 32.75 32.75 31.62 32.10 3259102 105903856.00
2025/02/11 32.03 35.00 31.70 33.90 6160919 211418512.00
2025/02/12 33.78 34.06 33.15 33.50 3243146 110031800.00
2025/02/13 33.36 33.47 32.62 32.76 2284096 76481296.00
2025/02/14 32.76 32.88 31.88 32.01 2586475 84708112.00
2025/02/17 31.90 31.92 31.08 31.43 2811896 89688696.00
2025/02/18 31.40 32.25 31.32 31.51 2855500 92037016.00
2025/02/19 31.73 32.31 31.40 31.92 2693400 87221224.00
2025/02/20 31.91 32.35 31.14 32.16 3259890 104981608.00
2025/02/21 32.14 34.50 31.79 32.73 5849246 196561760.00
2025/02/24 32.80 32.80 31.10 31.34 5373450 171689536.00
2025/02/25 31.20 31.25 30.56 30.70 4275237 133950656.00
2025/02/26 30.74 31.81 30.72 31.30 3605153 114987776.00
2025/02/27 31.29 31.80 31.12 31.69 2378500 76060808.00
2025/02/28 31.65 31.86 31.20 31.36 2293941 73223472.00
2025/03/03 31.36 31.93 30.40 30.46 4207900 131592224.00
2025/03/04 30.54 31.04 30.46 30.54 1734315 54172776.00
2025/03/05 30.58 31.16 30.41 30.75 1354100 42353108.00
2025/03/06 30.75 30.88 30.10 30.60 3426400 106103568.00
2025/03/07 30.68 30.97 30.39 30.46 1951400 60744760.00
2025/03/10 30.43 32.23 30.00 31.35 4967863 159139488.00
2025/03/11 30.71 31.31 29.97 30.14 3415487 105717040.00
2025/03/12 30.30 30.48 29.91 30.03 2776661 84983176.00
2025/03/13 29.90 30.15 29.72 29.88 1988575 60425276.00
2025/03/14 29.70 30.26 29.55 30.25 3080451 93658592.00
2025/03/17 30.25 30.70 29.97 30.38 2949157 90963456.00
2025/03/18 30.40 31.05 30.40 30.67 1915847 59897160.00
2025/03/19 30.55 30.75 30.18 30.37 1499091 46240808.00
2025/03/20 30.28 30.59 30.06 30.08 1573895 48486680.00
2025/03/21 29.94 31.38 29.94 30.99 4454788 139246496.00
2025/03/24 31.30 31.39 30.74 31.18 2746819 86690008.00
2025/03/25 31.11 32.26 31.11 31.88 2627311 84594168.00
2025/03/26 31.87 32.00 31.50 31.67 1353100 43578656.00
2025/03/27 31.67 31.87 31.15 31.53 1860300 59413820.00
2025/03/28 31.45 31.83 31.15 31.74 2095200 67146464.00
2025/03/31 32.05 32.76 31.73 31.95 2859374 93926672.00
2025/04/01 31.89 32.63 31.72 32.21 2235580 73215712.00
2025/04/02 32.20 32.95 32.08 32.45 1754614 58218452.00
2025/04/03 31.92 32.02 29.17 29.37 7631633 231170784.00
2025/04/07 26.49 27.48 26.38 26.38 2612400 70512440.00
2025/04/08 26.30 26.32 23.90 25.27 7829863 198428928.00
2025/04/09 25.02 25.78 24.10 25.60 4972596 128109224.00
2025/04/10 27.50 27.98 26.51 26.88 4845627 134771744.00
2025/04/11 26.55 27.47 26.50 27.07 2169400 59639664.00
2025/04/14 27.19 27.56 27.02 27.45 3263429 90573888.00
2025/04/15 27.45 28.17 26.82 27.57 2546496 70778904.00
2025/04/16 27.41 27.62 26.91 27.04 2031329 56132080.00
2025/04/17 27.04 27.13 26.08 26.14 3404481 91533496.00
2025/04/18 25.85 28.34 25.85 27.71 4704330 131091264.00
2025/04/21 28.01 28.79 27.86 28.23 3167609 91620088.00
2025/04/22 28.30 29.15 27.91 28.77 3230823 94485272.00
2025/04/23 28.71 30.30 28.71 30.20 4569685 137544912.00
2025/04/24 30.00 31.64 29.91 31.20 5777050 182465184.00
2025/04/25 31.02 31.90 30.45 31.21 3436031 108231880.00
2025/04/28 31.30 31.30 30.46 31.13 1877700 58920604.00
2025/04/29 31.45 32.12 30.61 31.21 5657861 180846848.00
2025/04/30 31.42 33.29 31.27 32.45 6627009 217660160.00
2025/05/06 32.92 33.92 32.10 33.07 5680811 190301728.00
2025/05/07 33.47 35.70 33.47 35.39 11072872 393544000.00
2025/05/08 34.88 35.55 33.86 34.02 5953596 208900800.00
2025/05/09 34.20 37.30 34.03 36.65 15841850 570625664.00
2025/05/12 36.30 39.50 36.10 38.26 15998734 614873152.00
2025/05/13 37.48 38.86 36.67 38.34 9273650 357741568.00
2025/05/14 37.46 38.57 36.70 36.95 7501798 284227008.00
2025/05/15 36.94 38.07 36.64 37.82 4747049 180359120.00
2025/05/16 37.60 41.65 37.60 41.65 12223016 501201408.00
2025/05/19 41.96 42.09 39.50 40.64 9815369 403792672.00
2025/05/20 40.33 40.89 39.73 40.51 5872579 239360528.00
2025/05/21 40.72 42.40 40.13 41.69 8859584 369378976.00
2025/05/22 41.15 44.16 40.70 40.86 8913584 380540320.00
2025/05/23 41.43 42.10 39.33 39.49 10015392 407765344.00
2025/05/26 39.50 39.90 38.30 39.51 6972578 276293344.00
2025/05/27 39.28 39.93 38.63 39.08 3382946 134007480.00
2025/05/28 38.90 39.75 38.31 38.79 3011362 118568528.00
2025/05/29 38.77 41.13 38.73 39.50 6847200 276198944.00
2025/05/30 39.00 39.00 37.80 38.10 4427005 172003696.00
2025/06/03 38.05 38.27 36.90 37.53 4387150 167272992.00
2025/06/04 36.82 37.71 36.55 37.08 3494886 131756408.00
2025/06/05 37.09 37.80 36.46 37.14 6238767 234905728.00
2025/06/06 37.64 37.90 36.55 36.70 2453350 90426064.00
2025/06/09 36.70 37.32 36.39 36.50 2883473 105841712.00
2025/06/10 36.80 37.50 36.25 37.25 3943000 146087200.00
2025/06/11 37.00 37.37 36.39 36.86 3365092 124489864.00
2025/06/12 36.86 38.73 36.55 38.56 7689200 291842976.00
2025/06/13 38.02 38.40 36.70 38.16 5874652 221342400.00
2025/06/16 38.01 38.30 36.00 36.22 5946876 216923248.00
2025/06/17 35.77 36.40 35.61 35.91 2712500 97331840.00
2025/06/18 35.91 37.89 35.55 36.73 5559477 206198224.00
2025/06/19 36.60 38.70 36.60 37.63 6463537 245828256.00
2025/06/20 38.00 39.85 37.18 38.45 7691286 297948256.00
2025/06/23 38.04 38.05 36.10 36.13 6640494 244584144.00
2025/06/24 35.98 36.82 35.94 36.60 3554947 129476208.00
2025/06/25 36.51 36.51 35.21 35.78 5281373 188397152.00
2025/06/26 35.50 35.98 35.21 35.58 3953000 140298256.00
2025/06/27 35.30 36.19 35.25 35.50 2615415 93271112.00
2025/06/30 35.50 36.13 35.45 35.88 2605500 93233616.00
2025/07/01 35.88 37.03 35.58 36.45 3414700 124568800.00
2025/07/02 36.46 37.19 35.80 35.92 2472500 89841952.00
2025/07/03 35.80 36.20 35.66 35.95 1984731 71377160.00
2025/07/04 35.94 35.94 35.25 35.50 2285900 81147976.00
2025/07/07 35.30 35.61 34.93 35.20 2110400 74215080.00
2025/07/08 35.08 35.32 34.81 35.00 2636100 92418920.00
2025/07/09 35.18 35.39 34.57 34.82 2228600 77758192.00
2025/07/10 34.66 34.99 34.51 34.87 1795400 62397564.00
2025/07/11 34.00 35.20 34.00 35.12 3463528 120799288.00
2025/07/14 35.12 35.95 35.01 35.15 4022293 142334624.00
2025/07/15 35.05 36.96 35.05 36.41 6202744 224942192.00
2025/07/16 36.55 39.38 35.88 38.37 12004394 454882112.00
2025/07/17 38.21 39.05 38.01 38.57 4825646 185380768.00
2025/07/18 38.58 38.70 37.35 37.87 5672404 214903376.00
2025/07/21 38.17 39.11 36.20 38.46 7410468 278531008.00
2025/07/22 38.01 40.21 37.95 39.95 7816086 308710048.00
2025/07/23 39.68 41.98 39.10 40.90 6228334 253627392.00
2025/07/24 41.10 42.90 40.70 41.55 5193425 218141552.00
2025/07/25 41.43 43.90 41.43 43.49 5615007 242595888.00
2025/07/28 43.28 43.28 41.99 42.09 3236527 137100160.00
2025/07/29 41.96 42.91 40.66 42.64 6465146 268780672.00
2025/07/30 42.50 42.50 40.10 40.36 5261200 215114192.00
2025/07/31 40.23 40.94 39.63 40.63 3175900 128387832.00
2025/08/01 40.83 41.73 40.30 40.98 3193210 131391824.00
2025/08/04 40.55 42.85 40.55 42.49 4442173 188036176.00
2025/08/05 42.42 42.42 41.30 41.92 2742190 114488576.00
2025/08/06 41.87 43.26 41.46 43.06 3792753 161862736.00
2025/08/07 43.27 44.50 42.70 42.82 3374210 146247824.00
2025/08/08 42.82 45.38 42.51 44.81 3989190 176916896.00
2025/08/11 45.01 45.48 44.33 44.59 3615000 162131248.00
2025/08/12 44.40 47.55 44.00 47.05 4242700 195291728.00
2025/08/13 46.80 51.76 46.80 51.76 6368564 320342880.00
2025/08/14 51.78 54.36 48.89 52.12 6838090 350378560.00
2025/08/15 52.05 57.33 51.24 56.99 7584619 420917760.00
2025/08/18 55.64 56.61 52.88 55.08 7853822 426106272.00
2025/08/19 54.00 54.00 49.73 50.40 8697168 444502944.00
2025/08/20 50.41 50.65 49.35 50.62 5641606 282288640.00
2025/08/21 50.08 51.97 49.63 50.76 5992640 306323232.00
2025/08/22 50.37 51.69 49.41 49.65 5106923 254764400.00
2025/08/25 49.83 51.25 49.76 50.04 5012423 252658640.00
2025/08/26 50.03 50.20 49.02 49.21 3676766 181488768.00
2025/08/27 49.43 51.42 49.18 49.21 5457563 275099072.00
2025/08/28 48.18 49.37 46.69 48.51 7035320 338096576.00
2025/08/29 48.52 50.37 47.98 49.73 4840652 238614720.00
2025/09/01 48.40 48.96 47.73 48.01 4355574 209984560.00
2025/09/02 47.93 48.88 47.01 48.05 4751772 227021264.00
2025/09/03 48.00 48.66 47.17 47.62 2174433 103661608.00
2025/09/04 48.00 48.24 45.53 46.16 3788455 176978416.00
2025/09/05 47.00 47.63 46.16 47.54 3004755 141351712.00
2025/09/08 47.64 48.88 47.00 48.20 6191408 297187712.00
2025/09/09 47.96 48.94 47.72 48.26 3588600 173208848.00
2025/09/10 48.03 48.50 46.80 47.13 2557241 121275488.00
2025/09/11 46.97 49.40 46.48 48.17 4953867 237981440.00
2025/09/12 48.27 49.30 47.58 47.60 3498446 168508032.00
2025/09/15 47.30 47.79 46.75 47.00 2942121 138963936.00
2025/09/16 47.01 51.36 47.01 50.40 8080583 398112736.00
2025/09/17 51.00 52.53 50.14 50.91 6409691 329896448.00
2025/09/18 50.88 52.79 50.04 50.48 6553400 338072672.00
2025/09/19 50.30 50.47 45.43 46.41 8280645 392436736.00
2025/09/22 46.80 48.65 46.28 48.59 5014280 239175552.00
2025/09/23 48.04 48.58 45.91 46.78 5077701 236602640.00
2025/09/24 46.80 48.10 46.50 47.79 3319831 157943584.00
2025/09/25 47.85 48.45 47.53 48.09 2841058 136517664.00
2025/09/26 47.63 47.92 46.40 46.78 2816100 132438640.00
2025/09/29 46.80 48.12 45.90 47.56 3092838 146250448.00
2025/09/30 47.55 47.86 45.94 47.57 4652517 217621248.00
2025/10/09 46.99 47.44 46.12 46.82 3625127 169304864.00
2025/10/10 46.57 47.50 45.30 45.44 3242100 149841520.00
2025/10/13 42.41 44.66 42.40 44.47 4575525 200713936.00
2025/10/14 44.50 44.80 43.89 44.13 3183412 141045280.00
2025/10/15 44.10 44.93 43.37 44.68 2077200 92062736.00
2025/10/16 44.68 44.99 44.00 44.25 1814800 80518320.00
2025/10/17 43.97 44.29 42.41 42.72 3169826 136534528.00
2025/10/20 43.22 43.79 42.69 43.08 1974119 85334800.00
2025/10/21 42.50 43.78 42.50 43.50 1899819 82414592.00
2025/10/22 43.41 44.05 42.96 43.10 1823271 79118888.00
2025/10/23 43.01 43.56 41.90 43.29 2541800 108258960.00
2025/10/24 43.42 44.99 43.30 44.70 2979700 131799512.00
2025/10/27 45.08 45.44 44.30 44.31 2821790 126266992.00
2025/10/28 43.67 44.18 42.61 43.80 2499753 108785864.00
2025/10/29 43.65 46.40 43.65 45.73 3532755 160413200.00
2025/10/30 45.70 45.70 44.00 44.44 3048326 136306288.00
2025/10/31 44.44 44.91 44.07 44.34 1865091 83005048.00
2025/11/03 44.28 44.59 42.69 43.00 2832000 121949392.00
2025/11/04 43.00 43.14 41.88 41.91 1907700 80875592.00
2025/11/05 41.63 43.50 41.51 43.17 2795480 119615872.00
2025/11/06 42.85 43.39 42.70 43.03 1405192 60536316.00
2025/11/07 42.80 43.02 42.20 42.28 1345300 57124640.00
2025/11/10 42.30 42.71 41.23 41.62 2478000 103106048.00
2025/11/11 41.49 41.87 40.68 40.97 2402500 98408720.00
2025/11/12 41.00 41.17 39.67 39.98 2307722 92961856.00
2025/11/13 39.99 40.41 39.55 40.07 2661811 106380776.00
2025/11/14 40.07 40.60 39.87 39.88 1774600 71327136.00
2025/11/17 40.00 40.20 39.51 39.51 1171700 46669956.00
2025/11/18 39.56 39.80 38.77 39.12 1684661 66037960.00
2025/11/19 39.35 39.58 38.83 38.96 1311686 51248288.00
2025/11/20 38.97 39.16 38.30 38.55 1726005 66712740.00
2025/11/21 38.16 38.54 37.23 37.66 3283790 124442968.00
2025/11/24 37.13 38.45 37.13 38.01 1850380 70332360.00
2025/11/25 38.18 38.93 38.02 38.06 1805977 69422984.00
2025/11/26 38.06 38.65 37.73 38.09 1997635 76319896.00
2025/11/27 37.52 40.15 37.52 39.26 4053309 159570912.00
2025/11/28 39.00 39.65 38.19 39.35 3069229 119627560.00
2025/12/01 39.80 40.10 38.89 39.40 2330073 91739264.00
2025/12/02 39.42 39.78 38.30 38.82 3031400 117956064.00
2025/12/03 38.82 39.90 38.65 39.35 2023073 79600856.00
2025/12/04 39.44 39.68 38.81 39.26 1953500 76759584.00
2025/12/05 39.19 39.56 38.75 39.38 2458524 96388536.00
2025/12/08 39.45 39.53 38.63 39.09 2757700 107417440.00
2025/12/09 38.83 39.30 38.40 38.56 2461900 95419344.00
2025/12/10 38.60 39.80 38.12 39.57 3790237 148888992.00
2025/12/11 39.45 39.77 39.13 39.32 1864154 73436952.00
2025/12/12 39.53 39.93 38.81 39.34 2097400 82753440.00
2025/12/15 39.18 40.10 38.61 38.78 3542600 138776176.00
2025/12/16 38.60 39.30 37.98 39.18 2603000 100630232.00
2025/12/17 39.04 40.74 38.66 40.63 5030213 201097792.00
2025/12/18 40.40 42.13 39.63 39.68 5499520 223899296.00
2025/12/19 39.68 40.40 39.50 39.91 2752600 109895592.00
2025/12/22 39.95 40.38 38.90 38.96 4149600 163256592.00
2025/12/23 39.15 39.29 38.30 38.48 2477053 95775552.00
2025/12/24 38.53 39.45 38.45 39.28 2975214 116210664.00
2025/12/25 39.37 41.48 39.10 40.52 5218510 211085488.00
2025/12/26 40.59 40.59 39.67 40.26 2975300 119327464.00
2025/12/29 40.26 40.28 39.40 39.87 3652709 145463760.00
2025/12/30 39.67 43.20 39.56 42.27 8530604 357506400.00
2025/12/31 42.77 43.85 41.60 43.33 9155641 393979040.00
2026/01/05 43.00 45.45 42.43 45.29 9344157 413368672.00
2026/01/06 45.40 45.80 44.60 45.45 5322038 240483072.00
2026/01/07 44.80 45.55 44.45 44.63 4732829 212659216.00
2026/01/08 44.62 44.90 43.70 43.82 2892372 127787552.00
2026/01/09 43.82 46.87 43.61 46.60 6555600 302119616.00
2026/01/12 47.61 50.40 47.61 49.86 8195181 404074880.00
2026/01/13 50.33 50.33 48.43 48.54 4486135 220756192.00
2026/01/14 48.56 50.50 48.35 49.16 4990899 247382416.00
2026/01/15 48.61 48.93 47.30 47.66 3726339 178450064.00
2026/01/16 47.84 48.40 47.07 48.16 3743001 178409280.00
2026/01/19 47.70 48.11 46.13 46.50 4670190 218696112.00
2026/01/20 46.76 46.99 45.52 45.78 2498000 115064784.00
2026/01/21 45.52 46.56 45.20 46.44 3769373 173742320.00
2026/01/22 46.52 47.20 45.64 46.07 3054312 141827216.00
2026/01/23 46.35 47.18 46.05 46.89 3910600 182788448.00
2026/01/26 47.03 47.48 44.60 44.96 4143690 187849664.00
2026/01/27 45.03 47.97 44.91 47.96 7034830 329271104.00
2026/01/28 47.97 47.97 45.78 46.97 5851800 272328672.00
2026/01/29 46.02 46.80 45.40 45.62 3431380 157446400.00
2026/01/30 45.54 45.82 44.13 44.50 4116780 184604944.00
2026/02/02 44.29 44.61 41.95 42.09 5548455 238532480.00
2026/02/03 42.94 44.21 42.50 44.06 3828785 166469152.00
2026/02/04 44.04 44.11 43.10 44.00 2529226 110546872.00
2026/02/05 43.83 45.36 43.39 44.85 2547426 113146112.00
2026/02/06 44.73 45.12 44.00 44.44 2444300 109041560.00
2026/02/09 45.04 45.13 43.85 44.25 2579939 114136096.00
2026/02/10 44.20 44.29 43.56 44.01 1959330 86143944.00
2026/02/11 43.69 44.37 43.69 44.18 1272522 56206436.00
2026/02/12 44.18 45.45 44.03 44.62 2556140 114611144.00
2026/02/13 44.00 44.64 43.62 43.71 1478000 65100504.00
2026/02/24 44.43 44.83 43.60 44.51 2670500 118112408.00
2026/02/25 44.45 46.08 44.40 45.27 4144300 187927728.00
#Ъ§ОнРДдД:ЭЈДяаХ
