600170 ЩЯКЃНЈЙЄ ШеЯп ЧАИДШЈ
      ШеЦк	    ПЊХЬ	    зюИп	    зюЕЭ	    ЪеХЬ	    ГЩНЛСП	    ГЩНЛЖю
2021/08/02 2.36 2.38 2.34 2.37 20217063 53977492.00
2021/08/03 2.37 2.38 2.35 2.38 20252778 54227396.00
2021/08/04 2.38 2.38 2.36 2.36 15755866 42176360.00
2021/08/05 2.36 2.37 2.34 2.35 16257626 43328712.00
2021/08/06 2.35 2.35 2.33 2.34 12810751 33951932.00
2021/08/09 2.33 2.37 2.33 2.37 16742228 44668540.00
2021/08/10 2.37 2.37 2.36 2.36 11522914 30819396.00
2021/08/11 2.36 2.40 2.36 2.37 24973057 67186984.00
2021/08/12 2.37 2.38 2.37 2.38 11323833 30406182.00
2021/08/13 2.38 2.40 2.38 2.38 19257918 52006820.00
2021/08/16 2.39 2.40 2.38 2.39 16284188 43983840.00
2021/08/17 2.39 2.41 2.38 2.39 25701637 69545064.00
2021/08/18 2.38 2.40 2.38 2.40 19225125 51905404.00
2021/08/19 2.40 2.40 2.36 2.37 21005826 56485608.00
2021/08/20 2.37 2.37 2.35 2.36 15197894 40560532.00
2021/08/23 2.36 2.38 2.36 2.37 13505872 36186564.00
2021/08/24 2.37 2.38 2.36 2.37 12757283 34154076.00
2021/08/25 2.37 2.38 2.36 2.37 17423897 46746116.00
2021/08/26 2.38 2.43 2.37 2.40 39304329 106570272.00
2021/08/27 2.40 2.41 2.39 2.41 18215336 49318428.00
2021/08/30 2.41 2.43 2.40 2.40 18713275 50980400.00
2021/08/31 2.40 2.47 2.40 2.46 42532461 116837816.00
2021/09/01 2.47 2.53 2.47 2.51 58495950 164802720.00
2021/09/02 2.51 2.54 2.50 2.54 46591929 132163088.00
2021/09/03 2.53 2.58 2.53 2.55 53535398 153649888.00
2021/09/06 2.57 2.60 2.55 2.57 48962798 141435920.00
2021/09/07 2.57 2.62 2.56 2.62 46090866 134192440.00
2021/09/08 2.62 2.64 2.61 2.64 45221295 132901152.00
2021/09/09 2.66 2.76 2.65 2.75 81684253 246597456.00
2021/09/10 2.76 2.86 2.72 2.73 115431692 357270368.00
2021/09/13 2.73 2.82 2.72 2.81 68269958 211261808.00
2021/09/14 2.81 2.84 2.69 2.72 76344655 233359632.00
2021/09/15 2.70 2.74 2.69 2.71 50882722 154081312.00
2021/09/16 2.73 2.79 2.71 2.73 50912659 155588128.00
2021/09/17 2.73 2.74 2.64 2.68 52954959 158236928.00
2021/09/22 2.65 2.98 2.64 2.98 268903010 862859072.00
2021/09/23 3.31 3.31 3.18 3.31 312202345 1128585472.00
2021/09/24 3.67 3.67 3.61 3.67 359239385 1429647872.00
2021/09/27 3.77 3.78 3.27 3.28 694977810 2583297024.00
2021/09/28 3.26 3.64 3.25 3.64 224016063 866202624.00
2021/09/29 3.64 4.03 3.50 3.89 693898113 2857357312.00
2021/09/30 3.69 3.89 3.47 3.79 467536817 1861192192.00
2021/10/08 3.69 3.80 3.42 3.54 304971606 1177239552.00
2021/10/11 3.49 3.55 3.16 3.16 262679247 928232192.00
2021/10/12 3.09 3.21 2.97 3.04 200785732 676167872.00
2021/10/13 3.01 3.01 2.85 2.89 162770599 523476320.00
2021/10/14 2.89 2.99 2.88 2.92 123326656 400580256.00
2021/10/15 2.92 2.93 2.77 2.84 137265614 431687872.00
2021/10/18 2.83 2.90 2.81 2.86 90144662 285382048.00
2021/10/19 2.88 3.01 2.82 2.97 171136374 555948224.00
2021/10/20 2.97 3.02 2.89 2.97 106419180 346843264.00
2021/10/21 2.95 3.00 2.92 2.95 89708384 292999168.00
2021/10/22 2.99 3.12 2.97 2.99 148900991 497475232.00
2021/10/25 2.96 3.08 2.90 3.01 113412153 376124640.00
2021/10/26 2.97 3.02 2.87 2.92 140689478 455824768.00
2021/10/27 2.90 3.09 2.90 2.95 109461982 360422720.00
2021/10/28 2.96 2.99 2.84 2.86 102247349 327899744.00
2021/10/29 2.87 3.02 2.85 2.96 106640830 346181728.00
2021/11/01 2.99 3.09 2.94 3.06 118314521 395293952.00
2021/11/02 3.06 3.07 2.85 2.90 142448821 462918656.00
2021/11/03 2.89 3.06 2.88 3.00 113605021 373723552.00
2021/11/04 3.03 3.06 2.93 2.97 108520309 355741120.00
2021/11/05 2.97 2.97 2.88 2.90 79863600 257201344.00
2021/11/08 2.90 2.92 2.85 2.91 53465837 171043088.00
2021/11/09 2.91 2.95 2.86 2.87 54982592 176340304.00
2021/11/10 2.86 2.89 2.82 2.87 72598659 228993104.00
2021/11/11 2.86 2.92 2.85 2.88 60484211 193084688.00
2021/11/12 2.87 2.89 2.81 2.82 83493469 262763632.00
2021/11/15 2.81 2.84 2.77 2.79 65582381 203695312.00
2021/11/16 2.80 2.85 2.79 2.80 63548108 198683360.00
2021/11/17 2.79 2.80 2.77 2.78 43665568 135182496.00
2021/11/18 2.78 2.83 2.77 2.78 45465853 141322208.00
2021/11/19 2.79 2.79 2.75 2.78 79022106 242817296.00
2021/11/22 2.79 2.92 2.79 2.88 122311325 389204960.00
2021/11/23 2.87 2.90 2.85 2.86 59981003 190765392.00
2021/11/24 2.88 2.89 2.79 2.82 68887678 216033600.00
2021/11/25 2.82 2.86 2.80 2.84 48145608 151274544.00
2021/11/26 2.84 2.84 2.78 2.79 53495962 166334640.00
2021/11/29 2.75 2.80 2.74 2.79 54531144 168039216.00
2021/11/30 2.78 2.91 2.77 2.79 97083891 305282688.00
2021/12/01 2.83 2.91 2.79 2.90 92848918 293821600.00
2021/12/02 2.91 2.92 2.87 2.91 74156081 238147472.00
2021/12/03 2.91 3.11 2.89 3.09 162979514 544676864.00
2021/12/06 3.15 3.17 3.02 3.04 115066264 388165984.00
2021/12/07 3.05 3.11 3.02 3.08 93267929 314519136.00
2021/12/08 3.06 3.07 2.99 3.03 92345858 308581856.00
2021/12/09 3.03 3.04 3.00 3.01 65018509 216487664.00
2021/12/10 3.01 3.08 2.98 3.00 94053744 313335232.00
2021/12/13 3.03 3.11 3.00 3.01 104354013 349388608.00
2021/12/14 3.00 3.02 2.92 2.94 87470867 285789280.00
2021/12/15 2.97 3.00 2.93 2.98 60770254 199274736.00
2021/12/16 3.01 3.07 2.98 3.04 93523712 312304544.00
2021/12/17 3.04 3.38 3.04 3.38 267271614 970987648.00
2021/12/20 3.38 3.39 3.22 3.28 347727486 1258487808.00
2021/12/21 3.30 3.45 3.25 3.34 204041874 745706176.00
2021/12/22 3.33 3.40 3.27 3.31 133113521 482183776.00
2021/12/23 3.31 3.36 3.28 3.31 99565917 361237920.00
2021/12/24 3.31 3.43 3.25 3.33 139623584 507001856.00
2021/12/27 3.32 3.32 3.24 3.27 81874705 293689856.00
2021/12/28 3.27 3.29 3.17 3.23 96029688 338024416.00
2021/12/29 3.25 3.30 3.20 3.25 79772334 283658432.00
2021/12/30 3.25 3.35 3.24 3.32 101515737 367879808.00
2021/12/31 3.34 3.45 3.27 3.29 116399052 425489312.00
2022/01/04 3.30 3.37 3.26 3.27 103611251 374553600.00
2022/01/05 3.27 3.30 3.21 3.22 96003479 341077760.00
2022/01/06 3.22 3.38 3.21 3.33 147509642 535512032.00
2022/01/07 3.32 3.41 3.31 3.35 122537677 450149920.00
2022/01/10 3.35 3.40 3.30 3.36 116522771 425975776.00
2022/01/11 3.36 3.55 3.29 3.32 148764950 548991552.00
2022/01/12 3.29 3.31 3.22 3.28 86573219 309352864.00
2022/01/13 3.29 3.31 3.20 3.21 70986509 251983072.00
2022/01/14 3.21 3.21 3.05 3.09 104610258 357948768.00
2022/01/17 3.05 3.09 3.02 3.05 65390206 219779120.00
2022/01/18 3.05 3.17 2.99 3.13 94321111 320102912.00
2022/01/19 3.13 3.28 3.09 3.21 114165624 400932064.00
2022/01/20 3.19 3.26 3.17 3.21 81375745 286898464.00
2022/01/21 3.18 3.20 3.10 3.11 54855944 189648048.00
2022/01/24 3.08 3.18 3.06 3.14 62122909 213511440.00
2022/01/25 3.14 3.14 2.99 2.99 67946362 229285424.00
2022/01/26 3.02 3.08 2.97 3.05 61184595 204788560.00
2022/01/27 3.05 3.10 3.00 3.01 65307188 219534496.00
2022/01/28 3.06 3.06 2.92 2.98 63279788 208767088.00
2022/02/07 3.01 3.20 3.01 3.17 94106892 324645184.00
2022/02/08 3.19 3.28 3.15 3.28 102500302 362178560.00
2022/02/09 3.28 3.33 3.26 3.30 86243514 310731808.00
2022/02/10 3.29 3.38 3.24 3.34 110407708 402976896.00
2022/02/11 3.33 3.41 3.28 3.29 94704784 345369760.00
2022/02/14 3.28 3.32 3.21 3.23 75012890 267490112.00
2022/02/15 3.24 3.27 3.19 3.21 52154356 184054080.00
2022/02/16 3.24 3.40 3.23 3.37 122669091 448916288.00
2022/02/17 3.39 3.40 3.27 3.29 90239601 327468416.00
2022/02/18 3.25 3.47 3.23 3.43 185722942 686770880.00
2022/02/21 3.43 3.43 3.30 3.39 184238753 673630080.00
2022/02/22 3.35 3.35 3.24 3.28 140560787 506161920.00
2022/02/23 3.29 3.30 3.14 3.16 174888544 610175488.00
2022/02/24 3.13 3.13 2.97 3.00 169158311 568687872.00
2022/02/25 3.02 3.08 3.00 3.01 107140191 358862848.00
2022/02/28 3.00 3.02 2.93 2.95 87821168 286726624.00
2022/03/01 2.95 3.00 2.95 2.98 74455740 244546272.00
2022/03/02 2.96 3.01 2.95 2.99 64978393 214103808.00
2022/03/03 2.99 3.09 2.99 3.06 101367479 340050624.00
2022/03/04 3.04 3.06 2.99 3.01 66804398 222124032.00
2022/03/07 3.00 3.05 2.99 3.00 69853305 232512448.00
2022/03/08 2.99 3.01 2.89 2.91 83732085 273257184.00
2022/03/09 2.92 2.97 2.74 2.90 92417055 294523520.00
2022/03/10 2.95 2.98 2.89 2.93 65961240 214547488.00
2022/03/11 2.87 2.89 2.78 2.89 76710010 241070960.00
2022/03/14 2.85 2.92 2.82 2.82 60744431 192990928.00
2022/03/15 2.83 2.83 2.63 2.63 109248516 331200352.00
2022/03/16 2.68 2.71 2.54 2.69 96163020 283274848.00
2022/03/17 2.72 2.76 2.70 2.71 70612059 214229472.00
2022/03/18 2.69 2.81 2.67 2.80 77943557 239152912.00
2022/03/21 2.79 2.83 2.74 2.77 62705141 193485920.00
2022/03/22 2.77 2.83 2.75 2.81 62597156 194325408.00
2022/03/23 2.81 2.83 2.76 2.81 57852861 179755840.00
2022/03/24 2.79 2.82 2.76 2.77 42755453 132606040.00
2022/03/25 2.78 2.83 2.74 2.79 67481180 208880240.00
2022/03/28 2.77 2.86 2.73 2.84 74575416 232472272.00
2022/03/29 2.83 2.84 2.80 2.82 45421645 142059232.00
2022/03/30 2.82 2.93 2.82 2.92 87057046 278090208.00
2022/03/31 2.90 2.97 2.89 2.95 76120913 247610432.00
2022/04/01 2.92 2.97 2.91 2.96 74316112 242153424.00
2022/04/06 2.97 3.08 2.95 3.08 109861814 366430304.00
2022/04/07 3.06 3.08 2.97 2.99 90747519 303224736.00
2022/04/08 3.01 3.15 3.00 3.13 188519325 641048320.00
2022/04/11 3.15 3.15 3.06 3.10 144294209 492696256.00
2022/04/12 3.08 3.13 2.99 3.11 128250022 433182496.00
2022/04/13 3.08 3.10 2.98 2.98 99206384 332379008.00
2022/04/14 3.00 3.07 2.98 3.03 74854486 250674640.00
2022/04/15 3.02 3.06 2.99 2.99 59319747 197750592.00
2022/04/18 3.00 3.01 2.93 2.94 62141606 202930384.00
2022/04/19 2.93 2.97 2.86 2.93 75791385 243267600.00
2022/04/20 2.92 2.94 2.81 2.82 70252025 222585232.00
2022/04/21 2.84 2.84 2.71 2.72 74904676 229851728.00
2022/04/22 2.72 2.79 2.68 2.77 54484406 166482064.00
2022/04/25 2.74 2.79 2.66 2.66 82187265 249435536.00
2022/04/26 2.67 2.83 2.65 2.74 87694048 267598992.00
2022/04/27 2.77 2.87 2.73 2.83 103987599 323693120.00
2022/04/28 2.79 2.93 2.77 2.89 110391936 349905696.00
2022/04/29 2.91 2.93 2.83 2.93 113639482 363263552.00
2022/05/05 2.86 2.94 2.81 2.85 155964132 492407456.00
2022/05/06 2.80 2.80 2.66 2.68 119769400 361702336.00
2022/05/09 2.68 2.79 2.65 2.72 93528176 284225920.00
2022/05/10 2.68 2.94 2.67 2.92 199411912 625595712.00
2022/05/11 2.95 2.95 2.84 2.87 148553194 475338784.00
2022/05/12 2.87 3.04 2.83 2.93 153589291 498979552.00
2022/05/13 2.90 2.95 2.83 2.88 96547328 307414432.00
2022/05/16 2.91 2.93 2.83 2.85 71849899 227458352.00
2022/05/17 2.84 2.85 2.73 2.77 84389629 259619808.00
2022/05/18 2.77 2.80 2.75 2.76 52879111 163202624.00
2022/05/19 2.73 2.79 2.71 2.78 56240448 172218624.00
2022/05/20 2.77 2.79 2.76 2.79 59650296 183972160.00
2022/05/23 2.79 2.80 2.75 2.76 43925573 135035168.00
2022/05/24 2.77 2.77 2.69 2.69 68681152 208190592.00
2022/05/25 2.69 2.74 2.68 2.73 48046364 145302368.00
2022/05/26 2.74 2.78 2.73 2.77 65538315 201433840.00
2022/05/27 2.77 2.88 2.74 2.84 126279896 395859968.00
2022/05/30 2.93 2.99 2.85 2.88 159461382 515000960.00
2022/05/31 2.84 2.86 2.79 2.83 106972113 335080128.00
2022/06/01 2.83 2.86 2.76 2.78 81717941 253987392.00
2022/06/02 2.79 2.80 2.76 2.79 48944179 151110016.00
2022/06/06 2.78 2.78 2.73 2.77 58943586 180952896.00
2022/06/07 2.78 2.78 2.75 2.77 45899713 141084288.00
2022/06/08 2.77 2.78 2.73 2.76 53815782 165025296.00
2022/06/09 2.76 2.82 2.74 2.81 86393083 268572192.00
2022/06/10 2.80 2.81 2.77 2.78 80057447 247889680.00
2022/06/13 2.77 2.80 2.73 2.75 69592909 213081296.00
2022/06/14 2.73 2.78 2.72 2.78 54934764 168488320.00
2022/06/15 2.78 2.84 2.77 2.78 123269081 383764352.00
2022/06/16 2.79 2.79 2.74 2.74 74949967 229844896.00
2022/06/17 2.73 2.75 2.72 2.75 51136020 155725136.00
2022/06/20 2.75 2.76 2.73 2.73 36325778 110780040.00
2022/06/21 2.73 2.76 2.73 2.75 43791981 133584312.00
2022/06/22 2.75 2.75 2.71 2.71 37099214 112576136.00
2022/06/23 2.71 2.73 2.70 2.71 57624181 174111680.00
2022/06/24 2.72 2.72 2.69 2.71 43410883 130903408.00
2022/06/27 2.71 2.72 2.70 2.70 33314605 100520040.00
2022/06/28 2.70 2.72 2.69 2.71 43470290 131027664.00
2022/06/29 2.71 2.74 2.70 2.73 52258895 158676272.00
2022/06/30 2.72 2.73 2.70 2.72 47855638 144824640.00
2022/07/01 2.72 2.74 2.71 2.72 32452201 98587408.00
2022/07/04 2.73 2.73 2.69 2.70 40928543 123388360.00
2022/07/05 2.71 2.71 2.68 2.70 39482583 118735144.00
2022/07/06 2.70 2.70 2.66 2.67 39835904 118720856.00
2022/07/07 2.68 2.69 2.67 2.67 20282557 60575784.00
2022/07/08 2.67 2.69 2.67 2.68 21554209 64432920.00
2022/07/11 2.68 2.70 2.66 2.68 32338486 96794136.00
2022/07/12 2.68 2.74 2.67 2.72 56813946 172177184.00
2022/07/13 2.74 2.75 2.70 2.72 47340020 143972800.00
2022/07/14 2.71 2.72 2.67 2.68 42541892 127384040.00
2022/07/15 2.65 2.65 2.59 2.59 63827099 186578272.00
2022/07/18 2.59 2.64 2.59 2.62 31898121 93468728.00
2022/07/19 2.63 2.64 2.61 2.62 27099797 79499680.00
2022/07/20 2.63 2.64 2.62 2.64 18301808 53872060.00
2022/07/21 2.63 2.64 2.61 2.62 26143770 76621352.00
2022/07/22 2.61 2.63 2.59 2.61 27355694 79920496.00
2022/07/25 2.61 2.62 2.58 2.59 25568340 74319664.00
2022/07/26 2.61 2.63 2.59 2.62 20017995 58563736.00
2022/07/27 2.63 2.64 2.62 2.63 16985154 49889636.00
2022/07/28 2.63 2.65 2.63 2.63 23818436 70168952.00
2022/07/29 2.64 2.65 2.62 2.62 26917707 79204288.00
2022/08/01 2.63 2.63 2.61 2.62 27878419 77798616.00
2022/08/02 2.61 2.62 2.52 2.56 49345501 134600688.00
2022/08/03 2.55 2.58 2.52 2.52 29694570 80712432.00
2022/08/04 2.53 2.55 2.52 2.53 19479374 52673880.00
2022/08/05 2.53 2.57 2.52 2.56 24244819 65787076.00
2022/08/08 2.56 2.58 2.55 2.55 15696370 42920808.00
2022/08/09 2.56 2.56 2.54 2.55 18153319 49378724.00
2022/08/10 2.56 2.56 2.52 2.53 21970848 59372324.00
2022/08/11 2.54 2.57 2.53 2.55 32950931 89791496.00
2022/08/12 2.55 2.58 2.55 2.57 27831540 76109600.00
2022/08/15 2.57 2.59 2.56 2.57 27840401 76377776.00
2022/08/16 2.57 2.60 2.57 2.58 25569928 70534304.00
2022/08/17 2.59 2.60 2.57 2.58 20324078 55925512.00
2022/08/18 2.57 2.58 2.54 2.54 19875996 54130940.00
2022/08/19 2.54 2.57 2.54 2.55 22193060 60460884.00
2022/08/22 2.54 2.59 2.54 2.58 35335778 96939536.00
2022/08/23 2.59 2.59 2.56 2.56 26131979 71612984.00
2022/08/24 2.56 2.58 2.54 2.55 35361765 96414896.00
2022/08/25 2.54 2.57 2.54 2.56 24795902 67509784.00
2022/08/26 2.57 2.57 2.53 2.54 28537076 77566376.00
2022/08/29 2.53 2.56 2.51 2.55 26551975 71940064.00
2022/08/30 2.56 2.58 2.55 2.57 26044399 71228232.00
2022/08/31 2.55 2.56 2.53 2.54 30677121 83226944.00
2022/09/01 2.54 2.56 2.51 2.51 28918852 78270776.00
2022/09/02 2.53 2.53 2.51 2.51 23864882 64100148.00
2022/09/05 2.51 2.52 2.49 2.50 32234884 86069784.00
2022/09/06 2.50 2.54 2.50 2.53 28644505 77254688.00
2022/09/07 2.54 2.55 2.51 2.54 36212550 97842936.00
2022/09/08 2.54 2.56 2.52 2.56 30593517 83052528.00
2022/09/09 2.56 2.59 2.55 2.58 41423714 113685872.00
2022/09/13 2.59 2.62 2.57 2.58 52293386 144530400.00
2022/09/14 2.56 2.58 2.54 2.55 29371501 80140408.00
2022/09/15 2.57 2.59 2.52 2.55 38862989 106012712.00
2022/09/16 2.55 2.56 2.48 2.48 49423521 132362864.00
2022/09/19 2.48 2.49 2.45 2.45 34261754 90210024.00
2022/09/20 2.46 2.47 2.43 2.43 20579840 53873828.00
2022/09/21 2.43 2.46 2.40 2.45 24742708 64339568.00
2022/09/22 2.43 2.46 2.41 2.42 20857620 54183376.00
2022/09/23 2.42 2.44 2.40 2.42 23044418 59734704.00
2022/09/26 2.42 2.42 2.36 2.36 29140979 74563944.00
2022/09/27 2.36 2.42 2.36 2.41 26219586 67313104.00
2022/09/28 2.41 2.41 2.38 2.39 20961789 53674524.00
2022/09/29 2.40 2.42 2.34 2.36 34939731 89154056.00
2022/09/30 2.34 2.39 2.34 2.36 24276146 61489144.00
2022/10/10 2.36 2.41 2.35 2.37 22250178 56882964.00
2022/10/11 2.37 2.38 2.34 2.37 19413751 49186524.00
2022/10/12 2.37 2.40 2.33 2.39 29051649 73485744.00
2022/10/13 2.38 2.38 2.35 2.36 24340920 61735596.00
2022/10/14 2.36 2.42 2.36 2.40 31059641 79833408.00
2022/10/17 2.41 2.44 2.39 2.42 24415047 63152008.00
2022/10/18 2.43 2.45 2.42 2.43 20190941 52632452.00
2022/10/19 2.43 2.45 2.40 2.41 21304951 55357804.00
2022/10/20 2.41 2.43 2.39 2.41 19090281 49277920.00
2022/10/21 2.44 2.50 2.43 2.44 37696840 99261952.00
2022/10/24 2.44 2.47 2.37 2.39 32392722 83603680.00
2022/10/25 2.39 2.41 2.35 2.38 21171120 53998560.00
2022/10/26 2.38 2.41 2.37 2.39 21087489 54017732.00
2022/10/27 2.40 2.44 2.39 2.42 24026950 62214516.00
2022/10/28 2.42 2.43 2.36 2.37 25848232 66053552.00
2022/10/31 2.36 2.41 2.34 2.40 22749659 58105840.00
2022/11/01 2.39 2.43 2.39 2.43 30646703 79295592.00
2022/11/02 2.42 2.44 2.42 2.43 22136124 57513468.00
2022/11/03 2.43 2.46 2.42 2.44 21956660 57278892.00
2022/11/04 2.44 2.46 2.43 2.45 26796517 70078792.00
2022/11/07 2.44 2.48 2.44 2.47 30698032 80872920.00
2022/11/08 2.47 2.47 2.44 2.45 18262154 47950792.00
2022/11/09 2.46 2.47 2.44 2.44 20061136 52662580.00
2022/11/10 2.44 2.46 2.42 2.45 22778097 59419736.00
2022/11/11 2.47 2.53 2.46 2.50 53954518 143647936.00
2022/11/14 2.52 2.56 2.51 2.54 45919694 124503760.00
2022/11/15 2.53 2.54 2.52 2.53 28463816 76875568.00
2022/11/16 2.52 2.54 2.51 2.51 21347773 57509944.00
2022/11/17 2.51 2.53 2.50 2.52 21870687 58714228.00
2022/11/18 2.53 2.54 2.50 2.52 27080255 72816744.00
2022/11/21 2.51 2.52 2.47 2.49 29068359 77505720.00
2022/11/22 2.50 2.61 2.49 2.56 63989167 174055184.00
2022/11/23 2.56 2.61 2.54 2.57 60413347 165765088.00
2022/11/24 2.57 2.58 2.53 2.55 30417360 82758256.00
2022/11/25 2.54 2.59 2.54 2.58 42634681 117024680.00
2022/11/28 2.57 2.60 2.55 2.58 38528076 105705992.00
2022/11/29 2.59 2.68 2.58 2.66 106889107 300141824.00
2022/11/30 2.65 2.67 2.62 2.62 53474188 150114560.00
2022/12/01 2.64 2.65 2.58 2.59 47975293 133421432.00
2022/12/02 2.60 2.63 2.58 2.62 47818069 132653608.00
2022/12/05 2.62 2.69 2.62 2.67 79124876 224512208.00
2022/12/06 2.66 2.69 2.61 2.62 51056402 143341200.00
2022/12/07 2.62 2.64 2.59 2.60 47768819 132906088.00
2022/12/08 2.59 2.61 2.55 2.57 95329372 262019856.00
2022/12/09 2.57 2.61 2.56 2.61 95411497 263324240.00
2022/12/12 2.60 2.60 2.54 2.55 56146623 153687056.00
2022/12/13 2.56 2.60 2.55 2.58 34976635 96132192.00
2022/12/14 2.58 2.59 2.55 2.55 31316725 85676224.00
2022/12/15 2.55 2.57 2.52 2.52 31044587 84108032.00
2022/12/16 2.53 2.55 2.50 2.52 48066962 129632064.00
2022/12/19 2.52 2.54 2.48 2.48 46165716 123742920.00
2022/12/20 2.48 2.50 2.46 2.47 26611962 70542848.00
2022/12/21 2.48 2.49 2.44 2.45 23807641 62738488.00
2022/12/22 2.45 2.48 2.41 2.42 25840294 67614176.00
2022/12/23 2.42 2.45 2.41 2.42 19659542 51050928.00
2022/12/26 2.42 2.43 2.36 2.40 50692838 130304416.00
2022/12/27 2.41 2.46 2.40 2.44 34878901 90851560.00
2022/12/28 2.43 2.45 2.39 2.43 26224860 68230584.00
2022/12/29 2.43 2.44 2.39 2.40 22074626 56855808.00
2022/12/30 2.40 2.45 2.40 2.43 28588267 74232368.00
2023/01/03 2.43 2.46 2.41 2.44 32712136 85485536.00
2023/01/04 2.44 2.47 2.43 2.47 45133318 118584424.00
2023/01/05 2.46 2.47 2.44 2.46 25944069 68114736.00
2023/01/06 2.45 2.46 2.42 2.43 24911776 65043232.00
2023/01/09 2.43 2.45 2.42 2.42 28155603 73267304.00
2023/01/10 2.43 2.43 2.40 2.40 23890767 61660700.00
2023/01/11 2.40 2.42 2.39 2.40 26147464 67335872.00
2023/01/12 2.39 2.41 2.37 2.38 36356641 92834528.00
2023/01/13 2.38 2.40 2.37 2.40 22507590 57575568.00
2023/01/16 2.40 2.44 2.39 2.42 34214562 88594600.00
2023/01/17 2.42 2.43 2.39 2.39 34702251 89082144.00
2023/01/18 2.40 2.43 2.39 2.42 27886285 72003904.00
2023/01/19 2.41 2.43 2.40 2.43 22885300 59147868.00
2023/01/20 2.43 2.46 2.42 2.46 43731369 114305664.00
2023/01/30 2.48 2.49 2.45 2.45 69034628 181869728.00
2023/01/31 2.46 2.47 2.44 2.46 47345481 124536112.00
2023/02/01 2.47 2.49 2.45 2.48 59220585 156539632.00
2023/02/02 2.48 2.50 2.47 2.49 49250788 130615680.00
2023/02/03 2.48 2.49 2.45 2.46 37597481 99008368.00
2023/02/06 2.46 2.49 2.45 2.48 50710462 134153888.00
2023/02/07 2.48 2.52 2.47 2.51 55170787 147181536.00
2023/02/08 2.52 2.52 2.48 2.49 36420327 97266992.00
2023/02/09 2.48 2.51 2.48 2.50 38223950 102060456.00
2023/02/10 2.50 2.54 2.50 2.52 39319798 105824408.00
2023/02/13 2.52 2.55 2.50 2.53 53119257 143209856.00
2023/02/14 2.53 2.55 2.52 2.53 35311885 95476720.00
2023/02/15 2.54 2.54 2.51 2.52 30716488 82700320.00
2023/02/16 2.51 2.55 2.49 2.51 52739289 142178976.00
2023/02/17 2.51 2.52 2.48 2.49 44240285 118264832.00
2023/02/20 2.49 2.55 2.48 2.55 52064165 140626784.00
2023/02/21 2.54 2.57 2.53 2.55 36984857 100659520.00
2023/02/22 2.54 2.57 2.53 2.56 35891237 97637936.00
2023/02/23 2.56 2.57 2.52 2.54 37840059 102585000.00
2023/02/24 2.54 2.55 2.52 2.54 25627252 69285200.00
2023/02/27 2.53 2.54 2.50 2.51 33011721 88900848.00
2023/02/28 2.51 2.55 2.51 2.54 44258060 119713880.00
2023/03/01 2.55 2.57 2.53 2.54 97824346 265877040.00
2023/03/02 2.54 2.60 2.54 2.57 77087259 211446528.00
2023/03/03 2.58 2.63 2.57 2.62 86094593 238961040.00
2023/03/06 2.63 2.65 2.59 2.59 53840384 149546880.00
2023/03/07 2.59 2.63 2.58 2.58 66497586 184692768.00
2023/03/08 2.58 2.59 2.56 2.57 47432656 130029344.00
2023/03/09 2.58 2.63 2.57 2.61 56187395 155470032.00
2023/03/10 2.60 2.60 2.54 2.54 49962277 136407648.00
2023/03/13 2.53 2.58 2.53 2.58 45504625 124376448.00
2023/03/14 2.57 2.59 2.54 2.55 40564567 110943904.00
2023/03/15 2.55 2.63 2.55 2.62 69609167 192681088.00
2023/03/16 2.61 2.62 2.58 2.59 44203392 122532976.00
2023/03/17 2.60 2.65 2.59 2.63 67648782 189382864.00
2023/03/20 2.63 2.68 2.60 2.61 79987804 225227776.00
2023/03/21 2.62 2.63 2.58 2.59 48552497 134279184.00
2023/03/22 2.60 2.62 2.57 2.60 38018555 105253808.00
2023/03/23 2.60 2.65 2.59 2.64 51724537 144575472.00
2023/03/24 2.65 2.65 2.61 2.62 45225936 126519456.00
2023/03/27 2.62 2.64 2.60 2.62 43513351 121335112.00
2023/03/28 2.63 2.64 2.60 2.60 38051372 105864376.00
2023/03/29 2.61 2.61 2.56 2.57 37954668 104351136.00
2023/03/30 2.56 2.58 2.54 2.56 50246129 136726864.00
2023/03/31 2.56 2.58 2.55 2.56 32432037 88736976.00
2023/04/03 2.56 2.60 2.55 2.58 42257572 116335488.00
2023/04/04 2.58 2.64 2.58 2.63 59163419 165081248.00
2023/04/06 2.63 2.64 2.61 2.62 40660856 113634016.00
2023/04/07 2.63 2.63 2.59 2.60 35050672 97359480.00
2023/04/10 2.60 2.61 2.56 2.57 48736557 133877056.00
2023/04/11 2.57 2.63 2.55 2.63 70386523 195145648.00
2023/04/12 2.62 2.64 2.61 2.63 43309548 121201880.00
2023/04/13 2.63 2.65 2.62 2.64 69011071 193805824.00
2023/04/14 2.64 2.72 2.63 2.70 98565889 280996224.00
2023/04/17 2.71 2.75 2.69 2.70 91698307 263655280.00
2023/04/18 2.70 2.72 2.66 2.69 65504585 187529200.00
2023/04/19 2.70 2.71 2.67 2.68 53570561 153290624.00
2023/04/20 2.68 2.71 2.65 2.70 58329932 166573648.00
2023/04/21 2.70 2.73 2.65 2.65 58573725 167444640.00
2023/04/24 2.66 2.69 2.64 2.65 54132556 153237072.00
2023/04/25 2.66 2.67 2.59 2.63 47398047 132897728.00
2023/04/26 2.63 2.65 2.61 2.63 42521316 119029280.00
2023/04/27 2.63 2.69 2.62 2.68 47321510 134059704.00
2023/04/28 2.68 2.70 2.66 2.68 106101536 302518016.00
2023/05/04 2.67 2.73 2.65 2.68 157450705 450059104.00
2023/05/05 2.69 2.82 2.68 2.80 230505829 675389184.00
2023/05/08 2.83 2.87 2.77 2.79 203547597 605288896.00
2023/05/09 2.79 2.84 2.75 2.76 149207906 441544256.00
2023/05/10 2.77 2.78 2.69 2.71 102898702 298097504.00
2023/05/11 2.72 2.73 2.68 2.70 69184942 198472592.00
2023/05/12 2.69 2.70 2.62 2.63 91987361 260035952.00
2023/05/15 2.63 2.64 2.54 2.60 110446684 303843488.00
2023/05/16 2.60 2.60 2.54 2.55 72876452 199802752.00
2023/05/17 2.55 2.57 2.54 2.55 62534140 170306368.00
2023/05/18 2.56 2.57 2.53 2.54 80556571 218963568.00
2023/05/19 2.54 2.55 2.48 2.49 88328702 235618400.00
2023/05/22 2.49 2.50 2.45 2.45 87899508 232005792.00
2023/05/23 2.45 2.48 2.43 2.43 64850978 169982512.00
2023/05/24 2.44 2.44 2.40 2.41 73179267 189229328.00
2023/05/25 2.40 2.42 2.39 2.42 47977391 123684672.00
2023/05/26 2.42 2.46 2.41 2.44 37945711 98766736.00
2023/05/29 2.44 2.46 2.42 2.42 56735799 148185920.00
2023/05/30 2.42 2.48 2.42 2.48 68481833 179606128.00
2023/05/31 2.46 2.48 2.45 2.47 44269903 116540040.00
2023/06/01 2.47 2.49 2.45 2.47 45928776 121315056.00
2023/06/02 2.47 2.49 2.47 2.48 41787487 110757664.00
2023/06/05 2.49 2.50 2.47 2.48 37160521 98557704.00
2023/06/06 2.48 2.49 2.45 2.46 45504025 120282400.00
2023/06/07 2.46 2.50 2.46 2.49 56069637 149018688.00
2023/06/08 2.49 2.56 2.49 2.55 77549358 209425072.00
2023/06/09 2.55 2.61 2.54 2.60 104928226 288839136.00
2023/06/12 2.61 2.61 2.57 2.58 68004245 187728928.00
2023/06/13 2.57 2.59 2.53 2.55 50399015 137173808.00
2023/06/14 2.55 2.57 2.52 2.53 38870559 105469080.00
2023/06/15 2.53 2.54 2.50 2.54 42924955 115659528.00
2023/06/16 2.55 2.56 2.52 2.53 47836555 129318960.00
2023/06/19 2.53 2.53 2.47 2.49 48798442 129944912.00
2023/06/20 2.50 2.51 2.46 2.47 46295988 122910960.00
2023/06/21 2.46 2.49 2.44 2.44 48160135 126954272.00
2023/06/26 2.44 2.44 2.41 2.41 46639537 120865384.00
2023/06/27 2.42 2.48 2.41 2.48 54583697 142831152.00
2023/06/28 2.47 2.53 2.46 2.52 53752337 143326208.00
2023/06/29 2.51 2.53 2.50 2.51 36188215 97130624.00
2023/06/30 2.51 2.55 2.50 2.52 35597244 96076864.00
2023/07/03 2.52 2.55 2.52 2.54 45359488 122779416.00
2023/07/04 2.53 2.55 2.52 2.54 35074578 94992320.00
2023/07/05 2.53 2.56 2.53 2.54 25309731 68720424.00
2023/07/06 2.53 2.54 2.52 2.52 21160162 57073496.00
2023/07/07 2.52 2.54 2.52 2.53 26661583 72019120.00
2023/07/10 2.53 2.56 2.52 2.55 36139571 97929824.00
2023/07/11 2.54 2.57 2.53 2.57 41600170 113509104.00
2023/07/12 2.57 2.57 2.52 2.52 37441909 101450896.00
2023/07/13 2.53 2.56 2.52 2.55 26519356 71979872.00
2023/07/14 2.56 2.56 2.53 2.56 34561205 94008432.00
2023/07/17 2.55 2.56 2.53 2.55 24231584 65721916.00
2023/07/18 2.55 2.56 2.53 2.55 29715264 80704904.00
2023/07/19 2.56 2.59 2.54 2.58 48965097 134422624.00
2023/07/20 2.59 2.60 2.56 2.57 33718506 92717752.00
2023/07/21 2.56 2.59 2.56 2.58 29145446 80165920.00
2023/07/24 2.60 2.63 2.59 2.62 54646881 151943632.00
2023/07/25 2.64 2.68 2.63 2.68 85595690 242382592.00
2023/07/26 2.68 2.72 2.67 2.71 85953294 247052864.00
2023/07/27 2.71 2.74 2.69 2.72 75943808 219437648.00
2023/07/28 2.71 2.76 2.70 2.75 70484062 204699792.00
2023/07/31 2.76 2.81 2.75 2.80 95379751 282254080.00
2023/08/01 2.81 2.86 2.78 2.82 125584963 376098816.00
2023/08/02 2.81 2.83 2.77 2.79 94721428 280989376.00
2023/08/03 2.78 2.80 2.73 2.78 69263239 203910384.00
2023/08/04 2.80 2.83 2.77 2.79 101036709 299727488.00
2023/08/07 2.80 2.80 2.74 2.76 54235962 159094560.00
2023/08/08 2.76 2.77 2.74 2.74 36513214 106713088.00
2023/08/09 2.74 2.76 2.73 2.73 33625616 97860592.00
2023/08/10 2.74 2.78 2.73 2.76 35363471 101647960.00
2023/08/11 2.75 2.78 2.70 2.70 47383540 135005344.00
2023/08/14 2.70 2.74 2.66 2.72 42739038 120695888.00
2023/08/15 2.73 2.75 2.70 2.74 42908506 122197584.00
2023/08/16 2.72 2.75 2.69 2.72 33704952 95688224.00
2023/08/17 2.71 2.72 2.68 2.72 39463059 111291632.00
2023/08/18 2.71 2.75 2.69 2.70 41837259 118865248.00
2023/08/21 2.70 2.75 2.70 2.70 42808437 121529584.00
2023/08/22 2.71 2.72 2.68 2.71 42791342 120622864.00
2023/08/23 2.72 2.72 2.67 2.67 38739243 109122784.00
2023/08/24 2.69 2.70 2.62 2.64 49193769 136329872.00
2023/08/25 2.64 2.73 2.62 2.68 65882884 184854096.00
2023/08/28 2.81 2.84 2.70 2.71 74192187 213292016.00
2023/08/29 2.72 2.77 2.70 2.73 77101707 219888128.00
2023/08/30 2.72 2.73 2.66 2.66 57098500 160153824.00
2023/08/31 2.68 2.72 2.66 2.68 53774221 150598624.00
2023/09/01 2.67 2.68 2.65 2.66 44739035 124430272.00
2023/09/04 2.67 2.72 2.66 2.71 64225598 181128320.00
2023/09/05 2.70 2.71 2.66 2.68 42440507 118730168.00
2023/09/06 2.68 2.68 2.65 2.66 36109922 100563840.00
2023/09/07 2.66 2.67 2.63 2.63 40889590 113144480.00
2023/09/08 2.63 2.64 2.59 2.59 54147793 147626592.00
2023/09/11 2.59 2.66 2.59 2.66 68937505 190276480.00
2023/09/12 2.66 2.67 2.63 2.65 32292100 89392912.00
2023/09/13 2.66 2.68 2.65 2.67 43766222 122073072.00
2023/09/14 2.69 2.71 2.67 2.71 49766217 140249760.00
2023/09/15 2.71 2.71 2.67 2.68 43901084 123171120.00
2023/09/18 2.68 2.69 2.65 2.67 36417300 101458344.00
2023/09/19 2.67 2.71 2.66 2.70 36255241 101921168.00
2023/09/20 2.70 2.71 2.68 2.70 34871880 98390544.00
2023/09/21 2.70 2.70 2.66 2.67 28660115 80166184.00
2023/09/22 2.67 2.70 2.65 2.68 33275670 92988328.00
2023/09/25 2.68 2.69 2.66 2.67 31170156 87061864.00
2023/09/26 2.68 2.69 2.66 2.66 31968126 89275160.00
2023/09/27 2.68 2.71 2.67 2.70 40729792 114520528.00
2023/09/28 2.69 2.70 2.63 2.63 74659081 206462784.00
2023/10/09 2.63 2.68 2.62 2.65 62934590 173996864.00
2023/10/10 2.65 2.67 2.56 2.56 76661488 207567424.00
2023/10/11 2.57 2.61 2.56 2.57 57614961 155900480.00
2023/10/12 2.59 2.65 2.58 2.64 69527259 191425312.00
2023/10/13 2.63 2.63 2.57 2.59 49197409 133467168.00
2023/10/16 2.60 2.61 2.58 2.59 32025077 86951864.00
2023/10/17 2.60 2.61 2.59 2.60 21895031 59533704.00
2023/10/18 2.60 2.61 2.58 2.61 43937611 119452520.00
2023/10/19 2.58 2.59 2.53 2.53 54115689 144626144.00
2023/10/20 2.53 2.56 2.51 2.52 38377077 101778408.00
2023/10/23 2.52 2.53 2.44 2.45 40749355 105750144.00
2023/10/24 2.47 2.49 2.45 2.48 49500511 128182976.00
2023/10/25 2.52 2.57 2.52 2.56 65655601 175468432.00
2023/10/26 2.54 2.58 2.53 2.57 38693881 103566640.00
2023/10/27 2.57 2.60 2.55 2.58 37638433 101687952.00
2023/10/30 2.58 2.59 2.54 2.54 45286007 121315096.00
2023/10/31 2.55 2.56 2.49 2.51 56056858 147707488.00
2023/11/01 2.51 2.52 2.46 2.46 86065180 223570688.00
2023/11/02 2.46 2.48 2.44 2.44 58232127 149874944.00
2023/11/03 2.44 2.47 2.44 2.44 73773476 189449440.00
2023/11/06 2.45 2.48 2.45 2.47 74485441 192234096.00
2023/11/07 2.47 2.49 2.46 2.47 62466676 162058896.00
2023/11/08 2.47 2.48 2.44 2.46 69740409 179839312.00
2023/11/09 2.45 2.47 2.45 2.45 46008035 118543464.00
2023/11/10 2.45 2.46 2.41 2.42 64575904 164472704.00
2023/11/13 2.43 2.45 2.42 2.45 43601885 111390360.00
2023/11/14 2.44 2.48 2.44 2.46 61551709 158834576.00
2023/11/15 2.47 2.48 2.45 2.46 41842584 108011976.00
2023/11/16 2.46 2.46 2.43 2.43 36933279 94671544.00
2023/11/17 2.43 2.44 2.42 2.43 49585764 126376664.00
2023/11/20 2.43 2.44 2.42 2.44 32843753 83834128.00
2023/11/21 2.44 2.46 2.43 2.44 62940233 161501952.00
2023/11/22 2.43 2.44 2.41 2.42 47617678 121324520.00
2023/11/23 2.42 2.44 2.41 2.43 48247693 122864848.00
2023/11/24 2.43 2.45 2.42 2.42 48446063 123787360.00
2023/11/27 2.42 2.43 2.39 2.40 58847741 148657600.00
2023/11/28 2.40 2.41 2.39 2.40 45826352 115497968.00
2023/11/29 2.40 2.41 2.39 2.40 44106936 110970064.00
2023/11/30 2.39 2.40 2.38 2.38 48391639 121268448.00
2023/12/01 2.39 2.41 2.38 2.40 47772832 120363680.00
2023/12/04 2.40 2.42 2.40 2.41 47404738 119870568.00
2023/12/05 2.41 2.41 2.38 2.38 41792973 105093032.00
2023/12/06 2.38 2.40 2.37 2.38 40416825 101155664.00
2023/12/07 2.38 2.39 2.37 2.38 52811271 131999928.00
2023/12/08 2.38 2.41 2.37 2.38 88600664 222160448.00
2023/12/11 2.38 2.39 2.34 2.38 97334815 241579712.00
2023/12/12 2.38 2.42 2.36 2.41 86330210 217775024.00
2023/12/13 2.42 2.42 2.39 2.40 41774245 105544744.00
2023/12/14 2.40 2.41 2.40 2.40 32486102 82006768.00
2023/12/15 2.40 2.42 2.37 2.37 61420173 154690768.00
2023/12/18 2.37 2.41 2.37 2.38 67634123 169752912.00
2023/12/19 2.38 2.38 2.33 2.35 80820726 199386304.00
2023/12/20 2.34 2.35 2.32 2.33 36482514 89554760.00
2023/12/21 2.32 2.33 2.30 2.32 54805288 133637840.00
2023/12/22 2.33 2.34 2.30 2.33 49405236 120719440.00
2023/12/25 2.33 2.34 2.31 2.31 25996904 63410504.00
2023/12/26 2.31 2.32 2.27 2.30 40484651 97822352.00
2023/12/27 2.29 2.29 2.22 2.23 91334950 215734704.00
2023/12/28 2.23 2.25 2.21 2.23 156233846 367347040.00
2023/12/29 2.23 2.23 2.21 2.22 101932577 238422752.00
2024/01/02 2.22 2.26 2.21 2.25 94880010 223876832.00
2024/01/03 2.24 2.27 2.24 2.26 58742857 139759360.00
2024/01/04 2.26 2.27 2.22 2.23 63358733 149529392.00
2024/01/05 2.23 2.27 2.22 2.24 74992922 177575536.00
2024/01/08 2.24 2.25 2.19 2.19 65974073 154034496.00
2024/01/09 2.19 2.21 2.18 2.20 37858137 87769592.00
2024/01/10 2.20 2.21 2.18 2.19 27385902 63526088.00
2024/01/11 2.19 2.22 2.19 2.21 34427514 80108144.00
2024/01/12 2.21 2.24 2.21 2.22 45680924 107085304.00
2024/01/15 2.21 2.24 2.20 2.22 38158022 89317088.00
2024/01/16 2.22 2.24 2.20 2.21 47152459 110319176.00
2024/01/17 2.21 2.23 2.18 2.18 55424425 128955808.00
2024/01/18 2.18 2.18 2.11 2.16 88179313 199460768.00
2024/01/19 2.15 2.17 2.14 2.15 37887331 86161400.00
2024/01/22 2.15 2.16 2.06 2.07 61258729 136805488.00
2024/01/23 2.07 2.11 2.04 2.10 54641343 119871608.00
2024/01/24 2.11 2.20 2.10 2.20 120485051 274944864.00
2024/01/25 2.21 2.31 2.19 2.30 131686225 313480992.00
2024/01/26 2.30 2.37 2.27 2.31 188133233 457763616.00
2024/01/29 2.31 2.37 2.29 2.31 182739170 446671904.00
2024/01/30 2.27 2.33 2.24 2.25 127913460 307320352.00
2024/01/31 2.25 2.27 2.18 2.20 113154681 264710912.00
2024/02/01 2.19 2.20 2.15 2.15 99334152 227610080.00
2024/02/02 2.16 2.22 2.09 2.15 117368304 268006496.00
2024/02/05 2.15 2.17 2.06 2.12 124177456 276869664.00
2024/02/06 2.11 2.23 2.09 2.21 121454272 276941664.00
2024/02/07 2.22 2.35 2.20 2.34 181769904 438873696.00
2024/02/08 2.34 2.42 2.33 2.35 163426416 409155104.00
2024/02/19 2.38 2.38 2.29 2.30 113760296 277683296.00
2024/02/20 2.30 2.31 2.29 2.30 59212788 143266592.00
2024/02/21 2.30 2.35 2.29 2.32 95685824 233684112.00
2024/02/22 2.31 2.33 2.29 2.31 66258280 160747840.00
2024/02/23 2.32 2.32 2.29 2.30 50655608 122675592.00
2024/02/26 2.31 2.32 2.29 2.29 63930632 154731888.00
2024/02/27 2.29 2.31 2.28 2.31 63308460 153115248.00
2024/02/28 2.31 2.34 2.30 2.30 99402808 242888128.00
2024/02/29 2.30 2.33 2.29 2.33 75934448 184861728.00
2024/03/01 2.33 2.34 2.30 2.31 52822720 128650272.00
2024/03/04 2.30 2.31 2.28 2.29 58981316 142135760.00
2024/03/05 2.28 2.29 2.27 2.28 51970240 124849056.00
2024/03/06 2.28 2.30 2.27 2.28 45289168 108827536.00
2024/03/07 2.28 2.32 2.28 2.28 62762936 151742576.00
2024/03/08 2.28 2.30 2.27 2.30 42655256 102846424.00
2024/03/11 2.30 2.32 2.29 2.31 44590692 108097496.00
2024/03/12 2.32 2.32 2.30 2.31 53300120 129528656.00
2024/03/13 2.31 2.31 2.28 2.29 54206804 130924056.00
2024/03/14 2.29 2.32 2.28 2.30 62178216 150822864.00
2024/03/15 2.29 2.31 2.28 2.30 44375236 107089896.00
2024/03/18 2.30 2.33 2.30 2.32 65529376 159612032.00
2024/03/19 2.32 2.33 2.30 2.30 47670404 115945792.00
2024/03/20 2.30 2.31 2.29 2.31 34500332 83557632.00
2024/03/21 2.31 2.31 2.29 2.29 37322760 90229784.00
2024/03/22 2.29 2.30 2.26 2.26 60225212 144235008.00
2024/03/25 2.26 2.27 2.24 2.24 50616720 120172840.00
2024/03/26 2.24 2.26 2.23 2.24 45976920 108827184.00
2024/03/27 2.24 2.25 2.21 2.21 43749160 102651248.00
2024/03/28 2.21 2.23 2.21 2.21 51812192 121267536.00
2024/03/29 2.22 2.22 2.20 2.22 46089960 107312248.00
2024/04/01 2.22 2.26 2.21 2.25 60621528 143270576.00
2024/04/02 2.25 2.27 2.24 2.25 54253760 128919648.00
2024/04/03 2.26 2.29 2.25 2.28 75612488 180931056.00
2024/04/08 2.28 2.31 2.25 2.27 90555664 217520832.00
2024/04/09 2.27 2.29 2.24 2.25 67349984 160491408.00
2024/04/10 2.25 2.25 2.20 2.21 68850680 161351952.00
2024/04/11 2.21 2.24 2.19 2.22 74199272 173866496.00
2024/04/12 2.22 2.24 2.20 2.22 61713332 144463104.00
2024/04/15 2.22 2.28 2.18 2.27 103957776 246232464.00
2024/04/16 2.26 2.30 2.26 2.26 106376808 255229200.00
2024/04/17 2.25 2.30 2.23 2.30 111582912 266523280.00
2024/04/18 2.30 2.32 2.28 2.31 83229032 201666496.00
2024/04/19 2.31 2.36 2.30 2.34 114749592 282263712.00
2024/04/22 2.34 2.36 2.29 2.30 86359112 211091296.00
2024/04/23 2.30 2.33 2.29 2.29 86288184 209310608.00
2024/04/24 2.29 2.31 2.26 2.29 75488696 180847520.00
2024/04/25 2.28 2.29 2.24 2.25 94922928 226038320.00
2024/04/26 2.25 2.29 2.24 2.29 105295312 251175520.00
2024/04/29 2.29 2.33 2.27 2.33 95230888 231572976.00
2024/04/30 2.32 2.33 2.28 2.28 89015320 215290976.00
2024/05/06 2.30 2.32 2.29 2.30 96511064 233820544.00
2024/05/07 2.30 2.30 2.26 2.27 91433928 219000560.00
2024/05/08 2.27 2.27 2.23 2.23 79902640 189215824.00
2024/05/09 2.23 2.27 2.22 2.26 74303056 176335584.00
2024/05/10 2.26 2.28 2.24 2.28 71277864 170053856.00
2024/05/13 2.27 2.28 2.25 2.28 61175148 146043360.00
2024/05/14 2.28 2.29 2.26 2.26 48454448 115875968.00
2024/05/15 2.26 2.28 2.25 2.25 44802052 106773256.00
2024/05/16 2.25 2.29 2.25 2.27 84954312 203226080.00
2024/05/17 2.27 2.33 2.26 2.33 127307808 306993632.00
2024/05/20 2.33 2.34 2.30 2.32 114621568 279371232.00
2024/05/21 2.32 2.36 2.30 2.32 100741648 246654080.00
2024/05/22 2.31 2.36 2.30 2.33 127470832 313060672.00
2024/05/23 2.34 2.34 2.27 2.27 122904040 296884576.00
2024/05/24 2.27 2.30 2.26 2.28 60556800 145546672.00
2024/05/27 2.27 2.29 2.26 2.28 64188312 153421264.00
2024/05/28 2.28 2.29 2.23 2.23 94033432 222952048.00
2024/05/29 2.23 2.25 2.22 2.22 63272936 148806336.00
2024/05/30 2.22 2.24 2.19 2.21 65189840 152116160.00
2024/05/31 2.20 2.23 2.20 2.21 51404484 119951896.00
2024/06/03 2.21 2.22 2.16 2.18 91274352 209990672.00
2024/06/04 2.17 2.22 2.16 2.21 69227528 160060224.00
2024/06/05 2.21 2.21 2.16 2.17 66746704 153672784.00
2024/06/06 2.17 2.18 2.13 2.14 69569240 157881824.00
2024/06/07 2.14 2.17 2.13 2.16 52161668 118404504.00
2024/06/11 2.16 2.16 2.12 2.13 65617660 147806912.00
2024/06/12 2.12 2.13 2.11 2.12 35642160 79894784.00
2024/06/13 2.12 2.13 2.08 2.10 60675232 134835600.00
2024/06/14 2.10 2.14 2.09 2.12 89728824 200821488.00
2024/06/17 2.12 2.13 2.10 2.10 47646040 106309760.00
2024/06/18 2.11 2.13 2.10 2.12 40715688 91203664.00
2024/06/19 2.12 2.13 2.11 2.12 27743068 62136008.00
2024/06/20 2.11 2.12 2.08 2.10 52038344 115419104.00
2024/06/21 2.11 2.13 2.10 2.11 47176280 102509672.00
2024/06/24 2.10 2.11 2.06 2.08 49657812 106490856.00
2024/06/25 2.08 2.10 2.06 2.10 50319632 107956184.00
2024/06/26 2.09 2.12 2.07 2.12 46482456 100099088.00
2024/06/27 2.12 2.12 2.09 2.10 39281256 84905840.00
2024/06/28 2.09 2.12 2.09 2.09 44211984 95696904.00
2024/07/01 2.10 2.13 2.08 2.11 54071856 117319880.00
2024/07/02 2.12 2.13 2.11 2.12 37357128 81423944.00
2024/07/03 2.12 2.14 2.11 2.12 38740096 84744808.00
2024/07/04 2.13 2.14 2.09 2.10 53151400 115242392.00
2024/07/05 2.10 2.10 2.08 2.09 30707268 66011520.00
2024/07/08 2.09 2.10 2.03 2.03 63792364 134916912.00
2024/07/09 2.04 2.06 2.01 2.05 44953720 94253088.00
2024/07/10 2.05 2.06 2.04 2.05 27906190 58865068.00
2024/07/11 2.07 2.09 2.06 2.09 37319096 79808520.00
2024/07/12 2.09 2.12 2.08 2.11 43711176 94715224.00
2024/07/15 2.11 2.12 2.09 2.11 39958304 86696200.00
2024/07/16 2.12 2.12 2.10 2.10 25102508 54417228.00
2024/07/17 2.10 2.13 2.10 2.12 41270544 90034440.00
2024/07/18 2.12 2.14 2.11 2.13 36470604 79698384.00
2024/07/19 2.13 2.14 2.11 2.12 42961596 93774776.00
2024/07/22 2.12 2.14 2.11 2.13 37461240 81974952.00
2024/07/23 2.14 2.18 2.13 2.15 76135368 169181776.00
2024/07/24 2.16 2.21 2.15 2.19 86025824 193243280.00
2024/07/25 2.20 2.24 2.19 2.23 85633600 194713264.00
2024/07/26 2.23 2.24 2.21 2.24 91799568 209793760.00
2024/07/29 2.24 2.27 2.22 2.25 72932832 168157600.00
2024/07/30 2.24 2.32 2.23 2.31 121592752 285391712.00
2024/07/31 2.31 2.33 2.27 2.28 120953328 284194208.00
2024/08/01 2.29 2.31 2.28 2.29 91429008 214731136.00
2024/08/02 2.28 2.29 2.25 2.25 79880504 185751344.00
2024/08/05 2.25 2.29 2.23 2.23 89930768 208222528.00
2024/08/06 2.23 2.27 2.19 2.22 78959208 180264400.00
2024/08/07 2.22 2.23 2.19 2.20 56327496 127629128.00
2024/08/08 2.20 2.22 2.19 2.21 69649016 157940448.00
2024/08/09 2.21 2.23 2.18 2.20 80349240 182085184.00
2024/08/12 2.19 2.20 2.13 2.14 81974288 181596112.00
2024/08/13 2.14 2.16 2.12 2.15 76998584 169835248.00
2024/08/14 2.15 2.18 2.13 2.13 67419680 149247184.00
2024/08/15 2.13 2.16 2.12 2.15 54200556 119274496.00
2024/08/16 2.15 2.16 2.10 2.11 71290640 155476736.00
2024/08/19 2.10 2.12 2.09 2.09 65354312 141328320.00
2024/08/20 2.09 2.11 2.07 2.07 67159968 143865120.00
2024/08/21 2.07 2.07 2.04 2.05 46744800 98865336.00
2024/08/22 2.04 2.06 2.03 2.03 66977332 140874976.00
2024/08/23 2.03 2.04 1.99 2.00 97815608 202256256.00
2024/08/26 2.00 2.05 2.00 2.01 94359128 196652784.00
2024/08/27 2.02 2.02 1.99 2.00 56426432 116296696.00
2024/08/28 2.00 2.00 1.98 1.98 61327844 125604128.00
2024/08/29 1.98 1.99 1.88 1.90 174540896 344630464.00
2024/08/30 1.91 1.97 1.90 1.92 189474576 378488032.00
2024/09/02 1.93 1.95 1.91 1.92 105099840 208995248.00
2024/09/03 1.92 1.92 1.89 1.90 75848688 148905776.00
2024/09/04 1.90 1.91 1.87 1.87 72908016 141686112.00
2024/09/05 1.87 1.90 1.87 1.89 52740940 102723448.00
2024/09/06 1.89 1.91 1.87 1.88 61507892 120066960.00
2024/09/09 1.87 1.89 1.85 1.87 67257240 129798712.00
2024/09/10 1.87 1.88 1.85 1.88 60592644 116547504.00
2024/09/11 1.87 1.88 1.82 1.83 83214816 158829200.00
2024/09/12 1.83 1.86 1.83 1.85 71364920 136318240.00
2024/09/13 1.86 1.88 1.84 1.87 102052800 196720320.00
2024/09/18 1.87 1.87 1.83 1.87 81033080 154641648.00
2024/09/19 1.87 1.91 1.86 1.90 85881280 167140448.00
2024/09/20 1.89 1.90 1.87 1.88 49442492 96005368.00
2024/09/23 1.89 1.90 1.87 1.89 42815904 83401304.00
2024/09/24 1.89 1.96 1.89 1.96 112453544 223880272.00
2024/09/25 1.98 2.08 1.98 2.02 151446544 316780576.00
2024/09/26 2.02 2.11 2.00 2.11 152546064 324451232.00
2024/09/27 2.14 2.18 2.12 2.17 111091888 245486144.00
2024/09/30 2.25 2.39 2.23 2.39 404233184 968389952.00
2024/10/08 2.64 2.64 2.37 2.43 507501888 1297693824.00
2024/10/09 2.38 2.39 2.20 2.21 322520320 755296128.00
2024/10/10 2.25 2.38 2.20 2.30 307887040 725301888.00
2024/10/11 2.28 2.29 2.18 2.21 192495248 442619776.00
2024/10/14 2.26 2.30 2.23 2.29 187657536 436733376.00
2024/10/15 2.27 2.31 2.23 2.23 151711744 353048160.00
2024/10/16 2.23 2.31 2.22 2.28 164449728 384688928.00
2024/10/17 2.29 2.30 2.22 2.22 137553184 317270272.00
2024/10/18 2.23 2.29 2.19 2.26 150521936 345145120.00
2024/10/21 2.26 2.27 2.23 2.24 114850576 264748832.00
2024/10/22 2.24 2.28 2.23 2.27 111861592 259033856.00
2024/10/23 2.27 2.31 2.26 2.29 129865840 305145536.00
2024/10/24 2.29 2.30 2.26 2.28 83611264 195544208.00
2024/10/25 2.27 2.31 2.27 2.30 103067600 243105568.00
2024/10/28 2.30 2.43 2.30 2.41 245226704 598876416.00
2024/10/29 2.43 2.44 2.34 2.35 152382592 371097664.00
2024/10/30 2.36 2.44 2.35 2.41 163784480 402775936.00
2024/10/31 2.40 2.46 2.40 2.45 179686992 448454688.00
2024/11/01 2.45 2.48 2.40 2.45 174309568 436205408.00
2024/11/04 2.45 2.46 2.41 2.45 133390816 332642336.00
2024/11/05 2.51 2.57 2.49 2.55 307986944 797966208.00
2024/11/06 2.59 2.70 2.50 2.66 446019904 1195384576.00
2024/11/07 2.67 2.76 2.61 2.73 398913440 1098006400.00
2024/11/08 2.76 2.79 2.65 2.67 336656288 935451904.00
2024/11/11 2.66 2.77 2.63 2.65 289060640 791679104.00
2024/11/12 2.64 2.65 2.55 2.58 226015808 600820928.00
2024/11/13 2.57 2.72 2.56 2.65 298689408 812230400.00
2024/11/14 2.66 2.68 2.57 2.57 197831648 526729120.00
2024/11/15 2.56 2.60 2.51 2.51 152998688 398951392.00
2024/11/18 2.56 2.77 2.56 2.77 632627712 1760274304.00
2024/11/19 2.77 2.84 2.61 2.67 670869248 1858021888.00
2024/11/20 2.67 2.73 2.63 2.68 404772064 1108179456.00
2024/11/21 2.66 2.68 2.59 2.62 301190304 809488448.00
2024/11/22 2.61 2.66 2.54 2.54 277926368 741946816.00
2024/11/25 2.54 2.57 2.48 2.51 198220784 509358656.00
2024/11/26 2.53 2.53 2.49 2.50 120656256 310165440.00
2024/11/27 2.50 2.53 2.45 2.53 175512208 446383040.00
2024/11/28 2.52 2.58 2.50 2.54 162454656 422108352.00
2024/11/29 2.55 2.57 2.51 2.55 158401952 412449088.00
2024/12/02 2.57 2.65 2.55 2.64 225882912 605944256.00
2024/12/03 2.65 2.66 2.61 2.64 156625312 421403936.00
2024/12/04 2.64 2.65 2.59 2.60 138930944 371544288.00
2024/12/05 2.59 2.61 2.56 2.61 131542968 348268992.00
2024/12/06 2.62 2.84 2.61 2.77 464695488 1298451968.00
2024/12/09 2.79 2.87 2.75 2.78 340489952 973596032.00
2024/12/10 2.89 2.91 2.74 2.75 286008704 820109504.00
2024/12/11 2.76 3.01 2.76 2.90 527899744 1564724864.00
2024/12/12 2.89 2.89 2.80 2.83 335977760 970153344.00
2024/12/13 2.84 2.84 2.73 2.74 285302880 808211520.00
2024/12/16 2.73 2.78 2.72 2.73 166178144 465785376.00
2024/12/17 2.73 2.74 2.68 2.69 142540000 393464672.00
2024/12/18 2.72 2.80 2.70 2.71 198800752 557418880.00
2024/12/19 2.69 2.72 2.66 2.71 135558976 373287808.00
2024/12/20 2.70 2.71 2.66 2.67 130770536 357994816.00
2024/12/23 2.66 2.71 2.64 2.64 149076016 407773248.00
2024/12/24 2.65 2.69 2.63 2.68 121255304 330233824.00
2024/12/25 2.69 2.69 2.63 2.65 91292360 247569760.00
2024/12/26 2.65 2.66 2.60 2.63 112273816 301703424.00
2024/12/27 2.63 2.69 2.62 2.67 127611696 348294016.00
2024/12/30 2.67 2.68 2.64 2.66 85362896 232286272.00
2024/12/31 2.66 2.68 2.58 2.59 145404608 390469568.00
2025/01/02 2.60 2.62 2.47 2.49 169132128 439672832.00
2025/01/03 2.50 2.51 2.43 2.44 134792160 340762560.00
2025/01/06 2.44 2.47 2.42 2.47 110814720 278281344.00
2025/01/07 2.46 2.48 2.42 2.47 101779248 255194064.00
2025/01/08 2.47 2.47 2.39 2.44 104962896 260940912.00
2025/01/09 2.42 2.44 2.41 2.42 68437680 170088624.00
2025/01/10 2.43 2.44 2.37 2.37 72864696 179433536.00
2025/01/13 2.36 2.38 2.33 2.37 68774512 166498128.00
2025/01/14 2.38 2.46 2.38 2.44 106389288 264464864.00
2025/01/15 2.44 2.44 2.39 2.42 93072960 230342832.00
2025/01/16 2.43 2.47 2.41 2.43 79581520 198877440.00
2025/01/17 2.42 2.44 2.39 2.41 69201888 171496640.00
2025/01/20 2.44 2.47 2.42 2.42 79534168 198900704.00
2025/01/21 2.44 2.45 2.40 2.40 72824896 180337200.00
2025/01/22 2.41 2.41 2.37 2.38 58041640 141923792.00
2025/01/23 2.40 2.45 2.39 2.40 84354264 209224896.00
2025/01/24 2.40 2.43 2.38 2.41 78957064 194742336.00
2025/01/27 2.42 2.48 2.41 2.43 108843520 273452768.00
2025/02/05 2.45 2.46 2.42 2.44 87756632 219211504.00
2025/02/06 2.44 2.45 2.41 2.45 99774432 248783184.00
2025/02/07 2.45 2.51 2.43 2.50 148881424 378019520.00
2025/02/10 2.50 2.55 2.49 2.51 120765488 311362560.00
2025/02/11 2.51 2.52 2.47 2.49 80232216 204268160.00
2025/02/12 2.48 2.50 2.46 2.49 84661936 214886512.00
2025/02/13 2.50 2.54 2.49 2.52 123153256 317243936.00
2025/02/14 2.49 2.50 2.43 2.44 151116016 379596544.00
2025/02/17 2.45 2.53 2.45 2.50 177769408 455081664.00
2025/02/18 2.51 2.52 2.45 2.46 120061800 304227072.00
2025/02/19 2.47 2.47 2.44 2.45 101241608 254317584.00
2025/02/20 2.45 2.45 2.41 2.41 100988096 250823760.00
2025/02/21 2.42 2.43 2.40 2.41 91316984 225921264.00
2025/02/24 2.42 2.54 2.41 2.47 231556464 591973184.00
2025/02/25 2.47 2.51 2.44 2.46 149698256 379399840.00
2025/02/26 2.46 2.52 2.46 2.51 149387136 382668256.00
2025/02/27 2.51 2.51 2.45 2.47 123116240 311937888.00
2025/02/28 2.47 2.49 2.45 2.45 109431392 276443328.00
2025/03/03 2.46 2.48 2.44 2.45 112053728 282000928.00
2025/03/04 2.45 2.45 2.42 2.44 80232616 200252416.00
2025/03/05 2.45 2.45 2.41 2.43 88671520 220038816.00
2025/03/06 2.43 2.45 2.42 2.45 94145232 235352080.00
2025/03/07 2.44 2.44 2.42 2.42 73098552 181935456.00
2025/03/10 2.43 2.44 2.41 2.42 79444184 197353168.00
2025/03/11 2.41 2.43 2.40 2.43 82126792 203019792.00
2025/03/12 2.43 2.44 2.41 2.43 94482336 234949136.00
2025/03/13 2.44 2.49 2.43 2.46 182728176 459549664.00
2025/03/14 2.46 2.50 2.44 2.49 197316640 501198816.00
2025/03/17 2.50 2.56 2.50 2.51 189916384 491144576.00
2025/03/18 2.51 2.52 2.48 2.48 104806952 267100880.00
2025/03/19 2.48 2.50 2.46 2.47 74087344 187722192.00
2025/03/20 2.47 2.48 2.46 2.47 75519192 191081808.00
2025/03/21 2.47 2.52 2.46 2.48 149259392 381262496.00
2025/03/24 2.49 2.50 2.44 2.47 126546480 319787648.00
2025/03/25 2.46 2.51 2.45 2.50 111473200 284168800.00
2025/03/26 2.49 2.50 2.47 2.49 68455256 174165632.00
2025/03/27 2.49 2.49 2.46 2.47 80826320 204515312.00
2025/03/28 2.47 2.48 2.43 2.44 94423536 236634208.00
2025/03/31 2.46 2.51 2.46 2.49 203966224 519945152.00
2025/04/01 2.50 2.67 2.49 2.61 386635104 1026940800.00
2025/04/02 2.59 2.60 2.54 2.57 210323472 551763200.00
2025/04/03 2.54 2.62 2.54 2.61 190821248 506636032.00
2025/04/07 2.54 2.56 2.34 2.37 321042048 802073664.00
2025/04/08 2.38 2.43 2.38 2.40 221084080 544720128.00
2025/04/09 2.38 2.46 2.29 2.46 247477936 603078144.00
2025/04/10 2.47 2.49 2.44 2.47 187313632 474243712.00
2025/04/11 2.46 2.48 2.44 2.46 129766808 326605664.00
2025/04/14 2.46 2.50 2.46 2.49 126783328 322754752.00
2025/04/15 2.48 2.49 2.45 2.46 118156904 297975008.00
2025/04/16 2.47 2.51 2.45 2.48 171120656 436178816.00
2025/04/17 2.50 2.59 2.48 2.53 215824032 561917504.00
2025/04/18 2.53 2.59 2.51 2.59 180154624 471141504.00
2025/04/21 2.58 2.60 2.55 2.59 174294432 458875104.00
2025/04/22 2.58 2.63 2.57 2.61 155765312 414628896.00
2025/04/23 2.60 2.62 2.56 2.56 136474112 359890304.00
2025/04/24 2.56 2.59 2.54 2.56 115223760 302712480.00
2025/04/25 2.56 2.58 2.55 2.57 99619568 261760080.00
2025/04/28 2.57 2.57 2.52 2.52 105500592 273642720.00
2025/04/29 2.53 2.53 2.49 2.51 101321856 260206160.00
2025/04/30 2.44 2.45 2.34 2.35 372774848 903092416.00
2025/05/06 2.37 2.38 2.34 2.37 192030512 464371744.00
2025/05/07 2.38 2.41 2.36 2.38 178840160 436328864.00
2025/05/08 2.37 2.38 2.35 2.36 131235960 318382528.00
2025/05/09 2.37 2.37 2.34 2.35 123380928 297620224.00
2025/05/12 2.35 2.36 2.34 2.36 122143480 293709920.00
2025/05/13 2.37 2.37 2.34 2.35 98798688 238463760.00
2025/05/14 2.35 2.37 2.34 2.37 108459864 261871424.00
2025/05/15 2.37 2.37 2.34 2.34 76569088 184566416.00
2025/05/16 2.35 2.36 2.33 2.34 88360144 211949168.00
2025/05/19 2.33 2.35 2.32 2.34 75661968 181272768.00
2025/05/20 2.34 2.35 2.33 2.35 58837352 141302976.00
2025/05/21 2.35 2.35 2.33 2.34 58087956 139471568.00
2025/05/22 2.34 2.35 2.32 2.32 74934496 178966832.00
2025/05/23 2.32 2.33 2.30 2.30 69419536 164843552.00
2025/05/26 2.30 2.32 2.29 2.31 51334528 121669120.00
2025/05/27 2.32 2.32 2.30 2.31 46814504 110987912.00
2025/05/28 2.31 2.32 2.30 2.30 34629164 81981704.00
2025/05/29 2.31 2.33 2.30 2.32 58218240 138498656.00
2025/05/30 2.32 2.33 2.31 2.32 61799664 146933072.00
2025/06/03 2.31 2.33 2.31 2.32 56519568 134590752.00
2025/06/04 2.33 2.33 2.31 2.33 47182024 112472848.00
2025/06/05 2.33 2.33 2.31 2.32 53517268 127399944.00
2025/06/06 2.33 2.35 2.32 2.35 98803280 237004528.00
2025/06/09 2.35 2.35 2.33 2.34 68821296 165218560.00
2025/06/10 2.35 2.35 2.33 2.33 72060800 172705584.00
2025/06/11 2.33 2.35 2.33 2.33 63468780 152173552.00
2025/06/12 2.33 2.34 2.32 2.34 58264896 139413856.00
2025/06/13 2.34 2.34 2.32 2.33 90419744 216013808.00
2025/06/16 2.32 2.33 2.32 2.33 38532400 91923792.00
2025/06/17 2.33 2.33 2.32 2.32 31370070 74762008.00
2025/06/18 2.32 2.33 2.31 2.32 46176980 109752528.00
2025/06/19 2.31 2.32 2.29 2.30 79334872 187428576.00
2025/06/20 2.29 2.32 2.29 2.32 67617208 160140496.00
2025/06/23 2.31 2.32 2.30 2.31 39784220 94220880.00
2025/06/24 2.32 2.33 2.31 2.32 62963212 150024816.00
2025/06/25 2.33 2.35 2.32 2.34 90375152 216446576.00
2025/06/26 2.34 2.35 2.33 2.33 72308544 173347152.00
2025/06/27 2.34 2.35 2.33 2.34 90326000 216894784.00
2025/06/30 2.34 2.35 2.32 2.33 71959448 172129248.00
2025/07/01 2.34 2.34 2.32 2.33 61237588 146171760.00
2025/07/02 2.33 2.36 2.32 2.36 133562560 320916096.00
2025/07/03 2.35 2.36 2.34 2.34 52677628 126671376.00
2025/07/04 2.34 2.35 2.33 2.34 77499264 186008576.00
2025/07/07 2.34 2.35 2.33 2.35 55453476 133245248.00
2025/07/08 2.34 2.36 2.33 2.35 83941928 202000176.00
2025/07/09 2.35 2.38 2.35 2.36 149307152 362630112.00
2025/07/10 2.36 2.42 2.36 2.41 151421664 371513408.00
2025/07/11 2.41 2.42 2.39 2.41 146253200 360861632.00
2025/07/14 2.41 2.43 2.40 2.41 123089488 304673408.00
2025/07/15 2.41 2.41 2.36 2.38 119856120 291993824.00
2025/07/16 2.38 2.39 2.35 2.36 84831448 206062768.00
2025/07/17 2.37 2.37 2.35 2.36 66702648 161462688.00
2025/07/18 2.36 2.37 2.35 2.37 71729032 173731424.00
2025/07/21 2.37 2.45 2.37 2.43 286431680 709792320.00
2025/07/22 2.42 2.49 2.40 2.49 289904384 727108864.00
2025/07/23 2.50 2.52 2.45 2.46 217246160 551716672.00
2025/07/24 2.46 2.50 2.43 2.48 215179712 545006400.00
2025/07/25 2.48 2.48 2.43 2.44 148308672 372012256.00
2025/07/28 2.46 2.47 2.44 2.45 117173032 294715936.00
2025/07/29 2.45 2.47 2.44 2.47 112569864 283087104.00
2025/07/30 2.46 2.49 2.45 2.47 133541024 337837376.00
2025/07/31 2.47 2.48 2.41 2.42 152081344 370120416.00
2025/08/01 2.42 2.44 2.41 2.43 79016880 191807248.00
2025/08/04 2.42 2.43 2.40 2.43 77858336 188366400.00
2025/08/05 2.43 2.45 2.42 2.43 122034144 297054336.00
2025/08/06 2.42 2.43 2.40 2.41 112781120 271924576.00
2025/08/07 2.42 2.43 2.40 2.41 88449992 213232560.00
2025/08/08 2.41 2.44 2.41 2.44 113682792 275818048.00
2025/08/11 2.44 2.45 2.42 2.45 93220560 227354624.00
2025/08/12 2.45 2.45 2.43 2.43 77238032 188397536.00
2025/08/13 2.44 2.45 2.42 2.43 131371736 319760832.00
2025/08/14 2.43 2.44 2.39 2.39 137902032 332432224.00
2025/08/15 2.40 2.41 2.39 2.40 143956240 345610944.00
2025/08/18 2.40 2.42 2.40 2.41 149206288 359368192.00
2025/08/19 2.41 2.42 2.39 2.40 131735048 316539648.00
2025/08/20 2.39 2.41 2.39 2.41 130812936 314008160.00
2025/08/21 2.41 2.43 2.40 2.42 153666480 371815392.00
2025/08/22 2.42 2.45 2.40 2.45 181483984 439953728.00
2025/08/25 2.45 2.51 2.44 2.49 322205760 799650816.00
2025/08/26 2.49 2.49 2.47 2.49 140897792 349302944.00
2025/08/27 2.48 2.49 2.43 2.43 167542832 412311776.00
2025/08/28 2.43 2.47 2.39 2.44 178925776 435025504.00
2025/08/29 2.44 2.48 2.41 2.42 199116160 486171200.00
2025/09/01 2.43 2.47 2.42 2.47 224303984 549646720.00
2025/09/02 2.47 2.47 2.43 2.45 138821776 340011872.00
2025/09/03 2.45 2.46 2.40 2.41 143102592 346605792.00
2025/09/04 2.41 2.41 2.38 2.40 170259008 407308320.00
2025/09/05 2.39 2.40 2.37 2.39 184206128 438484928.00
2025/09/08 2.39 2.41 2.38 2.39 151037232 361942912.00
2025/09/09 2.39 2.41 2.39 2.40 135797888 325790016.00
2025/09/10 2.41 2.41 2.39 2.40 93216064 223597312.00
2025/09/11 2.40 2.42 2.39 2.41 148948848 357723936.00
2025/09/12 2.41 2.65 2.40 2.65 550522560 1409459072.00
2025/09/15 2.92 2.92 2.92 2.92 188565568 550611456.00
2025/09/16 3.21 3.21 3.21 3.21 168417440 540620032.00
2025/09/17 3.38 3.53 3.10 3.53 2192762880 7407963648.00
2025/09/18 3.54 3.88 3.53 3.88 2294855168 8644185088.00
2025/09/19 3.66 3.74 3.49 3.49 815661888 2884044544.00
2025/09/22 3.15 3.64 3.14 3.25 1727429504 5675802624.00
2025/09/23 3.13 3.58 3.01 3.50 2150949888 7194161664.00
2025/09/24 3.35 3.36 3.16 3.25 1476248576 4783384576.00
2025/09/25 3.18 3.26 3.08 3.09 969121280 3047994880.00
2025/09/26 3.05 3.08 2.96 2.96 777491520 2339852032.00
2025/09/29 2.96 3.04 2.95 2.99 652551168 1949510528.00
2025/09/30 2.97 2.98 2.93 2.95 572824576 1690350464.00
2025/10/09 2.98 3.09 2.97 3.09 804762624 2456010496.00
2025/10/10 3.05 3.10 3.01 3.02 517617408 1571000320.00
2025/10/13 2.92 2.96 2.89 2.96 461875968 1352299776.00
2025/10/14 2.97 3.07 2.94 2.96 568355328 1708717568.00
2025/10/15 2.96 3.00 2.92 2.98 400878752 1189899776.00
2025/10/16 2.96 2.97 2.90 2.91 362960512 1060940928.00
2025/10/17 2.91 2.94 2.83 2.84 339305056 977965056.00
2025/10/20 2.86 2.88 2.83 2.86 283434688 808162944.00
2025/10/21 2.85 2.93 2.85 2.91 350338720 1017225472.00
2025/10/22 2.91 2.94 2.90 2.93 297488160 869987456.00
2025/10/23 2.91 2.93 2.86 2.93 288733248 833326336.00
2025/10/24 2.92 2.95 2.88 2.91 249333216 724553088.00
2025/10/27 2.92 2.93 2.88 2.89 258068736 748749376.00
2025/10/28 2.89 2.90 2.85 2.86 234431920 672099584.00
2025/10/29 2.86 2.87 2.83 2.87 230214592 655471936.00
2025/10/30 2.86 2.87 2.80 2.80 283056032 799836544.00
2025/10/31 2.81 2.85 2.81 2.82 238320272 674042560.00
2025/11/03 2.95 3.04 2.93 3.00 951453632 2841899008.00
2025/11/04 2.95 2.98 2.89 2.92 545847808 1596633728.00
2025/11/05 2.89 3.13 2.88 3.03 916594304 2781008384.00
2025/11/06 3.00 3.01 2.95 2.97 536258624 1591151744.00
2025/11/07 2.96 2.96 2.91 2.92 337910880 991059072.00
2025/11/10 2.93 2.95 2.91 2.93 258175040 755592064.00
2025/11/11 2.93 2.98 2.92 2.95 334607264 985615232.00
2025/11/12 2.96 3.00 2.92 2.97 385932800 1140374784.00
2025/11/13 2.95 2.98 2.93 2.97 305261824 904390528.00
2025/11/14 2.95 3.02 2.95 2.99 416604128 1247279232.00
2025/11/17 2.99 3.01 2.94 2.97 299374048 887750912.00
2025/11/18 2.96 3.01 2.85 2.92 539056448 1568052864.00
2025/11/19 2.89 2.90 2.84 2.84 272246848 778613248.00
2025/11/20 2.85 2.86 2.82 2.84 146941472 417228704.00
2025/11/21 2.82 2.83 2.71 2.71 264926736 731792960.00
2025/11/24 2.74 2.77 2.72 2.76 173416144 475756608.00
2025/11/25 2.75 2.78 2.74 2.77 142955824 395194720.00
2025/11/26 2.76 2.78 2.75 2.75 144096384 398079904.00
2025/11/27 2.75 2.77 2.73 2.74 124493968 342262176.00
2025/11/28 2.75 2.76 2.71 2.76 144623520 396223552.00
2025/12/01 2.75 2.78 2.74 2.78 148620384 410687392.00
2025/12/02 2.77 2.78 2.73 2.75 143240432 393667168.00
2025/12/03 2.75 2.75 2.71 2.71 134593088 366709504.00
2025/12/04 2.71 2.73 2.68 2.70 138127600 372993312.00
2025/12/05 2.69 2.74 2.68 2.74 152039984 412519872.00
2025/12/08 2.74 2.76 2.72 2.73 132058272 361392032.00
2025/12/09 2.72 2.73 2.69 2.69 122488800 331000800.00
2025/12/10 2.69 2.72 2.67 2.71 137537632 370844896.00
2025/12/11 2.71 2.72 2.65 2.66 153201600 409835904.00
2025/12/12 2.66 2.68 2.65 2.67 109252064 291441728.00
2025/12/15 2.66 2.68 2.64 2.65 115271392 306939008.00
2025/12/16 2.65 2.66 2.59 2.61 166602688 436080096.00
2025/12/17 2.61 2.63 2.58 2.62 125893752 327822944.00
2025/12/18 2.61 2.65 2.60 2.63 123189752 324134752.00
2025/12/19 2.63 2.70 2.62 2.69 188227456 503772608.00
2025/12/22 2.68 2.72 2.67 2.70 143415072 386321984.00
2025/12/23 2.70 2.70 2.66 2.67 105184952 281201792.00
2025/12/24 2.66 2.68 2.65 2.67 98248888 261817648.00
2025/12/25 2.67 2.69 2.66 2.67 100401984 268689856.00
2025/12/26 2.67 2.69 2.66 2.68 115838032 310385920.00
2025/12/29 2.69 2.70 2.67 2.68 99819304 268193456.00
2025/12/30 2.67 2.68 2.64 2.64 137970192 366032384.00
2025/12/31 2.65 2.66 2.63 2.65 96765888 256288256.00
2026/01/05 2.66 2.69 2.65 2.69 142980480 382199744.00
2026/01/06 2.69 2.74 2.68 2.73 195790432 533161120.00
2026/01/07 2.73 2.74 2.69 2.70 174825584 473772800.00
2026/01/08 2.69 2.74 2.68 2.73 175891328 479704480.00
2026/01/09 2.74 2.75 2.71 2.72 178801136 487769504.00
2026/01/12 2.73 2.76 2.72 2.76 207969952 570905280.00
2026/01/13 2.76 3.04 2.72 3.04 967505920 2852357632.00
2026/01/14 3.04 3.22 2.94 3.07 1192937344 3641472768.00
2026/01/15 3.01 3.04 2.92 2.93 535777920 1586076416.00
2026/01/16 2.97 3.06 2.94 2.98 444302592 1331372800.00
2026/01/19 2.95 2.97 2.88 2.92 326744160 954096128.00
2026/01/20 2.91 2.94 2.88 2.94 293709152 854080384.00
2026/01/21 2.92 2.94 2.91 2.93 191098016 558369856.00
2026/01/22 2.93 3.00 2.92 3.00 395966688 1174829312.00
2026/01/23 2.99 2.99 2.96 2.97 269024480 799862528.00
2026/01/26 2.98 3.08 2.97 2.98 369668960 1113663872.00
2026/01/27 2.93 2.93 2.82 2.89 377827872 1083130880.00
2026/01/28 2.87 3.18 2.86 3.18 617191360 1891317248.00
2026/01/29 3.18 3.26 3.07 3.09 937882240 2946791424.00
2026/01/30 3.00 3.11 2.93 2.98 564072320 1692590848.00
2026/02/02 2.95 2.98 2.82 2.83 421402976 1220665216.00
2026/02/03 2.86 3.10 2.85 3.02 663623488 1988862848.00
2026/02/04 3.01 3.04 2.96 3.03 445970592 1340743040.00
2026/02/05 3.01 3.04 2.95 2.96 300857600 896238400.00
2026/02/06 2.94 2.98 2.91 2.94 243160720 717238080.00
2026/02/09 2.97 3.01 2.96 2.99 241679040 720982528.00
2026/02/10 2.98 2.98 2.93 2.95 188982752 558016768.00
2026/02/11 2.94 2.96 2.92 2.93 170337024 500743200.00
2026/02/12 2.93 2.95 2.90 2.91 164716272 481821088.00
2026/02/13 2.91 2.92 2.87 2.88 202464064 586381632.00
2026/02/24 2.92 2.94 2.90 2.92 181563088 531264544.00
2026/02/25 2.92 3.02 2.92 2.98 324047904 966837504.00
#Ъ§ОнРДдД:ЭЈДяаХ
