600831 ЙуЕчЭјТч ШеЯп ЧАИДШЈ
      ШеЦк	    ПЊХЬ	    зюИп	    зюЕЭ	    ЪеХЬ	    ГЩНЛСП	    ГЩНЛЖю
2021/08/02 5.30 5.37 5.23 5.35 4832500 25953104.00
2021/08/03 5.35 5.50 5.31 5.41 5920473 32389284.00
2021/08/04 5.42 5.42 5.35 5.37 5125941 27796566.00
2021/08/05 5.36 5.36 5.24 5.26 4927567 26250962.00
2021/08/06 5.27 5.28 5.14 5.19 6137886 32098252.00
2021/08/09 5.21 5.34 5.19 5.28 4976729 26541472.00
2021/08/10 5.26 5.45 5.26 5.45 7256503 38972416.00
2021/08/11 5.52 5.53 5.38 5.45 10244545 56425460.00
2021/08/12 5.43 5.46 5.40 5.41 5486502 30035798.00
2021/08/13 5.43 5.47 5.33 5.36 5982032 32605734.00
2021/08/16 5.36 5.43 5.36 5.38 4224247 22999060.00
2021/08/17 5.38 5.41 5.25 5.26 5648951 30327192.00
2021/08/18 5.24 5.31 5.22 5.30 3317830 17653356.00
2021/08/19 5.30 5.40 5.28 5.37 7084830 38367764.00
2021/08/20 5.39 5.39 5.26 5.32 6004344 32139570.00
2021/08/23 5.29 5.37 5.29 5.34 4615971 24880114.00
2021/08/24 5.33 5.37 5.32 5.36 3858159 20849208.00
2021/08/25 5.36 5.44 5.33 5.43 7635723 41695664.00
2021/08/26 5.40 5.47 5.39 5.42 5646011 30983762.00
2021/08/27 5.44 5.66 5.37 5.64 16260518 90610000.00
2021/08/30 5.82 5.99 5.62 5.64 24040124 139855728.00
2021/08/31 5.67 5.69 5.56 5.63 11765670 66798080.00
2021/09/01 5.66 5.69 5.59 5.62 11081348 63004612.00
2021/09/02 5.64 5.64 5.57 5.61 6899095 38951004.00
2021/09/03 5.62 5.81 5.58 5.76 14644095 84175832.00
2021/09/06 5.72 5.83 5.68 5.81 11009140 63870356.00
2021/09/07 5.76 5.93 5.74 5.77 13173992 77072512.00
2021/09/08 5.78 5.93 5.76 5.91 19347460 114576368.00
2021/09/09 5.96 5.96 5.78 5.84 12268785 72325424.00
2021/09/10 5.82 5.90 5.76 5.76 10488710 61478100.00
2021/09/13 5.74 5.82 5.70 5.78 8899899 51767700.00
2021/09/14 5.80 5.80 5.62 5.64 9071600 52166896.00
2021/09/15 5.64 5.73 5.61 5.72 6096008 34940992.00
2021/09/16 5.72 5.75 5.60 5.60 6761428 38603652.00
2021/09/17 5.61 5.63 5.46 5.53 7101987 39729524.00
2021/09/22 5.48 5.54 5.45 5.53 4250070 23564476.00
2021/09/23 5.54 5.63 5.54 5.62 5408037 30569504.00
2021/09/24 5.62 5.64 5.53 5.53 4364201 24544802.00
2021/09/27 5.53 5.56 5.32 5.37 6772300 36886312.00
2021/09/28 5.37 5.38 5.33 5.35 3087774 16679654.00
2021/09/29 5.35 5.36 5.25 5.26 4963877 26550932.00
2021/09/30 5.32 5.32 5.27 5.28 3157616 16905446.00
2021/10/08 5.31 5.41 5.31 5.41 3723900 20210220.00
2021/10/11 5.48 5.49 5.38 5.39 3892935 21259092.00
2021/10/12 5.38 5.42 5.30 5.32 3415400 18389948.00
2021/10/13 5.31 5.37 5.31 5.33 2352436 12670426.00
2021/10/14 5.37 5.38 5.31 5.36 2241200 12098590.00
2021/10/15 5.37 5.38 5.28 5.28 2779100 14892863.00
2021/10/18 5.26 5.32 5.24 5.29 2553118 13576554.00
2021/10/19 5.29 5.31 5.26 5.30 2183601 11669134.00
2021/10/20 5.31 5.32 5.25 5.26 2111701 11251452.00
2021/10/21 5.26 5.28 5.22 5.22 2576100 13631414.00
2021/10/22 5.21 5.24 5.18 5.18 2925123 15388359.00
2021/10/25 5.19 5.19 5.13 5.18 2843093 14789891.00
2021/10/26 5.18 5.22 5.16 5.19 2055800 10768657.00
2021/10/27 5.20 5.21 5.09 5.10 3120925 16123320.00
2021/10/28 5.10 5.12 5.00 5.02 2851646 14527207.00
2021/10/29 5.03 5.15 5.01 5.13 3522731 18100986.00
2021/11/01 5.13 5.18 5.08 5.13 2282816 11829366.00
2021/11/02 5.13 5.16 5.00 5.03 3527800 18048300.00
2021/11/03 5.03 5.10 5.03 5.09 1995002 10225130.00
2021/11/04 5.09 5.12 5.05 5.12 2047994 10527197.00
2021/11/05 5.11 5.23 5.09 5.19 5195885 27185840.00
2021/11/08 5.20 5.20 5.14 5.17 3236250 16888796.00
2021/11/09 5.17 5.19 5.15 5.18 1869200 9759950.00
2021/11/10 5.16 5.30 5.15 5.22 6137522 32389600.00
2021/11/11 5.20 5.30 5.19 5.28 5917950 31432140.00
2021/11/12 5.28 5.31 5.24 5.29 4391499 23388490.00
2021/11/15 5.27 5.38 5.26 5.36 6333540 34117112.00
2021/11/16 5.34 5.60 5.31 5.46 17395527 96492784.00
2021/11/17 5.41 5.48 5.34 5.41 9825846 53510292.00
2021/11/18 5.38 5.43 5.28 5.32 7763624 41734996.00
2021/11/19 5.31 5.37 5.29 5.36 5367385 28942960.00
2021/11/22 5.28 5.35 5.28 5.30 4218250 22638484.00
2021/11/23 5.29 5.37 5.29 5.32 4241384 22849840.00
2021/11/24 5.35 5.40 5.31 5.40 5975396 32369676.00
2021/11/25 5.40 5.41 5.33 5.33 4401502 23801244.00
2021/11/26 5.31 5.33 5.28 5.29 3757950 20102040.00
2021/11/29 5.24 5.25 5.20 5.20 3955900 20861236.00
2021/11/30 5.23 5.30 5.23 5.26 4056730 21572144.00
2021/12/01 5.25 5.37 5.24 5.36 4270738 22961112.00
2021/12/02 5.36 5.37 5.27 5.28 4088460 21939160.00
2021/12/03 5.30 5.32 5.27 5.29 3575624 19102384.00
2021/12/06 5.29 5.35 5.25 5.26 4633132 24754464.00
2021/12/07 5.30 5.30 5.18 5.22 4400758 23199670.00
2021/12/08 5.22 5.27 5.20 5.24 3382161 17892572.00
2021/12/09 5.24 5.29 5.22 5.28 3519149 18726676.00
2021/12/10 5.26 5.34 5.24 5.33 5625400 30160472.00
2021/12/13 5.35 5.43 5.30 5.37 7245005 39322256.00
2021/12/14 5.37 5.74 5.34 5.58 27981382 156845968.00
2021/12/15 5.57 5.72 5.53 5.64 20687001 117366624.00
2021/12/16 5.61 5.88 5.59 5.86 28953234 168306336.00
2021/12/17 5.83 5.87 5.72 5.83 23868938 139761568.00
2021/12/20 5.80 5.87 5.77 5.78 15105655 88579920.00
2021/12/21 5.75 6.00 5.73 5.89 20626439 122355680.00
2021/12/22 5.89 6.03 5.85 5.92 16013801 95869112.00
2021/12/23 5.88 6.20 5.84 5.90 26455217 160024032.00
2021/12/24 5.93 6.04 5.83 5.86 18542509 110792112.00
2021/12/27 5.86 5.94 5.73 5.85 15749481 92856992.00
2021/12/28 5.85 5.88 5.74 5.78 13249731 77451656.00
2021/12/29 5.77 5.80 5.65 5.66 10069100 57848204.00
2021/12/30 5.62 5.98 5.62 5.94 19282152 114221256.00
2021/12/31 5.91 6.22 5.87 6.14 23843326 145894864.00
2022/01/04 6.14 6.32 6.08 6.27 25808628 162249200.00
2022/01/05 6.23 6.36 6.14 6.23 22146480 139302224.00
2022/01/06 6.22 6.27 6.07 6.11 14970771 92673056.00
2022/01/07 6.10 6.52 6.05 6.09 31407000 198638864.00
2022/01/10 6.00 6.17 5.91 6.09 17043421 103957016.00
2022/01/11 6.09 6.33 6.07 6.18 23395782 146067088.00
2022/01/12 6.09 6.35 5.99 6.26 26336021 164660192.00
2022/01/13 6.31 6.35 6.14 6.15 19266072 121235424.00
2022/01/14 6.10 6.20 6.00 6.00 18164496 111410008.00
2022/01/17 6.05 6.28 6.03 6.25 16684943 104141840.00
2022/01/18 6.31 6.88 6.28 6.47 63768673 426474240.00
2022/01/19 6.39 7.04 6.27 6.89 77521834 518692544.00
2022/01/20 6.74 6.79 6.45 6.57 61007283 404572416.00
2022/01/21 6.35 6.70 6.33 6.41 35264773 230892768.00
2022/01/24 6.31 6.39 6.10 6.24 23297312 147370384.00
2022/01/25 6.25 6.27 5.76 5.82 27439819 163629024.00
2022/01/26 5.83 5.93 5.68 5.76 13351385 77796568.00
2022/01/27 5.82 5.86 5.57 5.58 13766424 78866288.00
2022/01/28 5.62 6.08 5.62 5.88 24457949 144723168.00
2022/02/07 5.95 6.03 5.79 5.83 15074500 89521384.00
2022/02/08 5.83 6.00 5.80 5.99 13785583 82408424.00
2022/02/09 6.01 6.45 5.96 6.40 25488023 160049664.00
2022/02/10 6.42 6.44 6.25 6.36 17219600 109746888.00
2022/02/11 6.27 6.37 6.15 6.17 17840845 112293248.00
2022/02/14 6.11 6.32 6.08 6.21 14843600 93254600.00
2022/02/15 6.17 6.25 6.06 6.13 12392300 76620184.00
2022/02/16 6.18 6.25 6.10 6.17 9549500 59282160.00
2022/02/17 6.15 6.22 5.97 6.01 15400168 94145992.00
2022/02/18 6.04 6.49 6.04 6.32 30521518 192769360.00
2022/02/21 6.50 6.86 6.41 6.80 52791829 355635072.00
2022/02/22 6.60 6.74 6.48 6.57 34347996 227594384.00
2022/02/23 7.06 7.23 7.06 7.23 19954601 144983552.00
2022/02/24 7.55 7.64 6.51 6.64 105263086 759706624.00
2022/02/25 6.63 6.75 6.29 6.32 54090228 353936448.00
2022/02/28 6.20 6.24 6.01 6.14 30966358 190482208.00
2022/03/01 6.14 6.76 6.14 6.76 62374236 415414752.00
2022/03/02 6.74 7.36 6.61 7.04 96365681 681073216.00
2022/03/03 7.19 7.22 6.75 6.85 46415443 322338176.00
2022/03/04 6.78 7.17 6.78 6.92 50669343 355756672.00
2022/03/07 6.89 7.05 6.71 6.76 32313435 222715488.00
2022/03/08 6.79 6.88 6.50 6.52 31750109 214482896.00
2022/03/09 6.51 6.64 6.11 6.51 37182948 240637136.00
2022/03/10 6.63 6.72 6.40 6.47 34228432 226437680.00
2022/03/11 6.25 6.89 6.22 6.83 37167780 247686448.00
2022/03/14 6.78 6.79 6.49 6.51 24467335 163275696.00
2022/03/15 6.48 6.52 5.99 6.04 27700524 175280640.00
2022/03/16 6.13 6.38 6.05 6.36 26216425 164463248.00
2022/03/17 6.36 6.48 6.18 6.33 37160880 237449056.00
2022/03/18 6.24 6.54 6.19 6.44 30563616 197679808.00
2022/03/21 6.43 6.49 6.28 6.40 21494835 137871888.00
2022/03/22 6.38 6.58 6.25 6.43 30379610 196703488.00
2022/03/23 6.37 6.49 6.31 6.34 21601977 139148288.00
2022/03/24 6.27 6.31 6.06 6.10 25160101 155859232.00
2022/03/25 6.10 6.23 6.06 6.08 16416933 101647744.00
2022/03/28 6.05 6.55 5.97 6.41 35885134 230195264.00
2022/03/29 6.37 6.49 6.22 6.26 20359582 129815440.00
2022/03/30 6.29 6.34 6.14 6.26 14338430 90076576.00
2022/03/31 6.26 6.57 6.25 6.45 27261145 177214064.00
2022/04/01 6.41 6.71 6.33 6.67 32390005 215448096.00
2022/04/06 6.69 6.83 6.60 6.75 30824043 209547072.00
2022/04/07 6.73 7.01 6.61 6.63 32538609 221834928.00
2022/04/08 6.62 6.75 6.43 6.46 19484326 127835088.00
2022/04/11 6.42 6.88 6.35 6.73 39427159 264252928.00
2022/04/12 6.64 6.88 6.53 6.77 43371284 291831744.00
2022/04/13 6.80 6.92 6.40 6.54 44125455 294449408.00
2022/04/14 6.55 7.01 6.52 6.91 62208259 431546624.00
2022/04/15 6.75 6.83 6.47 6.52 50039399 333543616.00
2022/04/18 6.41 6.99 6.17 6.68 46424153 306640352.00
2022/04/19 6.62 6.81 6.57 6.80 33753500 228903008.00
2022/04/20 6.85 7.12 6.77 6.91 56350503 396335904.00
2022/04/21 6.72 6.99 6.55 6.59 41381261 282419776.00
2022/04/22 6.59 6.62 6.14 6.20 36154786 229150480.00
2022/04/25 5.98 6.01 5.58 5.58 28310626 162791344.00
2022/04/26 5.48 5.59 5.18 5.22 22487625 122360552.00
2022/04/27 5.11 5.40 5.10 5.40 18683767 99295776.00
2022/04/28 5.35 5.47 5.19 5.24 17322306 92656216.00
2022/04/29 5.32 5.60 5.30 5.60 20263320 112218864.00
2022/05/05 5.58 5.60 5.45 5.51 19102926 106704688.00
2022/05/06 5.32 5.47 5.30 5.36 15902178 86243760.00
2022/05/09 5.33 5.63 5.30 5.48 13762641 76209416.00
2022/05/10 5.38 5.56 5.34 5.55 15879503 87391576.00
2022/05/11 5.51 5.77 5.51 5.52 21660022 123085496.00
2022/05/12 5.46 5.71 5.46 5.66 15425703 87239240.00
2022/05/13 5.63 5.93 5.61 5.85 24936308 146150416.00
2022/05/16 5.85 6.04 5.77 6.01 28253899 169225680.00
2022/05/17 6.03 6.05 5.71 5.76 23465340 137635088.00
2022/05/18 5.83 5.89 5.71 5.73 16813400 98200344.00
2022/05/19 5.59 5.66 5.52 5.62 17068779 96375168.00
2022/05/20 5.63 5.66 5.56 5.63 13409579 75982936.00
2022/05/23 5.88 6.06 5.76 5.83 27252832 161654240.00
2022/05/24 5.77 5.91 5.61 5.62 23710875 137256304.00
2022/05/25 5.58 5.87 5.49 5.78 22663666 130918120.00
2022/05/26 5.78 5.85 5.71 5.81 15350900 89659168.00
2022/05/27 5.80 5.90 5.75 5.83 13221990 77665144.00
2022/05/30 5.79 5.89 5.78 5.88 13654337 80617176.00
2022/05/31 5.87 5.99 5.83 5.95 14701524 87936904.00
2022/06/01 5.95 6.35 5.91 6.23 34636914 215248848.00
2022/06/02 6.26 6.26 6.05 6.15 23924800 148441312.00
2022/06/06 6.16 6.32 6.13 6.16 20643258 128767352.00
2022/06/07 6.15 6.31 6.11 6.15 14370499 89425664.00
2022/06/08 6.16 6.19 5.96 6.05 14858529 90720616.00
2022/06/09 6.05 6.05 5.89 5.94 11168108 67060700.00
2022/06/10 5.90 5.97 5.89 5.95 8620400 51680568.00
2022/06/13 5.92 5.94 5.78 5.86 13758204 81222200.00
2022/06/14 5.81 5.82 5.61 5.82 12022556 69263288.00
2022/06/15 5.80 5.91 5.79 5.80 15640789 92246256.00
2022/06/16 5.80 5.98 5.78 5.94 16416142 97801384.00
2022/06/17 5.88 6.00 5.78 5.82 13628617 80357176.00
2022/06/20 5.83 5.85 5.77 5.80 9648100 56453260.00
2022/06/21 5.79 5.97 5.75 5.93 17494317 103530520.00
2022/06/22 5.97 6.15 5.81 5.85 23461875 141674304.00
2022/06/23 5.82 5.88 5.75 5.87 10961400 64354300.00
2022/06/24 5.89 6.15 5.85 6.05 22701441 137543776.00
2022/06/27 6.05 6.07 5.95 5.99 14488349 87612640.00
2022/06/28 6.03 6.16 5.94 6.09 20652839 126678176.00
2022/06/29 6.07 6.09 5.92 5.92 15310756 92587472.00
2022/06/30 5.93 5.99 5.87 5.88 13499913 80513632.00
2022/07/01 5.85 5.88 5.76 5.77 11374397 66429488.00
2022/07/04 5.78 5.79 5.68 5.75 8776662 50560048.00
2022/07/05 5.75 5.77 5.62 5.69 7992681 45796316.00
2022/07/06 5.68 5.69 5.53 5.56 8446026 47612840.00
2022/07/07 5.58 5.62 5.54 5.58 6548572 36860344.00
2022/07/08 5.58 5.68 5.56 5.63 6791822 38594320.00
2022/07/11 5.64 5.64 5.56 5.59 5017207 28321100.00
2022/07/12 5.60 5.62 5.55 5.60 4978015 28041496.00
2022/07/13 5.63 5.68 5.60 5.62 6573238 37136708.00
2022/07/14 5.61 5.62 5.53 5.57 6112648 34110884.00
2022/07/15 5.56 5.56 5.36 5.36 11122867 60650272.00
2022/07/18 5.36 5.60 5.36 5.55 10681297 59323284.00
2022/07/19 5.56 5.71 5.56 5.70 10792155 61266608.00
2022/07/20 5.74 5.74 5.66 5.71 7656881 43757788.00
2022/07/21 5.70 5.85 5.68 5.73 12022215 69801320.00
2022/07/22 5.73 5.79 5.64 5.67 6671189 38157428.00
2022/07/25 5.69 5.76 5.61 5.65 5123427 29133716.00
2022/07/26 5.65 5.72 5.63 5.71 5420790 30941564.00
2022/07/27 5.68 5.74 5.67 5.70 6154895 35261152.00
2022/07/28 5.71 5.98 5.71 5.87 16136000 94491888.00
2022/07/29 5.80 5.98 5.80 5.85 16955699 100356120.00
2022/08/01 5.79 5.87 5.76 5.78 9029675 52597304.00
2022/08/02 5.73 5.73 5.41 5.47 13293819 73822176.00
2022/08/03 5.50 5.60 5.39 5.41 9012633 49645396.00
2022/08/04 5.45 5.49 5.38 5.47 7023663 38278072.00
2022/08/05 5.47 5.61 5.43 5.59 7230109 40091412.00
2022/08/08 5.60 5.65 5.52 5.62 5782283 32495272.00
2022/08/09 5.61 5.62 5.56 5.58 3998441 22408376.00
2022/08/10 5.58 5.61 5.51 5.55 4898419 27265384.00
2022/08/11 5.57 5.68 5.55 5.68 7523880 42498656.00
2022/08/12 5.67 5.71 5.64 5.67 4652400 26512256.00
2022/08/15 5.67 5.67 5.59 5.63 5115810 28862396.00
2022/08/16 5.62 5.65 5.60 5.63 3452215 19482800.00
2022/08/17 5.63 5.67 5.61 5.67 4775201 27046054.00
2022/08/18 5.66 5.66 5.56 5.57 5389865 30251832.00
2022/08/19 5.56 5.72 5.56 5.58 8298925 47051920.00
2022/08/22 5.56 5.69 5.53 5.65 6844818 38768416.00
2022/08/23 5.65 5.75 5.64 5.68 6213465 35443984.00
2022/08/24 5.67 5.73 5.55 5.57 6804594 38359472.00
2022/08/25 5.58 5.61 5.48 5.59 5051603 28147088.00
2022/08/26 5.61 5.70 5.58 5.67 9442816 53696080.00
2022/08/29 5.62 5.72 5.58 5.71 8244342 46769044.00
2022/08/30 5.75 5.83 5.71 5.81 14198920 82515920.00
2022/08/31 5.78 5.96 5.76 5.79 14318473 84065560.00
2022/09/01 5.79 5.86 5.69 5.73 9835819 56860408.00
2022/09/02 5.73 5.89 5.71 5.88 14134305 82895520.00
2022/09/05 5.86 5.91 5.79 5.84 8451051 49407512.00
2022/09/06 5.83 5.85 5.77 5.83 8036358 46822328.00
2022/09/07 5.82 5.84 5.72 5.74 8181923 47238436.00
2022/09/08 5.76 5.79 5.70 5.71 5491407 31611000.00
2022/09/09 5.73 5.78 5.69 5.73 5342648 30765584.00
2022/09/13 5.75 5.78 5.72 5.74 4682383 27012666.00
2022/09/14 5.68 5.75 5.61 5.74 8102729 46284048.00
2022/09/15 5.80 5.81 5.63 5.66 7966489 45757528.00
2022/09/16 5.66 5.67 5.47 5.47 8414959 46861144.00
2022/09/19 5.50 5.50 5.34 5.41 5816925 31554410.00
2022/09/20 5.48 5.49 5.39 5.44 4302449 23466796.00
2022/09/21 5.38 5.50 5.29 5.50 6900500 37375952.00
2022/09/22 5.48 5.51 5.39 5.39 4419367 24145572.00
2022/09/23 5.38 5.44 5.22 5.28 5442133 28996024.00
2022/09/26 5.27 5.27 5.11 5.13 7475093 38906424.00
2022/09/27 5.14 5.24 5.11 5.23 4886964 25424676.00
2022/09/28 5.23 5.25 5.13 5.14 4321874 22480204.00
2022/09/29 5.18 5.20 5.01 5.04 5999662 30686944.00
2022/09/30 5.05 5.10 5.02 5.04 3343878 16981504.00
2022/10/10 5.05 5.07 4.90 4.91 5616109 28084140.00
2022/10/11 4.93 4.95 4.80 4.94 5706825 27918362.00
2022/10/12 4.92 5.03 4.87 5.02 4202523 20874654.00
2022/10/13 5.02 5.17 4.97 5.11 6353356 32426220.00
2022/10/14 5.14 5.21 5.12 5.15 5412900 28049666.00
2022/10/17 5.16 5.22 5.10 5.19 4924004 25611626.00
2022/10/18 5.22 5.22 5.11 5.15 4057400 20999400.00
2022/10/19 5.15 5.16 5.10 5.11 4603735 23698274.00
2022/10/20 5.10 5.16 5.06 5.12 4644908 23858306.00
2022/10/21 5.16 5.16 5.08 5.10 3210001 16474918.00
2022/10/24 5.11 5.16 4.95 4.97 5654401 28621968.00
2022/10/25 4.93 5.00 4.85 4.95 4927895 24305482.00
2022/10/26 5.00 5.09 4.98 5.07 4624025 23417990.00
2022/10/27 5.10 5.13 5.04 5.10 4412409 22562136.00
2022/10/28 5.07 5.09 4.88 4.93 7829979 39221224.00
2022/10/31 4.89 5.13 4.89 5.08 6756741 34244680.00
2022/11/01 5.08 5.32 5.07 5.25 12091038 63094504.00
2022/11/02 5.25 5.49 5.24 5.38 17589389 95055008.00
2022/11/03 5.36 5.57 5.31 5.34 14213333 76990608.00
2022/11/04 5.30 5.38 5.26 5.34 9605318 51316132.00
2022/11/07 5.31 5.56 5.29 5.49 13835500 75809344.00
2022/11/08 5.47 5.61 5.43 5.57 15702467 87395872.00
2022/11/09 5.55 5.61 5.49 5.50 8611614 47894824.00
2022/11/10 5.53 5.57 5.43 5.54 8164101 45307692.00
2022/11/11 5.60 5.67 5.50 5.51 9657140 53956960.00
2022/11/14 5.51 5.56 5.42 5.47 11194000 61600356.00
2022/11/15 5.52 5.60 5.46 5.56 10832792 60227772.00
2022/11/16 5.56 5.68 5.52 5.65 11079884 62450800.00
2022/11/17 5.64 5.70 5.61 5.67 9638501 54659596.00
2022/11/18 5.66 5.95 5.64 5.69 17304705 100326728.00
2022/11/21 5.71 5.76 5.52 5.58 10304140 57870832.00
2022/11/22 5.55 5.64 5.52 5.55 7095687 39682592.00
2022/11/23 5.59 5.66 5.50 5.58 7962218 44571924.00
2022/11/24 5.62 5.64 5.51 5.55 6218101 34813012.00
2022/11/25 5.55 5.63 5.53 5.61 6403600 35931856.00
2022/11/28 5.55 5.76 5.48 5.68 11827416 66674712.00
2022/11/29 5.65 5.90 5.65 5.81 15938520 92951752.00
2022/11/30 5.81 5.86 5.67 5.71 14496820 83675872.00
2022/12/01 5.75 5.96 5.70 5.91 18783046 110260768.00
2022/12/02 5.86 6.08 5.84 5.94 17136016 102409208.00
2022/12/05 5.93 6.13 5.91 6.02 16995351 102574456.00
2022/12/06 6.02 6.10 5.87 5.92 17277107 103496624.00
2022/12/07 5.94 5.95 5.84 5.89 8781062 51863672.00
2022/12/08 5.87 5.91 5.76 5.81 8150577 47622196.00
2022/12/09 5.85 5.85 5.73 5.75 6935024 40184312.00
2022/12/12 5.78 5.86 5.67 5.69 10737094 61682076.00
2022/12/13 5.72 5.86 5.67 5.75 8604500 49889828.00
2022/12/14 5.74 5.82 5.69 5.76 6571900 37964832.00
2022/12/15 5.72 5.88 5.69 5.77 7434073 43096840.00
2022/12/16 5.72 5.77 5.64 5.67 6412550 36618872.00
2022/12/19 5.73 5.75 5.58 5.62 6594200 37474608.00
2022/12/20 5.68 5.71 5.55 5.56 5537499 31203876.00
2022/12/21 5.53 5.72 5.52 5.60 7861025 44366224.00
2022/12/22 5.61 5.77 5.57 5.64 8037743 45847952.00
2022/12/23 5.60 5.87 5.60 5.81 12089133 70096704.00
2022/12/26 5.79 5.84 5.64 5.69 10900200 62535144.00
2022/12/27 5.66 5.76 5.62 5.66 6035200 34341368.00
2022/12/28 5.65 5.73 5.56 5.72 8085150 46062888.00
2022/12/29 5.62 5.85 5.62 5.72 13754500 79372704.00
2022/12/30 5.74 5.87 5.67 5.86 15285991 89209872.00
2023/01/03 5.88 6.01 5.80 6.00 19594876 116689104.00
2023/01/04 5.96 6.04 5.93 5.97 15978931 95976728.00
2023/01/05 5.98 6.05 5.88 5.92 12248885 73161936.00
2023/01/06 5.97 5.97 5.70 5.72 15458350 89692248.00
2023/01/09 5.75 5.83 5.71 5.72 8218975 47524160.00
2023/01/10 5.73 6.26 5.66 6.01 35952831 215640240.00
2023/01/11 6.01 6.05 5.80 5.82 24340480 144652608.00
2023/01/12 5.85 6.23 5.69 5.96 28969730 173966032.00
2023/01/13 6.03 6.32 5.83 6.25 57014894 352489664.00
2023/01/16 6.16 6.20 5.96 5.98 46730061 282456352.00
2023/01/17 6.00 6.02 5.86 5.99 24063611 143517024.00
2023/01/18 5.93 6.13 5.93 5.96 23601217 142828768.00
2023/01/19 5.97 5.98 5.86 5.91 16967768 100327104.00
2023/01/20 5.89 5.94 5.88 5.91 13546709 80243168.00
2023/01/30 5.95 6.01 5.91 5.95 15615411 93414112.00
2023/01/31 5.95 6.13 5.92 6.05 18007871 109068432.00
2023/02/01 6.05 6.17 6.01 6.16 23487678 144133104.00
2023/02/02 6.13 6.14 6.05 6.09 17804000 108696832.00
2023/02/03 6.05 6.18 6.05 6.13 19349215 118731544.00
2023/02/06 6.09 6.16 6.02 6.11 17233787 105319704.00
2023/02/07 6.11 6.17 6.05 6.17 16033124 98413696.00
2023/02/08 6.14 6.22 6.06 6.09 15652671 96393256.00
2023/02/09 6.08 6.17 6.06 6.16 16171854 99197248.00
2023/02/10 6.13 6.31 6.13 6.25 24680891 154671808.00
2023/02/13 6.23 6.31 6.17 6.24 16168885 101063672.00
2023/02/14 6.23 6.29 6.16 6.17 13955802 86925800.00
2023/02/15 6.17 6.29 6.15 6.28 16565160 103719032.00
2023/02/16 6.27 6.43 6.14 6.18 26613654 167818544.00
2023/02/17 6.25 6.28 6.05 6.06 17329453 106621424.00
2023/02/20 6.05 6.17 6.04 6.17 13453916 82777376.00
2023/02/21 6.15 6.21 6.06 6.13 12286300 75543240.00
2023/02/22 6.07 6.28 6.00 6.20 18994944 116752352.00
2023/02/23 6.20 6.38 6.08 6.25 29370601 182933312.00
2023/02/24 6.20 6.23 6.09 6.17 11027046 68280752.00
2023/02/27 6.18 6.23 6.05 6.06 11574556 71145448.00
2023/02/28 6.11 6.16 6.06 6.12 8717410 53430052.00
2023/03/01 6.08 6.54 6.07 6.49 52732446 338041376.00
2023/03/02 6.45 6.52 6.40 6.42 28832932 186428800.00
2023/03/03 6.47 6.48 6.33 6.37 15200923 97240392.00
2023/03/06 6.40 6.53 6.36 6.44 21320587 137666256.00
2023/03/07 6.43 6.48 6.22 6.23 17456932 111015992.00
2023/03/08 6.26 6.53 6.24 6.53 31596467 203917520.00
2023/03/09 6.50 6.51 6.33 6.45 25472669 164005744.00
2023/03/10 6.42 6.48 6.33 6.35 14416300 92484064.00
2023/03/13 6.36 6.62 6.25 6.57 29031292 187536912.00
2023/03/14 6.50 6.57 6.33 6.45 27584000 178123488.00
2023/03/15 6.45 6.46 6.35 6.41 16396127 105264448.00
2023/03/16 6.38 6.39 6.24 6.27 18243494 115043696.00
2023/03/17 6.32 6.43 6.30 6.40 19693532 126029264.00
2023/03/20 6.43 6.50 6.28 6.29 18595880 119023648.00
2023/03/21 6.33 6.44 6.26 6.42 15928500 101736488.00
2023/03/22 6.45 6.53 6.38 6.52 19350611 125672272.00
2023/03/23 6.48 6.52 6.40 6.49 13686015 88582040.00
2023/03/24 6.50 6.67 6.49 6.64 27252412 180007360.00
2023/03/27 6.62 7.08 6.59 6.97 48573548 334214560.00
2023/03/28 6.86 6.87 6.62 6.66 38573801 260011600.00
2023/03/29 6.67 6.78 6.57 6.68 20608920 138118288.00
2023/03/30 6.75 6.77 6.42 6.44 24062977 157695696.00
2023/03/31 6.43 6.62 6.38 6.59 18864564 123184480.00
2023/04/03 6.55 6.73 6.51 6.72 22091397 146909984.00
2023/04/04 6.70 6.91 6.65 6.77 24967307 170075808.00
2023/04/06 6.70 7.18 6.60 6.82 38760375 264322256.00
2023/04/07 6.81 6.87 6.63 6.78 37009401 250367952.00
2023/04/10 6.76 6.91 6.59 6.61 23794939 160551408.00
2023/04/11 6.63 6.83 6.55 6.80 23189036 156792704.00
2023/04/12 6.78 7.03 6.75 7.01 34748921 241492032.00
2023/04/13 7.00 7.10 6.91 6.93 27824161 194618240.00
2023/04/14 6.98 7.00 6.75 6.86 21267585 146278880.00
2023/04/17 6.88 6.90 6.66 6.71 21541415 145288128.00
2023/04/18 6.71 6.84 6.53 6.77 24534861 163856480.00
2023/04/19 6.66 6.84 6.59 6.69 23031124 155247520.00
2023/04/20 6.66 6.77 6.63 6.76 18453834 124287448.00
2023/04/21 6.62 6.65 6.08 6.08 41046700 259958400.00
2023/04/24 6.00 6.37 5.99 6.31 30635924 191362368.00
2023/04/25 6.29 6.29 5.99 6.11 20543779 126368976.00
2023/04/26 6.11 6.23 5.95 6.12 21460502 131046752.00
2023/04/27 6.08 6.18 5.89 5.95 21054528 127080880.00
2023/04/28 5.92 6.39 5.92 6.36 30487016 190319776.00
2023/05/04 6.28 6.66 6.25 6.65 28401662 185404176.00
2023/05/05 6.64 6.68 6.47 6.62 20413631 134632944.00
2023/05/08 6.61 6.74 6.43 6.69 18906383 125529848.00
2023/05/09 6.69 7.06 6.65 6.77 38094439 262715952.00
2023/05/10 6.74 6.98 6.69 6.77 28129239 193297856.00
2023/05/11 6.79 7.09 6.70 6.97 38245552 266449584.00
2023/05/12 6.88 6.95 6.68 6.73 25641530 174847216.00
2023/05/15 6.73 6.77 6.38 6.53 22822900 149101296.00
2023/05/16 6.54 6.54 6.16 6.20 19541367 123570576.00
2023/05/17 6.20 6.30 6.12 6.19 16487574 102579576.00
2023/05/18 6.15 6.25 6.12 6.21 15609707 97024152.00
2023/05/19 6.18 6.22 6.07 6.08 13453062 82578472.00
2023/05/22 6.08 6.11 5.92 5.98 14475396 86919120.00
2023/05/23 5.95 5.99 5.72 5.73 17297300 100913000.00
2023/05/24 5.73 5.76 5.66 5.66 10283753 58900048.00
2023/05/25 5.66 5.69 5.47 5.56 14148634 78798040.00
2023/05/26 5.54 5.65 5.45 5.62 11682400 65177800.00
2023/05/29 5.62 5.66 5.58 5.60 8567091 48287072.00
2023/05/30 5.60 5.78 5.50 5.78 15188200 86912016.00
2023/05/31 5.73 5.94 5.73 5.90 14433700 85072536.00
2023/06/01 5.87 6.49 5.83 6.49 39910923 252061952.00
2023/06/02 6.49 6.52 6.22 6.24 39266171 250011744.00
2023/06/05 6.25 6.49 6.22 6.40 27378954 175521200.00
2023/06/06 6.39 6.48 6.27 6.30 21918233 140704960.00
2023/06/07 6.32 6.46 6.22 6.42 15559845 99722872.00
2023/06/08 6.42 6.47 6.31 6.42 15713801 100676808.00
2023/06/09 6.44 6.61 6.40 6.56 22018508 144409312.00
2023/06/12 6.58 6.67 6.52 6.60 18029541 119387440.00
2023/06/13 6.59 6.80 6.56 6.74 18828496 127037088.00
2023/06/14 6.73 6.80 6.60 6.63 19581650 131233184.00
2023/06/15 6.64 6.69 6.51 6.54 14898417 98157808.00
2023/06/16 6.50 6.68 6.45 6.58 13355861 88262832.00
2023/06/19 6.60 6.62 6.50 6.52 9121966 59872736.00
2023/06/20 6.54 6.54 6.41 6.41 10201200 66068596.00
2023/06/21 6.38 6.46 6.14 6.16 13024655 81793344.00
2023/06/26 6.16 6.20 5.85 5.87 13263400 79519208.00
2023/06/27 5.91 6.17 5.86 6.06 12520000 75565792.00
2023/06/28 6.08 6.18 5.80 5.97 16022914 95371368.00
2023/06/29 5.95 6.02 5.89 5.97 12461500 74364840.00
2023/06/30 5.95 6.01 5.89 5.98 12366709 74035224.00
2023/07/03 5.96 5.99 5.86 5.96 11204973 66675576.00
2023/07/04 5.92 5.97 5.92 5.95 7450787 44406448.00
2023/07/05 5.93 6.00 5.90 5.92 10350878 61783168.00
2023/07/06 5.89 6.02 5.86 5.92 9102434 54320160.00
2023/07/07 5.88 5.92 5.73 5.85 11113444 65023352.00
2023/07/10 5.84 5.90 5.83 5.88 6044659 35598304.00
2023/07/11 5.86 5.91 5.81 5.86 6921436 40670896.00
2023/07/12 5.87 5.89 5.74 5.75 7788569 45380976.00
2023/07/13 5.74 5.88 5.74 5.85 7417239 43188788.00
2023/07/14 5.85 5.99 5.81 5.97 10752216 63898196.00
2023/07/17 5.94 5.99 5.88 5.94 7559021 44792316.00
2023/07/18 5.95 5.97 5.85 5.87 7088902 41688636.00
2023/07/19 5.84 5.92 5.83 5.87 4733790 27802020.00
2023/07/20 5.86 5.93 5.83 5.85 6961043 40901412.00
2023/07/21 5.84 5.94 5.81 5.85 10386131 61007016.00
2023/07/24 5.84 5.96 5.82 5.90 12998843 76649296.00
2023/07/25 5.93 6.10 5.91 6.07 19299545 116340160.00
2023/07/26 6.08 6.08 5.91 5.95 14397929 85629792.00
2023/07/27 5.96 6.01 5.86 5.88 10793579 64005496.00
2023/07/28 5.85 5.91 5.79 5.88 10525078 61598908.00
2023/07/31 5.89 5.98 5.86 5.98 10579169 62872160.00
2023/08/01 5.96 5.99 5.92 5.98 7890600 47054500.00
2023/08/02 5.97 5.98 5.93 5.97 6123100 36472400.00
2023/08/03 5.94 5.98 5.93 5.97 6903900 41141276.00
2023/08/04 5.96 6.09 5.96 6.04 14856600 89888120.00
2023/08/07 6.03 6.11 6.02 6.09 11126604 67622688.00
2023/08/08 6.15 6.27 6.10 6.18 19553648 120905696.00
2023/08/09 6.16 6.23 6.02 6.05 13250850 81003256.00
2023/08/10 6.03 6.09 5.99 6.04 8728100 52620656.00
2023/08/11 6.04 6.06 5.88 5.90 9452600 56367208.00
2023/08/14 5.83 6.02 5.82 6.02 8092100 47944368.00
2023/08/15 6.00 6.02 5.81 5.87 7680021 45249136.00
2023/08/16 5.82 5.89 5.73 5.74 8636500 49934648.00
2023/08/17 5.72 5.85 5.66 5.81 7510700 43290224.00
2023/08/18 5.81 5.86 5.67 5.68 7039100 40551440.00
2023/08/21 5.66 5.77 5.62 5.62 4855300 27619072.00
2023/08/22 5.62 5.82 5.61 5.78 9372537 53558144.00
2023/08/23 5.77 5.90 5.71 5.79 8730141 50747976.00
2023/08/24 5.79 5.88 5.77 5.81 6719461 39167144.00
2023/08/25 5.76 5.82 5.61 5.63 9532898 54406056.00
2023/08/28 5.88 5.89 5.68 5.69 10886928 62878264.00
2023/08/29 5.72 5.93 5.66 5.91 11704640 68394560.00
2023/08/30 5.89 5.96 5.83 5.91 7453705 43945548.00
2023/08/31 5.91 5.92 5.82 5.87 6247042 36588996.00
2023/09/01 5.85 5.90 5.78 5.80 6610000 38441200.00
2023/09/04 5.80 5.89 5.80 5.88 5329400 31183764.00
2023/09/05 5.84 5.88 5.76 5.77 7810706 45330500.00
2023/09/06 5.75 5.80 5.67 5.76 8407625 48241048.00
2023/09/07 5.73 5.78 5.63 5.64 7981411 45486988.00
2023/09/08 5.65 5.65 5.51 5.58 8020061 44756616.00
2023/09/11 5.69 5.71 5.61 5.67 7159845 40492632.00
2023/09/12 5.65 5.67 5.63 5.64 4978215 28096278.00
2023/09/13 5.62 5.64 5.54 5.57 7653830 42697720.00
2023/09/14 5.59 5.60 5.52 5.54 5640638 31342268.00
2023/09/15 5.55 5.60 5.53 5.57 4376355 24345356.00
2023/09/18 5.57 5.60 5.48 5.57 5210201 28925716.00
2023/09/19 5.55 5.60 5.46 5.52 8466880 46651096.00
2023/09/20 5.48 5.59 5.45 5.51 11287845 62383884.00
2023/09/21 5.49 5.54 5.48 5.50 5482171 30210292.00
2023/09/22 5.49 5.61 5.47 5.60 8708731 48464944.00
2023/09/25 5.60 5.62 5.52 5.54 5698561 31633154.00
2023/09/26 5.53 5.56 5.51 5.52 4344485 24026576.00
2023/09/27 5.50 5.53 5.48 5.53 5778857 31854832.00
2023/09/28 5.52 6.08 5.50 5.71 29295427 169038400.00
2023/10/09 5.62 5.66 5.53 5.59 21157917 118061600.00
2023/10/10 5.59 5.80 5.57 5.75 23349911 133362896.00
2023/10/11 5.73 5.77 5.64 5.74 13339353 76184016.00
2023/10/12 5.76 5.77 5.67 5.73 10055963 57427888.00
2023/10/13 5.69 5.70 5.65 5.67 6753316 38301128.00
2023/10/16 5.66 5.70 5.62 5.66 7327595 41492280.00
2023/10/17 5.66 5.69 5.62 5.65 6097991 34480920.00
2023/10/18 5.66 5.66 5.47 5.48 8721010 48087976.00
2023/10/19 5.46 5.55 5.44 5.45 5750866 31545972.00
2023/10/20 5.41 5.44 5.32 5.34 7081600 38155176.00
2023/10/23 5.34 5.34 5.17 5.20 7718155 40432864.00
2023/10/24 5.24 5.35 5.20 5.33 6630891 35144844.00
2023/10/25 5.33 5.51 5.33 5.44 8620791 46835252.00
2023/10/26 5.41 5.57 5.40 5.50 8260691 45179528.00
2023/10/27 5.40 5.41 5.19 5.35 16383525 86722888.00
2023/10/30 5.28 5.42 5.27 5.40 7600804 40710824.00
2023/10/31 5.39 5.44 5.32 5.37 6064375 32581656.00
2023/11/01 5.37 5.46 5.35 5.39 6289453 34049584.00
2023/11/02 5.39 5.52 5.39 5.46 11646518 63790000.00
2023/11/03 5.50 5.59 5.42 5.56 11853697 65529032.00
2023/11/06 5.57 5.84 5.57 5.79 19990502 114675760.00
2023/11/07 5.78 5.98 5.76 5.84 15447504 90465608.00
2023/11/08 5.85 6.08 5.83 5.94 23255289 138390368.00
2023/11/09 5.96 6.00 5.78 5.81 16831810 98582056.00
2023/11/10 5.79 5.82 5.70 5.73 10572200 60710616.00
2023/11/13 5.74 5.86 5.74 5.80 12223000 70976400.00
2023/11/14 5.80 5.83 5.75 5.81 11221635 64893348.00
2023/11/15 5.83 5.93 5.77 5.89 12283349 72071744.00
2023/11/16 5.87 5.94 5.82 5.89 14100207 83210152.00
2023/11/17 5.92 6.05 5.86 6.00 17054223 101774656.00
2023/11/20 5.99 6.05 5.95 5.96 11461123 68679816.00
2023/11/21 5.99 6.56 5.99 6.29 75478632 480580736.00
2023/11/22 6.26 6.43 6.12 6.30 62473915 394126336.00
2023/11/23 6.34 6.48 6.20 6.32 37336871 236656560.00
2023/11/24 6.32 6.48 6.21 6.24 26449703 166977536.00
2023/11/27 6.18 6.27 6.09 6.19 20210930 124936904.00
2023/11/28 6.12 6.20 6.04 6.18 15225997 93331064.00
2023/11/29 6.17 6.21 6.08 6.10 11429091 70219216.00
2023/11/30 6.12 6.16 6.04 6.09 10930200 66557704.00
2023/12/01 6.10 6.27 6.07 6.24 13935100 86403840.00
2023/12/04 6.29 6.35 6.22 6.25 13700100 85837056.00
2023/12/05 6.22 6.25 6.00 6.12 10349906 63702076.00
2023/12/06 6.14 6.28 6.00 6.23 12224772 75546616.00
2023/12/07 6.23 6.38 6.20 6.34 16718800 105385664.00
2023/12/08 6.31 6.33 6.16 6.17 12757625 79519120.00
2023/12/11 6.17 6.32 6.15 6.31 12981093 81061536.00
2023/12/12 6.33 6.38 6.27 6.37 11435154 72483632.00
2023/12/13 6.37 6.45 6.27 6.29 10482184 66737744.00
2023/12/14 6.29 6.47 6.29 6.32 13097206 83649952.00
2023/12/15 6.32 6.42 6.25 6.34 10988555 69820456.00
2023/12/18 6.32 6.37 6.18 6.20 7725915 48288264.00
2023/12/19 6.19 6.35 6.17 6.23 6770500 42258840.00
2023/12/20 6.23 6.26 6.07 6.09 7665000 47022160.00
2023/12/21 6.10 6.15 6.02 6.10 7563200 45982852.00
2023/12/22 6.10 6.14 5.78 5.82 16311117 96299568.00
2023/12/25 5.79 5.88 5.61 5.67 10352735 58996628.00
2023/12/26 5.50 5.55 5.11 5.14 26698493 140791120.00
2023/12/27 5.15 5.28 5.11 5.19 20970700 108720944.00
2023/12/28 5.18 5.22 5.07 5.17 19216235 99300272.00
2023/12/29 5.15 5.33 5.15 5.24 16001588 83871864.00
2024/01/02 5.25 5.35 5.24 5.25 13644507 71943576.00
2024/01/03 5.26 5.33 5.19 5.29 13889968 73312776.00
2024/01/04 5.29 5.37 5.23 5.35 11894981 63126952.00
2024/01/05 5.32 5.34 5.16 5.21 12455618 65467068.00
2024/01/08 5.20 5.24 5.17 5.17 8135985 42309768.00
2024/01/09 5.16 5.23 5.14 5.20 8020200 41597048.00
2024/01/10 5.16 5.19 5.08 5.10 8203000 41958948.00
2024/01/11 5.08 5.19 5.07 5.17 7424049 38148996.00
2024/01/12 5.16 5.20 5.08 5.09 9596837 49241144.00
2024/01/15 5.06 5.11 5.03 5.07 6794826 34481452.00
2024/01/16 5.06 5.08 4.94 5.00 9909400 49474240.00
2024/01/17 5.01 5.02 4.85 4.88 7309000 36221232.00
2024/01/18 4.86 4.89 4.69 4.83 12026097 57547528.00
2024/01/19 4.84 4.91 4.77 4.80 9702468 46931088.00
2024/01/22 4.80 4.82 4.43 4.48 10503340 48578980.00
2024/01/23 4.49 4.54 4.39 4.52 9432291 42046384.00
2024/01/24 4.52 4.62 4.42 4.61 10835800 49098216.00
2024/01/25 4.64 4.92 4.57 4.91 11755500 56161596.00
2024/01/26 4.89 5.03 4.85 4.97 10153477 50265112.00
2024/01/29 4.91 4.97 4.77 4.78 9406600 45358560.00
2024/01/30 4.74 4.79 4.63 4.65 8097300 38158704.00
2024/01/31 4.54 4.64 4.39 4.39 11785000 53135028.00
2024/02/01 4.38 4.39 4.14 4.19 15507497 65701552.00
2024/02/02 4.19 4.44 3.86 4.10 22229700 92930584.00
2024/02/05 4.02 4.04 3.69 3.69 19536651 72676248.00
2024/02/06 3.40 3.62 3.32 3.44 37986157 128090120.00
2024/02/07 3.40 3.40 3.10 3.18 43385186 140736592.00
2024/02/08 3.17 3.49 3.09 3.44 32604824 106817080.00
2024/02/19 3.49 3.66 3.48 3.61 29205483 104059648.00
2024/02/20 3.59 3.73 3.51 3.72 18453379 67304120.00
2024/02/21 3.71 3.92 3.64 3.77 20377769 77321824.00
2024/02/22 3.74 3.95 3.74 3.94 19214402 74353576.00
2024/02/23 3.93 4.15 3.92 4.13 18158258 73340864.00
2024/02/26 4.13 4.28 4.06 4.23 20039610 83913504.00
2024/02/27 4.21 4.52 4.14 4.47 25596304 112041600.00
2024/02/28 4.48 4.56 4.02 4.02 36411737 155897376.00
2024/02/29 3.91 4.17 3.89 4.17 20656785 84378080.00
2024/03/01 4.17 4.26 4.12 4.25 17720700 74098032.00
2024/03/04 4.24 4.36 4.17 4.35 19863279 85151792.00
2024/03/05 4.32 4.32 4.16 4.18 13683702 57777884.00
2024/03/06 4.16 4.23 4.09 4.15 11137869 46315864.00
2024/03/07 4.16 4.20 4.05 4.07 12131400 50062424.00
2024/03/08 4.10 4.14 4.01 4.12 9394111 38384892.00
2024/03/11 4.11 4.22 4.07 4.22 10048262 41835892.00
2024/03/12 4.23 4.31 4.21 4.26 9583800 40722172.00
2024/03/13 4.27 4.36 4.23 4.34 15442649 66558104.00
2024/03/14 4.33 4.33 4.15 4.24 11447701 48599680.00
2024/03/15 4.26 4.34 4.21 4.29 11465173 48935204.00
2024/03/18 4.29 4.40 4.27 4.39 14692000 63539936.00
2024/03/19 4.40 4.74 4.38 4.53 35360851 161346784.00
2024/03/20 4.51 4.70 4.44 4.65 27533657 126648936.00
2024/03/21 4.65 4.82 4.61 4.69 24854877 117273424.00
2024/03/22 4.69 4.75 4.49 4.69 28678572 132986224.00
2024/03/25 4.70 4.74 4.45 4.47 19733984 90432880.00
2024/03/26 4.46 4.51 4.29 4.38 15958436 70189424.00
2024/03/27 4.39 4.42 4.23 4.24 13246500 56886048.00
2024/03/28 4.26 4.42 4.20 4.37 11432800 49686684.00
2024/03/29 4.37 4.37 4.26 4.35 9334900 40284440.00
2024/04/01 4.37 4.44 4.36 4.43 11133300 48958728.00
2024/04/02 4.41 4.53 4.40 4.44 12849151 57166168.00
2024/04/03 4.44 4.44 4.27 4.37 11545900 50033628.00
2024/04/08 4.35 4.35 4.19 4.19 11016459 46943456.00
2024/04/09 4.21 4.44 4.19 4.41 15583338 67336960.00
2024/04/10 4.42 4.43 4.21 4.33 14722100 62916852.00
2024/04/11 4.39 4.76 4.35 4.48 37717741 169307088.00
2024/04/12 4.40 4.42 4.19 4.22 26722640 114315792.00
2024/04/15 4.12 4.14 3.80 3.83 28792418 112086808.00
2024/04/16 3.78 3.78 3.47 3.48 18582098 66660124.00
2024/04/17 3.50 3.77 3.50 3.76 14486497 53525064.00
2024/04/18 3.76 3.76 3.61 3.67 10037800 37002156.00
2024/04/19 3.63 3.67 3.54 3.57 7856801 28204936.00
2024/04/22 3.55 3.55 3.39 3.48 9343378 32401556.00
2024/04/23 3.44 3.61 3.44 3.57 8494600 30231664.00
2024/04/24 3.56 3.64 3.53 3.61 7568100 27236908.00
2024/04/25 3.57 3.69 3.54 3.66 8331759 30303980.00
2024/04/26 3.65 3.82 3.60 3.80 11897936 44561112.00
2024/04/29 3.81 3.98 3.78 3.98 10935511 42948584.00
2024/04/30 3.97 3.99 3.78 3.89 11754300 45489440.00
2024/05/06 3.92 3.99 3.90 3.92 9270109 36455520.00
2024/05/07 3.93 3.98 3.89 3.92 6506597 25548554.00
2024/05/08 3.92 3.94 3.81 3.82 7955200 30587916.00
2024/05/09 3.81 3.88 3.81 3.85 5230486 20152042.00
2024/05/10 3.86 3.90 3.77 3.79 6990421 26605602.00
2024/05/13 3.77 3.77 3.59 3.62 14333812 52174324.00
2024/05/14 3.63 3.70 3.54 3.59 12341333 44415856.00
2024/05/15 3.57 3.64 3.55 3.56 9030641 32418330.00
2024/05/16 3.58 3.72 3.58 3.68 12201285 44667680.00
2024/05/17 3.68 3.84 3.63 3.75 13275541 49586320.00
2024/05/20 3.70 3.72 3.56 3.60 18784002 68217872.00
2024/05/21 3.60 3.62 3.53 3.54 10162371 36164672.00
2024/05/22 3.54 3.61 3.51 3.60 8265505 29586334.00
2024/05/23 3.60 3.60 3.47 3.49 9285900 32628176.00
2024/05/24 3.48 3.52 3.42 3.42 6979531 24175992.00
2024/05/27 3.42 3.48 3.38 3.43 6845301 23355918.00
2024/05/28 3.44 3.45 3.33 3.36 7447193 25140144.00
2024/05/29 3.35 3.41 3.30 3.33 7558700 25256538.00
2024/05/30 3.32 3.33 3.24 3.27 12050030 39415764.00
2024/05/31 3.27 3.37 3.27 3.37 9558799 31783110.00
2024/06/03 3.36 3.36 3.18 3.22 12055880 39098956.00
2024/06/04 3.19 3.20 3.10 3.15 10494300 32946900.00
2024/06/05 3.16 3.17 3.06 3.07 8888213 27632026.00
2024/06/06 3.09 3.11 2.80 2.84 24658420 71335976.00
2024/06/07 2.86 2.94 2.82 2.94 18002592 52026312.00
2024/06/11 2.91 2.97 2.84 2.90 10921279 31704758.00
2024/06/12 2.90 3.05 2.89 3.05 12991019 38991540.00
2024/06/13 3.06 3.12 3.02 3.06 11411461 34909580.00
2024/06/14 3.06 3.06 3.00 3.00 8006500 24210824.00
2024/06/17 2.98 3.00 2.92 2.94 8000027 23621184.00
2024/06/18 2.94 2.98 2.90 2.96 7128895 21065406.00
2024/06/19 2.98 3.02 2.94 2.95 6529513 19381286.00
2024/06/20 2.95 2.96 2.84 2.86 7915846 22748852.00
2024/06/21 2.85 2.87 2.80 2.83 6021578 17076436.00
2024/06/24 2.82 2.82 2.55 2.60 22472640 59221272.00
2024/06/25 2.62 2.66 2.59 2.60 11200373 29347632.00
2024/06/26 2.61 2.80 2.57 2.79 12778340 34401440.00
2024/06/27 2.79 2.85 2.75 2.76 12502902 34969128.00
2024/06/28 2.76 2.80 2.67 2.68 10715510 29201494.00
2024/07/01 2.71 2.76 2.64 2.74 8335058 22495258.00
2024/07/02 2.73 2.92 2.72 2.88 16705404 47940540.00
2024/07/03 2.86 2.94 2.84 2.86 8781259 25352646.00
2024/07/04 2.84 2.86 2.72 2.74 9884525 27314756.00
2024/07/05 2.72 2.92 2.68 2.81 15710023 44124360.00
2024/07/09 2.67 2.67 2.67 2.67 93800 250446.00
2024/07/10 2.54 2.54 2.54 2.54 35000 88900.00
2024/07/11 2.41 2.41 2.41 2.41 274300 661063.00
2024/07/12 2.29 2.29 2.29 2.29 250000 572500.00
2024/07/15 2.18 2.18 2.18 2.18 259400 565492.00
2024/07/16 2.07 2.07 2.07 2.07 452300 936261.00
2024/07/17 1.97 1.97 1.97 1.97 807000 1589790.00
2024/07/18 1.87 1.87 1.87 1.87 379200 709104.00
2024/07/19 1.78 1.96 1.78 1.83 83266816 151488464.00
2024/07/22 1.80 1.92 1.76 1.92 60408208 109980456.00
2024/07/23 1.96 2.02 1.94 2.02 64678592 129684360.00
2024/07/24 1.95 2.03 1.92 1.93 58096360 113078680.00
2024/07/25 1.90 1.94 1.83 1.89 40487248 75426208.00
2024/07/26 1.87 1.92 1.86 1.88 24867452 46930904.00
2024/07/29 1.85 1.89 1.84 1.87 23834894 44392668.00
2024/07/30 1.85 1.96 1.85 1.96 20559940 39246436.00
2024/07/31 2.01 2.06 2.00 2.03 54563536 111331264.00
2024/08/01 1.98 2.13 1.97 2.13 50877168 104692216.00
2024/08/02 2.11 2.19 2.06 2.07 43906740 93179792.00
2024/08/05 2.03 2.12 2.01 2.05 28892894 59709472.00
2024/08/06 2.05 2.09 2.03 2.06 17530240 36068724.00
2024/08/07 2.05 2.16 2.04 2.13 34894084 74455848.00
2024/08/08 2.12 2.20 2.06 2.15 31246540 66178440.00
2024/08/09 2.13 2.22 2.11 2.13 23410340 50483228.00
2024/08/12 2.11 2.14 2.02 2.02 23046794 47609676.00
2024/08/13 2.01 2.07 2.00 2.06 12798845 26066622.00
2024/08/14 2.04 2.09 2.04 2.05 9500478 19566574.00
2024/08/15 2.02 2.07 1.98 2.04 15310602 31041362.00
2024/08/16 2.04 2.06 1.99 2.00 11214249 22620134.00
2024/08/19 1.96 2.00 1.96 1.97 9479700 18756228.00
2024/08/20 2.07 2.07 2.01 2.04 35408944 72904856.00
2024/08/21 1.98 1.98 1.94 1.94 28950434 56291960.00
2024/08/22 1.92 1.97 1.91 1.94 17900696 34691232.00
2024/08/23 1.92 1.92 1.84 1.85 17341296 32434972.00
2024/08/26 1.82 1.89 1.82 1.87 9386134 17434526.00
2024/08/27 1.85 1.88 1.83 1.87 10797189 20082834.00
2024/08/28 1.88 1.96 1.88 1.96 27440432 53614572.00
2024/08/29 1.93 2.00 1.90 1.96 22250804 43286784.00
2024/08/30 1.96 2.06 1.95 2.02 23383104 47050852.00
2024/09/02 2.00 2.09 1.99 2.01 20884000 42445608.00
2024/09/03 2.00 2.11 1.98 2.11 28636780 59138052.00
2024/09/04 2.12 2.13 2.00 2.00 28469028 58143824.00
2024/09/05 2.00 2.08 1.98 2.06 18620364 38033392.00
2024/09/06 2.06 2.09 2.01 2.02 14054263 28620942.00
2024/09/09 2.01 2.05 1.98 2.02 7653700 15411723.00
2024/09/10 2.03 2.03 1.96 2.03 9033566 18101694.00
2024/09/11 2.02 2.02 1.99 2.00 5703900 11440186.00
2024/09/12 2.00 2.06 1.99 2.02 8116163 16465792.00
2024/09/13 2.02 2.12 2.01 2.07 19681524 40852372.00
2024/09/18 2.07 2.08 2.01 2.05 11648400 23700212.00
2024/09/19 2.03 2.12 2.03 2.08 11538800 23988500.00
2024/09/20 2.07 2.12 2.06 2.07 11403600 23761208.00
2024/09/23 2.07 2.08 2.02 2.03 9656600 19743354.00
2024/09/24 2.03 2.08 2.03 2.07 11830341 24327560.00
2024/09/25 2.09 2.17 2.09 2.17 28392662 61172076.00
2024/09/26 2.17 2.28 2.16 2.28 21386756 47477812.00
2024/09/27 2.34 2.37 2.26 2.33 21167810 49018796.00
2024/09/30 2.38 2.45 2.30 2.45 38520520 91908312.00
2024/10/08 2.57 2.57 2.33 2.40 63996000 155188928.00
2024/10/09 2.33 2.33 2.28 2.28 27366450 62640500.00
2024/10/10 2.35 2.38 2.26 2.27 27287176 63282372.00
2024/10/11 2.27 2.35 2.23 2.25 19795668 45281572.00
2024/10/14 2.25 2.26 2.17 2.25 17154504 38199696.00
2024/10/15 2.24 2.28 2.21 2.23 15038047 33737732.00
2024/10/16 2.20 2.27 2.18 2.25 13402858 29892692.00
2024/10/17 2.24 2.28 2.22 2.23 11990068 26935466.00
2024/10/18 2.22 2.25 2.19 2.23 18689526 41390700.00
2024/10/21 2.23 2.24 2.21 2.22 13770883 30661542.00
2024/10/22 2.22 2.29 2.22 2.29 18138242 41069488.00
2024/10/23 2.28 2.40 2.27 2.38 26184320 61606540.00
2024/10/24 2.37 2.47 2.34 2.40 25795942 62189660.00
2024/10/25 2.42 2.51 2.40 2.48 20560056 50733360.00
2024/10/28 2.47 2.60 2.46 2.60 21185788 54121056.00
2024/10/29 2.62 2.62 2.47 2.47 29351060 73415000.00
2024/10/30 2.43 2.52 2.41 2.52 20954300 52008512.00
2024/10/31 2.51 2.65 2.49 2.55 22510244 58180504.00
2024/11/01 2.51 2.58 2.42 2.42 23876774 58710588.00
2024/11/04 2.40 2.46 2.37 2.45 12302591 29837330.00
2024/11/05 2.44 2.57 2.42 2.57 26255328 66677428.00
2024/11/06 2.57 2.65 2.54 2.59 24262300 62996972.00
2024/11/07 2.59 2.72 2.55 2.72 23058608 62236124.00
2024/11/08 2.76 2.86 2.69 2.78 32450972 89965352.00
2024/11/11 2.79 2.92 2.79 2.92 15034238 43443908.00
2024/11/12 3.05 3.07 2.82 2.91 35985528 106375304.00
2024/11/13 2.86 2.98 2.76 2.80 32059774 90979008.00
2024/11/14 2.79 2.92 2.75 2.81 22146280 62918924.00
2024/11/15 2.77 2.85 2.68 2.69 20263700 55910396.00
2024/11/18 2.74 2.78 2.61 2.73 15945082 43338072.00
2024/11/19 2.71 2.77 2.67 2.77 14148401 38482432.00
2024/11/20 2.74 2.85 2.73 2.83 14294830 40174520.00
2024/11/21 2.82 2.85 2.77 2.80 10960330 30731582.00
2024/11/22 2.79 2.83 2.67 2.69 12101112 33394866.00
2024/11/25 2.68 2.71 2.61 2.67 11604012 30767254.00
2024/11/26 2.67 2.75 2.67 2.70 9076600 24592280.00
2024/11/27 2.68 2.71 2.57 2.70 10808708 28434664.00
2024/11/28 2.68 2.76 2.68 2.72 11142854 30426680.00
2024/11/29 2.71 2.77 2.67 2.72 11657453 31740248.00
2024/12/02 2.71 2.80 2.69 2.80 12910753 35666284.00
2024/12/03 2.81 2.86 2.77 2.80 10164300 28522626.00
2024/12/04 2.78 2.81 2.73 2.74 8678400 24055090.00
2024/12/05 2.74 2.78 2.71 2.78 6853437 18898936.00
2024/12/06 2.79 2.92 2.78 2.92 14851754 42685672.00
2024/12/09 2.99 2.99 2.88 2.95 18490528 54067916.00
2024/12/10 3.01 3.04 2.91 2.92 15356901 45225920.00
2024/12/11 2.90 3.07 2.90 3.07 19989764 60308384.00
2024/12/12 3.09 3.12 3.04 3.09 17514810 53879484.00
2024/12/13 3.09 3.12 2.99 2.99 16431800 49988596.00
2024/12/16 3.02 3.05 2.97 3.04 8862500 26696764.00
2024/12/17 3.03 3.04 2.89 2.89 14241226 41692376.00
2024/12/18 2.89 2.94 2.84 2.89 7157521 20762022.00
2024/12/19 2.86 2.92 2.84 2.90 6657552 19212080.00
2024/12/20 2.90 2.98 2.90 2.95 6840169 20152882.00
2024/12/23 2.93 2.93 2.80 2.80 9486400 26750356.00
2024/12/24 2.77 2.78 2.66 2.72 13339507 35997200.00
2024/12/25 2.69 2.73 2.58 2.59 13305900 34712020.00
2024/12/26 2.57 2.63 2.55 2.59 8084733 20969086.00
2024/12/27 2.59 2.66 2.57 2.63 6025900 15846953.00
2024/12/30 2.58 2.60 2.50 2.55 7571601 19216666.00
2024/12/31 2.54 2.63 2.53 2.55 7401810 19104014.00
2025/01/02 2.53 2.61 2.50 2.52 7978700 20404556.00
2025/01/03 2.52 2.53 2.39 2.39 14019066 33817676.00
2025/01/06 2.31 2.35 2.28 2.33 9191013 21276926.00
2025/01/07 2.32 2.39 2.29 2.39 8221200 19256672.00
2025/01/08 2.37 2.40 2.28 2.36 8177300 19110306.00
2025/01/09 2.34 2.38 2.33 2.35 4926808 11594056.00
2025/01/10 2.34 2.37 2.29 2.29 4825510 11222977.00
2025/01/13 2.30 2.32 2.26 2.31 3528800 8105634.00
2025/01/14 2.31 2.43 2.31 2.43 9752272 23471282.00
2025/01/15 2.42 2.46 2.40 2.45 7878172 19138782.00
2025/01/16 2.44 2.51 2.43 2.45 6437700 15889932.00
2025/01/17 2.43 2.47 2.41 2.46 5039100 12306972.00
2025/01/20 2.42 2.58 2.41 2.51 8761918 21862428.00
2025/01/21 2.51 2.53 2.49 2.53 4271400 10729915.00
2025/01/22 2.51 2.52 2.46 2.49 3951700 9876131.00
2025/01/23 2.50 2.53 2.47 2.47 3212900 8041576.00
2025/01/24 2.47 2.54 2.44 2.53 4211701 10512520.00
2025/01/27 2.50 2.58 2.49 2.53 4726226 12009451.00
2025/02/05 2.52 2.61 2.51 2.59 5706141 14655765.00
2025/02/06 2.59 2.64 2.56 2.62 4511751 11765133.00
2025/02/07 2.60 2.68 2.60 2.63 6078757 16053157.00
2025/02/10 2.64 2.67 2.63 2.67 5732911 15205788.00
2025/02/11 2.66 2.68 2.61 2.67 5265016 13881777.00
2025/02/12 2.65 2.71 2.65 2.71 6618000 17765090.00
2025/02/13 2.70 2.80 2.67 2.74 9108326 24962062.00
2025/02/14 2.73 2.88 2.72 2.86 20580500 58560836.00
2025/02/17 2.81 2.83 2.75 2.80 15407490 43043096.00
2025/02/18 2.79 2.81 2.67 2.70 12467600 34051056.00
2025/02/19 2.71 2.76 2.69 2.75 6065579 16555277.00
2025/02/20 2.73 2.81 2.72 2.80 6127331 17028298.00
2025/02/21 2.81 2.81 2.76 2.80 5147527 14326717.00
2025/02/24 2.78 2.82 2.74 2.80 6788834 18906284.00
2025/02/25 2.78 2.86 2.76 2.80 4560010 12812396.00
2025/02/26 2.82 2.82 2.74 2.77 6548191 18174168.00
2025/02/27 2.78 2.78 2.71 2.72 5723400 15648750.00
2025/02/28 2.71 2.72 2.64 2.65 5308300 14239599.00
2025/03/03 2.64 2.73 2.64 2.70 6280183 16869164.00
2025/03/04 2.67 2.73 2.67 2.73 3733973 10077862.00
2025/03/05 2.72 2.73 2.65 2.70 4866500 13057271.00
2025/03/06 2.70 2.75 2.68 2.73 5354597 14576820.00
2025/03/07 2.72 2.79 2.71 2.75 6090733 16782988.00
2025/03/10 2.73 2.78 2.71 2.77 5437947 14946208.00
2025/03/11 2.75 2.87 2.74 2.84 9260162 26075866.00
2025/03/12 2.87 2.98 2.87 2.98 11646729 34546920.00
2025/03/13 3.09 3.09 2.89 2.95 24984864 74354320.00
2025/03/14 2.90 2.98 2.89 2.95 12873778 37693704.00
2025/03/17 2.94 3.10 2.94 3.08 15014468 45639988.00
2025/03/18 3.07 3.09 3.01 3.02 8764189 26712326.00
2025/03/19 3.02 3.02 2.90 2.93 12219880 35979312.00
2025/03/20 2.95 2.95 2.90 2.90 7917007 23126552.00
2025/03/21 2.89 2.91 2.83 2.85 8069079 23110312.00
2025/03/24 2.85 2.86 2.73 2.78 12072600 33700928.00
2025/03/25 2.78 2.82 2.74 2.77 7224903 20051690.00
2025/03/26 2.78 2.87 2.77 2.86 7553700 21371336.00
2025/03/27 2.84 2.87 2.77 2.81 5791800 16257520.00
2025/03/28 2.80 2.81 2.75 2.79 4510402 12555420.00
2025/03/31 2.77 2.78 2.67 2.72 5672400 15462692.00
2025/04/01 2.71 2.77 2.71 2.75 3892000 10707685.00
2025/04/02 2.75 2.81 2.74 2.76 3907650 10825074.00
2025/04/03 2.74 2.80 2.72 2.78 4186460 11577404.00
2025/04/07 2.64 2.69 2.64 2.64 2814700 7442456.00
2025/04/08 2.51 2.56 2.51 2.51 5668100 14232891.00
2025/04/09 2.47 2.52 2.38 2.48 12997900 31470052.00
2025/04/10 2.52 2.57 2.50 2.53 7004200 17775408.00
2025/04/11 2.51 2.59 2.51 2.55 4733800 12106928.00
2025/04/14 2.57 2.62 2.55 2.60 5223197 13550438.00
2025/04/15 2.61 2.61 2.57 2.60 3511644 9100710.00
2025/04/16 2.59 2.60 2.50 2.54 6061630 15441642.00
2025/04/17 2.52 2.58 2.50 2.55 5136302 13144017.00
2025/04/18 2.54 2.57 2.52 2.55 4698201 11947958.00
2025/04/21 2.54 2.59 2.52 2.59 4445243 11424566.00
2025/04/22 2.57 2.60 2.55 2.56 3715501 9540076.00
2025/04/23 2.57 2.60 2.55 2.57 4066300 10474524.00
2025/04/24 2.57 2.57 2.53 2.55 3997000 10187373.00
2025/04/25 2.61 2.68 2.61 2.68 12922900 34519860.00
2025/04/28 2.64 2.73 2.62 2.66 11434478 30546640.00
2025/04/29 2.66 2.72 2.65 2.67 8289478 22179462.00
2025/04/30 2.63 2.72 2.63 2.72 9698853 26078276.00
2025/05/06 2.73 2.82 2.72 2.81 10059800 28019052.00
2025/05/07 2.83 2.84 2.77 2.79 10293300 28783542.00
2025/05/08 2.78 2.84 2.78 2.82 9302881 26182492.00
2025/05/09 2.82 2.88 2.78 2.79 9994400 28297252.00
2025/05/12 2.79 2.86 2.77 2.85 9474401 26676834.00
2025/05/13 2.88 2.91 2.80 2.81 10288591 29258238.00
2025/05/14 2.82 2.86 2.81 2.84 7186601 20341758.00
2025/05/15 2.90 2.92 2.87 2.91 11308876 32792418.00
2025/05/16 2.89 2.94 2.88 2.92 8898100 25861668.00
2025/05/19 3.07 3.07 2.96 3.01 17699104 53509704.00
2025/05/20 3.01 3.07 3.00 3.02 13043301 39560304.00
2025/05/21 3.00 3.05 2.98 3.04 7572223 22795776.00
2025/05/22 3.04 3.07 2.96 3.00 9625900 29045914.00
2025/05/23 2.99 3.03 2.92 2.93 7585340 22546428.00
2025/05/26 2.94 2.99 2.94 2.97 4707800 13984377.00
2025/05/27 2.98 2.99 2.94 2.98 4365301 12964670.00
2025/05/28 2.97 3.02 2.95 2.99 5123300 15284017.00
2025/05/29 2.98 3.06 2.98 3.03 6946301 21068386.00
2025/05/30 3.02 3.02 2.96 2.97 6681900 19933612.00
2025/06/03 2.95 3.06 2.95 3.03 6543197 19745302.00
2025/06/04 3.04 3.18 3.02 3.16 19556360 61429252.00
2025/06/05 3.13 3.25 3.11 3.24 16591469 52955004.00
2025/06/06 3.24 3.29 3.18 3.25 15404467 49751412.00
2025/06/09 3.26 3.36 3.23 3.34 15661286 51860176.00
2025/06/10 3.34 3.41 3.24 3.38 18979074 62808248.00
2025/06/11 3.34 3.55 3.34 3.52 19558052 67956952.00
2025/06/12 3.50 3.63 3.44 3.61 18770104 66388732.00
2025/06/13 3.57 3.65 3.45 3.45 17392716 61356388.00
2025/06/16 3.45 3.62 3.41 3.59 15032886 53082636.00
2025/06/17 3.59 3.77 3.59 3.77 16908888 63007680.00
2025/06/18 3.80 3.95 3.64 3.69 28372840 106826832.00
2025/06/19 3.70 3.73 3.56 3.65 18339420 66651744.00
2025/06/20 3.66 3.70 3.56 3.59 12964637 46740748.00
2025/06/23 3.54 3.77 3.53 3.77 10804533 39840744.00
2025/06/24 3.84 3.96 3.84 3.96 18908032 73970520.00
2025/06/25 4.00 4.16 3.92 4.00 28173216 113998640.00
2025/06/26 4.02 4.12 3.89 3.93 18468902 73496752.00
2025/06/27 3.92 4.08 3.92 3.97 15089169 60380872.00
2025/06/30 3.96 4.03 3.87 3.97 14018601 55281720.00
2025/07/01 3.97 4.17 3.93 4.17 17524848 71444408.00
2025/07/02 4.12 4.21 4.08 4.17 12952248 53644340.00
2025/07/03 4.17 4.24 4.10 4.13 9507898 39323992.00
2025/07/04 4.10 4.17 4.03 4.06 7994595 32699772.00
2025/07/07 4.05 4.11 3.97 4.08 5539000 22483060.00
2025/07/08 4.08 4.21 4.08 4.19 8548428 35477668.00
2025/07/09 4.12 4.19 4.06 4.07 9942112 40806160.00
2025/07/10 4.06 4.09 3.87 3.87 15303000 60725484.00
2025/07/11 3.85 3.90 3.81 3.86 10717804 41261844.00
2025/07/14 3.86 3.94 3.83 3.89 6070522 23602840.00
2025/07/15 3.81 3.92 3.81 3.89 6109300 23561798.00
2025/07/16 3.88 4.00 3.87 3.89 5598600 22071696.00
2025/07/17 3.85 3.93 3.83 3.85 4839100 18650196.00
2025/07/18 3.86 3.88 3.76 3.76 6030200 22993162.00
2025/07/21 3.74 3.88 3.74 3.84 5111201 19559274.00
2025/07/22 3.82 3.94 3.80 3.87 7329001 28393948.00
2025/07/23 3.94 3.95 3.86 3.87 5444350 21214882.00
2025/07/24 3.84 3.91 3.83 3.90 4251350 16455391.00
2025/07/25 3.86 3.97 3.86 3.93 4839200 18922650.00
2025/07/28 3.93 3.95 3.88 3.91 3519800 13774465.00
2025/07/29 3.90 3.91 3.83 3.86 5215600 20106126.00
2025/07/30 3.85 3.88 3.81 3.82 3507010 13463374.00
2025/07/31 3.82 3.92 3.82 3.86 6774500 26290250.00
2025/08/01 3.86 4.05 3.86 4.04 10898087 43398228.00
2025/08/04 4.05 4.18 3.99 4.16 9007900 36883680.00
2025/08/05 4.13 4.25 4.13 4.24 8690650 36566396.00
2025/08/06 4.26 4.43 4.21 4.39 12639390 54911680.00
2025/08/07 4.40 4.56 4.32 4.39 15645225 69261520.00
2025/08/08 4.37 4.52 4.37 4.51 11047702 49322796.00
2025/08/11 4.50 4.63 4.50 4.53 8306800 38005128.00
2025/08/12 4.51 4.53 4.39 4.45 11533550 51309332.00
2025/08/13 4.47 4.60 4.44 4.54 8579529 38760652.00
2025/08/14 4.56 4.69 4.50 4.54 12862538 59082376.00
2025/08/15 4.56 4.74 4.52 4.74 12683359 58717080.00
2025/08/18 4.75 4.88 4.65 4.77 15573886 74239448.00
2025/08/19 4.73 4.79 4.65 4.71 10464423 49420440.00
2025/08/20 4.69 4.78 4.63 4.74 8147141 38364744.00
2025/08/21 4.73 4.81 4.69 4.74 8906040 42276004.00
2025/08/22 4.73 4.84 4.70 4.80 6641679 31653898.00
2025/08/25 4.75 4.80 4.64 4.69 11787915 55568456.00
2025/08/26 4.67 4.82 4.66 4.81 9490569 45354344.00
2025/08/27 4.80 5.04 4.71 4.72 16165026 79261616.00
2025/08/28 4.69 4.79 4.57 4.72 12705700 59702968.00
2025/08/29 4.73 4.73 4.56 4.60 9296600 43018448.00
2025/09/01 4.64 4.83 4.64 4.83 10932761 51817704.00
2025/09/02 4.86 4.93 4.75 4.89 10273792 49722288.00
2025/09/03 4.93 5.00 4.83 4.88 10717600 52690828.00
2025/09/04 4.90 5.02 4.85 4.93 11299207 55842432.00
2025/09/05 4.94 5.10 4.91 5.10 13622733 68428304.00
2025/09/08 5.08 5.21 5.06 5.16 11877926 60939208.00
2025/09/09 5.19 5.19 5.06 5.09 9825418 50150956.00
2025/09/10 5.09 5.20 5.08 5.16 8985282 46085352.00
2025/09/11 5.16 5.16 5.02 5.07 11719260 59450972.00
2025/09/12 5.08 5.13 5.05 5.08 6720605 34186852.00
2025/09/15 5.09 5.10 4.93 4.96 9976570 49729620.00
2025/09/16 4.97 4.99 4.83 4.89 7718142 37846988.00
2025/09/17 4.89 4.99 4.85 4.95 7287477 35961448.00
2025/09/18 4.97 4.98 4.70 4.70 12728390 61360004.00
2025/09/19 4.76 4.78 4.63 4.78 8570426 40398608.00
2025/09/22 4.82 4.94 4.78 4.83 9755200 47417724.00
2025/09/23 4.79 4.82 4.59 4.65 15262993 70784656.00
2025/09/24 4.65 4.72 4.57 4.67 9793226 45699124.00
2025/09/25 4.68 4.75 4.61 4.67 10405298 48701064.00
2025/09/26 4.68 4.86 4.65 4.82 13443102 63994884.00
2025/09/29 4.90 5.00 4.86 4.93 17811300 87805616.00
2025/09/30 4.97 5.04 4.82 4.99 18232224 89746272.00
2025/10/09 4.99 5.00 4.86 4.93 10772682 52910792.00
2025/10/10 4.82 4.92 4.79 4.82 11761801 56902788.00
2025/10/13 4.63 4.75 4.62 4.74 10718209 50378192.00
2025/10/14 4.79 4.93 4.79 4.84 12799139 62232560.00
2025/10/15 4.81 4.92 4.76 4.91 9997308 48640400.00
2025/10/16 4.91 4.94 4.85 4.92 7618209 37358456.00
2025/10/17 4.88 4.98 4.86 4.88 10206449 50071800.00
2025/10/20 4.87 4.98 4.82 4.95 9917561 48546444.00
2025/10/21 4.90 4.96 4.88 4.96 8089679 39848600.00
2025/10/22 4.93 5.05 4.91 5.04 10466419 52518472.00
2025/10/23 5.03 5.29 4.96 5.24 23989464 124296656.00
2025/10/24 5.06 5.17 4.98 4.99 30360700 153010624.00
2025/10/27 4.96 4.99 4.89 4.93 11034420 54354556.00
2025/10/28 4.89 5.05 4.88 5.00 10467398 52278968.00
2025/10/29 4.96 4.97 4.80 4.84 15575900 75675784.00
2025/10/30 4.79 4.83 4.72 4.78 10696507 51069724.00
2025/10/31 4.90 5.01 4.89 4.98 17920484 88864760.00
2025/11/03 4.97 5.04 4.93 5.03 10205384 51080384.00
2025/11/04 5.04 5.11 5.01 5.05 8836801 44549284.00
2025/11/05 5.02 5.06 5.00 5.04 6400183 32155548.00
2025/11/06 5.02 5.06 4.98 5.01 6438272 32224408.00
2025/11/10 4.81 5.20 4.80 5.00 29644550 147795008.00
2025/11/11 4.97 5.50 4.95 5.50 39850300 212955440.00
2025/11/12 5.66 5.66 5.30 5.31 46920936 254118752.00
2025/11/13 5.40 5.46 5.26 5.43 30114992 161532384.00
2025/11/14 5.35 5.47 5.17 5.18 28054400 148454192.00
2025/11/17 5.22 5.40 5.11 5.31 22754924 119731976.00
2025/11/18 5.30 5.30 5.08 5.16 21238070 109505872.00
2025/11/19 5.13 5.18 4.64 4.70 37315136 181382336.00
2025/11/20 4.72 4.83 4.61 4.81 17281476 81447912.00
2025/11/21 4.76 4.77 4.56 4.57 19331400 90088352.00
2025/11/24 4.62 4.69 4.52 4.65 15774601 72556016.00
2025/11/25 4.65 4.83 4.65 4.79 14322103 68375320.00
2025/11/26 4.79 5.00 4.77 4.82 14855201 72180104.00
2025/11/27 4.81 4.92 4.75 4.88 15990200 77427992.00
2025/11/28 4.83 4.88 4.80 4.85 8971401 43441340.00
2025/12/01 4.89 4.89 4.74 4.76 12355683 59297200.00
2025/12/02 4.79 4.80 4.60 4.63 15878872 73832120.00
2025/12/03 4.65 4.65 4.30 4.34 28140024 124960144.00
2025/12/04 4.37 4.37 4.25 4.28 15774452 67735584.00
2025/12/05 4.29 4.54 4.23 4.54 20134632 89033800.00
2025/12/08 4.50 4.57 4.48 4.50 11497673 51950616.00
2025/12/09 4.49 4.57 4.46 4.51 10940173 49437320.00
2025/12/10 4.51 4.54 4.42 4.45 8655073 38762624.00
2025/12/11 4.43 4.53 4.33 4.37 11197201 49467956.00
2025/12/12 4.39 4.41 4.30 4.32 9197500 40117532.00
2025/12/15 4.33 4.39 4.23 4.32 8939000 38669836.00
2025/12/16 4.34 4.34 4.20 4.23 12201306 52007288.00
2025/12/17 4.23 4.29 4.14 4.24 9397843 39593792.00
2025/12/18 4.26 4.38 4.22 4.27 12988100 55970232.00
2025/12/19 4.26 4.37 4.23 4.36 10153011 43858380.00
2025/12/22 4.36 4.40 4.35 4.38 9284800 40585116.00
2025/12/23 4.40 4.41 4.28 4.31 11027273 47632192.00
2025/12/24 4.28 4.38 4.28 4.31 8261901 35657068.00
2025/12/25 4.30 4.32 4.24 4.29 8947705 38288104.00
2025/12/26 4.27 4.31 4.18 4.20 15076288 63690312.00
2025/12/29 4.18 4.22 4.13 4.15 9779200 40671372.00
2025/12/30 4.13 4.32 4.12 4.19 14882502 63006376.00
2025/12/31 4.19 4.23 4.11 4.20 10045043 41847356.00
2026/01/05 4.20 4.32 4.19 4.30 13774187 58934740.00
2026/01/06 4.28 4.41 4.27 4.35 11549680 50209648.00
2026/01/07 4.39 4.39 4.22 4.24 12452898 53253244.00
2026/01/08 4.22 4.32 4.21 4.31 10422720 44610880.00
2026/01/09 4.31 4.44 4.27 4.44 15718232 68870928.00
2026/01/12 4.46 4.61 4.46 4.57 22146190 100848376.00
2026/01/13 4.55 4.63 4.47 4.58 21138298 96618624.00
2026/01/14 4.59 4.69 4.52 4.60 16311343 75193552.00
2026/01/15 4.60 4.60 4.45 4.50 15089177 67918400.00
2026/01/16 4.50 4.54 4.32 4.49 20051260 88897696.00
2026/01/19 4.33 4.37 4.16 4.25 24157784 102604136.00
2026/01/20 4.25 4.68 4.23 4.46 39329176 176355088.00
2026/01/21 4.40 4.41 4.21 4.27 28347576 121440760.00
2026/01/22 4.27 4.35 4.21 4.30 17385580 74484824.00
2026/01/23 4.31 4.55 4.28 4.45 22937600 101623112.00
2026/01/26 4.48 4.48 4.31 4.37 16482141 71917016.00
2026/01/27 4.34 4.39 4.23 4.24 17132110 73112768.00
2026/01/28 4.24 4.38 4.24 4.32 15204500 65643016.00
2026/01/29 4.25 4.45 4.25 4.33 15262063 66797936.00
2026/01/30 4.30 4.37 4.25 4.35 15205682 65580504.00
2026/02/02 4.34 4.43 4.31 4.32 11702035 51071924.00
2026/02/03 4.33 4.39 4.30 4.33 11659200 50507212.00
2026/02/04 4.32 4.35 4.24 4.34 12852772 55200432.00
2026/02/05 4.33 4.41 4.28 4.36 11563268 50577936.00
2026/02/06 4.34 4.42 4.31 4.39 9627601 42152868.00
2026/02/09 4.45 4.56 4.42 4.56 19316464 87045520.00
2026/02/10 4.57 4.90 4.54 4.67 48130828 225369456.00
2026/02/11 4.66 4.69 4.55 4.63 24414300 112978224.00
2026/02/12 4.61 4.69 4.46 4.64 22970164 104563136.00
2026/02/13 4.62 4.75 4.60 4.62 15310963 71422304.00
2026/02/24 4.62 4.63 4.45 4.50 16544317 74449744.00
2026/02/25 4.51 4.58 4.48 4.55 12870700 58329860.00
#Ъ§ОнРДдД:ЭЈДяаХ
