603323 ЫеХЉвјаа ШеЯп ЧАИДШЈ
      ШеЦк	    ПЊХЬ	    зюИп	    зюЕЭ	    ЪеХЬ	    ГЩНЛСП	    ГЩНЛЖю
2021/08/02 3.40 3.57 3.36 3.53 24027463 111143056.00
2021/08/03 3.51 3.54 3.47 3.48 11794521 54744680.00
2021/08/04 3.49 3.49 3.44 3.46 10038142 46116212.00
2021/08/05 3.46 3.57 3.45 3.54 17206472 80383976.00
2021/08/06 3.53 3.58 3.50 3.58 14827170 69670648.00
2021/08/09 3.57 3.63 3.56 3.57 19221925 91143016.00
2021/08/10 3.56 3.62 3.51 3.60 15316881 72217136.00
2021/08/11 3.59 3.74 3.58 3.70 31218520 151388768.00
2021/08/12 3.68 3.75 3.66 3.70 12991042 63124244.00
2021/08/13 3.70 3.73 3.63 3.69 13599018 65628468.00
2021/08/16 3.69 3.82 3.65 3.79 26163007 128985536.00
2021/08/17 3.78 3.81 3.68 3.71 15116555 74120176.00
2021/08/18 3.69 3.81 3.68 3.81 18280459 89990544.00
2021/08/19 3.78 3.79 3.71 3.76 13363290 65543668.00
2021/08/20 3.78 3.81 3.73 3.76 14876788 73408208.00
2021/08/23 3.76 3.88 3.76 3.86 28972902 145284544.00
2021/08/24 3.85 3.90 3.81 3.82 18648306 93508392.00
2021/08/25 3.82 3.85 3.77 3.82 10637044 52962492.00
2021/08/26 3.82 3.82 3.70 3.74 15777223 77530400.00
2021/08/27 3.73 3.75 3.69 3.70 9311047 45431300.00
2021/08/30 3.71 3.73 3.60 3.63 18786592 90081448.00
2021/08/31 3.62 3.68 3.60 3.67 12260639 58859728.00
2021/09/01 3.67 3.78 3.65 3.75 18193269 88808520.00
2021/09/02 3.76 3.80 3.72 3.80 14511922 71647240.00
2021/09/03 3.80 3.85 3.74 3.78 12299449 61062556.00
2021/09/06 3.80 3.87 3.79 3.86 19523411 98239656.00
2021/09/07 3.89 4.01 3.85 4.00 33094579 169400944.00
2021/09/08 3.98 4.02 3.93 3.96 19508740 100610296.00
2021/09/09 3.92 3.98 3.91 3.96 13712952 70451136.00
2021/09/10 3.96 4.11 3.95 4.06 31300220 163793120.00
2021/09/13 4.04 4.14 3.95 4.13 32021709 167861152.00
2021/09/14 4.12 4.15 3.98 4.03 34264308 179820768.00
2021/09/15 4.03 4.19 4.00 4.16 34199404 182858032.00
2021/09/16 4.17 4.22 4.07 4.14 26816096 143163200.00
2021/09/17 4.11 4.16 3.96 4.04 24738171 129778448.00
2021/09/22 3.92 4.11 3.85 4.05 27105393 139640880.00
2021/09/23 4.05 4.29 4.04 4.18 21816657 117423312.00
2021/09/24 4.21 4.21 3.96 3.99 21691962 113245104.00
2021/09/27 3.98 3.98 3.87 3.93 15206020 77674760.00
2021/09/28 3.93 4.17 3.89 4.15 39348593 208204832.00
2021/09/29 4.14 4.15 4.02 4.05 22075438 116279672.00
2021/09/30 4.03 4.06 3.94 4.01 14748662 76482064.00
2021/10/08 4.01 4.12 3.99 4.09 16302965 85679792.00
2021/10/11 4.07 4.24 4.06 4.20 25961829 139619136.00
2021/10/12 4.16 4.18 4.06 4.16 21052329 112183264.00
2021/10/13 4.14 4.16 3.98 4.02 18406173 96489840.00
2021/10/14 4.04 4.14 4.01 4.01 13537036 71407056.00
2021/10/15 4.01 4.07 3.91 3.92 18519379 95596720.00
2021/10/18 3.92 3.98 3.90 3.98 12881756 66107968.00
2021/10/19 3.97 4.21 3.96 4.12 25423260 134890752.00
2021/10/20 4.14 4.16 4.06 4.16 17316065 92133792.00
2021/10/21 4.16 4.26 4.16 4.18 22606186 122489800.00
2021/10/22 4.23 4.37 4.21 4.24 40620179 223826048.00
2021/10/25 4.19 4.29 4.09 4.28 23072308 125458160.00
2021/10/26 4.27 4.42 4.21 4.38 31370193 174683792.00
2021/10/27 4.35 4.42 4.31 4.39 21250765 118779472.00
2021/10/28 4.40 4.41 4.29 4.32 20489621 114015968.00
2021/10/29 4.34 4.35 4.23 4.26 16785078 92176200.00
2021/11/01 4.26 4.33 4.13 4.20 20800837 112920096.00
2021/11/02 4.16 4.24 3.96 4.03 43995528 232130032.00
2021/11/03 4.03 4.09 3.98 4.01 12741636 66408984.00
2021/11/04 4.02 4.05 3.96 4.04 16405922 85147168.00
2021/11/05 4.03 4.03 3.66 3.66 50817303 250215216.00
2021/11/08 3.69 3.83 3.63 3.78 29430510 144650176.00
2021/11/09 3.80 3.82 3.69 3.71 13634720 66684308.00
2021/11/10 3.69 3.73 3.63 3.72 12690022 61295720.00
2021/11/11 3.69 3.88 3.68 3.86 24113825 119453768.00
2021/11/12 3.85 3.86 3.73 3.81 16557776 82211520.00
2021/11/15 3.81 3.83 3.75 3.81 13610335 67412336.00
2021/11/16 3.76 3.79 3.69 3.69 11513045 56447144.00
2021/11/17 3.70 3.71 3.67 3.68 8430476 40854496.00
2021/11/18 3.69 3.73 3.63 3.63 13593399 65613280.00
2021/11/19 3.63 3.74 3.62 3.70 12303322 59432240.00
2021/11/22 3.71 3.72 3.66 3.68 7456281 36085100.00
2021/11/23 3.68 3.70 3.66 3.68 9128641 44110936.00
2021/11/24 3.68 3.70 3.66 3.67 7848400 37896848.00
2021/11/25 3.68 3.68 3.65 3.65 5403779 26039234.00
2021/11/26 3.66 3.66 3.60 3.62 6963789 33196304.00
2021/11/29 3.58 3.64 3.57 3.63 13428162 63748348.00
2021/11/30 3.63 3.66 3.61 3.65 7599238 36442848.00
2021/12/01 3.65 3.69 3.63 3.68 8000034 38551404.00
2021/12/02 3.68 3.70 3.65 3.69 8727792 42220148.00
2021/12/03 3.70 3.71 3.66 3.68 8596171 41622748.00
2021/12/06 3.70 3.76 3.67 3.74 15285730 74685592.00
2021/12/07 3.76 3.77 3.70 3.76 12525585 61478768.00
2021/12/08 3.76 3.79 3.72 3.78 10964393 53846392.00
2021/12/09 3.76 3.81 3.73 3.80 23891646 118076408.00
2021/12/10 3.76 3.78 3.70 3.74 15368343 75320704.00
2021/12/13 3.73 3.77 3.71 3.73 10399857 50986828.00
2021/12/14 3.72 3.72 3.67 3.69 7467991 36219928.00
2021/12/15 3.69 3.73 3.67 3.71 8710567 42320608.00
2021/12/16 3.70 3.76 3.68 3.76 8860997 43378908.00
2021/12/17 3.76 3.77 3.71 3.72 6627071 32428400.00
2021/12/20 3.70 3.72 3.66 3.67 8878049 43072560.00
2021/12/21 3.67 3.86 3.66 3.78 16766838 82749184.00
2021/12/22 3.77 3.82 3.73 3.73 17100236 84052064.00
2021/12/23 3.74 3.76 3.70 3.71 10917039 53273256.00
2021/12/24 3.71 3.75 3.70 3.70 10869782 53098868.00
2021/12/27 3.70 3.73 3.49 3.55 43051196 204423824.00
2021/12/28 3.55 3.62 3.53 3.60 18956169 89564248.00
2021/12/29 3.62 3.69 3.58 3.67 25240783 121255896.00
2021/12/30 3.68 3.73 3.66 3.72 17482092 85072240.00
2021/12/31 3.70 3.73 3.68 3.71 10854744 52803952.00
2022/01/04 3.72 3.76 3.71 3.75 11712450 57361696.00
2022/01/05 3.75 3.83 3.73 3.80 19630358 97253656.00
2022/01/06 3.78 3.83 3.76 3.78 14473076 71781384.00
2022/01/07 3.78 3.94 3.77 3.89 24017291 121521176.00
2022/01/10 3.89 4.16 3.89 4.03 37732184 197273648.00
2022/01/11 4.08 4.21 4.01 4.11 39038581 207503168.00
2022/01/12 4.15 4.24 4.10 4.22 43989134 237551568.00
2022/01/13 4.17 4.46 4.17 4.30 49971364 277604576.00
2022/01/14 4.30 4.30 4.08 4.13 35257257 189249808.00
2022/01/17 4.08 4.19 4.01 4.07 27075947 142737024.00
2022/01/18 4.08 4.26 4.08 4.21 23901964 128543904.00
2022/01/19 4.20 4.26 4.16 4.21 18600673 100787432.00
2022/01/20 4.21 4.28 4.13 4.18 26420068 142858800.00
2022/01/21 4.20 4.20 4.09 4.14 19683754 105046072.00
2022/01/24 4.11 4.26 4.06 4.20 29350845 157946528.00
2022/01/25 4.24 4.24 4.04 4.04 26929882 142880000.00
2022/01/26 4.09 4.13 4.00 4.06 17270243 90696752.00
2022/01/27 4.05 4.29 4.01 4.16 53153555 286832192.00
2022/01/28 4.15 4.24 4.05 4.07 28486159 151440416.00
2022/02/07 4.16 4.30 4.10 4.28 31735950 172401408.00
2022/02/08 4.25 4.59 4.25 4.49 76202458 434508576.00
2022/02/09 4.47 4.52 4.38 4.39 35798358 203121472.00
2022/02/10 4.40 4.46 4.35 4.46 28147818 158843808.00
2022/02/11 4.44 4.56 4.40 4.46 37560210 214551456.00
2022/02/14 4.46 4.46 4.27 4.30 25913164 144308560.00
2022/02/15 4.31 4.36 4.19 4.25 26599771 145555040.00
2022/02/16 4.26 4.39 4.26 4.30 16075674 89284448.00
2022/02/17 4.28 4.41 4.25 4.28 24995342 138420256.00
2022/02/18 4.24 4.46 4.20 4.42 30594672 171804832.00
2022/02/21 4.42 4.44 4.33 4.39 20582600 115223928.00
2022/02/22 4.34 4.41 4.30 4.40 19730561 110226288.00
2022/02/23 4.40 4.40 4.26 4.29 23131598 127488560.00
2022/02/24 4.28 4.28 4.12 4.16 24181446 130944624.00
2022/02/25 4.18 4.24 4.09 4.13 17725148 94801368.00
2022/02/28 4.11 4.16 4.02 4.16 15331175 81364056.00
2022/03/01 4.16 4.27 4.16 4.26 20095927 109229800.00
2022/03/02 4.23 4.31 4.21 4.25 15357990 84196008.00
2022/03/03 4.29 4.34 4.24 4.33 18764057 103717768.00
2022/03/04 4.31 4.32 4.19 4.25 13137038 71731344.00
2022/03/07 4.22 4.27 4.18 4.20 12562163 68385216.00
2022/03/08 4.17 4.23 4.05 4.06 19369285 103185200.00
2022/03/09 4.06 4.14 3.79 3.96 29618354 152539024.00
2022/03/10 4.03 4.10 3.97 4.05 18088119 94538816.00
2022/03/11 4.01 4.04 3.86 4.00 21796024 111512112.00
2022/03/14 3.96 3.97 3.81 3.82 15598981 79089912.00
2022/03/15 3.82 3.84 3.56 3.59 26287263 127196472.00
2022/03/16 3.65 3.84 3.51 3.71 28163194 136399152.00
2022/03/17 3.74 3.76 3.65 3.72 27763240 135039904.00
2022/03/18 3.69 3.86 3.68 3.80 20643241 102283456.00
2022/03/21 3.80 3.82 3.68 3.71 20723193 101331688.00
2022/03/22 3.71 3.82 3.68 3.79 17040965 83964936.00
2022/03/23 3.80 3.83 3.72 3.80 17966950 88860704.00
2022/03/24 3.79 3.87 3.77 3.83 17557126 87860896.00
2022/03/25 3.83 3.88 3.78 3.83 12650394 63343420.00
2022/03/28 3.80 3.94 3.74 3.86 20784916 104394888.00
2022/03/29 3.86 3.92 3.82 3.91 12580832 63642404.00
2022/03/30 3.90 3.96 3.83 3.95 17957869 91448416.00
2022/03/31 3.90 4.16 3.89 4.08 30537822 160715376.00
2022/04/01 4.07 4.31 4.06 4.31 42919599 234026944.00
2022/04/06 4.31 4.69 4.26 4.60 82755293 480676000.00
2022/04/07 4.60 4.71 4.44 4.48 62804011 364922560.00
2022/04/08 4.41 4.54 4.29 4.46 51409116 290274432.00
2022/04/11 4.40 4.43 4.24 4.28 31739283 176341936.00
2022/04/12 4.26 4.36 4.19 4.30 29158329 159944000.00
2022/04/13 4.29 4.40 4.25 4.31 24287385 135295840.00
2022/04/14 4.36 4.44 4.29 4.33 17183460 95757440.00
2022/04/15 4.30 4.58 4.27 4.56 55704280 319493696.00
2022/04/18 4.40 4.52 4.25 4.38 43062288 241457632.00
2022/04/19 4.42 4.46 4.26 4.46 28203869 157901728.00
2022/04/20 4.43 4.49 4.24 4.26 22658913 125742848.00
2022/04/21 4.25 4.43 4.20 4.24 29535379 163304176.00
2022/04/22 4.21 4.46 4.20 4.42 35366594 198412000.00
2022/04/25 4.34 4.46 4.19 4.26 45080355 248633024.00
2022/04/26 4.22 4.29 3.92 4.00 42669350 225445344.00
2022/04/27 3.94 4.07 3.83 3.98 32995249 170057680.00
2022/04/28 4.02 4.20 3.98 4.11 38127244 202094768.00
2022/04/29 4.19 4.21 4.01 4.08 44782549 237290944.00
2022/05/05 4.08 4.26 4.07 4.26 27296522 147243584.00
2022/05/06 4.19 4.39 4.06 4.25 37806230 205867616.00
2022/05/09 4.21 4.22 4.00 4.04 21812939 115120936.00
2022/05/10 4.01 4.10 3.90 4.10 21183353 109923440.00
2022/05/11 4.08 4.12 3.95 3.95 22149189 115665888.00
2022/05/12 3.95 4.06 3.91 3.97 18266630 94455440.00
2022/05/13 3.98 4.10 3.97 4.06 13624715 71394528.00
2022/05/16 4.06 4.08 3.99 4.00 17435346 90868952.00
2022/05/17 3.98 4.02 3.92 3.97 18226590 93759560.00
2022/05/18 3.97 4.00 3.86 3.88 24154050 122899024.00
2022/05/19 3.83 3.87 3.81 3.86 16404076 82326272.00
2022/05/20 3.86 3.92 3.85 3.88 19428470 98375120.00
2022/05/23 3.89 3.90 3.81 3.86 29190666 146387376.00
2022/05/24 3.86 3.86 3.71 3.71 29866753 146959824.00
2022/05/25 3.71 3.81 3.70 3.80 19453766 95600784.00
2022/05/26 3.78 3.86 3.78 3.84 20184532 100801976.00
2022/05/27 3.83 3.86 3.79 3.85 14786746 73859032.00
2022/05/30 3.85 3.93 3.82 3.86 25311583 127647968.00
2022/05/31 3.85 3.87 3.80 3.87 17694887 88581592.00
2022/06/01 3.86 3.86 3.78 3.83 14872382 74307792.00
2022/06/02 3.83 3.84 3.76 3.81 17455759 86438256.00
2022/06/06 3.79 3.80 3.74 3.79 20527819 101321424.00
2022/06/07 3.78 3.86 3.75 3.85 37323444 185898672.00
2022/06/08 3.85 3.86 3.80 3.86 19955943 99875064.00
2022/06/09 3.86 4.03 3.85 4.01 51761146 266559872.00
2022/06/10 3.98 4.03 3.95 4.03 29091014 150290032.00
2022/06/13 3.97 4.00 3.87 3.93 27573773 140725056.00
2022/06/14 3.88 4.02 3.86 4.01 21303981 109378680.00
2022/06/15 4.02 4.26 3.99 4.15 54615425 292284608.00
2022/06/16 4.16 4.19 4.02 4.04 31197922 159738288.00
2022/06/17 4.02 4.07 3.96 4.04 25334862 127852976.00
2022/06/20 4.02 4.06 3.96 3.97 18217564 91434152.00
2022/06/21 3.97 4.02 3.93 3.97 19531078 97590632.00
2022/06/22 3.97 3.97 3.93 3.95 11258566 56069696.00
2022/06/23 3.96 3.98 3.91 3.97 14090402 69976960.00
2022/06/24 3.97 3.99 3.93 3.95 17377903 86595552.00
2022/06/27 3.96 3.98 3.95 3.98 17116142 85480944.00
2022/06/28 3.97 4.08 3.96 4.01 49303128 248198992.00
2022/06/29 3.99 4.05 3.98 3.99 27893280 140760864.00
2022/06/30 3.99 4.07 3.98 4.06 29663099 150486992.00
2022/07/01 4.06 4.10 4.03 4.06 14772411 75248840.00
2022/07/04 4.06 4.06 3.99 4.05 15633526 79138984.00
2022/07/05 4.05 4.11 4.00 4.06 26856842 136628992.00
2022/07/06 4.14 4.20 4.06 4.13 44551845 230617344.00
2022/07/07 4.15 4.31 4.13 4.21 37520753 198655552.00
2022/07/08 4.25 4.37 4.18 4.30 39392413 210695056.00
2022/07/11 4.30 4.43 4.21 4.39 52757744 285053888.00
2022/07/12 4.38 4.48 4.34 4.37 41126729 225111312.00
2022/07/13 4.38 4.41 4.27 4.32 33319121 179436832.00
2022/07/14 4.29 4.30 4.17 4.27 26998166 143137392.00
2022/07/15 4.26 4.28 4.15 4.16 21868415 114766976.00
2022/07/18 4.17 4.22 4.16 4.22 24574521 128567040.00
2022/07/19 4.24 4.38 4.22 4.36 25950410 139799248.00
2022/07/20 4.37 4.51 4.36 4.40 35490703 195226528.00
2022/07/21 4.41 4.45 4.24 4.27 32428007 173877584.00
2022/07/22 4.27 4.37 4.26 4.32 19134478 102909312.00
2022/07/25 4.32 4.37 4.29 4.36 18930681 102207728.00
2022/07/26 4.36 4.44 4.31 4.40 17225231 93801344.00
2022/07/27 4.39 4.39 4.31 4.37 16992893 91962680.00
2022/07/28 4.39 4.42 4.32 4.32 11348227 61578492.00
2022/07/29 4.34 4.36 4.25 4.27 16352793 87469984.00
2022/08/01 4.26 4.29 4.22 4.25 11735541 62235112.00
2022/08/02 4.22 4.23 4.00 4.06 30919010 158151984.00
2022/08/03 4.06 4.11 3.96 3.98 21836833 110729656.00
2022/08/04 3.99 4.06 3.97 4.01 20085119 101283088.00
2022/08/05 4.00 4.06 3.93 4.04 25108577 126144240.00
2022/08/08 4.03 4.10 4.00 4.03 18195500 92093368.00
2022/08/09 4.02 4.04 3.94 4.00 19981284 100188176.00
2022/08/10 3.98 4.01 3.96 4.00 16586270 83031616.00
2022/08/11 4.01 4.13 3.99 4.10 24573743 125364024.00
2022/08/12 4.09 4.16 4.06 4.13 19234245 99024896.00
2022/08/15 4.11 4.11 4.03 4.06 16882500 86089144.00
2022/08/16 4.06 4.13 4.04 4.12 15719795 80485712.00
2022/08/17 4.13 4.16 4.06 4.16 16080068 83058048.00
2022/08/18 4.18 4.18 4.07 4.08 17607660 90581560.00
2022/08/19 4.09 4.17 4.07 4.12 20851261 107984496.00
2022/08/22 4.12 4.22 4.11 4.16 19840750 103665328.00
2022/08/23 4.16 4.16 4.08 4.12 17248440 88852264.00
2022/08/24 4.11 4.16 4.06 4.06 19972804 102526920.00
2022/08/25 4.08 4.17 4.06 4.16 23496106 121089376.00
2022/08/26 4.16 4.16 4.10 4.12 14888179 76972144.00
2022/08/29 4.10 4.16 4.07 4.16 15348845 79377856.00
2022/08/30 4.15 4.20 4.09 4.17 20574143 106873360.00
2022/08/31 4.16 4.19 4.11 4.11 30817985 159979184.00
2022/09/01 4.10 4.28 4.10 4.24 40601200 213609776.00
2022/09/02 4.23 4.27 4.17 4.22 20336390 107112480.00
2022/09/05 4.21 4.26 4.16 4.25 24765007 130405736.00
2022/09/06 4.25 4.29 4.18 4.22 20099351 105931928.00
2022/09/07 4.21 4.22 4.16 4.19 17696767 92626000.00
2022/09/08 4.21 4.34 4.18 4.30 26274556 139495760.00
2022/09/09 4.28 4.39 4.26 4.34 30614176 165544752.00
2022/09/13 4.36 4.45 4.32 4.36 25927738 141276032.00
2022/09/14 4.33 4.36 4.27 4.30 17977649 96507440.00
2022/09/15 4.33 4.47 4.24 4.31 28898080 155551872.00
2022/09/16 4.29 4.32 4.20 4.20 18947393 100841272.00
2022/09/19 4.20 4.28 4.15 4.20 21554385 112965200.00
2022/09/20 4.25 4.25 4.12 4.14 19245685 100179728.00
2022/09/21 4.14 4.27 4.10 4.23 22762259 119635184.00
2022/09/22 4.19 4.29 4.13 4.27 25362364 133286776.00
2022/09/23 4.24 4.30 4.18 4.28 23096741 122601504.00
2022/09/26 4.26 4.30 4.11 4.14 24819757 130236984.00
2022/09/27 4.16 4.26 4.10 4.26 21818863 114632632.00
2022/09/28 4.23 4.33 4.19 4.19 20191167 107040688.00
2022/09/29 4.21 4.25 4.08 4.12 20374804 106027584.00
2022/09/30 4.12 4.17 4.08 4.14 14849028 76808416.00
2022/10/10 4.11 4.18 4.01 4.04 21165728 108740968.00
2022/10/11 4.04 4.16 4.02 4.14 23613570 121165920.00
2022/10/12 4.11 4.20 4.06 4.14 21654310 111697984.00
2022/10/13 4.14 4.14 4.03 4.06 23743970 120898720.00
2022/10/14 4.07 4.19 4.06 4.17 32192036 167330688.00
2022/10/17 4.14 4.16 4.09 4.12 22169106 114524008.00
2022/10/18 4.14 4.16 4.09 4.10 17637764 90995336.00
2022/10/19 4.09 4.11 4.05 4.06 11710643 59850392.00
2022/10/20 4.04 4.06 3.96 3.98 21326848 107463072.00
2022/10/21 3.99 4.00 3.90 3.94 18965603 94341536.00
2022/10/24 3.92 3.96 3.76 3.78 24339456 118342768.00
2022/10/25 3.79 3.81 3.71 3.73 18542031 88154168.00
2022/10/26 3.73 3.76 3.62 3.66 33287102 156346480.00
2022/10/27 3.66 3.67 3.59 3.63 21403979 98956112.00
2022/10/28 3.63 3.63 3.47 3.49 30098556 136097008.00
2022/10/31 3.47 3.53 3.44 3.49 23929455 106568016.00
2022/11/01 3.47 3.54 3.47 3.53 20821829 93393576.00
2022/11/02 3.52 3.52 3.46 3.50 29762464 132696016.00
2022/11/03 3.47 3.49 3.45 3.47 17218080 76531312.00
2022/11/04 3.46 3.56 3.46 3.55 29373508 132240960.00
2022/11/07 3.53 3.55 3.50 3.55 32411090 145931968.00
2022/11/08 3.53 3.55 3.46 3.50 26482019 118501504.00
2022/11/09 3.49 3.53 3.48 3.51 15227612 68384384.00
2022/11/10 3.49 3.54 3.46 3.51 17411825 78176728.00
2022/11/11 3.56 3.66 3.53 3.63 41300006 189059520.00
2022/11/14 3.63 3.72 3.62 3.65 36470153 170274304.00
2022/11/15 3.63 3.69 3.62 3.65 27425192 127482464.00
2022/11/16 3.65 3.66 3.59 3.60 17720892 81699848.00
2022/11/17 3.60 3.61 3.57 3.61 13780073 63111968.00
2022/11/18 3.61 3.62 3.56 3.56 15126774 69228440.00
2022/11/21 3.55 3.57 3.52 3.56 13977817 63202168.00
2022/11/22 3.56 3.66 3.56 3.61 23314555 107227992.00
2022/11/23 3.63 3.67 3.61 3.64 21389206 99039696.00
2022/11/24 3.65 3.70 3.64 3.65 20585828 95916808.00
2022/11/25 3.65 3.78 3.63 3.74 34580335 163256192.00
2022/11/28 3.70 3.75 3.66 3.73 29636141 139458384.00
2022/11/29 3.75 3.88 3.72 3.82 45882530 221030624.00
2022/11/30 3.81 3.86 3.77 3.80 28389774 136974384.00
2022/12/01 3.83 3.86 3.73 3.74 30897040 147808224.00
2022/12/02 3.75 3.76 3.68 3.75 18849625 89179720.00
2022/12/05 3.76 3.88 3.75 3.86 30756613 148896160.00
2022/12/06 3.85 3.87 3.80 3.86 23214721 112475800.00
2022/12/07 3.85 3.86 3.80 3.82 19208026 92927544.00
2022/12/08 3.82 3.86 3.80 3.85 16194117 78586912.00
2022/12/09 3.85 3.88 3.81 3.86 18457307 89723176.00
2022/12/12 3.84 3.85 3.76 3.76 16133788 77529152.00
2022/12/13 3.77 3.85 3.76 3.81 13936265 67225968.00
2022/12/14 3.81 3.83 3.76 3.78 10130221 48670844.00
2022/12/15 3.79 3.81 3.75 3.76 9531963 45495528.00
2022/12/16 3.74 3.80 3.73 3.77 14038546 67031468.00
2022/12/19 3.77 3.83 3.66 3.68 14322916 67853312.00
2022/12/20 3.68 3.72 3.63 3.64 10023957 46813272.00
2022/12/21 3.65 3.70 3.64 3.66 7268534 33891920.00
2022/12/22 3.66 3.70 3.59 3.61 9621810 44552408.00
2022/12/23 3.59 3.63 3.55 3.58 10984686 50206696.00
2022/12/26 3.57 3.62 3.56 3.60 8382068 38396856.00
2022/12/27 3.61 3.66 3.60 3.65 12966157 60106344.00
2022/12/28 3.65 3.71 3.64 3.66 15260050 71318720.00
2022/12/29 3.66 3.70 3.60 3.68 15075358 70094000.00
2022/12/30 3.70 3.72 3.66 3.69 10859320 50922784.00
2023/01/03 3.70 3.72 3.66 3.69 13918124 65234928.00
2023/01/04 3.68 3.79 3.68 3.79 22272330 106273032.00
2023/01/05 3.80 3.85 3.75 3.77 30990705 148650048.00
2023/01/06 3.77 3.79 3.73 3.74 13508666 64123836.00
2023/01/09 3.75 3.79 3.72 3.77 17229045 82038792.00
2023/01/10 3.76 3.76 3.69 3.71 11996700 56673392.00
2023/01/11 3.70 3.75 3.70 3.72 11706432 55308156.00
2023/01/12 3.72 3.74 3.66 3.70 12901600 60532008.00
2023/01/13 3.69 3.72 3.67 3.72 12828300 60274472.00
2023/01/16 3.74 3.83 3.73 3.75 36275033 173529184.00
2023/01/17 3.75 3.78 3.73 3.76 16051810 76458456.00
2023/01/18 3.79 3.96 3.77 3.87 36927714 180270480.00
2023/01/19 3.86 3.88 3.81 3.86 21676340 105264768.00
2023/01/20 3.86 3.87 3.83 3.86 16642753 80885144.00
2023/01/30 3.96 4.02 3.84 3.85 54563173 267553728.00
2023/01/31 3.86 3.94 3.86 3.90 37742193 185779296.00
2023/02/01 3.92 3.93 3.86 3.91 25202934 123819112.00
2023/02/02 3.91 3.91 3.86 3.86 18061692 88327608.00
2023/02/03 3.86 3.86 3.81 3.84 16678311 80765400.00
2023/02/06 3.81 3.84 3.77 3.78 24096323 115720576.00
2023/02/07 3.79 3.82 3.78 3.81 14422442 69363656.00
2023/02/08 3.81 3.81 3.76 3.76 13698218 65745936.00
2023/02/09 3.76 3.84 3.76 3.84 21058481 101615608.00
2023/02/10 3.84 3.86 3.80 3.85 14568685 70481664.00
2023/02/13 3.84 3.85 3.79 3.82 22103577 106656096.00
2023/02/14 3.83 3.89 3.82 3.85 25215955 122549776.00
2023/02/15 3.85 3.85 3.81 3.82 20305323 98146352.00
2023/02/16 3.82 3.86 3.76 3.78 23411959 113138928.00
2023/02/17 3.78 3.81 3.76 3.76 15856728 75960768.00
2023/02/20 3.77 3.89 3.77 3.88 37700382 183376576.00
2023/02/21 3.89 3.95 3.88 3.94 36905235 182391952.00
2023/02/22 3.93 3.94 3.89 3.93 16751212 82713096.00
2023/02/23 3.93 4.01 3.93 3.96 22364774 111650888.00
2023/02/24 3.96 3.98 3.91 3.96 18331451 91180208.00
2023/02/27 3.95 3.97 3.93 3.96 14997953 74602088.00
2023/02/28 3.96 3.96 3.91 3.95 17196715 85302232.00
2023/03/01 3.96 3.96 3.94 3.95 15048120 74831392.00
2023/03/02 3.96 4.06 3.94 3.97 24179837 121268328.00
2023/03/03 3.98 4.02 3.95 4.01 16533045 82782240.00
2023/03/06 4.01 4.02 3.93 3.95 20617898 102701864.00
2023/03/07 3.95 4.05 3.93 3.96 26745602 134400800.00
2023/03/08 3.94 3.96 3.89 3.93 22549847 111307424.00
2023/03/09 3.95 3.97 3.92 3.94 17335144 86183416.00
2023/03/10 3.91 3.92 3.85 3.85 18147835 88830840.00
2023/03/13 3.80 3.85 3.79 3.84 14550885 70214360.00
2023/03/14 3.82 3.83 3.73 3.74 20956519 99945896.00
2023/03/15 3.77 3.81 3.76 3.79 13699200 65667848.00
2023/03/16 3.76 3.83 3.76 3.76 19421449 93309656.00
2023/03/17 3.80 3.81 3.74 3.76 15966918 76369280.00
2023/03/20 3.76 3.79 3.73 3.74 18189151 86675512.00
2023/03/21 3.74 3.76 3.72 3.74 13102030 62109056.00
2023/03/22 3.75 3.78 3.74 3.76 12550290 59766624.00
2023/03/23 3.75 3.77 3.73 3.76 12864410 61142728.00
2023/03/24 3.76 3.77 3.69 3.70 21482335 101682704.00
2023/03/27 3.70 3.72 3.66 3.66 14799960 69186080.00
2023/03/28 3.69 3.70 3.64 3.65 18613252 86762480.00
2023/03/29 3.66 3.68 3.61 3.62 12298674 56953752.00
2023/03/30 3.64 3.66 3.60 3.65 15992901 73863304.00
2023/03/31 3.66 3.68 3.64 3.66 11429080 53177344.00
2023/04/03 3.65 3.69 3.65 3.68 13211883 61717464.00
2023/04/04 3.68 3.70 3.66 3.69 11758590 54985480.00
2023/04/06 3.69 3.69 3.64 3.66 14555414 67607168.00
2023/04/07 3.66 3.68 3.64 3.67 10815237 50389136.00
2023/04/10 3.67 3.68 3.63 3.65 17151305 79553568.00
2023/04/11 3.65 3.65 3.60 3.62 15029880 69240976.00
2023/04/12 3.62 3.65 3.61 3.63 14169962 65508468.00
2023/04/13 3.63 3.69 3.61 3.66 19515082 90616456.00
2023/04/14 3.66 3.69 3.65 3.66 15323347 71411952.00
2023/04/17 3.66 3.75 3.65 3.74 22031876 103748368.00
2023/04/18 3.74 3.81 3.74 3.79 24680652 118321440.00
2023/04/19 3.79 3.84 3.76 3.77 24764562 119042384.00
2023/04/20 3.77 3.80 3.73 3.77 24524467 116873440.00
2023/04/21 3.77 3.81 3.72 3.73 20522628 97919456.00
2023/04/24 3.73 3.76 3.70 3.73 20365425 96394512.00
2023/04/25 3.72 3.79 3.70 3.76 32322630 153360560.00
2023/04/26 3.75 3.78 3.66 3.77 28826559 136347296.00
2023/04/27 3.77 3.80 3.75 3.80 20436793 97740280.00
2023/04/28 3.76 3.77 3.71 3.74 48483045 229940240.00
2023/05/04 3.72 3.84 3.69 3.83 43092382 206471520.00
2023/05/05 3.82 3.93 3.81 3.86 47661767 233042528.00
2023/05/08 3.86 4.01 3.84 3.98 56906864 283673920.00
2023/05/09 4.02 4.07 3.93 3.95 59257052 298713280.00
2023/05/10 3.96 3.96 3.83 3.85 36875129 180233600.00
2023/05/11 3.86 3.89 3.83 3.85 22516206 109673784.00
2023/05/12 3.83 3.87 3.82 3.84 15182484 73766728.00
2023/05/15 3.83 3.86 3.76 3.84 24716847 118852032.00
2023/05/16 3.84 3.86 3.80 3.81 15577321 75309272.00
2023/05/17 3.79 3.84 3.77 3.82 12658060 61099248.00
2023/05/18 3.82 3.89 3.82 3.85 16937582 82470032.00
2023/05/19 3.85 3.85 3.78 3.82 14405370 69551160.00
2023/05/22 3.81 3.83 3.78 3.80 12474534 60115064.00
2023/05/23 3.79 3.82 3.74 3.74 12894642 61637240.00
2023/05/24 3.74 3.75 3.67 3.71 22385892 105377832.00
2023/05/25 3.70 3.72 3.66 3.69 10410069 48809644.00
2023/05/26 3.69 3.72 3.66 3.69 11463345 53621680.00
2023/05/29 3.69 3.71 3.64 3.66 16856032 78588864.00
2023/05/30 3.66 3.66 3.60 3.64 12795434 59124208.00
2023/05/31 3.65 3.65 3.60 3.61 10868306 50065600.00
2023/06/01 3.60 3.61 3.56 3.60 17412350 79689408.00
2023/06/02 3.59 3.62 3.58 3.60 18069129 82930416.00
2023/06/05 3.60 3.62 3.58 3.60 16804900 77161976.00
2023/06/06 3.60 3.62 3.53 3.54 21523380 98381032.00
2023/06/07 3.55 3.58 3.54 3.57 12028126 54757372.00
2023/06/08 3.56 3.64 3.56 3.63 14788910 67861232.00
2023/06/09 3.62 3.63 3.58 3.59 11330600 52019944.00
2023/06/12 3.59 3.59 3.54 3.56 13726862 62349396.00
2023/06/13 3.56 3.57 3.54 3.56 9543662 43322856.00
2023/06/14 3.56 3.57 3.50 3.50 16013665 72312872.00
2023/06/15 3.51 3.53 3.48 3.51 10951336 49111576.00
2023/06/16 3.51 3.53 3.50 3.51 10378594 46652320.00
2023/06/19 3.52 3.52 3.44 3.46 20886023 92752528.00
2023/06/20 3.46 3.46 3.43 3.43 15567333 68793496.00
2023/06/21 3.43 3.45 3.39 3.41 15681535 68873600.00
2023/06/26 3.39 3.39 3.30 3.32 24002403 103295800.00
2023/06/27 3.33 3.36 3.31 3.36 17254926 74243432.00
2023/06/28 3.37 3.38 3.36 3.37 11982708 49923568.00
2023/06/29 3.37 3.39 3.36 3.36 10518605 43851248.00
2023/06/30 3.36 3.43 3.36 3.41 12102037 50839392.00
2023/07/03 3.41 3.50 3.41 3.48 25746890 109977328.00
2023/07/04 3.48 3.50 3.46 3.48 16484006 70521992.00
2023/07/05 3.47 3.51 3.46 3.50 13876487 59755120.00
2023/07/06 3.50 3.50 3.44 3.46 11262999 48033904.00
2023/07/07 3.45 3.49 3.45 3.47 7831392 33451688.00
2023/07/10 3.48 3.48 3.45 3.46 8336322 35554076.00
2023/07/11 3.46 3.48 3.46 3.47 11595525 49541840.00
2023/07/12 3.47 3.48 3.45 3.46 10828775 46236264.00
2023/07/13 3.46 3.52 3.46 3.51 13115775 56422176.00
2023/07/14 3.51 3.51 3.47 3.48 9092410 39068528.00
2023/07/17 3.47 3.48 3.45 3.46 8591560 36593060.00
2023/07/18 3.46 3.47 3.45 3.46 6437721 27477968.00
2023/07/19 3.47 3.48 3.46 3.48 9629072 41178160.00
2023/07/20 3.48 3.49 3.46 3.46 11671283 50018448.00
2023/07/21 3.46 3.49 3.46 3.49 9943277 42560308.00
2023/07/24 3.47 3.48 3.46 3.47 7450889 31849224.00
2023/07/25 3.49 3.55 3.48 3.54 24410416 105818752.00
2023/07/26 3.53 3.55 3.52 3.54 12977660 56376652.00
2023/07/27 3.54 3.59 3.53 3.56 17995990 78789712.00
2023/07/28 3.54 3.69 3.53 3.68 39640108 177005344.00
2023/07/31 3.68 3.79 3.67 3.77 47329039 216808048.00
2023/08/01 3.76 3.79 3.74 3.76 30559365 140406176.00
2023/08/02 3.74 3.76 3.68 3.71 28028815 127538608.00
2023/08/03 3.72 3.78 3.68 3.76 26554555 121394856.00
2023/08/04 3.79 3.89 3.76 3.81 39583022 184406304.00
2023/08/07 3.80 3.81 3.74 3.76 20218061 93087704.00
2023/08/08 3.76 3.77 3.72 3.75 15087380 69034904.00
2023/08/09 3.73 3.76 3.72 3.75 17840120 81519080.00
2023/08/10 3.73 3.76 3.70 3.74 14039624 64015128.00
2023/08/11 3.76 3.76 3.67 3.67 18907620 85767792.00
2023/08/14 3.65 3.66 3.60 3.63 14290631 63637192.00
2023/08/15 3.63 3.66 3.59 3.64 19980125 88846808.00
2023/08/16 3.63 3.68 3.58 3.64 13631473 60803784.00
2023/08/17 3.64 3.65 3.58 3.64 20039835 88802800.00
2023/08/18 3.62 3.69 3.62 3.64 18640091 83636912.00
2023/08/21 3.66 3.68 3.60 3.60 16646581 74233576.00
2023/08/22 3.62 3.64 3.58 3.63 14433455 63915180.00
2023/08/23 3.61 3.67 3.60 3.63 14224694 63519220.00
2023/08/24 3.62 3.66 3.56 3.56 18533950 81638784.00
2023/08/25 3.56 3.65 3.54 3.58 16081050 71078032.00
2023/08/28 3.78 3.82 3.68 3.71 43978781 201568896.00
2023/08/29 3.74 3.76 3.62 3.66 45673748 205349376.00
2023/08/30 3.65 3.66 3.54 3.54 37461700 164925232.00
2023/08/31 3.54 3.57 3.53 3.53 19535536 85130344.00
2023/09/01 3.56 3.62 3.55 3.60 24301119 107245616.00
2023/09/04 3.62 3.75 3.61 3.72 37547139 170008912.00
2023/09/05 3.71 3.72 3.61 3.62 24100455 107590976.00
2023/09/06 3.61 3.65 3.60 3.63 10844200 48213456.00
2023/09/07 3.62 3.66 3.58 3.59 11597811 51504320.00
2023/09/08 3.58 3.61 3.57 3.59 11702870 51559224.00
2023/09/11 3.59 3.65 3.59 3.64 16449450 73225312.00
2023/09/12 3.62 3.65 3.61 3.62 10318109 45887204.00
2023/09/13 3.62 3.65 3.59 3.61 9887278 43846472.00
2023/09/14 3.60 3.65 3.60 3.64 13315409 59276656.00
2023/09/15 3.65 3.67 3.61 3.63 16072510 71800576.00
2023/09/18 3.63 3.64 3.58 3.62 17563796 77671864.00
2023/09/19 3.61 3.64 3.60 3.61 24508621 108727616.00
2023/09/20 3.61 3.65 3.59 3.64 28518146 126950432.00
2023/09/21 3.64 3.66 3.60 3.63 24888283 110745856.00
2023/09/22 3.63 3.66 3.60 3.66 24795620 110465864.00
2023/09/25 3.66 3.67 3.63 3.66 18627970 83396616.00
2023/09/26 3.66 3.69 3.65 3.66 23750718 106788544.00
2023/09/27 3.66 3.66 3.62 3.63 17595850 78500376.00
2023/09/28 3.63 3.65 3.62 3.63 15076700 67147480.00
2023/10/09 3.62 3.63 3.56 3.58 27653245 121510456.00
2023/10/10 3.57 3.61 3.56 3.56 17007100 74766088.00
2023/10/11 3.57 3.59 3.50 3.51 30682225 133682568.00
2023/10/12 3.56 3.59 3.54 3.54 30911381 135283408.00
2023/10/13 3.53 3.56 3.50 3.53 17298603 75015608.00
2023/10/16 3.53 3.54 3.49 3.52 17795174 76917408.00
2023/10/17 3.52 3.57 3.51 3.56 17954175 78291792.00
2023/10/18 3.56 3.57 3.50 3.51 16634972 72288624.00
2023/10/19 3.50 3.51 3.42 3.42 24443610 104024408.00
2023/10/20 3.42 3.47 3.38 3.44 18237530 77362256.00
2023/10/23 3.42 3.43 3.34 3.36 20616373 86251648.00
2023/10/24 3.36 3.40 3.35 3.38 20750300 86486584.00
2023/10/25 3.39 3.42 3.38 3.40 18880828 79291760.00
2023/10/26 3.39 3.43 3.37 3.41 13090556 55016848.00
2023/10/27 3.41 3.45 3.40 3.44 18410167 77789008.00
2023/10/30 3.42 3.42 3.37 3.41 33321810 139744000.00
2023/10/31 3.43 3.47 3.41 3.46 30973080 131275592.00
2023/11/01 3.46 3.49 3.45 3.47 25036049 107100816.00
2023/11/02 3.46 3.53 3.46 3.50 23338769 100677808.00
2023/11/03 3.49 3.53 3.47 3.50 19469770 83831296.00
2023/11/06 3.51 3.54 3.50 3.52 18331650 79383512.00
2023/11/07 3.51 3.53 3.48 3.51 12921700 55758144.00
2023/11/08 3.49 3.51 3.46 3.47 14335447 61457356.00
2023/11/09 3.46 3.49 3.46 3.47 9920147 42500004.00
2023/11/10 3.46 3.47 3.43 3.43 14351410 60941192.00
2023/11/13 3.44 3.46 3.42 3.45 10330265 43780172.00
2023/11/14 3.44 3.47 3.43 3.46 11018718 46929184.00
2023/11/15 3.48 3.49 3.46 3.47 12053042 51609736.00
2023/11/16 3.47 3.48 3.46 3.46 9756850 41714280.00
2023/11/17 3.46 3.46 3.43 3.44 10931720 46420976.00
2023/11/20 3.45 3.46 3.42 3.46 11011148 46739648.00
2023/11/21 3.46 3.49 3.46 3.46 20353698 87086856.00
2023/11/22 3.46 3.47 3.45 3.46 10493560 44773940.00
2023/11/23 3.46 3.47 3.44 3.46 11384067 48518084.00
2023/11/24 3.46 3.48 3.46 3.47 15295508 65459132.00
2023/11/27 3.47 3.48 3.42 3.46 20478373 86909976.00
2023/11/28 3.45 3.46 3.43 3.44 10295931 43690908.00
2023/11/29 3.44 3.45 3.39 3.39 17033529 71898968.00
2023/11/30 3.39 3.41 3.37 3.38 14552571 60954228.00
2023/12/01 3.39 3.43 3.38 3.41 15996822 67263600.00
2023/12/04 3.41 3.42 3.40 3.40 10481720 44129800.00
2023/12/05 3.40 3.42 3.36 3.36 15797770 66216540.00
2023/12/06 3.36 3.38 3.33 3.36 11720418 48721208.00
2023/12/07 3.36 3.38 3.34 3.36 12069566 50166668.00
2023/12/08 3.36 3.38 3.35 3.35 11358888 47258780.00
2023/12/11 3.35 3.40 3.28 3.39 22076512 91223736.00
2023/12/12 3.38 3.42 3.36 3.41 11057506 46402944.00
2023/12/13 3.41 3.43 3.38 3.39 15644911 65839040.00
2023/12/14 3.40 3.41 3.38 3.40 10505425 44091708.00
2023/12/15 3.40 3.42 3.37 3.38 8462522 35513544.00
2023/12/18 3.38 3.41 3.34 3.36 19454150 81120688.00
2023/12/19 3.35 3.36 3.32 3.34 15977400 65951812.00
2023/12/20 3.35 3.37 3.31 3.32 12103474 50120232.00
2023/12/21 3.32 3.32 3.26 3.31 20084766 82032760.00
2023/12/22 3.31 3.33 3.28 3.30 13653275 55832472.00
2023/12/25 3.29 3.30 3.27 3.29 14910788 60725072.00
2023/12/26 3.28 3.30 3.26 3.27 8937800 36383792.00
2023/12/27 3.27 3.31 3.26 3.30 11627790 47291884.00
2023/12/28 3.29 3.36 3.28 3.36 16594773 68607328.00
2023/12/29 3.35 3.38 3.35 3.36 11793556 49089864.00
2024/01/02 3.37 3.41 3.36 3.40 17590844 73817320.00
2024/01/03 3.39 3.43 3.38 3.41 16293857 68567240.00
2024/01/04 3.41 3.43 3.39 3.41 12895231 54262388.00
2024/01/05 3.42 3.51 3.40 3.45 31198140 133191600.00
2024/01/08 3.46 3.48 3.42 3.46 29020882 123495352.00
2024/01/09 3.46 3.49 3.42 3.48 20385848 86987216.00
2024/01/10 3.47 3.50 3.45 3.46 16062620 68718008.00
2024/01/11 3.45 3.52 3.44 3.49 16073053 68940144.00
2024/01/12 3.48 3.58 3.48 3.56 27090200 118137208.00
2024/01/15 3.55 3.59 3.53 3.58 26885656 117939032.00
2024/01/16 3.57 3.65 3.56 3.62 34031564 150328560.00
2024/01/17 3.62 3.65 3.56 3.56 19674968 87194000.00
2024/01/18 3.54 3.56 3.45 3.56 28562660 123377528.00
2024/01/19 3.56 3.58 3.48 3.53 20538212 89293432.00
2024/01/22 3.54 3.54 3.39 3.42 27694600 118703656.00
2024/01/23 3.40 3.47 3.37 3.46 30819728 130164640.00
2024/01/24 3.46 3.53 3.40 3.53 27961392 119860680.00
2024/01/25 3.51 3.57 3.50 3.56 33412488 145330384.00
2024/01/26 3.56 3.68 3.56 3.65 36967760 164812544.00
2024/01/29 3.66 3.69 3.59 3.60 37179860 165729392.00
2024/01/30 3.58 3.62 3.52 3.54 22445900 98395568.00
2024/01/31 3.53 3.57 3.46 3.49 26395422 114058160.00
2024/02/01 3.49 3.55 3.42 3.48 29328968 125916360.00
2024/02/02 3.46 3.51 3.31 3.38 33978144 143552784.00
2024/02/05 3.36 3.42 3.26 3.34 47709720 196491104.00
2024/02/06 3.31 3.50 3.30 3.46 40693904 171092848.00
2024/02/07 3.46 3.56 3.45 3.55 44030056 190426192.00
2024/02/08 3.55 3.61 3.50 3.53 45729288 199164912.00
2024/02/19 3.55 3.60 3.52 3.58 36625904 160227888.00
2024/02/20 3.56 3.62 3.55 3.60 25169484 110739032.00
2024/02/21 3.59 3.79 3.55 3.69 47732428 216380944.00
2024/02/22 3.68 3.75 3.65 3.75 25380436 114914768.00
2024/02/23 3.74 3.80 3.70 3.73 19931324 91121632.00
2024/02/26 3.73 3.73 3.62 3.64 24619800 110525288.00
2024/02/27 3.63 3.66 3.60 3.65 22277762 99061000.00
2024/02/28 3.64 3.68 3.60 3.60 24552272 109736896.00
2024/02/29 3.60 3.66 3.59 3.66 20116652 89712088.00
2024/03/01 3.66 3.67 3.61 3.66 20166500 90155128.00
2024/03/04 3.64 3.66 3.60 3.66 19797908 88151840.00
2024/03/05 3.64 3.69 3.63 3.68 17366884 77877528.00
2024/03/06 3.66 3.70 3.64 3.66 17620744 79234416.00
2024/03/07 3.65 3.68 3.64 3.66 15805045 70944096.00
2024/03/08 3.65 3.66 3.63 3.66 10807140 48301280.00
2024/03/11 3.66 3.66 3.62 3.65 13613309 60743112.00
2024/03/12 3.64 3.66 3.61 3.64 16141541 71850384.00
2024/03/13 3.63 3.63 3.59 3.59 14759524 65321384.00
2024/03/14 3.59 3.65 3.59 3.61 18877374 83839704.00
2024/03/15 3.62 3.67 3.61 3.65 18413500 82314920.00
2024/03/18 3.66 3.67 3.64 3.66 17138284 76812552.00
2024/03/19 3.66 3.67 3.62 3.63 14467916 64578536.00
2024/03/20 3.63 3.68 3.61 3.67 17415416 78004904.00
2024/03/21 3.67 3.73 3.66 3.73 18343840 83104184.00
2024/03/22 3.72 3.73 3.64 3.68 18571212 83705944.00
2024/03/25 3.66 3.73 3.65 3.69 18548488 83996344.00
2024/03/26 3.69 3.76 3.68 3.76 20772148 94504768.00
2024/03/27 3.75 3.78 3.70 3.72 21386872 98083144.00
2024/03/28 3.71 3.72 3.64 3.65 26597000 119755112.00
2024/03/29 3.64 3.71 3.64 3.68 21158512 95438456.00
2024/04/01 3.68 3.76 3.68 3.76 29385178 133585936.00
2024/04/02 3.75 3.81 3.72 3.76 24974688 114979872.00
2024/04/03 3.76 3.79 3.73 3.76 13940791 64101416.00
2024/04/08 3.76 3.85 3.76 3.80 23863720 110944488.00
2024/04/09 3.79 3.86 3.79 3.82 14939607 69574720.00
2024/04/10 3.82 3.85 3.76 3.79 17422010 80962104.00
2024/04/11 3.78 3.83 3.76 3.81 15608673 72421744.00
2024/04/12 3.81 3.86 3.81 3.82 27028408 126651144.00
2024/04/15 3.85 3.90 3.77 3.90 35748488 168314096.00
2024/04/16 3.88 3.90 3.80 3.81 30900796 144830096.00
2024/04/17 3.81 3.92 3.78 3.92 37411192 175310080.00
2024/04/18 3.91 4.00 3.90 3.93 29459044 141238336.00
2024/04/19 3.91 3.98 3.88 3.98 24780012 119087768.00
2024/04/22 3.99 4.04 3.94 3.97 19242472 92922360.00
2024/04/23 3.96 4.12 3.96 4.08 44265008 216935024.00
2024/04/24 4.07 4.08 3.91 3.96 42906392 207059952.00
2024/04/25 3.94 4.05 3.93 4.04 27669668 134313088.00
2024/04/26 4.02 4.03 3.83 3.89 45792120 217178560.00
2024/04/29 3.92 4.06 3.92 4.04 57588336 280336896.00
2024/04/30 4.04 4.08 3.99 4.04 30063502 147341136.00
2024/05/06 4.06 4.11 3.94 3.96 47960248 232534576.00
2024/05/07 3.96 3.96 3.89 3.93 28256776 134914544.00
2024/05/08 3.93 3.96 3.88 3.90 23765894 113491440.00
2024/05/09 3.90 4.01 3.89 4.00 34407080 166153440.00
2024/05/10 3.98 4.07 3.98 4.05 29036960 142067840.00
2024/05/13 4.04 4.19 4.00 4.16 40277360 200845248.00
2024/05/14 4.16 4.19 4.11 4.13 16900688 84829952.00
2024/05/15 4.13 4.27 4.11 4.18 31017604 157263072.00
2024/05/16 4.21 4.29 4.19 4.26 37670424 193560608.00
2024/05/17 4.26 4.30 4.21 4.30 23425524 120516992.00
2024/05/20 4.30 4.34 4.23 4.26 23992224 123871696.00
2024/05/21 4.25 4.41 4.24 4.36 33644292 175765168.00
2024/05/22 4.36 4.46 4.36 4.40 34055256 180496960.00
2024/05/23 4.38 4.48 4.34 4.38 37981592 201949264.00
2024/05/24 4.38 4.51 4.36 4.38 31211220 166653040.00
2024/05/27 4.38 4.49 4.37 4.48 33048260 176115120.00
2024/05/28 4.47 4.52 4.38 4.40 23647700 126025392.00
2024/05/29 4.41 4.44 4.32 4.35 24705534 130168000.00
2024/05/30 4.35 4.39 4.28 4.30 24637464 128653920.00
2024/05/31 4.32 4.37 4.30 4.35 21038146 109930432.00
2024/06/03 4.36 4.36 4.15 4.24 53664848 273598112.00
2024/06/04 4.21 4.29 4.20 4.28 25804042 132623536.00
2024/06/05 4.27 4.30 4.15 4.17 22462116 114152248.00
2024/06/06 4.16 4.17 4.06 4.09 23859970 118768528.00
2024/06/07 4.14 4.19 4.12 4.17 20032976 97076152.00
2024/06/11 4.16 4.20 4.06 4.09 19576132 93953152.00
2024/06/12 4.07 4.08 4.00 4.06 20062984 94766752.00
2024/06/13 4.07 4.09 3.96 3.96 20291444 94898032.00
2024/06/14 3.98 4.06 3.96 4.05 19281154 90477808.00
2024/06/17 4.02 4.07 3.96 3.99 17462364 81732848.00
2024/06/18 3.99 4.05 3.96 4.01 13809616 64869440.00
2024/06/19 4.00 4.06 4.00 4.02 12433937 58516216.00
2024/06/20 4.01 4.03 3.96 3.99 19138572 89365832.00
2024/06/21 3.97 4.07 3.97 4.02 14835602 69936512.00
2024/06/24 4.01 4.02 3.88 3.93 18909166 87173520.00
2024/06/25 3.92 4.07 3.92 4.04 24013512 112875224.00
2024/06/26 4.02 4.12 4.02 4.10 19606518 93256936.00
2024/06/27 4.09 4.13 4.04 4.10 19023938 90699896.00
2024/06/28 4.10 4.19 4.06 4.12 31915580 154083200.00
2024/07/01 4.11 4.19 4.11 4.18 16869480 81894344.00
2024/07/02 4.18 4.26 4.18 4.24 21359570 105106608.00
2024/07/03 4.24 4.27 4.18 4.21 15952806 78390064.00
2024/07/04 4.21 4.22 4.15 4.16 14629550 71426752.00
2024/07/05 4.15 4.18 4.09 4.12 18315948 88173296.00
2024/07/08 4.11 4.13 3.99 4.04 21291806 100797640.00
2024/07/09 4.04 4.16 3.98 4.14 22137828 104991944.00
2024/07/10 4.13 4.16 4.04 4.05 21450018 102374248.00
2024/07/11 4.09 4.11 3.94 3.96 37060924 172744304.00
2024/07/12 3.95 4.06 3.94 4.06 28064002 132169976.00
2024/07/15 4.05 4.06 4.01 4.04 20990200 98908280.00
2024/07/16 4.04 4.06 3.96 3.99 19189660 89843392.00
2024/07/17 3.98 4.02 3.96 3.99 13545672 63193532.00
2024/07/18 3.99 4.03 3.92 4.02 18725380 87260304.00
2024/07/19 4.16 4.18 4.09 4.16 60579592 293185984.00
2024/07/22 4.15 4.17 4.04 4.12 35777632 171231296.00
2024/07/23 4.13 4.18 4.11 4.11 32222672 155945856.00
2024/07/24 4.12 4.19 4.10 4.17 31446308 152679392.00
2024/07/25 4.16 4.17 4.04 4.06 25122820 119991720.00
2024/07/26 4.06 4.09 4.01 4.04 18237688 86295880.00
2024/07/29 4.03 4.10 4.00 4.10 17620788 83706872.00
2024/07/30 4.08 4.12 4.05 4.09 13736503 65471804.00
2024/07/31 4.08 4.16 4.08 4.16 22223378 107096976.00
2024/08/01 4.16 4.19 4.12 4.15 17759940 86039920.00
2024/08/02 4.14 4.23 4.12 4.17 21860664 106498712.00
2024/08/05 4.16 4.22 4.13 4.14 20505340 99803928.00
2024/08/06 4.15 4.16 4.05 4.07 17493580 83804744.00
2024/08/07 4.06 4.10 4.03 4.03 16163890 76556160.00
2024/08/08 3.98 3.98 3.82 3.88 68763304 312103168.00
2024/08/09 3.86 3.96 3.86 3.88 32713376 149857072.00
2024/08/12 3.88 3.89 3.83 3.84 18494900 83422888.00
2024/08/13 3.86 3.91 3.84 3.90 21738554 98820104.00
2024/08/14 3.90 3.95 3.86 3.86 13721199 62626228.00
2024/08/15 3.86 3.94 3.86 3.92 17370832 79588464.00
2024/08/16 3.93 3.98 3.90 3.96 20186540 93237184.00
2024/08/19 3.96 4.16 3.96 4.16 35339840 168220400.00
2024/08/20 4.16 4.18 4.08 4.11 24030334 115670192.00
2024/08/21 4.10 4.11 4.01 4.03 19463000 91970256.00
2024/08/22 4.04 4.11 4.04 4.07 22549908 107411088.00
2024/08/23 4.07 4.11 4.00 4.08 24428132 116031400.00
2024/08/26 4.08 4.13 4.03 4.12 14724672 70125464.00
2024/08/27 4.11 4.16 4.09 4.13 17336880 83565512.00
2024/08/28 4.14 4.15 4.06 4.06 21201990 101517016.00
2024/08/29 4.06 4.09 3.90 3.93 39486228 182761376.00
2024/08/30 3.92 4.01 3.90 3.92 32799276 151561232.00
2024/09/02 3.93 4.00 3.92 3.92 27512420 127420920.00
2024/09/03 3.94 3.94 3.86 3.89 21491196 97978320.00
2024/09/04 3.88 3.91 3.86 3.86 14640515 66548736.00
2024/09/05 3.87 3.90 3.81 3.84 17153110 77278504.00
2024/09/06 3.85 3.86 3.77 3.78 24767368 111187696.00
2024/09/09 3.77 3.77 3.65 3.66 26546550 115093936.00
2024/09/10 3.66 3.68 3.61 3.66 18829636 80681896.00
2024/09/11 3.65 3.65 3.56 3.58 18056422 76464712.00
2024/09/12 3.59 3.62 3.56 3.58 14863831 62868320.00
2024/09/13 3.58 3.61 3.55 3.55 14480118 61049840.00
2024/09/18 3.56 3.60 3.50 3.59 15535446 65120428.00
2024/09/19 3.60 3.66 3.56 3.62 16914744 71816288.00
2024/09/20 3.62 3.63 3.58 3.61 13768156 58462616.00
2024/09/23 3.60 3.70 3.60 3.69 21023878 90455360.00
2024/09/24 3.72 3.86 3.72 3.86 26500696 117701240.00
2024/09/25 3.89 4.03 3.87 3.98 41348520 192117856.00
2024/09/26 3.97 4.25 3.96 4.25 43095152 206294656.00
2024/09/27 4.33 4.36 4.12 4.32 37566132 185677296.00
2024/09/30 4.39 4.66 4.32 4.56 78627056 410119904.00
2024/10/08 5.03 5.05 4.56 4.75 93271384 514090624.00
2024/10/09 4.64 4.67 4.27 4.30 69615496 359901888.00
2024/10/10 4.35 4.57 4.34 4.44 52390688 270753600.00
2024/10/11 4.43 4.49 4.29 4.34 35740384 182436832.00
2024/10/14 4.40 4.56 4.40 4.47 51462028 268084096.00
2024/10/15 4.47 4.55 4.35 4.36 48972616 252933472.00
2024/10/16 4.34 4.56 4.32 4.50 40070196 207903872.00
2024/10/17 4.50 4.54 4.41 4.43 28365444 147576048.00
2024/10/18 4.44 4.56 4.35 4.49 54615152 282707264.00
2024/10/21 4.51 4.53 4.42 4.48 32047204 166149616.00
2024/10/22 4.46 4.51 4.43 4.47 28924708 149849344.00
2024/10/23 4.47 4.50 4.42 4.46 36915500 191128192.00
2024/10/24 4.43 4.44 4.38 4.42 24989144 128058440.00
2024/10/25 4.41 4.43 4.36 4.39 28568102 145822208.00
2024/10/28 4.39 4.40 4.33 4.38 29826736 151330496.00
2024/10/29 4.38 4.46 4.33 4.35 37953616 193757760.00
2024/10/30 4.32 4.36 4.26 4.29 36992044 185661088.00
2024/10/31 4.31 4.36 4.28 4.34 32563336 164023120.00
2024/11/01 4.32 4.38 4.30 4.33 33169876 167870224.00
2024/11/04 4.33 4.36 4.27 4.36 32109416 161192160.00
2024/11/05 4.35 4.43 4.33 4.43 41002296 209262944.00
2024/11/06 4.43 4.44 4.36 4.40 34837976 178256256.00
2024/11/07 4.38 4.56 4.37 4.55 47656704 247506544.00
2024/11/08 4.56 4.60 4.43 4.48 45575164 238297152.00
2024/11/11 4.46 4.47 4.38 4.42 31274012 160612976.00
2024/11/12 4.42 4.50 4.37 4.39 33503404 172786432.00
2024/11/13 4.38 4.49 4.36 4.49 46134228 238500576.00
2024/11/14 4.46 4.61 4.46 4.54 72769328 384240896.00
2024/11/15 4.53 4.59 4.46 4.52 46790384 246397024.00
2024/11/18 4.62 4.79 4.56 4.59 99342064 536962624.00
2024/11/19 4.60 4.75 4.56 4.67 67020160 361493024.00
2024/11/20 4.64 4.71 4.56 4.59 53422164 285344736.00
2024/11/21 4.57 4.61 4.55 4.58 32474330 172463312.00
2024/11/22 4.57 4.61 4.38 4.40 48185728 251492656.00
2024/11/25 4.39 4.47 4.33 4.41 32587392 167052992.00
2024/11/26 4.40 4.44 4.36 4.41 24557500 125776024.00
2024/11/27 4.38 4.48 4.30 4.48 40345808 206331584.00
2024/11/28 4.46 4.52 4.43 4.47 23407752 121773256.00
2024/11/29 4.46 4.56 4.46 4.53 42938536 225691200.00
2024/12/02 4.54 4.56 4.46 4.50 33456524 175385040.00
2024/12/03 4.49 4.55 4.45 4.55 37676548 196908976.00
2024/12/04 4.53 4.55 4.48 4.50 25146204 131928184.00
2024/12/05 4.50 4.53 4.48 4.49 18983706 99360200.00
2024/12/06 4.49 4.57 4.49 4.56 39521728 208392256.00
2024/12/09 4.56 4.59 4.53 4.55 28586956 151464448.00
2024/12/10 4.63 4.65 4.56 4.57 39210316 208872160.00
2024/12/11 4.56 4.61 4.55 4.56 28562390 151652608.00
2024/12/12 4.56 4.66 4.55 4.65 47181268 252313840.00
2024/12/13 4.62 4.64 4.54 4.54 39010816 207048288.00
2024/12/16 4.54 4.61 4.53 4.55 26303268 139134624.00
2024/12/17 4.53 4.56 4.46 4.49 33982656 178211360.00
2024/12/18 4.50 4.58 4.48 4.54 30524996 161175968.00
2024/12/19 4.52 4.54 4.43 4.47 30916280 160793248.00
2024/12/20 4.46 4.51 4.40 4.42 29949126 154980656.00
2024/12/23 4.43 4.53 4.42 4.45 43032628 223859632.00
2024/12/24 4.46 4.54 4.45 4.54 34744968 181783632.00
2024/12/25 4.54 4.59 4.52 4.59 34919116 184840560.00
2024/12/26 4.60 4.61 4.54 4.56 28413124 150602864.00
2024/12/27 4.56 4.61 4.48 4.60 43436640 229939024.00
2024/12/30 4.58 4.67 4.56 4.66 50758432 272699584.00
2024/12/31 4.66 4.71 4.55 4.56 54746500 293351904.00
2025/01/02 4.56 4.60 4.37 4.40 43885752 229137072.00
2025/01/03 4.41 4.46 4.36 4.37 33431006 171136784.00
2025/01/06 4.36 4.40 4.32 4.40 32812776 166865408.00
2025/01/07 4.39 4.40 4.33 4.37 29119852 147851856.00
2025/01/08 4.37 4.41 4.32 4.39 32978028 167732224.00
2025/01/09 4.38 4.39 4.31 4.34 22986570 116486912.00
2025/01/10 4.36 4.36 4.26 4.26 25146876 126028720.00
2025/01/13 4.25 4.25 4.16 4.18 32606646 159626736.00
2025/01/14 4.18 4.26 4.17 4.26 37026120 182476784.00
2025/01/15 4.26 4.35 4.25 4.30 26884192 134693040.00
2025/01/16 4.33 4.49 4.32 4.46 50899840 261631456.00
2025/01/17 4.44 4.50 4.41 4.47 31343452 162679312.00
2025/01/20 4.50 4.58 4.46 4.52 40093492 210923296.00
2025/01/21 4.54 4.56 4.49 4.53 24100888 126695736.00
2025/01/22 4.51 4.53 4.36 4.38 30789772 158430720.00
2025/01/23 4.42 4.60 4.42 4.55 53766040 282801184.00
2025/01/24 4.51 4.57 4.48 4.56 31298572 164758400.00
2025/01/27 4.56 4.66 4.56 4.61 33458340 179509056.00
2025/02/05 4.63 4.65 4.54 4.56 32971490 175550464.00
2025/02/06 4.56 4.61 4.53 4.56 29537640 156268640.00
2025/02/07 4.57 4.60 4.53 4.57 29197680 154827712.00
2025/02/10 4.57 4.59 4.54 4.56 29676480 157294960.00
2025/02/11 4.55 4.59 4.53 4.56 33231500 175981648.00
2025/02/12 4.55 4.56 4.50 4.54 32062906 168696192.00
2025/02/13 4.54 4.55 4.51 4.51 25018728 131604744.00
2025/02/14 4.51 4.52 4.46 4.48 26181162 136304272.00
2025/02/17 4.49 4.50 4.46 4.47 22536124 117184008.00
2025/02/18 4.48 4.59 4.47 4.53 45368044 239374704.00
2025/02/19 4.53 4.60 4.51 4.54 35206788 185987296.00
2025/02/20 4.55 4.56 4.50 4.53 22093166 116195944.00
2025/02/21 4.53 4.54 4.44 4.46 32105988 166931760.00
2025/02/24 4.46 4.48 4.44 4.44 20927752 108415024.00
2025/02/25 4.43 4.45 4.36 4.38 21350104 109320936.00
2025/02/26 4.39 4.46 4.38 4.44 20031022 103154416.00
2025/02/27 4.44 4.46 4.42 4.45 19814808 102173240.00
2025/02/28 4.43 4.46 4.36 4.38 29836776 152870496.00
2025/03/03 4.38 4.41 4.36 4.38 23431308 119348840.00
2025/03/04 4.36 4.42 4.36 4.39 17880808 91376640.00
2025/03/05 4.39 4.46 4.37 4.46 26356630 135768928.00
2025/03/06 4.46 4.46 4.40 4.44 27804780 143069264.00
2025/03/07 4.43 4.46 4.41 4.42 15746686 81073720.00
2025/03/10 4.42 4.43 4.38 4.39 13267723 67919912.00
2025/03/11 4.38 4.41 4.37 4.41 11487287 58699760.00
2025/03/12 4.42 4.43 4.39 4.42 14267400 73236200.00
2025/03/13 4.42 4.44 4.40 4.44 25752772 132367048.00
2025/03/14 4.43 4.51 4.42 4.49 36146232 188224576.00
2025/03/17 4.49 4.55 4.47 4.54 32768304 172183920.00
2025/03/18 4.54 4.56 4.49 4.51 17392980 91246048.00
2025/03/19 4.51 4.60 4.49 4.59 42667264 225925536.00
2025/03/20 4.58 4.65 4.55 4.58 32013820 170517632.00
2025/03/21 4.56 4.61 4.50 4.53 26632296 140810432.00
2025/03/24 4.54 4.57 4.52 4.56 29388364 154947696.00
2025/03/25 4.56 4.60 4.56 4.59 22731490 120925664.00
2025/03/26 4.58 4.58 4.53 4.56 28470864 150558576.00
2025/03/27 4.55 4.58 4.52 4.55 20102430 106285616.00
2025/03/28 4.55 4.55 4.49 4.51 21471240 112514120.00
2025/03/31 4.53 4.61 4.50 4.53 50106976 265294464.00
2025/04/01 4.52 4.59 4.51 4.56 28613784 151182512.00
2025/04/02 4.55 4.64 4.55 4.61 42906636 229528528.00
2025/04/03 4.60 4.63 4.56 4.59 31246592 166604176.00
2025/04/07 4.47 4.49 4.15 4.20 76686768 386150432.00
2025/04/08 4.25 4.36 4.25 4.29 51651952 258239504.00
2025/04/09 4.26 4.28 4.16 4.26 45991832 226308320.00
2025/04/10 4.30 4.34 4.27 4.30 37275592 187263248.00
2025/04/11 4.28 4.29 4.25 4.28 28878144 143737936.00
2025/04/14 4.29 4.33 4.29 4.30 26889860 134867232.00
2025/04/15 4.30 4.36 4.30 4.35 25894952 130582016.00
2025/04/16 4.34 4.39 4.34 4.39 28700012 145803920.00
2025/04/17 4.39 4.45 4.36 4.42 26709604 137173952.00
2025/04/18 4.42 4.46 4.41 4.45 26746772 138206160.00
2025/04/21 4.45 4.52 4.40 4.41 39447024 204281728.00
2025/04/22 4.41 4.46 4.41 4.46 21909160 113160328.00
2025/04/23 4.46 4.46 4.41 4.41 22922358 118210544.00
2025/04/24 4.41 4.47 4.41 4.46 26131508 135236016.00
2025/04/25 4.46 4.53 4.46 4.52 31817770 166272832.00
2025/04/28 4.55 4.56 4.50 4.55 30913806 162958480.00
2025/04/29 4.53 4.56 4.49 4.51 34548804 181650880.00
2025/04/30 4.55 4.60 4.49 4.51 56798788 300332928.00
2025/05/06 4.53 4.56 4.43 4.45 60925560 316513632.00
2025/05/07 4.47 4.51 4.46 4.50 40346832 210490048.00
2025/05/08 4.49 4.57 4.48 4.57 39912724 210310544.00
2025/05/09 4.57 4.64 4.56 4.64 43286084 231677072.00
2025/05/12 4.63 4.72 4.62 4.66 48882052 264974848.00
2025/05/13 4.69 4.77 4.63 4.76 59228236 323076352.00
2025/05/14 4.76 4.86 4.73 4.83 48416248 268902624.00
2025/05/15 4.82 4.88 4.76 4.77 46115656 257089200.00
2025/05/16 4.77 4.80 4.72 4.76 31273954 172170656.00
2025/05/19 4.76 4.81 4.73 4.75 35002688 193301888.00
2025/05/20 4.75 4.80 4.73 4.75 31326866 172800784.00
2025/05/21 4.76 4.83 4.75 4.82 26960374 149908848.00
2025/05/22 4.84 4.94 4.83 4.92 54979116 311030304.00
2025/05/23 4.94 5.06 4.92 4.94 62441156 358917536.00
2025/05/26 4.96 5.04 4.89 4.99 56332732 323749984.00
2025/05/27 4.99 5.06 4.99 5.05 36838344 213838880.00
2025/05/28 5.05 5.14 5.01 5.14 42985512 252660592.00
2025/05/29 5.12 5.15 5.06 5.09 50274056 295669440.00
2025/05/30 5.10 5.23 5.10 5.23 63571504 379980000.00
2025/06/03 5.23 5.35 5.21 5.34 61855344 377065120.00
2025/06/04 5.32 5.39 5.30 5.36 52730152 324650208.00
2025/06/05 5.35 5.38 5.23 5.26 57518960 350444192.00
2025/06/06 5.27 5.37 5.26 5.35 45409556 278852160.00
2025/06/09 5.36 5.37 5.26 5.32 53115896 324887648.00
2025/06/10 5.30 5.38 5.28 5.37 47719288 293926432.00
2025/06/11 5.37 5.44 5.34 5.41 46583244 289682336.00
2025/06/12 5.45 5.53 5.41 5.52 61396768 341492032.00
2025/06/13 5.52 5.59 5.43 5.45 67609208 377963744.00
2025/06/16 5.45 5.63 5.42 5.63 53652148 301455872.00
2025/06/17 5.63 5.79 5.61 5.75 68633624 399397760.00
2025/06/18 5.75 5.82 5.68 5.82 50360056 294510336.00
2025/06/19 5.82 5.85 5.73 5.79 43526484 255060864.00
2025/06/20 5.79 5.81 5.66 5.79 63766036 372058240.00
2025/06/23 5.76 5.81 5.62 5.75 61556072 357249504.00
2025/06/24 5.72 5.72 5.59 5.68 83525640 480411584.00
2025/06/25 5.65 5.73 5.58 5.71 60220164 346056992.00
2025/06/26 5.68 5.83 5.63 5.79 58976760 343100672.00
2025/06/27 5.76 5.88 5.56 5.62 83584848 484435456.00
2025/06/30 5.58 5.59 5.46 5.52 57280572 320856416.00
2025/07/01 5.53 5.62 5.52 5.60 42396948 240610624.00
2025/07/02 5.58 5.68 5.57 5.61 36611448 209829280.00
2025/07/03 5.63 5.68 5.59 5.63 28628854 163651584.00
2025/07/04 5.62 5.73 5.59 5.68 49306516 284759648.00
2025/07/07 5.67 5.77 5.63 5.71 37472960 217069696.00
2025/07/08 5.71 5.73 5.58 5.63 46072552 263608224.00
2025/07/09 5.63 5.72 5.60 5.71 41877616 241796320.00
2025/07/10 5.71 5.79 5.70 5.76 44947796 262712240.00
2025/07/11 5.77 5.80 5.61 5.62 65301152 378177440.00
2025/07/14 5.62 5.72 5.60 5.65 43899468 253251376.00
2025/07/15 5.67 5.69 5.54 5.55 34747068 197487280.00
2025/07/16 5.54 5.57 5.43 5.49 39806924 221395248.00
2025/07/17 5.48 5.53 5.44 5.50 21664676 120671736.00
2025/07/18 5.50 5.56 5.48 5.55 25602786 143757760.00
2025/07/21 5.54 5.59 5.48 5.49 26584904 149191376.00
2025/07/22 5.48 5.49 5.34 5.44 41412436 227788288.00
2025/07/23 5.42 5.53 5.42 5.48 30646132 170679200.00
2025/07/24 5.46 5.48 5.38 5.40 34264116 188282240.00
2025/07/25 5.41 5.45 5.39 5.40 20942432 115451424.00
2025/07/28 5.41 5.47 5.39 5.41 29457082 162709008.00
2025/07/29 5.42 5.44 5.31 5.33 30139872 163833984.00
2025/07/30 5.33 5.41 5.32 5.35 31070806 169564864.00
2025/07/31 5.35 5.37 5.22 5.25 34001480 181961936.00
2025/08/01 5.25 5.31 5.21 5.26 22627304 121200176.00
2025/08/04 5.24 5.32 5.23 5.28 20681280 111144360.00
2025/08/05 5.29 5.39 5.26 5.37 27070622 146980816.00
2025/08/06 5.36 5.39 5.31 5.33 20003722 108597392.00
2025/08/07 5.34 5.36 5.30 5.32 20064048 108700192.00
2025/08/08 5.33 5.37 5.32 5.32 17472466 94856112.00
2025/08/11 5.33 5.34 5.26 5.29 22910632 123168088.00
2025/08/12 5.29 5.33 5.28 5.31 18104930 97746616.00
2025/08/13 5.32 5.36 5.30 5.31 26618508 144089712.00
2025/08/14 5.31 5.32 5.24 5.25 24698660 132505072.00
2025/08/15 5.25 5.25 5.13 5.22 36827416 194278816.00
2025/08/18 5.21 5.47 5.21 5.40 72049872 393643040.00
2025/08/19 5.39 5.43 5.32 5.33 30631480 166665632.00
2025/08/20 5.34 5.38 5.32 5.38 33504792 182397344.00
2025/08/21 5.38 5.43 5.36 5.42 36213924 198581712.00
2025/08/22 5.41 5.42 5.31 5.35 43465480 236075328.00
2025/08/25 5.34 5.40 5.32 5.37 40339380 220011360.00
2025/08/26 5.36 5.37 5.30 5.31 27598884 149339680.00
2025/08/27 5.31 5.32 5.23 5.24 28364888 152232432.00
2025/08/28 5.21 5.24 5.16 5.22 44605404 235980304.00
2025/08/29 5.21 5.31 5.19 5.20 47777780 255076208.00
2025/09/01 5.20 5.22 5.16 5.17 37167809 195929840.00
2025/09/02 5.17 5.24 5.15 5.23 41981584 221985152.00
2025/09/03 5.22 5.24 5.14 5.15 32620506 171688352.00
2025/09/04 5.14 5.19 5.05 5.18 38308560 199850096.00
2025/09/05 5.17 5.18 5.08 5.13 28747340 149762992.00
2025/09/08 5.13 5.17 5.11 5.14 21735010 113833992.00
2025/09/09 5.13 5.17 5.12 5.16 22765820 119155608.00
2025/09/10 5.16 5.21 5.13 5.19 23751910 125208488.00
2025/09/11 5.19 5.22 5.13 5.21 29397732 154619600.00
2025/09/12 5.22 5.23 5.15 5.15 22730704 119860320.00
2025/09/15 5.15 5.16 5.12 5.12 18595248 97250616.00
2025/09/16 5.12 5.16 5.11 5.13 20909556 109088632.00
2025/09/17 5.13 5.15 5.09 5.13 22363806 116683432.00
2025/09/18 5.12 5.13 5.01 5.02 31710537 163590576.00
2025/09/19 5.02 5.06 4.97 5.05 23622100 118522448.00
2025/09/22 5.03 5.05 4.97 4.98 17812930 88997472.00
2025/09/23 4.97 5.03 4.94 5.01 23634466 118058264.00
2025/09/24 4.99 5.07 4.99 5.04 14329454 72116232.00
2025/09/25 5.03 5.04 4.98 4.99 13202901 66003584.00
2025/09/26 5.00 5.04 4.98 5.02 16768384 83972384.00
2025/09/29 5.01 5.05 4.97 5.02 19187111 96115712.00
2025/09/30 5.02 5.03 4.97 4.97 13312772 66381388.00
2025/10/09 4.97 5.04 4.95 5.03 26793078 134147056.00
2025/10/10 5.03 5.11 5.01 5.07 21859200 110951888.00
2025/10/13 5.01 5.11 4.98 5.09 27204572 137528064.00
2025/10/14 5.07 5.20 5.06 5.19 34750637 178898880.00
2025/10/15 5.18 5.22 5.16 5.21 25326638 131553288.00
2025/10/16 5.21 5.28 5.19 5.27 29273636 153535440.00
2025/10/17 5.27 5.31 5.23 5.25 28440824 150107984.00
2025/10/20 5.24 5.24 5.14 5.23 27076332 140853568.00
2025/10/21 5.22 5.25 5.19 5.21 29383780 153339568.00
2025/10/22 5.20 5.33 5.19 5.33 35774181 188841360.00
2025/10/23 5.31 5.37 5.28 5.33 33489886 178294368.00
2025/10/24 5.31 5.33 5.25 5.26 26246387 138643776.00
2025/10/27 5.26 5.30 5.21 5.25 25993112 136700320.00
2025/10/28 5.24 5.28 5.19 5.24 21074669 110210192.00
2025/10/29 5.23 5.23 5.15 5.17 25539896 132112160.00
2025/10/30 5.13 5.19 5.12 5.17 29974591 154948528.00
2025/10/31 5.17 5.20 5.13 5.18 25120786 129799104.00
2025/11/03 5.17 5.24 5.17 5.21 28094103 146381328.00
2025/11/04 5.21 5.32 5.20 5.30 38361512 202470992.00
2025/11/05 5.30 5.31 5.25 5.29 27489104 145303328.00
2025/11/06 5.29 5.34 5.27 5.31 26685664 141591808.00
2025/11/07 5.31 5.34 5.29 5.30 20056576 106471632.00
2025/11/10 5.30 5.33 5.28 5.31 16558504 87909184.00
2025/11/11 5.33 5.36 5.31 5.36 20047158 107029712.00
2025/11/12 5.36 5.42 5.36 5.38 29148298 157109136.00
2025/11/13 5.39 5.39 5.30 5.33 29506116 157209216.00
2025/11/14 5.33 5.37 5.32 5.33 20906332 111777008.00
2025/11/17 5.32 5.32 5.26 5.26 27051216 142651840.00
2025/11/18 5.26 5.27 5.22 5.25 20723636 108820512.00
2025/11/19 5.25 5.28 5.24 5.26 15667510 82403488.00
2025/11/20 5.25 5.34 5.25 5.30 25198176 133553024.00
2025/11/21 5.28 5.29 5.14 5.14 33418332 174238304.00
2025/11/24 5.14 5.17 5.08 5.11 42045536 215444848.00
2025/11/25 5.11 5.22 5.10 5.19 32210620 166703008.00
2025/11/26 5.20 5.24 5.16 5.19 25626361 133279560.00
2025/11/27 5.19 5.23 5.15 5.21 20784488 107939808.00
2025/11/28 5.21 5.22 5.18 5.20 16655353 86579008.00
2025/12/01 5.19 5.31 5.19 5.30 36768428 193991648.00
2025/12/02 5.29 5.31 5.26 5.31 22497240 118934192.00
2025/12/03 5.31 5.36 5.29 5.31 32375371 172468784.00
2025/12/04 5.30 5.34 5.26 5.28 21634060 114376296.00
2025/12/05 5.28 5.29 5.16 5.19 42712640 222264368.00
2025/12/08 5.20 5.25 5.18 5.19 26330262 137223776.00
2025/12/09 5.19 5.23 5.16 5.18 16161046 84014784.00
2025/12/10 5.18 5.21 5.11 5.15 22168931 114299464.00
2025/12/11 5.15 5.17 5.11 5.12 28385869 146002464.00
2025/12/12 5.13 5.15 5.11 5.11 32664730 167623360.00
2025/12/15 5.11 5.14 5.08 5.10 20483092 104752392.00
2025/12/16 5.11 5.12 5.04 5.06 19217239 97433632.00
2025/12/17 5.06 5.10 5.03 5.08 18472207 93540800.00
2025/12/18 5.08 5.18 5.07 5.17 21278542 109247336.00
2025/12/19 5.16 5.21 5.13 5.18 19005912 98375784.00
2025/12/22 5.18 5.20 5.15 5.15 16918238 87442432.00
2025/12/23 5.15 5.20 5.13 5.14 17632436 91038728.00
2025/12/24 5.14 5.17 5.10 5.15 15112672 77519840.00
2025/12/25 5.14 5.17 5.12 5.13 21573109 110854984.00
2025/12/26 5.12 5.14 5.09 5.10 15528440 79413408.00
2025/12/29 5.09 5.11 5.04 5.05 31760064 160812048.00
2025/12/30 5.05 5.07 5.02 5.04 14519090 73269392.00
2025/12/31 5.05 5.07 5.03 5.05 14949514 75501608.00
2026/01/05 5.05 5.06 5.02 5.05 23054754 116269840.00
2026/01/06 5.06 5.08 5.04 5.08 25753321 130383736.00
2026/01/07 5.08 5.09 5.05 5.05 21462280 108695168.00
2026/01/08 5.06 5.07 5.03 5.03 17406319 87745104.00
2026/01/09 5.03 5.05 5.02 5.04 16782772 84502456.00
2026/01/12 5.04 5.07 5.03 5.06 20485064 103505584.00
2026/01/13 5.06 5.10 5.05 5.07 24881036 126316768.00
2026/01/14 5.06 5.07 5.01 5.02 34491747 174122368.00
2026/01/15 5.02 5.03 4.99 5.00 17106448 85645488.00
2026/01/16 5.00 5.00 4.95 4.96 24586868 122252320.00
2026/01/19 4.95 4.98 4.94 4.94 19411700 96138232.00
2026/01/20 4.95 5.00 4.94 4.99 23207537 115417248.00
2026/01/21 4.98 5.01 4.93 4.95 24328044 120714256.00
2026/01/22 4.97 5.03 4.95 5.00 30648064 153210400.00
2026/01/23 5.01 5.05 5.00 5.02 28139284 141464368.00
2026/01/26 5.01 5.04 4.98 5.01 24614180 123317896.00
2026/01/27 5.01 5.02 4.96 4.98 28861776 143916976.00
2026/01/28 4.98 5.02 4.95 4.98 30881092 154151808.00
2026/01/29 4.97 5.07 4.96 5.06 42084288 211799728.00
2026/01/30 5.06 5.08 5.01 5.02 28894056 145582720.00
2026/02/02 5.01 5.06 4.96 4.97 29890530 149794256.00
2026/02/03 4.99 5.00 4.91 4.93 35431964 174977264.00
2026/02/04 4.93 5.00 4.92 4.99 26062848 129397896.00
2026/02/05 4.99 5.11 4.99 5.10 56669040 286683040.00
2026/02/06 5.11 5.15 5.06 5.13 40378980 206771680.00
2026/02/09 5.14 5.16 5.09 5.16 28071016 144193616.00
2026/02/10 5.15 5.18 5.13 5.16 21477032 110797704.00
2026/02/11 5.17 5.22 5.14 5.19 31407688 162693184.00
2026/02/12 5.19 5.20 5.10 5.13 29530052 151638896.00
2026/02/13 5.13 5.15 5.06 5.07 22652220 115678240.00
2026/02/24 5.10 5.10 5.05 5.05 22995160 116463464.00
2026/02/25 5.06 5.10 5.04 5.05 34098340 172889392.00
#Ъ§ОнРДдД:ЭЈДяаХ
