600819 вЋЦЄВЃСЇ ШеЯп ЧАИДШЈ
      ШеЦк	    ПЊХЬ	    зюИп	    зюЕЭ	    ЪеХЬ	    ГЩНЛСП	    ГЩНЛЖю
2021/08/02 5.48 5.86 5.38 5.82 13039716 76398904.00
2021/08/03 5.82 5.85 5.73 5.76 8652800 51675912.00
2021/08/04 5.73 5.95 5.73 5.95 9917900 59860152.00
2021/08/05 5.98 5.98 5.78 5.84 9288625 56001000.00
2021/08/06 5.84 6.01 5.84 5.89 10871800 66245704.00
2021/08/09 5.89 5.98 5.77 5.82 7378300 44388892.00
2021/08/10 5.82 6.18 5.80 6.06 12729981 79020776.00
2021/08/11 6.08 6.18 5.99 6.13 8893600 55097628.00
2021/08/12 6.14 6.15 6.03 6.04 6778917 41943588.00
2021/08/13 6.04 6.12 6.00 6.08 6504700 40125532.00
2021/08/16 6.08 6.21 5.90 5.92 8583290 52492252.00
2021/08/17 5.93 6.02 5.71 5.71 8250516 49157928.00
2021/08/18 5.71 5.91 5.71 5.79 6217500 36767120.00
2021/08/19 5.77 6.16 5.72 5.98 10920700 66047420.00
2021/08/20 5.92 6.20 5.80 6.13 13969300 86243408.00
2021/08/23 6.13 6.18 6.04 6.11 10013219 62115840.00
2021/08/24 6.11 6.44 6.08 6.33 17655057 112777672.00
2021/08/25 6.28 6.47 6.22 6.41 11887801 76766408.00
2021/08/26 6.41 6.54 6.35 6.42 12511322 81952912.00
2021/08/27 6.32 6.43 6.17 6.34 15118220 96759280.00
2021/08/30 6.36 6.62 6.32 6.53 15014275 99566608.00
2021/08/31 6.54 6.59 6.36 6.55 11503500 75667160.00
2021/09/01 6.54 6.86 6.31 6.42 19602284 130873912.00
2021/09/02 6.37 6.83 6.32 6.75 19754502 134661456.00
2021/09/03 6.69 7.04 6.60 6.69 20945800 144684112.00
2021/09/06 6.68 6.75 6.39 6.52 14752696 97854640.00
2021/09/07 6.50 6.69 6.42 6.64 12550981 83692296.00
2021/09/08 6.60 6.77 6.49 6.70 12804252 86508512.00
2021/09/09 6.62 6.68 6.51 6.59 10535435 70533920.00
2021/09/10 6.54 6.66 6.36 6.41 10561470 69503576.00
2021/09/13 6.39 6.47 6.24 6.45 8671500 56140468.00
2021/09/14 6.43 6.61 6.34 6.35 9930100 65329612.00
2021/09/15 6.34 6.61 6.30 6.60 8861006 58825996.00
2021/09/16 6.60 6.77 6.47 6.55 11558600 77642728.00
2021/09/17 6.49 6.56 6.10 6.19 11361158 72640520.00
2021/09/22 6.17 6.42 6.01 6.39 8164458 51744920.00
2021/09/23 6.51 6.87 6.47 6.85 17652422 121227504.00
2021/09/24 6.72 6.76 6.15 6.15 20400491 130921552.00
2021/09/27 6.18 6.18 5.67 5.79 13081483 78153008.00
2021/09/28 5.79 5.79 5.61 5.67 7601290 44113792.00
2021/09/29 5.63 5.66 5.41 5.42 8094720 45523856.00
2021/09/30 5.42 5.48 5.35 5.44 7634201 42104752.00
2021/10/08 5.47 5.65 5.45 5.50 6928766 39014744.00
2021/10/11 5.53 5.57 5.44 5.51 5965700 33549034.00
2021/10/12 5.51 5.51 5.20 5.28 7263484 39380096.00
2021/10/13 5.28 5.35 5.24 5.33 4667283 25278344.00
2021/10/14 5.35 5.52 5.28 5.45 6582700 36472480.00
2021/10/15 5.44 5.44 5.33 5.35 4222817 23171628.00
2021/10/18 5.36 5.48 5.29 5.46 6053848 33369046.00
2021/10/19 5.42 5.47 5.39 5.47 5052100 27996000.00
2021/10/20 5.47 5.51 5.38 5.46 4688600 26057902.00
2021/10/21 5.47 5.47 5.32 5.33 5556000 30546272.00
2021/10/22 5.29 5.36 5.19 5.20 5580800 29912084.00
2021/10/25 5.19 5.32 5.13 5.27 4377989 23424648.00
2021/10/26 5.28 5.31 5.14 5.17 4783189 25487932.00
2021/10/27 5.14 5.17 4.92 4.96 8243802 42108424.00
2021/10/28 4.94 4.99 4.80 4.88 6979800 34861032.00
2021/10/29 4.88 4.92 4.81 4.88 5229932 26048964.00
2021/11/01 4.88 5.00 4.85 4.95 4364300 22066204.00
2021/11/02 4.97 5.00 4.81 4.88 4846848 24260408.00
2021/11/03 4.88 4.93 4.84 4.91 3446018 17238964.00
2021/11/04 4.91 4.97 4.90 4.97 3660117 18482228.00
2021/11/05 4.97 4.97 4.86 4.87 4041200 20290572.00
2021/11/08 4.87 4.93 4.84 4.91 2433258 12180729.00
2021/11/09 4.93 4.97 4.92 4.97 2526000 12759084.00
2021/11/10 4.97 4.97 4.86 4.92 4178500 20915084.00
2021/11/11 4.93 5.00 4.91 4.99 5313300 27009986.00
2021/11/12 4.99 5.13 4.98 5.04 6458901 33358584.00
2021/11/15 5.07 5.09 5.00 5.04 4316691 22203624.00
2021/11/16 5.05 5.08 4.94 4.95 4953600 25316340.00
2021/11/17 4.96 5.02 4.95 5.00 3387553 17236460.00
2021/11/18 4.99 5.13 4.99 5.07 6675189 34639648.00
2021/11/19 5.06 5.12 5.02 5.09 3991000 20674490.00
2021/11/22 5.08 5.23 5.08 5.19 6365778 33660016.00
2021/11/23 5.19 5.31 5.15 5.18 6393102 34048548.00
2021/11/24 5.22 5.23 5.15 5.22 3728342 19765154.00
2021/11/25 5.25 5.25 5.13 5.20 3755914 19876524.00
2021/11/26 5.20 5.21 5.09 5.12 4271400 22366310.00
2021/11/29 5.07 5.13 5.02 5.11 4648934 24134024.00
2021/11/30 5.09 5.20 5.09 5.15 4886900 25750912.00
2021/12/01 5.15 5.25 5.12 5.25 4584350 24318380.00
2021/12/02 5.23 5.27 5.18 5.20 3375200 17982322.00
2021/12/03 5.23 5.26 5.16 5.23 4225658 22522552.00
2021/12/06 5.22 5.38 5.20 5.28 11694034 63379352.00
2021/12/07 5.31 5.39 5.20 5.28 7670200 41367488.00
2021/12/08 5.26 5.26 5.17 5.22 6191867 32998444.00
2021/12/09 5.22 5.28 5.21 5.27 4986362 26675428.00
2021/12/10 5.24 5.25 5.19 5.21 3523720 18755768.00
2021/12/13 5.20 5.31 5.20 5.22 4829451 25878128.00
2021/12/14 5.21 5.34 5.10 5.25 6468750 34550696.00
2021/12/15 5.25 5.30 5.23 5.30 4103525 22093052.00
2021/12/16 5.30 5.33 5.25 5.32 4739571 25628092.00
2021/12/17 5.32 5.42 5.30 5.38 6850821 37541556.00
2021/12/20 5.38 5.39 5.30 5.36 5262950 28726856.00
2021/12/21 5.37 5.47 5.35 5.46 6510150 36083816.00
2021/12/22 5.47 5.61 5.41 5.56 10485550 59112460.00
2021/12/23 5.57 5.59 5.43 5.45 7023564 39220528.00
2021/12/24 5.45 5.45 5.28 5.32 6395620 34847440.00
2021/12/27 5.31 5.43 5.30 5.38 4114015 22579036.00
2021/12/28 5.37 5.40 5.29 5.34 3416400 18570408.00
2021/12/29 5.35 5.40 5.27 5.32 3990300 21749972.00
2021/12/30 5.32 5.39 5.30 5.36 3652700 19965440.00
2021/12/31 5.38 5.51 5.34 5.47 5963019 33144328.00
2022/01/04 5.47 5.56 5.47 5.49 6643001 37338128.00
2022/01/05 5.49 5.57 5.42 5.52 7024600 39264604.00
2022/01/06 5.50 5.62 5.49 5.61 7596817 43156476.00
2022/01/07 5.62 5.71 5.55 5.57 8622672 49602636.00
2022/01/10 5.57 5.70 5.54 5.61 6782401 38751864.00
2022/01/11 5.66 5.87 5.60 5.62 10488891 60959948.00
2022/01/12 5.62 5.67 5.55 5.56 6933911 39468664.00
2022/01/13 5.57 5.65 5.50 5.52 5343909 30270708.00
2022/01/14 5.49 5.54 5.36 5.38 5837800 32383830.00
2022/01/17 5.46 5.49 5.38 5.48 3926900 21799972.00
2022/01/18 5.48 5.53 5.33 5.34 5893801 32463400.00
2022/01/19 5.34 5.48 5.33 5.45 5973101 32996598.00
2022/01/20 5.48 5.52 5.24 5.26 6955100 37940724.00
2022/01/21 5.27 5.33 5.20 5.25 3600333 19304054.00
2022/01/24 5.25 5.26 5.11 5.12 3508101 18536912.00
2022/01/25 5.12 5.14 4.91 4.93 5879100 30028164.00
2022/01/26 4.93 5.03 4.91 5.00 3905900 19820060.00
2022/01/27 4.99 5.04 4.87 4.88 4090700 20606178.00
2022/01/28 4.91 5.05 4.89 4.96 3818554 19399486.00
2022/02/07 5.02 5.17 5.01 5.13 4911268 25587760.00
2022/02/08 5.15 5.32 5.14 5.32 5636701 30163884.00
2022/02/09 5.31 5.33 5.25 5.29 3751200 20258334.00
2022/02/10 5.32 5.36 5.27 5.35 3549350 19253800.00
2022/02/11 5.32 5.37 5.24 5.25 3132001 16932376.00
2022/02/14 5.21 5.30 5.19 5.22 2696800 14411726.00
2022/02/15 5.25 5.27 5.15 5.19 2333500 12384663.00
2022/02/16 5.22 5.32 5.22 5.32 3522250 19000876.00
2022/02/17 5.31 5.31 5.24 5.26 2989700 16081670.00
2022/02/18 5.22 5.31 5.20 5.31 2702600 14547726.00
2022/02/21 5.28 5.33 5.28 5.32 2416850 13096678.00
2022/02/22 5.29 5.32 5.20 5.24 2830900 15179439.00
2022/02/23 5.25 5.29 5.20 5.27 1969975 10573418.00
2022/02/24 5.27 5.28 5.04 5.09 5736700 30221020.00
2022/02/25 5.11 5.19 5.10 5.14 2755501 14497962.00
2022/02/28 5.14 5.15 5.02 5.08 2428800 12599136.00
2022/03/01 5.09 5.15 5.08 5.12 2183409 11402416.00
2022/03/02 5.08 5.17 5.07 5.17 3073818 16151158.00
2022/03/03 5.16 5.33 5.16 5.26 5225926 28077772.00
2022/03/04 5.25 5.28 5.20 5.22 2922311 15623343.00
2022/03/07 5.20 5.25 5.09 5.13 2810001 14838806.00
2022/03/08 5.13 5.13 4.96 5.00 3414900 17563142.00
2022/03/09 5.05 5.05 4.69 4.87 5330400 26681812.00
2022/03/10 4.94 5.06 4.94 5.04 3425628 17515290.00
2022/03/11 4.96 5.13 4.88 5.09 6308677 32062676.00
2022/03/14 4.99 5.05 4.91 4.91 3152100 16045029.00
2022/03/15 4.90 4.91 4.65 4.67 5307000 26004124.00
2022/03/16 4.76 5.15 4.72 5.15 15855900 82113536.00
2022/03/17 5.42 5.68 5.13 5.43 42534550 235009488.00
2022/03/18 5.36 5.98 5.36 5.98 37856446 225890256.00
2022/03/21 6.59 6.59 6.59 6.59 4701413 31499468.00
2022/03/22 7.25 7.26 7.09 7.26 32773613 241368224.00
2022/03/23 7.22 7.22 6.52 6.53 95218638 653157312.00
2022/03/24 6.01 7.19 5.87 6.89 85395688 529711968.00
2022/03/25 6.45 6.89 6.19 6.20 67371414 446831712.00
2022/03/28 5.74 5.89 5.61 5.67 45935310 269037696.00
2022/03/29 5.63 5.87 5.50 5.59 35518005 205178464.00
2022/03/30 5.60 5.74 5.52 5.65 29449708 169299184.00
2022/03/31 5.54 5.79 5.45 5.54 32693473 186612944.00
2022/04/01 5.47 5.54 5.33 5.36 26573630 146324784.00
2022/04/06 5.36 5.47 5.34 5.44 16499418 91143952.00
2022/04/07 5.47 5.54 5.25 5.25 20519618 113153488.00
2022/04/08 5.35 5.41 5.20 5.26 15710153 84997968.00
2022/04/11 5.25 5.39 5.15 5.17 17615653 94672912.00
2022/04/12 5.15 5.31 5.03 5.31 15902553 84075600.00
2022/04/13 5.24 5.29 5.04 5.09 13482200 70633688.00
2022/04/14 5.10 5.17 5.08 5.12 7946005 41535940.00
2022/04/15 5.14 5.15 5.03 5.05 9452392 49096856.00
2022/04/18 5.02 5.08 4.91 5.07 7070900 36266144.00
2022/04/19 5.07 5.08 5.00 5.06 6109900 31471384.00
2022/04/20 5.07 5.11 4.97 4.99 8251200 42512288.00
2022/04/21 5.01 5.01 4.71 4.74 11580600 57332568.00
2022/04/22 4.74 4.77 4.59 4.69 7409618 35588128.00
2022/04/25 4.61 4.62 4.30 4.30 11617801 53052976.00
2022/04/26 4.34 4.44 4.26 4.28 7914490 35185308.00
2022/04/27 4.26 4.44 4.21 4.40 11854835 52850720.00
2022/04/28 4.34 4.44 4.24 4.30 9478541 42038256.00
2022/04/29 4.33 4.49 4.29 4.44 8979900 40608092.00
2022/05/05 4.43 4.61 4.40 4.54 7357700 34023960.00
2022/05/06 4.40 4.48 4.34 4.41 7212000 32599372.00
2022/05/09 4.39 4.61 4.39 4.58 8220501 38239844.00
2022/05/10 4.53 4.75 4.45 4.75 13421500 63944536.00
2022/05/11 4.89 4.94 4.68 4.68 16597000 81324448.00
2022/05/12 4.60 4.83 4.59 4.73 14120900 67988144.00
2022/05/13 4.70 4.81 4.64 4.78 10918018 52749768.00
2022/05/16 4.75 4.81 4.71 4.73 7172304 34828668.00
2022/05/17 4.75 4.76 4.61 4.68 6265400 29957428.00
2022/05/18 4.68 4.83 4.67 4.79 8394400 40971540.00
2022/05/19 4.71 4.85 4.69 4.81 7304500 35736792.00
2022/05/20 4.82 4.87 4.76 4.81 6029501 29623948.00
2022/05/23 4.81 4.84 4.78 4.83 6484567 31935110.00
2022/05/24 4.86 4.87 4.62 4.63 7700767 37388136.00
2022/05/25 4.62 4.73 4.60 4.72 4270400 20469228.00
2022/05/26 4.74 4.87 4.69 4.84 7143900 35077360.00
2022/05/27 4.85 4.88 4.78 4.85 5955651 29448156.00
2022/05/30 4.89 5.04 4.89 5.03 12549305 63874184.00
2022/05/31 5.07 5.13 4.98 5.04 10782900 55608360.00
2022/06/01 5.04 5.05 4.90 4.98 8233567 41949296.00
2022/06/02 5.03 5.03 4.92 4.98 4656000 23608546.00
2022/06/06 4.94 5.03 4.93 5.00 6906800 35215904.00
2022/06/07 5.01 5.17 4.99 5.07 10829800 56115148.00
2022/06/08 5.05 5.23 4.97 5.09 11912900 62026544.00
2022/06/09 5.04 5.07 4.92 4.93 7056979 35869532.00
2022/06/10 4.94 4.97 4.90 4.96 5044800 25524848.00
2022/06/13 4.92 4.99 4.89 4.97 6236279 31462300.00
2022/06/14 4.93 4.98 4.80 4.97 6354200 31839672.00
2022/06/15 4.97 5.02 4.93 4.96 6546600 33321250.00
2022/06/16 4.95 4.99 4.92 4.93 4891300 24745342.00
2022/06/17 4.90 5.02 4.89 4.96 5317400 26962536.00
2022/06/20 5.01 5.06 4.94 5.05 8242100 42265368.00
2022/06/21 5.06 5.08 4.93 4.99 6483500 33052640.00
2022/06/22 5.00 5.00 4.91 4.91 4522600 22845592.00
2022/06/23 4.90 4.98 4.83 4.97 4880300 24527052.00
2022/06/24 5.01 5.48 4.97 5.33 33138429 178733632.00
2022/06/27 5.29 5.35 5.15 5.20 20223951 107894832.00
2022/06/28 5.20 5.25 5.11 5.22 13960850 73804224.00
2022/06/29 5.22 5.29 5.05 5.06 12031035 63297332.00
2022/06/30 5.07 5.13 5.03 5.06 8725000 45203740.00
2022/07/01 5.04 5.07 4.97 5.00 6868200 35230432.00
2022/07/04 5.00 5.02 4.95 4.98 5696900 28951388.00
2022/07/05 4.98 5.00 4.89 4.93 7254899 36575824.00
2022/07/06 4.93 4.94 4.76 4.81 6746499 33335310.00
2022/07/07 4.82 4.88 4.80 4.86 4497000 22343924.00
2022/07/08 4.85 4.91 4.85 4.89 4542700 22724476.00
2022/07/11 4.87 4.93 4.84 4.92 3798914 18973784.00
2022/07/12 4.92 4.94 4.87 4.92 4113500 20691254.00
2022/07/13 4.92 4.98 4.90 4.98 4841202 24503716.00
2022/07/14 4.98 4.98 4.87 4.89 4362900 21767356.00
2022/07/15 4.83 4.84 4.62 4.64 7726322 36963868.00
2022/07/18 4.64 4.88 4.63 4.86 6899900 33737400.00
2022/07/19 4.86 4.87 4.81 4.86 3396900 16732669.00
2022/07/20 4.90 4.90 4.83 4.88 2734400 13533543.00
2022/07/21 4.88 4.91 4.84 4.85 2871200 14211990.00
2022/07/22 4.85 4.90 4.80 4.87 3646800 17994208.00
2022/07/25 4.86 4.91 4.81 4.84 3096600 15291609.00
2022/07/26 4.87 4.90 4.79 4.89 3486600 17220476.00
2022/07/27 4.85 4.93 4.85 4.90 3368500 16801656.00
2022/07/28 4.93 4.97 4.91 4.95 4487700 22584552.00
2022/07/29 4.98 5.45 4.98 5.45 47219773 255857184.00
2022/08/01 6.00 6.00 5.54 5.54 81204979 484852992.00
2022/08/02 5.26 5.45 5.04 5.17 52676328 279427776.00
2022/08/03 5.22 5.62 5.21 5.29 44588180 242727520.00
2022/08/04 5.24 5.40 5.13 5.34 33612479 179582240.00
2022/08/05 5.24 5.26 5.07 5.14 26062902 136214800.00
2022/08/08 5.10 5.26 5.03 5.25 21380800 112522232.00
2022/08/09 5.25 5.41 5.21 5.30 24405200 131999696.00
2022/08/10 5.25 5.71 5.22 5.47 32095999 178531312.00
2022/08/11 5.44 5.58 5.39 5.46 22525101 124556424.00
2022/08/12 5.43 5.50 5.40 5.41 13557400 74722208.00
2022/08/15 5.43 5.55 5.40 5.50 15101900 83590224.00
2022/08/16 5.45 5.76 5.42 5.63 28818228 163703296.00
2022/08/17 5.57 5.77 5.54 5.57 22411428 127860032.00
2022/08/18 5.53 5.58 5.43 5.45 14389900 79865416.00
2022/08/19 5.46 5.49 5.33 5.34 11675000 63765336.00
2022/08/22 5.32 5.40 5.26 5.27 8894910 47923144.00
2022/08/23 5.27 5.33 5.22 5.28 6812800 36550996.00
2022/08/24 5.27 5.30 5.08 5.11 11085100 58081032.00
2022/08/25 5.11 5.14 5.00 5.04 7215000 36985744.00
2022/08/26 5.05 5.08 4.99 5.00 6229500 31876010.00
2022/08/29 4.95 5.05 4.88 5.05 5146200 26058532.00
2022/08/30 5.05 5.19 5.02 5.17 13512700 70079648.00
2022/08/31 5.15 5.17 5.00 5.04 7709101 39598316.00
2022/09/01 5.04 5.13 5.02 5.05 4107701 21150310.00
2022/09/02 5.05 5.08 5.00 5.05 4887055 24947112.00
2022/09/05 5.03 5.12 5.03 5.12 4907055 25367196.00
2022/09/06 5.12 5.49 5.10 5.36 16962151 91607064.00
2022/09/07 5.34 5.44 5.27 5.33 12533300 67626496.00
2022/09/08 5.38 5.38 5.26 5.30 6881300 37032264.00
2022/09/09 5.28 5.32 5.18 5.20 6338610 33621172.00
2022/09/13 5.24 5.30 5.21 5.25 5372900 28713848.00
2022/09/14 5.18 5.78 5.13 5.48 26987600 149900512.00
2022/09/15 5.48 5.53 5.28 5.37 17400907 94945000.00
2022/09/16 5.42 5.43 5.02 5.02 16149600 84543944.00
2022/09/19 5.00 5.03 4.88 4.89 9617600 48162184.00
2022/09/20 4.91 5.21 4.91 5.18 13611001 70396048.00
2022/09/21 5.18 5.20 5.02 5.09 8314400 42860408.00
2022/09/22 5.05 5.16 5.04 5.04 4418700 22865506.00
2022/09/23 5.03 5.08 4.92 4.93 5702900 28850268.00
2022/09/26 4.90 4.90 4.66 4.68 7739100 37576160.00
2022/09/27 4.72 4.87 4.70 4.86 5187000 25251680.00
2022/09/28 4.86 4.88 4.72 4.72 4424700 21472240.00
2022/09/29 4.76 4.80 4.58 4.61 4640800 22058412.00
2022/09/30 4.62 4.66 4.53 4.59 3130933 14645411.00
2022/10/10 4.58 4.63 4.44 4.46 3208000 14753975.00
2022/10/11 4.48 4.50 4.38 4.43 2883534 13020172.00
2022/10/12 4.45 4.54 4.37 4.54 4052660 18395996.00
2022/10/13 4.52 4.59 4.50 4.54 2448300 11323817.00
2022/10/14 4.62 4.65 4.58 4.61 3691738 17315390.00
2022/10/17 4.58 4.69 4.57 4.68 3101887 14662099.00
2022/10/18 4.71 4.72 4.64 4.64 3110406 14791385.00
2022/10/19 4.63 4.68 4.57 4.61 2819100 13296709.00
2022/10/20 4.60 4.63 4.53 4.57 3142007 14639399.00
2022/10/21 4.58 4.65 4.57 4.62 2610508 12265394.00
2022/10/24 4.62 4.64 4.47 4.50 2819200 13078178.00
2022/10/25 4.59 4.85 4.59 4.67 11160911 53089592.00
2022/10/26 4.58 4.67 4.52 4.63 8308900 38899740.00
2022/10/27 4.62 4.65 4.56 4.58 4609300 21628440.00
2022/10/28 4.59 4.60 4.32 4.34 6946703 31232368.00
2022/10/31 4.27 4.39 4.23 4.36 3285902 14536927.00
2022/11/01 4.38 4.48 4.36 4.47 3229753 14587149.00
2022/11/02 4.48 4.54 4.42 4.52 3457785 15868989.00
2022/11/03 4.49 4.57 4.49 4.53 2447001 11309191.00
2022/11/04 4.56 4.63 4.54 4.60 3502900 16385857.00
2022/11/07 4.60 4.67 4.58 4.65 4046799 19122696.00
2022/11/08 4.66 4.78 4.62 4.70 5096202 24404856.00
2022/11/09 4.69 4.76 4.66 4.69 4151700 19895452.00
2022/11/10 4.66 4.73 4.61 4.68 3543522 16854286.00
2022/11/11 4.76 4.80 4.70 4.73 4990007 24040972.00
2022/11/14 4.72 4.80 4.71 4.74 4883200 23648584.00
2022/11/15 4.71 4.78 4.70 4.77 4131608 19995348.00
2022/11/16 4.77 4.84 4.75 4.79 4302689 20973704.00
2022/11/17 4.80 4.82 4.76 4.81 2602600 12661883.00
2022/11/18 4.81 4.81 4.74 4.74 2605159 12609695.00
2022/11/21 4.72 4.76 4.68 4.76 3075700 14755724.00
2022/11/22 4.75 4.80 4.69 4.72 3385699 16341069.00
2022/11/23 4.73 4.77 4.69 4.75 3474000 16725276.00
2022/11/24 4.79 4.79 4.70 4.72 3175489 15298747.00
2022/11/25 4.71 4.79 4.69 4.76 3636700 17556720.00
2022/11/28 4.74 4.78 4.64 4.76 3962000 19051040.00
2022/11/29 4.78 4.88 4.77 4.86 5764206 28361204.00
2022/11/30 4.90 4.90 4.82 4.83 3689300 18201828.00
2022/12/01 4.85 4.89 4.82 4.85 2570200 12677211.00
2022/12/02 4.84 4.89 4.81 4.88 3388300 16717331.00
2022/12/05 4.86 4.97 4.86 4.96 4205700 21090416.00
2022/12/06 4.96 4.98 4.90 4.93 3180600 15948471.00
2022/12/07 4.94 4.94 4.85 4.92 3194400 15883295.00
2022/12/08 4.93 4.97 4.89 4.95 2703500 13536013.00
2022/12/09 4.96 4.97 4.89 4.93 3394300 16983708.00
2022/12/12 4.90 4.93 4.83 4.86 3220006 15903174.00
2022/12/13 4.84 4.92 4.84 4.91 2620900 13042256.00
2022/12/14 4.92 4.94 4.83 4.84 2708500 13436167.00
2022/12/15 4.86 4.95 4.84 4.87 2683000 13312642.00
2022/12/16 4.87 4.92 4.79 4.87 3175400 15692199.00
2022/12/19 4.88 4.90 4.71 4.74 2928500 14226200.00
2022/12/20 4.70 4.75 4.67 4.68 2099000 10043134.00
2022/12/21 4.68 4.72 4.65 4.68 1686068 8021482.00
2022/12/22 4.69 4.73 4.55 4.59 2541900 11995219.00
2022/12/23 4.60 4.62 4.53 4.55 2185508 10172579.00
2022/12/26 4.63 4.67 4.59 4.65 3199888 15096846.00
2022/12/27 4.67 4.69 4.59 4.61 2503200 11768455.00
2022/12/28 4.62 4.62 4.52 4.53 2714300 12573211.00
2022/12/29 4.56 4.56 4.49 4.50 1983699 9114276.00
2022/12/30 4.51 4.56 4.50 4.54 1447800 6676669.00
2023/01/03 4.53 4.60 4.53 4.59 3980700 18495054.00
2023/01/04 4.58 4.66 4.58 4.64 2617200 12332537.00
2023/01/05 4.64 4.66 4.61 4.64 1903100 8968610.00
2023/01/06 4.65 4.72 4.63 4.65 2799400 13316823.00
2023/01/09 4.65 4.71 4.65 4.70 2182900 10405873.00
2023/01/10 4.73 4.73 4.64 4.68 1778400 8456277.00
2023/01/11 4.70 4.71 4.61 4.63 2385910 11329187.00
2023/01/12 4.63 4.68 4.58 4.59 1655200 7777737.00
2023/01/13 4.65 4.65 4.58 4.62 1930200 9068933.00
2023/01/16 4.62 4.79 4.62 4.76 5283499 25498212.00
2023/01/17 4.77 4.91 4.75 4.86 6293710 31063016.00
2023/01/18 4.86 4.89 4.82 4.86 4400400 21731864.00
2023/01/19 4.86 4.90 4.80 4.89 4035500 19892352.00
2023/01/20 4.87 4.95 4.84 4.94 3802050 18956170.00
2023/01/30 4.97 5.44 4.94 5.44 38858767 210827568.00
2023/01/31 5.38 5.99 5.29 5.99 57885475 334622496.00
2023/02/01 6.60 6.60 6.41 6.60 28996879 193623184.00
2023/02/02 6.52 7.02 6.14 6.97 92972268 626068416.00
2023/02/03 6.90 7.68 6.63 7.68 88276822 650665088.00
2023/02/06 7.57 7.57 6.90 7.35 70517713 513923712.00
2023/02/07 7.31 8.07 7.08 7.72 76764440 577443648.00
2023/02/08 7.46 7.62 7.14 7.14 49503974 369536320.00
2023/02/09 7.32 7.68 7.03 7.14 70362640 522540192.00
2023/02/10 7.26 7.71 6.92 7.58 68494794 506368224.00
2023/02/13 7.42 7.94 7.33 7.82 64230665 494227296.00
2023/02/14 7.82 8.37 7.40 7.49 71604995 568780416.00
2023/02/15 7.48 7.64 7.27 7.61 46371680 350363776.00
2023/02/16 7.62 7.74 6.97 7.05 50184205 371867232.00
2023/02/17 7.07 7.14 6.80 6.89 40192953 282620096.00
2023/02/20 6.92 7.18 6.92 7.08 28182958 200878928.00
2023/02/21 7.10 7.42 7.01 7.07 30848000 223592144.00
2023/02/22 7.06 7.12 6.89 6.93 22810600 160908720.00
2023/02/23 6.99 7.03 6.82 6.89 16232254 113578912.00
2023/02/24 6.89 6.94 6.73 6.83 14341931 99217664.00
2023/02/27 6.82 6.97 6.70 6.78 12014246 82673992.00
2023/02/28 6.71 6.83 6.67 6.78 11425054 77915944.00
2023/03/01 6.77 6.77 6.63 6.69 15053765 101832128.00
2023/03/02 6.69 6.72 6.57 6.60 11513501 77175528.00
2023/03/03 6.61 6.65 6.50 6.57 10910561 72616240.00
2023/03/06 6.63 6.65 6.36 6.52 16313751 106639904.00
2023/03/07 6.52 6.53 6.30 6.32 10356013 66999608.00
2023/03/08 6.30 6.43 6.30 6.41 7819600 50546128.00
2023/03/09 6.44 6.45 6.30 6.31 6887951 44240460.00
2023/03/10 6.31 6.31 6.18 6.22 8919500 56264340.00
2023/03/13 6.21 6.28 6.16 6.27 6923500 43627568.00
2023/03/14 6.26 6.26 5.99 6.05 9728400 59960936.00
2023/03/15 6.12 6.20 6.06 6.16 7499900 46643240.00
2023/03/16 6.13 6.13 5.92 5.99 9030800 54963016.00
2023/03/17 6.07 6.09 5.98 6.01 6767020 41355616.00
2023/03/20 6.07 6.17 5.96 6.09 11611201 71499592.00
2023/03/21 6.07 6.20 6.01 6.20 9840000 61015920.00
2023/03/22 6.19 6.23 6.08 6.13 10494100 65231688.00
2023/03/23 6.08 6.11 6.00 6.07 9071400 55643044.00
2023/03/24 6.08 6.10 5.92 5.97 13738501 83291944.00
2023/03/27 5.96 6.01 5.84 6.00 11297300 67830944.00
2023/03/28 5.99 6.00 5.83 5.85 7191800 42872712.00
2023/03/29 5.85 5.90 5.76 5.79 8093400 47614404.00
2023/03/30 5.80 5.86 5.73 5.82 6900300 40504508.00
2023/03/31 5.75 5.88 5.74 5.83 5628200 33270840.00
2023/04/03 5.87 5.98 5.79 5.96 9463920 56652948.00
2023/04/04 5.94 5.94 5.71 5.72 11041300 64739152.00
2023/04/06 5.75 5.86 5.68 5.85 7900724 46441576.00
2023/04/07 5.90 6.44 5.82 6.35 57716620 363305664.00
2023/04/10 6.31 6.31 5.71 5.71 51636901 310751072.00
2023/04/11 5.52 5.52 5.23 5.44 38967273 211861744.00
2023/04/12 5.44 5.68 5.42 5.48 20393525 114242568.00
2023/04/13 5.48 5.50 5.30 5.31 14160600 77231040.00
2023/04/14 5.32 5.45 5.32 5.40 10399500 56873548.00
2023/04/17 5.39 5.57 5.38 5.52 13275000 73983952.00
2023/04/18 5.50 5.58 5.41 5.48 11900300 66213952.00
2023/04/19 5.52 5.58 5.45 5.49 14610600 81626344.00
2023/04/20 5.52 5.52 5.28 5.45 12415354 67890752.00
2023/04/21 5.49 5.55 5.27 5.27 13480800 73994896.00
2023/04/24 5.24 5.46 5.21 5.32 14381826 77317392.00
2023/04/25 5.27 5.40 5.13 5.20 12009400 63599192.00
2023/04/26 5.23 5.27 5.15 5.23 11005609 58435304.00
2023/04/27 5.22 5.23 5.11 5.12 12292100 64381440.00
2023/04/28 5.12 5.35 5.12 5.33 10786400 57656872.00
2023/05/04 5.27 5.29 5.12 5.14 12188700 64154904.00
2023/05/05 5.14 5.15 4.98 5.04 9317500 47619496.00
2023/05/08 5.04 5.11 5.01 5.03 6743100 34561732.00
2023/05/09 5.08 5.19 4.98 4.98 10126200 51991452.00
2023/05/10 4.98 5.08 4.95 5.05 7777607 39729388.00
2023/05/11 5.05 5.20 5.03 5.14 9190220 47964032.00
2023/05/12 5.12 5.14 4.98 4.99 7639300 39043048.00
2023/05/15 4.99 5.07 4.95 5.07 7333400 37360916.00
2023/05/16 5.03 5.09 4.99 5.02 5948900 30431820.00
2023/05/17 4.99 5.11 4.98 5.10 7081100 36450604.00
2023/05/18 5.12 5.14 5.06 5.08 6041200 31275284.00
2023/05/19 5.09 5.09 5.01 5.02 5140300 26289470.00
2023/05/22 5.05 5.05 4.98 5.02 4987000 25379450.00
2023/05/23 5.01 5.04 4.97 4.98 5305000 26957192.00
2023/05/24 4.99 5.14 4.95 5.10 11833300 60937960.00
2023/05/25 5.13 5.62 5.08 5.62 38388151 212064016.00
2023/05/26 5.45 5.47 5.22 5.25 52387648 282166976.00
2023/05/29 5.25 5.27 4.96 4.96 32168347 165588544.00
2023/05/30 4.91 4.91 4.60 4.69 30442581 145356272.00
2023/05/31 4.65 4.65 4.57 4.59 15587200 72898160.00
2023/06/01 4.57 4.63 4.52 4.60 10454207 48736672.00
2023/06/02 4.59 4.97 4.59 4.86 30201861 146928784.00
2023/06/05 4.84 4.86 4.73 4.75 17613000 85501312.00
2023/06/06 4.74 4.75 4.65 4.65 10254400 48992304.00
2023/06/07 4.65 4.76 4.65 4.74 9534500 45781156.00
2023/06/08 4.71 4.79 4.70 4.73 9758400 47074672.00
2023/06/09 4.73 4.80 4.68 4.72 9354700 44948160.00
2023/06/12 4.72 4.80 4.65 4.78 10641700 51244420.00
2023/06/13 4.78 4.88 4.75 4.81 9185100 45085160.00
2023/06/14 4.80 4.94 4.77 4.87 9987152 49295756.00
2023/06/15 4.86 4.96 4.83 4.96 11582152 57709968.00
2023/06/16 4.97 4.98 4.89 4.90 8993200 44934968.00
2023/06/19 4.87 4.90 4.78 4.80 8877100 43478076.00
2023/06/20 4.79 4.80 4.69 4.70 6752600 32387496.00
2023/06/21 4.69 4.74 4.63 4.63 6000000 28555876.00
2023/06/26 4.62 4.67 4.57 4.58 6353600 29765412.00
2023/06/27 4.56 4.76 4.55 4.76 8667701 41437992.00
2023/06/28 4.74 4.77 4.66 4.71 4937800 23597980.00
2023/06/29 4.69 4.77 4.68 4.75 4731900 22813196.00
2023/06/30 4.76 4.86 4.74 4.83 6877700 33617480.00
2023/07/03 4.93 5.24 4.92 5.05 30917501 160177632.00
2023/07/04 5.02 5.02 4.91 4.95 15552400 78232544.00
2023/07/05 4.91 4.93 4.85 4.86 8636433 42803004.00
2023/07/06 4.85 4.88 4.82 4.85 5275100 25986552.00
2023/07/07 4.84 4.88 4.81 4.85 5666054 27900718.00
2023/07/10 4.85 4.87 4.82 4.84 3812200 18719836.00
2023/07/11 4.84 4.92 4.82 4.92 5873654 29091592.00
2023/07/12 4.92 4.92 4.80 4.81 6677700 32832310.00
2023/07/13 4.80 4.85 4.79 4.84 4117000 20180512.00
2023/07/14 4.84 4.87 4.81 4.83 3825800 18792500.00
2023/07/17 4.77 4.78 4.65 4.75 7573100 36315632.00
2023/07/18 4.77 4.81 4.72 4.80 4309500 20892728.00
2023/07/19 4.81 4.84 4.77 4.80 3508100 17064132.00
2023/07/20 4.80 4.88 4.78 4.79 4936400 24172424.00
2023/07/21 4.77 4.83 4.74 4.78 4489600 21797946.00
2023/07/24 4.79 4.80 4.75 4.76 3726900 18050974.00
2023/07/25 4.81 4.96 4.80 4.96 14061900 70142752.00
2023/07/26 5.00 5.01 4.95 4.99 7665400 38672732.00
2023/07/27 5.00 5.04 4.95 5.00 6636800 33697492.00
2023/07/28 5.01 5.09 5.01 5.08 10552026 54127104.00
2023/07/31 5.15 5.21 5.08 5.19 11458900 59894136.00
2023/08/01 5.22 5.23 5.14 5.20 11200901 58810608.00
2023/08/02 5.20 5.32 5.16 5.18 9549800 50469836.00
2023/08/03 5.20 5.23 5.10 5.13 7779100 40547288.00
2023/08/04 5.15 5.22 5.09 5.10 6775300 35297704.00
2023/08/07 5.08 5.12 4.99 5.01 5060000 25789858.00
2023/08/08 5.06 5.06 4.98 5.01 5181500 26345152.00
2023/08/09 5.00 5.04 4.97 5.00 5061300 25656088.00
2023/08/10 5.00 5.04 4.98 5.03 3727200 18934928.00
2023/08/11 5.06 5.06 4.89 4.89 5642100 28358900.00
2023/08/14 4.89 5.00 4.86 4.98 5392600 26959728.00
2023/08/15 4.99 5.00 4.87 4.91 3803400 18958568.00
2023/08/16 4.91 4.99 4.85 4.91 4956100 24680916.00
2023/08/17 4.89 5.10 4.85 5.07 7908300 40069584.00
2023/08/18 5.06 5.16 5.03 5.03 6875000 35543236.00
2023/08/21 5.03 5.10 5.02 5.05 5891000 30211180.00
2023/08/22 5.06 5.10 4.94 5.00 4756666 24160944.00
2023/08/23 5.00 5.01 4.89 4.90 4225700 21164138.00
2023/08/24 4.91 4.94 4.79 4.79 4007800 19681788.00
2023/08/25 4.78 4.83 4.68 4.72 5522400 26615804.00
2023/08/28 4.92 5.11 4.90 4.93 14273100 72548120.00
2023/08/29 4.93 5.04 4.91 5.00 5362500 27072416.00
2023/08/30 5.01 5.18 4.98 5.07 14751400 75938072.00
2023/08/31 5.09 5.26 5.04 5.08 18520300 96167896.00
2023/09/01 5.07 5.10 4.93 4.97 10830066 54876672.00
2023/09/04 4.98 5.18 4.98 5.15 10894500 56206428.00
2023/09/05 5.15 5.16 5.01 5.02 6206300 31778762.00
2023/09/06 4.99 5.04 4.96 5.03 4337900 22053926.00
2023/09/07 5.03 5.09 4.96 4.96 5848100 29796604.00
2023/09/08 4.96 4.98 4.92 4.97 3009500 15133583.00
2023/09/11 4.96 5.01 4.89 5.00 4302200 21672648.00
2023/09/12 5.00 5.06 4.93 5.05 4643400 23613798.00
2023/09/13 5.05 5.05 4.78 4.83 13979600 68931872.00
2023/09/14 4.83 4.85 4.73 4.83 7203400 34978264.00
2023/09/15 4.82 4.94 4.81 4.88 5936500 29425140.00
2023/09/18 4.89 5.00 4.81 4.98 7543800 37757040.00
2023/09/19 4.99 4.99 4.88 4.91 4207539 20940176.00
2023/09/20 4.90 4.91 4.82 4.83 3299800 16271688.00
2023/09/21 4.82 4.87 4.79 4.82 2778600 13605684.00
2023/09/22 4.82 4.94 4.80 4.88 6894339 34027380.00
2023/09/25 4.87 4.87 4.75 4.77 5808800 28286160.00
2023/09/26 4.79 4.79 4.70 4.70 4354584 20888830.00
2023/09/27 4.72 4.76 4.68 4.71 3161800 15146800.00
2023/09/28 4.70 4.78 4.70 4.76 3429100 16542579.00
2023/10/09 4.75 4.77 4.69 4.69 4504661 21590572.00
2023/10/10 4.72 4.74 4.65 4.67 4449700 21210908.00
2023/10/11 4.67 4.72 4.64 4.66 4508000 21400908.00
2023/10/12 4.66 4.72 4.63 4.71 4031500 19145788.00
2023/10/13 4.69 4.70 4.59 4.61 5314184 24928788.00
2023/10/16 4.60 4.63 4.56 4.59 4190466 19544772.00
2023/10/17 4.62 4.63 4.56 4.58 3768790 17559346.00
2023/10/18 4.58 4.58 4.50 4.52 4951345 22726044.00
2023/10/19 4.52 4.59 4.47 4.52 4056256 18688948.00
2023/10/20 4.52 4.56 4.49 4.53 2836000 13024740.00
2023/10/23 4.53 4.55 4.36 4.39 4706300 21184832.00
2023/10/24 4.39 4.52 4.38 4.52 3746461 17036202.00
2023/10/25 4.57 4.70 4.54 4.69 6678200 31649454.00
2023/10/26 4.67 4.67 4.58 4.63 4839961 22677008.00
2023/10/27 4.60 4.68 4.58 4.67 3924400 18554258.00
2023/10/30 4.67 4.82 4.65 4.79 8712366 42202788.00
2023/10/31 4.80 4.85 4.77 4.84 6347300 31052324.00
2023/11/01 4.84 4.89 4.83 4.85 5392100 26620524.00
2023/11/02 4.81 4.88 4.81 4.83 4531100 22278700.00
2023/11/03 4.87 4.88 4.81 4.82 3821600 18787436.00
2023/11/06 4.83 4.89 4.82 4.86 4840500 23873484.00
2023/11/07 4.86 4.90 4.83 4.88 3495900 17281422.00
2023/11/08 4.89 4.89 4.83 4.86 3776800 18594208.00
2023/11/09 4.86 4.87 4.83 4.84 3568200 17561676.00
2023/11/10 4.86 4.87 4.78 4.84 4027300 19670726.00
2023/11/13 4.86 4.91 4.84 4.90 4819300 23826632.00
2023/11/14 4.91 4.95 4.89 4.93 3886900 19399916.00
2023/11/15 4.94 4.99 4.93 4.97 3556800 17921848.00
2023/11/16 4.94 4.99 4.93 4.93 2968400 14915808.00
2023/11/17 4.96 4.99 4.92 4.96 3491400 17564732.00
2023/11/20 5.00 5.00 4.92 4.99 4884500 24609970.00
2023/11/21 4.99 5.03 4.98 4.98 4487100 22767162.00
2023/11/22 5.00 5.03 4.97 4.98 4009300 20319220.00
2023/11/23 4.96 5.01 4.94 5.00 3874100 19556470.00
2023/11/24 5.01 5.03 4.96 4.97 4686300 23742900.00
2023/11/27 4.96 4.99 4.90 4.96 4966400 24886872.00
2023/11/28 4.96 5.01 4.93 4.98 3434896 17340600.00
2023/11/29 5.01 5.01 4.94 4.96 3772690 19035300.00
2023/11/30 4.96 4.98 4.89 4.93 3799100 18983486.00
2023/12/01 4.91 5.05 4.89 5.00 7990300 40253048.00
2023/12/04 4.97 4.97 4.88 4.93 8847700 44174580.00
2023/12/05 4.90 4.94 4.86 4.86 4932899 24518340.00
2023/12/06 4.86 4.93 4.85 4.90 3555600 17697566.00
2023/12/07 4.92 4.92 4.84 4.90 3856238 19088532.00
2023/12/08 4.89 4.90 4.76 4.77 4519560 22088668.00
2023/12/11 4.75 4.85 4.71 4.83 5855600 28481840.00
2023/12/12 4.84 4.92 4.81 4.91 4013400 19822164.00
2023/12/13 4.91 4.97 4.87 4.91 3788300 18930720.00
2023/12/14 4.93 4.99 4.90 4.96 4117700 20717734.00
2023/12/15 4.98 5.02 4.95 5.02 5252700 26588446.00
2023/12/18 5.02 5.05 4.91 4.93 5426200 27269128.00
2023/12/19 4.91 4.96 4.87 4.91 3588500 17832236.00
2023/12/20 4.92 4.94 4.88 4.92 4856900 24181196.00
2023/12/21 4.91 5.20 4.87 5.10 20228700 103442640.00
2023/12/22 5.10 5.14 4.80 4.85 26739408 133358224.00
2023/12/25 4.77 4.78 4.64 4.76 14784119 70662528.00
2023/12/26 4.79 4.83 4.71 4.74 8510060 41017296.00
2023/12/27 4.77 4.82 4.69 4.80 7243000 35007468.00
2023/12/28 4.78 5.04 4.74 5.01 14730162 74020680.00
2023/12/29 5.02 5.03 4.90 5.02 13154000 66297536.00
2024/01/02 5.01 5.11 4.98 5.10 10624700 54620024.00
2024/01/03 5.09 5.13 5.03 5.09 6937905 35689896.00
2024/01/04 5.09 5.09 5.01 5.05 5980400 30614662.00
2024/01/05 5.08 5.12 4.97 5.00 6634100 33962988.00
2024/01/08 5.00 5.02 4.93 4.95 4768800 24067464.00
2024/01/09 4.93 5.09 4.92 5.03 7622500 38773352.00
2024/01/10 5.04 5.08 4.94 5.01 6280100 31958844.00
2024/01/11 5.04 5.08 5.01 5.08 5964600 30584316.00
2024/01/12 5.09 5.60 5.06 5.60 22829228 127409472.00
2024/01/15 6.17 6.17 6.17 6.17 7396400 46153536.00
2024/01/16 6.52 6.79 6.31 6.79 96803447 651344832.00
2024/01/17 6.43 7.43 6.10 6.66 118955471 791105152.00
2024/01/18 6.13 6.27 5.99 5.99 74947659 457394080.00
2024/01/19 5.68 5.75 5.38 5.38 65731781 364361280.00
2024/01/22 5.19 5.23 4.84 4.84 57858233 294493632.00
2024/01/23 4.78 5.07 4.63 4.92 45873740 225932272.00
2024/01/24 4.92 5.42 4.90 5.42 52225750 277796256.00
2024/01/25 5.50 5.77 5.33 5.65 81887205 458842656.00
2024/01/26 5.53 5.73 5.43 5.57 55514200 314383424.00
2024/01/29 5.66 5.80 5.39 5.39 40169200 225193584.00
2024/01/30 5.48 5.53 5.13 5.26 29344400 157172416.00
2024/01/31 5.05 5.11 4.73 4.73 29833800 147342432.00
2024/02/01 4.59 4.65 4.41 4.47 23937806 109841432.00
2024/02/02 4.50 4.58 4.04 4.23 27025800 118569712.00
2024/02/05 4.15 4.15 3.80 3.80 19800200 77352640.00
2024/02/06 3.53 3.75 3.41 3.54 35093551 125341608.00
2024/02/07 3.54 3.54 3.18 3.30 36013220 122200368.00
2024/02/08 3.31 3.64 3.22 3.64 36870100 130050832.00
2024/02/19 3.73 4.01 3.73 3.95 33814324 133797056.00
2024/02/20 3.94 3.94 3.76 3.90 19328971 76031136.00
2024/02/21 3.84 4.12 3.81 4.01 25419305 104005176.00
2024/02/22 3.97 4.09 3.96 4.09 17131220 70423624.00
2024/02/23 4.09 4.32 4.06 4.29 20151720 86452888.00
2024/02/26 4.28 4.42 4.23 4.34 17091500 75187696.00
2024/02/27 4.30 4.45 4.27 4.45 14587708 65120680.00
2024/02/28 4.44 4.79 4.19 4.19 28644718 131014576.00
2024/02/29 4.18 4.31 4.06 4.30 22119800 95022144.00
2024/03/01 4.28 4.35 4.20 4.27 12179100 52758464.00
2024/03/04 4.27 4.34 4.16 4.23 12998000 55854656.00
2024/03/05 4.23 4.24 4.14 4.16 11056600 47126136.00
2024/03/06 4.14 4.32 4.13 4.28 11448000 49442088.00
2024/03/07 4.27 4.45 4.24 4.27 12369100 54414708.00
2024/03/08 4.29 4.70 4.24 4.70 20534882 95731512.00
2024/03/11 4.81 5.18 4.61 5.18 42999632 216922576.00
2024/03/12 5.48 5.71 5.01 5.02 80924112 436530976.00
2024/03/13 5.02 5.14 4.73 4.80 55911516 274676736.00
2024/03/14 4.80 4.80 4.58 4.64 32206146 152914480.00
2024/03/15 4.64 4.77 4.63 4.72 27169084 129504096.00
2024/03/18 4.79 4.86 4.70 4.79 26783780 129621272.00
2024/03/19 4.85 4.85 4.75 4.78 20837220 101389752.00
2024/03/20 4.83 4.92 4.79 4.84 21236328 104218880.00
2024/03/21 4.85 4.88 4.69 4.81 20620360 100093656.00
2024/03/22 4.82 4.84 4.69 4.72 13645312 65707560.00
2024/03/25 4.68 4.78 4.63 4.63 12772700 60979152.00
2024/03/26 4.63 4.73 4.60 4.73 15006200 71153536.00
2024/03/27 4.73 4.73 4.50 4.52 14080000 66101468.00
2024/03/28 4.51 4.65 4.49 4.57 12915470 60059228.00
2024/03/29 4.56 4.64 4.55 4.61 8536500 39890352.00
2024/04/01 4.60 5.08 4.60 5.08 23022912 114503408.00
2024/04/02 5.23 5.43 4.96 5.01 64683812 337988032.00
2024/04/03 4.98 5.07 4.88 4.93 31057450 155888112.00
2024/04/08 4.98 5.31 4.90 5.18 54804240 282472000.00
2024/04/09 5.03 5.06 4.94 5.02 26770552 135859872.00
2024/04/10 5.02 5.24 4.92 5.08 32219040 165362704.00
2024/04/11 4.97 5.29 4.85 5.17 37117540 192134736.00
2024/04/12 5.13 5.17 4.92 4.96 26667096 135353504.00
2024/04/15 4.98 5.02 4.46 4.53 36769740 171875680.00
2024/04/16 4.43 4.43 4.07 4.07 25086600 105681096.00
2024/04/17 3.99 4.36 3.94 4.34 22857384 99393528.00
2024/04/18 4.32 4.52 4.28 4.39 19261348 86366624.00
2024/04/19 4.38 4.45 4.30 4.33 11642701 51682036.00
2024/04/22 4.32 4.34 4.15 4.19 10536600 45209992.00
2024/04/23 4.19 4.28 4.16 4.22 8430601 36222688.00
2024/04/24 4.22 4.30 4.20 4.29 6423622 27819812.00
2024/04/25 4.29 4.44 4.25 4.32 8609900 38043160.00
2024/04/26 4.29 4.39 4.27 4.38 11479600 50574860.00
2024/04/29 4.45 4.68 4.44 4.67 16392522 76249808.00
2024/04/30 4.67 4.67 4.53 4.61 10312201 48141052.00
2024/05/06 4.64 4.80 4.64 4.79 12210701 58692924.00
2024/05/07 4.75 4.85 4.75 4.82 9135301 44447120.00
2024/05/08 4.83 4.85 4.72 4.73 8505700 41219304.00
2024/05/09 4.71 4.88 4.71 4.83 9271100 45492908.00
2024/05/10 4.84 4.88 4.75 4.84 8381913 40988544.00
2024/05/13 4.85 4.86 4.69 4.77 8300401 40216544.00
2024/05/14 4.76 4.86 4.74 4.82 7327401 35905552.00
2024/05/15 4.83 4.95 4.78 4.86 9252500 45692428.00
2024/05/16 4.86 5.05 4.85 5.01 13126600 66418900.00
2024/05/17 5.02 5.08 4.91 5.07 15120500 76750616.00
2024/05/20 5.09 5.19 5.04 5.10 15634400 80738048.00
2024/05/21 5.10 5.13 5.01 5.04 9916700 50843328.00
2024/05/22 5.01 5.17 5.01 5.13 11320300 58689456.00
2024/05/23 5.10 5.12 4.94 4.96 9539500 48369504.00
2024/05/24 4.98 5.18 4.93 4.99 12276800 62759040.00
2024/05/27 4.96 5.04 4.89 4.99 12078700 60634088.00
2024/05/28 5.02 5.02 4.87 4.89 6521400 32533892.00
2024/05/29 4.91 5.01 4.87 4.97 8995500 45321900.00
2024/05/30 4.94 5.00 4.86 4.87 7540000 37554348.00
2024/05/31 4.87 4.91 4.80 4.83 8662900 42474576.00
2024/06/03 4.83 4.83 4.63 4.69 8810800 42054008.00
2024/06/04 4.71 4.72 4.54 4.60 7488600 34948816.00
2024/06/05 4.58 4.63 4.44 4.45 7901920 36130880.00
2024/06/06 4.48 4.53 4.12 4.19 14877000 64479168.00
2024/06/07 4.23 4.39 4.22 4.38 11485600 50535312.00
2024/06/11 4.38 4.42 4.26 4.39 9908401 43591376.00
2024/06/12 4.39 4.50 4.36 4.47 6188501 27973590.00
2024/06/13 4.49 4.50 4.35 4.36 6421400 28716368.00
2024/06/14 4.34 4.41 4.30 4.33 6190700 27318146.00
2024/06/17 4.33 4.33 4.23 4.25 5538500 24079668.00
2024/06/18 4.27 4.32 4.22 4.31 4804600 20949760.00
2024/06/19 4.28 4.38 4.28 4.32 6137300 27000000.00
2024/06/20 4.32 4.32 4.20 4.20 5194700 22411920.00
2024/06/21 4.19 4.27 4.17 4.21 4379400 18825832.00
2024/06/24 4.20 4.20 4.03 4.06 6734600 28030200.00
2024/06/25 4.10 4.16 4.06 4.10 5837300 24421788.00
2024/06/26 4.09 4.27 4.06 4.26 6557600 27765376.00
2024/06/27 4.23 4.28 4.16 4.17 5235200 22416496.00
2024/06/28 4.17 4.25 4.11 4.15 5965501 25417384.00
2024/07/01 4.16 4.23 4.11 4.19 5350400 22654428.00
2024/07/02 4.19 4.28 4.16 4.26 5477300 23636702.00
2024/07/03 4.28 4.33 4.25 4.28 4332900 18875584.00
2024/07/04 4.26 4.28 4.10 4.13 6096000 25763708.00
2024/07/05 4.11 4.16 4.07 4.13 4215700 17684996.00
2024/07/08 4.11 4.11 3.98 3.99 5356900 21901632.00
2024/07/09 3.99 4.05 3.88 4.01 5756801 23297838.00
2024/07/10 4.20 4.24 4.08 4.08 12346500 52068672.00
2024/07/11 4.11 4.24 4.11 4.21 10798501 46080476.00
2024/07/12 4.22 4.36 4.21 4.33 9663100 42338180.00
2024/07/15 4.33 4.33 4.23 4.26 6435400 27817480.00
2024/07/16 4.27 4.28 4.20 4.27 4477100 19295824.00
2024/07/17 4.26 4.59 4.24 4.30 13157100 58448192.00
2024/07/18 4.24 4.27 4.18 4.24 10688205 45836676.00
2024/07/19 4.21 4.26 4.18 4.21 6779400 29036382.00
2024/07/22 4.22 4.32 4.20 4.30 8110100 35268380.00
2024/07/23 4.32 4.35 4.23 4.24 5232400 22817202.00
2024/07/24 4.23 4.23 4.10 4.10 6821010 28805062.00
2024/07/25 4.21 4.26 4.09 4.21 8299500 35314184.00
2024/07/26 4.18 4.30 4.16 4.28 6922600 29928240.00
2024/07/29 4.29 4.33 4.24 4.31 5480200 23913368.00
2024/07/30 4.35 4.75 4.29 4.75 15693000 72418568.00
2024/07/31 4.92 4.92 4.57 4.64 41424624 195400592.00
2024/08/01 4.60 4.66 4.58 4.62 25085226 117602656.00
2024/08/02 4.54 4.67 4.54 4.55 20989800 97483048.00
2024/08/05 4.53 4.62 4.40 4.50 18071272 82810920.00
2024/08/06 4.53 4.58 4.46 4.55 13517172 62061240.00
2024/08/07 4.55 4.55 4.46 4.48 9620990 43841236.00
2024/08/08 4.48 4.54 4.41 4.52 10340330 47169532.00
2024/08/09 4.52 4.60 4.49 4.52 10316514 47602272.00
2024/08/12 4.51 4.53 4.41 4.44 6943991 31428620.00
2024/08/13 4.46 4.49 4.36 4.49 6419501 28888928.00
2024/08/14 4.49 4.56 4.45 4.45 6594500 30053882.00
2024/08/15 4.44 4.47 4.37 4.44 7663600 34511820.00
2024/08/16 4.44 4.45 4.32 4.33 7320300 32524204.00
2024/08/19 4.31 4.37 4.26 4.28 6643800 29046882.00
2024/08/20 4.28 4.28 4.14 4.20 6071100 25987476.00
2024/08/21 4.20 4.25 4.15 4.22 5385896 23096124.00
2024/08/22 4.19 4.26 4.18 4.18 5783500 24775596.00
2024/08/23 4.19 4.19 4.10 4.13 5464000 22972756.00
2024/08/26 4.13 4.26 4.13 4.23 7066801 30284514.00
2024/08/27 4.23 4.30 4.18 4.22 8523800 36746564.00
2024/08/28 4.21 4.26 4.15 4.22 5126500 21927574.00
2024/08/29 4.20 4.34 4.16 4.29 6913900 29934012.00
2024/08/30 4.26 4.38 4.22 4.32 9774200 42855332.00
2024/09/02 4.29 4.34 4.24 4.26 6854100 29903254.00
2024/09/03 4.23 4.30 4.21 4.28 5854300 25322316.00
2024/09/04 4.24 4.27 4.20 4.22 5197600 22392686.00
2024/09/05 4.28 4.51 4.22 4.32 12960100 57077736.00
2024/09/06 4.26 4.30 4.21 4.21 8158300 35198268.00
2024/09/09 4.19 4.28 4.16 4.25 6539400 28146500.00
2024/09/10 4.25 4.28 4.20 4.28 4920800 21228658.00
2024/09/11 4.24 4.30 4.20 4.23 6164526 26577848.00
2024/09/12 4.21 4.30 4.20 4.27 6829900 29655076.00
2024/09/13 4.27 4.29 4.23 4.24 4767900 20621508.00
2024/09/18 4.26 4.27 4.10 4.18 6524900 27676042.00
2024/09/19 4.19 4.37 4.19 4.35 10748000 47109336.00
2024/09/20 4.30 4.36 4.29 4.33 5566101 24483890.00
2024/09/23 4.34 4.38 4.30 4.37 6161092 27229526.00
2024/09/24 4.41 4.52 4.40 4.51 10276336 46585604.00
2024/09/25 4.53 4.65 4.49 4.51 12984148 60278968.00
2024/09/26 4.52 4.62 4.49 4.62 8890816 41165844.00
2024/09/27 4.65 4.75 4.62 4.74 8322000 39622352.00
2024/09/30 4.98 5.16 4.81 5.13 25829048 131408440.00
2024/10/08 5.65 5.65 4.99 5.31 30134536 161310400.00
2024/10/09 5.15 5.15 4.79 4.79 21559300 108229008.00
2024/10/10 4.83 5.07 4.74 4.94 16982302 84660904.00
2024/10/11 4.92 4.97 4.78 4.83 10565272 52152020.00
2024/10/14 4.86 5.03 4.85 5.01 11590724 58277476.00
2024/10/15 5.01 5.05 4.93 4.94 11044524 55806768.00
2024/10/16 4.90 5.00 4.87 4.97 9393100 47188112.00
2024/10/17 5.00 5.05 4.87 4.88 9696900 48648876.00
2024/10/18 4.86 4.96 4.79 4.92 15012954 74383776.00
2024/10/21 4.91 5.02 4.89 4.97 13172815 66096188.00
2024/10/22 4.96 5.14 4.95 5.13 15452510 78799384.00
2024/10/23 5.12 5.19 5.05 5.13 14051900 72768960.00
2024/10/24 5.10 5.21 5.04 5.19 10220000 53314392.00
2024/10/25 5.21 5.35 5.20 5.30 16775639 89992848.00
2024/10/28 5.34 5.69 5.31 5.57 21914704 122017448.00
2024/10/29 5.50 5.55 5.31 5.34 18420428 100549768.00
2024/10/30 5.35 5.35 5.22 5.28 11836500 63258560.00
2024/10/31 5.40 5.52 5.34 5.46 15937401 87529448.00
2024/11/01 5.43 5.47 5.20 5.25 12726201 68280312.00
2024/11/04 5.30 5.37 5.21 5.29 9246665 49393588.00
2024/11/05 5.28 5.46 5.27 5.39 13534900 73301952.00
2024/11/06 5.39 5.49 5.30 5.42 12978300 71051528.00
2024/11/07 5.43 5.60 5.37 5.59 15208185 85254672.00
2024/11/08 5.61 5.67 5.43 5.51 13228102 74022344.00
2024/11/11 5.51 5.54 5.38 5.48 13295736 73218896.00
2024/11/12 5.48 5.50 5.31 5.36 10555600 57933372.00
2024/11/13 5.42 5.90 5.41 5.90 27501642 161113888.00
2024/11/14 6.05 6.19 5.51 5.53 71687040 420671616.00
2024/11/15 5.47 5.67 5.40 5.41 35585064 198606800.00
2024/11/18 5.34 5.46 5.14 5.22 28010198 149379456.00
2024/11/19 5.25 5.35 5.16 5.29 14457359 76911672.00
2024/11/20 5.29 5.41 5.26 5.38 12801200 69250008.00
2024/11/21 5.38 5.48 5.36 5.44 12562100 69027216.00
2024/11/22 5.44 5.54 5.23 5.31 14370833 79068272.00
2024/11/25 5.31 5.85 5.18 5.85 37742484 216971424.00
2024/11/26 5.92 6.13 5.74 5.92 66449364 396673984.00
2024/11/27 5.92 6.06 5.62 5.83 38180580 224061760.00
2024/11/28 5.81 5.93 5.78 5.82 27385700 162226096.00
2024/11/29 5.82 6.01 5.61 5.87 32103700 187889296.00
2024/12/02 5.87 6.05 5.81 5.96 27251144 164054768.00
2024/12/03 5.99 6.32 5.87 6.03 34005384 207803968.00
2024/12/04 6.00 6.01 5.73 5.77 23866124 141191648.00
2024/12/05 5.75 5.80 5.69 5.77 13569000 78298896.00
2024/12/06 5.75 5.90 5.71 5.88 15627101 91334704.00
2024/12/09 5.85 5.90 5.75 5.84 12092400 70721976.00
2024/12/10 5.94 6.01 5.77 5.80 15852800 93453648.00
2024/12/11 5.83 6.10 5.83 6.08 27766500 167516000.00
2024/12/12 6.07 6.69 5.99 6.69 43977424 284211072.00
2024/12/13 6.83 6.83 6.40 6.48 50882268 334086688.00
2024/12/16 6.45 6.56 6.23 6.30 24879500 157913216.00
2024/12/17 6.27 6.31 5.82 5.88 24251300 145993424.00
2024/12/18 5.88 6.04 5.73 5.96 22592998 134376736.00
2024/12/19 5.88 6.11 5.77 5.95 21076706 125486712.00
2024/12/20 5.93 5.99 5.83 5.85 14851695 88042784.00
2024/12/23 5.82 5.83 5.46 5.47 17124200 96127248.00
2024/12/24 5.48 5.57 5.41 5.49 9944200 54788932.00
2024/12/25 5.46 5.51 5.22 5.33 13078006 69801144.00
2024/12/26 5.33 5.37 5.30 5.32 7642800 41017408.00
2024/12/27 5.32 5.51 5.30 5.48 11279906 61676248.00
2024/12/30 5.48 5.48 5.34 5.42 10094600 54775300.00
2024/12/31 5.42 5.49 5.33 5.34 8198400 44548700.00
2025/01/02 5.34 5.43 5.23 5.30 7362703 39569252.00
2025/01/03 5.34 5.37 5.00 5.01 10823701 55852176.00
2025/01/06 4.99 5.15 4.85 5.05 8798400 44469152.00
2025/01/07 5.09 5.19 5.05 5.19 7324200 37670104.00
2025/01/08 5.19 5.21 5.02 5.16 7387050 38104940.00
2025/01/09 5.15 5.24 5.11 5.21 5904813 30880620.00
2025/01/10 5.21 5.24 5.05 5.05 6211186 32190772.00
2025/01/13 5.01 5.09 4.92 5.09 5902869 29835300.00
2025/01/14 5.08 5.33 5.08 5.33 8867100 46717152.00
2025/01/15 5.33 5.39 5.25 5.34 6091349 32614686.00
2025/01/16 5.33 5.43 5.32 5.40 5862600 31715328.00
2025/01/17 5.36 5.41 5.33 5.37 3931167 21256932.00
2025/01/20 5.43 5.49 5.36 5.45 6557701 35884868.00
2025/01/21 5.47 5.49 5.35 5.37 5827804 31573186.00
2025/01/22 5.37 5.41 5.27 5.30 5814267 31176048.00
2025/01/23 5.36 5.55 5.33 5.33 8879205 48247120.00
2025/01/24 5.32 5.38 5.23 5.37 8342700 44511992.00
2025/01/27 5.39 5.57 5.36 5.44 8950200 49450576.00
2025/02/05 5.47 5.50 5.36 5.39 6215513 33817940.00
2025/02/06 5.36 5.46 5.30 5.46 8901300 48258336.00
2025/02/07 5.47 5.71 5.44 5.65 19040396 107272192.00
2025/02/10 5.60 5.65 5.56 5.62 13151792 74024224.00
2025/02/11 5.64 5.67 5.53 5.62 8157300 45801588.00
2025/02/12 5.61 5.66 5.53 5.60 7506800 42205288.00
2025/02/13 5.60 5.76 5.55 5.61 9848225 55761636.00
2025/02/14 5.59 5.61 5.48 5.50 7746500 43115064.00
2025/02/17 5.50 5.56 5.47 5.52 5445000 30205712.00
2025/02/18 5.50 5.54 5.37 5.39 6538980 35933352.00
2025/02/19 5.39 5.46 5.35 5.44 8451800 45891400.00
2025/02/20 5.40 5.51 5.37 5.46 6503400 35546716.00
2025/02/21 5.45 5.51 5.34 5.41 8297400 45220576.00
2025/02/24 5.41 5.54 5.37 5.51 8543900 46933604.00
2025/02/25 5.47 5.59 5.40 5.46 7956954 44052640.00
2025/02/26 5.38 5.53 5.38 5.45 11495126 62588276.00
2025/02/27 5.45 5.57 5.29 5.36 10880625 59222280.00
2025/02/28 5.35 5.37 5.24 5.24 6847300 36473848.00
2025/03/03 5.28 5.37 5.23 5.29 6862600 36666608.00
2025/03/04 5.24 5.36 5.23 5.35 4769700 25494466.00
2025/03/05 5.36 5.36 5.19 5.27 5682400 29938264.00
2025/03/06 5.27 5.37 5.24 5.35 5984802 32056570.00
2025/03/07 5.35 5.35 5.27 5.29 5567400 29647984.00
2025/03/10 5.29 5.37 5.27 5.36 6089402 32706854.00
2025/03/11 5.32 5.39 5.28 5.39 5801403 31118718.00
2025/03/12 5.38 5.41 5.35 5.38 5641800 30531820.00
2025/03/13 5.36 5.38 5.23 5.32 6499305 34577792.00
2025/03/14 5.32 5.42 5.29 5.42 7874991 42596996.00
2025/03/17 5.43 5.53 5.43 5.48 7878700 43540704.00
2025/03/18 5.49 5.54 5.48 5.51 5559400 30736416.00
2025/03/19 5.51 5.53 5.44 5.46 3748000 20658528.00
2025/03/20 5.49 5.57 5.47 5.54 6532200 36256884.00
2025/03/21 5.52 5.59 5.48 5.52 5757114 31926294.00
2025/03/24 5.52 5.55 5.27 5.35 9030500 48936416.00
2025/03/25 5.35 5.40 5.28 5.36 6033700 32426698.00
2025/03/26 5.38 5.61 5.36 5.57 13197300 73571192.00
2025/03/27 5.54 5.57 5.45 5.48 8276205 45714536.00
2025/03/28 5.49 5.49 5.23 5.23 12639100 67506144.00
2025/03/31 5.18 5.22 5.03 5.06 10309701 52861816.00
2025/04/01 5.07 5.25 5.07 5.17 8265300 43028740.00
2025/04/02 5.16 5.23 5.13 5.20 4980100 26002494.00
2025/04/03 5.18 5.29 5.15 5.26 6466200 34027580.00
2025/04/07 5.11 5.11 4.73 4.73 9952805 48205928.00
2025/04/08 4.70 4.77 4.54 4.68 12815322 59988568.00
2025/04/09 4.57 4.85 4.41 4.81 10396512 48498856.00
2025/04/10 4.89 4.97 4.86 4.88 7657200 37852516.00
2025/04/11 4.87 4.93 4.86 4.89 5432300 26760964.00
2025/04/14 4.92 5.01 4.91 4.98 5143400 25706396.00
2025/04/15 4.97 5.03 4.94 5.02 5144700 25832710.00
2025/04/16 5.00 5.03 4.85 4.96 6155500 30607368.00
2025/04/17 4.94 5.07 4.89 5.04 5718820 28927528.00
2025/04/18 4.97 5.08 4.97 5.03 4725900 23855876.00
2025/04/21 5.04 5.06 4.98 5.01 4666500 23531446.00
2025/04/22 5.02 5.13 5.00 5.11 6549700 33412204.00
2025/04/23 5.09 5.14 5.08 5.12 4472100 22985832.00
2025/04/24 5.12 5.14 5.05 5.09 5571200 28597584.00
2025/04/25 5.12 5.17 5.08 5.13 4272600 22076248.00
2025/04/28 5.12 5.15 5.00 5.05 4901100 24846074.00
2025/04/29 5.02 5.15 5.01 5.12 4808525 24716480.00
2025/04/30 5.19 5.23 5.12 5.13 6296800 32827672.00
2025/05/06 5.19 5.28 5.13 5.28 7821000 41214436.00
2025/05/07 5.30 5.33 5.25 5.31 5685801 30265388.00
2025/05/08 5.31 5.33 5.27 5.31 3966300 21162486.00
2025/05/09 5.33 5.33 5.25 5.28 4092600 21747256.00
2025/05/12 5.29 5.31 5.21 5.25 5569500 29359930.00
2025/05/13 5.29 5.31 5.23 5.26 4156200 22007548.00
2025/05/14 5.25 5.41 5.19 5.25 8801300 46566668.00
2025/05/15 5.26 5.28 5.20 5.22 5980384 31470712.00
2025/05/16 5.21 5.38 5.20 5.37 10512384 56024476.00
2025/05/19 5.36 5.44 5.33 5.41 11518100 62469620.00
2025/05/20 5.41 5.54 5.34 5.52 13870184 76007624.00
2025/05/21 5.51 5.53 5.43 5.47 9336200 51418620.00
2025/05/22 5.47 5.52 5.43 5.47 6125900 33724288.00
2025/05/23 5.45 5.57 5.43 5.51 12796734 70671592.00
2025/05/26 5.48 5.59 5.43 5.57 11693401 64884248.00
2025/05/27 5.57 5.66 5.47 5.49 16726400 93308416.00
2025/05/28 5.49 5.54 5.46 5.52 8182300 45217548.00
2025/05/29 5.51 5.76 5.51 5.67 14155600 80392248.00
2025/05/30 5.71 5.77 5.60 5.72 16240943 92777904.00
2025/06/03 5.72 6.00 5.68 5.86 15210000 89702128.00
2025/06/04 5.86 5.98 5.86 5.94 11341100 67501776.00
2025/06/05 5.95 6.10 5.90 6.05 14260301 85825816.00
2025/06/06 6.05 6.17 6.01 6.07 8956100 54633092.00
2025/06/09 6.07 6.15 5.92 6.10 10829750 65775220.00
2025/06/10 6.08 6.16 5.91 5.97 9065100 54530288.00
2025/06/11 5.97 6.03 5.92 5.94 7087901 42439560.00
2025/06/12 5.95 6.01 5.88 5.92 6590400 39300804.00
2025/06/13 5.87 5.92 5.81 5.82 6981602 41068424.00
2025/06/16 5.77 5.89 5.77 5.85 4640800 27280318.00
2025/06/17 5.80 5.88 5.76 5.80 4380300 25537852.00
2025/06/18 5.76 5.81 5.66 5.69 5098500 29233948.00
2025/06/19 5.70 5.76 5.60 5.62 4314301 24570536.00
2025/06/20 5.63 5.68 5.57 5.63 4726200 26740312.00
2025/06/23 5.58 5.65 5.56 5.61 5251800 29574466.00
2025/06/24 5.61 5.76 5.59 5.73 6366301 36418016.00
2025/06/25 5.73 5.77 5.67 5.73 5710200 32850204.00
2025/06/26 5.72 5.75 5.63 5.68 6746200 38547480.00
2025/06/27 5.68 5.73 5.65 5.71 5561300 31820144.00
2025/06/30 5.73 5.92 5.68 5.79 8867000 51273768.00
2025/07/01 5.75 5.84 5.67 5.81 10857100 62898148.00
2025/07/02 5.81 6.39 5.81 6.39 23113900 145700944.00
2025/07/03 7.03 7.03 6.41 7.03 73781304 516920576.00
2025/07/04 7.36 7.74 6.42 6.56 125387120 899437056.00
2025/07/07 6.27 6.88 6.12 6.74 85761368 566070848.00
2025/07/08 6.57 7.21 6.43 7.06 97208144 673305792.00
2025/07/09 6.87 7.18 6.70 6.95 75963560 527554720.00
2025/07/10 6.87 7.02 6.63 6.94 62041716 425656352.00
2025/07/11 6.94 7.18 6.68 7.08 75857696 530584160.00
2025/07/14 7.02 7.27 6.86 6.92 57484852 407380608.00
2025/07/15 6.93 6.96 6.53 6.64 43526584 293011296.00
2025/07/16 6.67 6.70 6.55 6.62 25456100 168969936.00
2025/07/17 6.66 6.70 6.55 6.56 21750724 144066176.00
2025/07/18 6.57 6.61 6.43 6.48 20656400 134519296.00
2025/07/21 6.37 6.72 6.32 6.62 29423412 194132400.00
2025/07/22 6.59 6.85 6.55 6.82 36943512 247846992.00
2025/07/23 6.85 6.94 6.64 6.65 33455488 226962304.00
2025/07/24 6.56 7.21 6.53 6.94 48731672 334415776.00
2025/07/25 6.93 6.98 6.73 6.77 32775700 225383280.00
2025/07/28 6.57 6.67 6.45 6.63 23161112 153162672.00
2025/07/29 6.63 6.68 6.46 6.53 16979400 111219256.00
2025/07/30 6.56 6.56 6.38 6.47 19297382 125053032.00
2025/07/31 6.42 6.48 6.23 6.27 18644504 118520176.00
2025/08/01 6.27 6.34 6.22 6.29 11742031 74082896.00
2025/08/04 6.23 6.28 6.14 6.26 9270896 58082524.00
2025/08/05 6.26 6.61 6.25 6.33 16384069 104813072.00
2025/08/06 6.29 6.33 6.23 6.26 11471350 72047496.00
2025/08/07 6.25 6.28 6.20 6.22 11654649 72998576.00
2025/08/08 6.21 6.27 6.19 6.24 9297779 58279708.00
2025/08/11 6.27 6.45 6.26 6.38 14984600 95936040.00
2025/08/12 6.37 6.38 6.28 6.35 10001200 63544980.00
2025/08/13 6.37 6.44 6.30 6.37 10814981 69053224.00
2025/08/14 6.40 6.47 6.22 6.23 16096836 102853376.00
2025/08/15 6.21 6.37 6.19 6.33 11102816 70570408.00
2025/08/18 6.38 6.42 6.29 6.32 14603067 93194680.00
2025/08/19 6.31 6.34 6.25 6.33 11411575 72243304.00
2025/08/20 6.34 6.46 6.33 6.44 17022764 109426808.00
2025/08/21 6.43 6.61 6.39 6.55 25081476 164454176.00
2025/08/22 6.55 6.58 6.41 6.51 15984863 103809216.00
2025/08/25 6.50 6.50 6.39 6.43 16433156 106272408.00
2025/08/26 6.43 6.49 6.37 6.44 9973989 64532688.00
2025/08/27 6.42 6.45 6.21 6.21 14462095 92295544.00
2025/08/28 6.22 6.33 6.05 6.22 14506254 90186112.00
2025/08/29 6.24 6.34 6.18 6.21 11364162 71475200.00
2025/09/01 6.22 6.25 6.12 6.18 9588798 59584636.00
2025/09/02 6.13 6.23 6.04 6.16 11704000 71939040.00
2025/09/03 6.17 6.17 5.97 5.99 10219087 62219620.00
2025/09/04 6.02 6.24 5.95 6.11 12329347 75695888.00
2025/09/05 6.11 6.43 6.07 6.35 21357076 134892000.00
2025/09/08 6.32 6.67 6.31 6.57 30760656 202649376.00
2025/09/09 6.73 7.23 6.72 7.23 41468452 292550080.00
2025/09/10 6.97 7.20 6.77 6.93 59102096 414280320.00
2025/09/11 6.93 7.38 6.90 7.07 42335120 301002560.00
2025/09/12 7.06 7.22 6.92 6.94 25747148 181276736.00
2025/09/15 6.94 7.00 6.81 6.83 17838300 122729752.00
2025/09/16 6.87 6.99 6.80 6.96 13875800 96118064.00
2025/09/17 6.97 7.55 6.97 7.13 33082638 237689504.00
2025/09/18 7.14 7.25 6.82 6.92 24762562 175040416.00
2025/09/19 6.88 7.09 6.82 6.97 15891600 111288056.00
2025/09/22 7.04 7.47 6.91 7.21 47356696 341124928.00
2025/09/23 7.15 7.20 6.89 7.05 24908060 175403232.00
2025/09/24 6.98 7.37 6.92 7.24 27054500 193763888.00
2025/09/25 7.25 7.57 7.08 7.50 48883040 362059648.00
2025/09/26 7.44 7.82 7.30 7.37 50684040 385582528.00
2025/09/29 7.21 7.36 7.08 7.13 27163800 195620256.00
2025/09/30 7.17 7.27 7.05 7.08 17347332 123210632.00
2025/10/09 7.09 7.19 6.99 7.11 15680680 110924264.00
2025/10/10 7.11 7.82 7.08 7.58 61128792 469991296.00
2025/10/13 7.23 7.73 7.16 7.47 47632552 358169952.00
2025/10/14 7.66 8.22 7.60 8.22 15175001 123123192.00
2025/10/15 8.99 9.04 8.41 9.04 30373872 269720480.00
2025/10/16 9.20 9.29 8.30 8.82 97538416 850500096.00
2025/10/17 8.61 8.68 7.97 8.03 57255768 470180864.00
2025/10/20 8.09 8.69 7.85 7.95 45067948 367065792.00
2025/10/21 7.88 8.15 7.66 8.09 41192284 330857216.00
2025/10/22 8.02 8.13 7.86 7.88 29245448 232180272.00
2025/10/23 7.84 7.94 7.56 7.82 28363308 219828448.00
2025/10/24 7.83 7.97 7.73 7.85 21803184 170449760.00
2025/10/27 7.85 7.97 7.82 7.91 19922300 157121632.00
2025/10/28 7.85 7.94 7.66 7.73 22108176 171588096.00
2025/10/29 7.76 8.50 7.76 8.21 48951308 401720928.00
2025/10/30 8.21 8.46 8.05 8.29 36309444 299258688.00
2025/10/31 8.24 8.57 8.21 8.46 27713200 234302960.00
2025/11/03 8.50 8.54 8.22 8.46 22125732 185846384.00
2025/11/04 8.38 8.56 8.27 8.36 17325492 145563600.00
2025/11/05 8.22 8.38 8.15 8.34 13980712 115667968.00
2025/11/06 8.26 8.34 8.23 8.32 10364762 85819928.00
2025/11/07 8.30 8.67 8.29 8.51 29007612 245986128.00
2025/11/10 8.65 9.36 8.58 9.36 50071072 457675136.00
2025/11/11 9.51 9.55 9.00 9.17 49729008 455437984.00
2025/11/12 9.40 10.09 9.03 9.80 71864368 686609984.00
2025/11/13 9.54 9.72 9.30 9.60 47240056 447491808.00
2025/11/14 9.46 9.86 9.08 9.44 46214540 436022912.00
2025/11/17 9.40 9.41 9.11 9.18 23720202 218334528.00
2025/11/18 9.23 9.64 9.06 9.28 28044880 259922688.00
2025/11/19 9.19 9.60 8.63 8.86 25527286 230061744.00
2025/11/20 9.00 9.10 8.70 8.78 17488012 155567840.00
2025/11/21 8.65 8.92 8.33 8.60 23409192 202728496.00
2025/11/24 8.65 8.71 8.26 8.39 17736100 148972672.00
2025/11/25 8.30 8.38 8.01 8.25 29028700 237711952.00
2025/11/26 8.20 8.31 8.10 8.14 9946503 81346456.00
2025/11/27 8.19 8.24 8.09 8.13 8680510 70847904.00
2025/11/28 8.10 8.26 8.05 8.22 9860411 80747312.00
2025/12/01 8.19 8.27 8.15 8.20 8363900 68547448.00
2025/12/02 8.20 8.21 8.05 8.18 8847200 71957416.00
2025/12/03 8.18 8.25 8.05 8.09 8040500 65459768.00
2025/12/04 8.10 8.13 7.87 7.88 9654800 76770712.00
2025/12/05 7.89 8.10 7.80 8.04 7938300 63470088.00
2025/12/08 8.05 8.08 7.97 8.02 6288101 50369388.00
2025/12/09 8.03 8.08 7.93 7.98 5467100 43693244.00
2025/12/10 7.95 8.11 7.93 8.07 8251500 66286736.00
2025/12/11 8.14 8.35 8.08 8.15 13573500 111054448.00
2025/12/12 8.15 8.19 7.99 8.03 8271700 66793336.00
2025/12/15 8.00 8.25 8.00 8.22 9407223 76999752.00
2025/12/16 8.22 8.25 8.02 8.12 7823300 63442748.00
2025/12/17 8.10 8.14 7.80 7.97 10148711 80373496.00
2025/12/18 7.97 8.08 7.84 7.95 5681123 45420112.00
2025/12/19 8.00 8.25 7.97 8.05 8841000 71864000.00
2025/12/22 8.05 8.12 8.00 8.09 5777600 46595944.00
2025/12/23 8.15 8.59 8.14 8.38 26185700 220056224.00
2025/12/24 8.30 8.44 8.13 8.40 16629000 138530528.00
2025/12/25 8.41 8.58 8.30 8.47 15158200 128313064.00
2025/12/26 8.49 8.57 8.33 8.35 10634500 89623120.00
2025/12/29 8.31 8.42 8.18 8.34 10277590 85467856.00
2025/12/30 8.34 8.34 8.04 8.05 10163900 82707472.00
2025/12/31 8.05 8.28 7.93 8.08 9248410 74769592.00
2026/01/05 8.05 8.29 8.04 8.16 8878110 72636688.00
2026/01/06 8.19 8.42 8.16 8.40 12010480 100197584.00
2026/01/07 8.49 8.75 8.44 8.59 18433528 158339904.00
2026/01/08 8.60 8.88 8.53 8.83 18977900 165220848.00
2026/01/09 8.82 8.82 8.48 8.57 17977500 155176160.00
2026/01/12 8.59 9.15 8.59 8.88 22304928 198180384.00
2026/01/13 8.91 9.01 8.59 8.60 12894263 112495792.00
2026/01/14 8.63 8.71 8.22 8.35 19049872 160670400.00
2026/01/15 8.30 8.54 8.10 8.19 13519001 111586176.00
2026/01/16 8.30 8.34 7.97 8.04 14245100 115019944.00
2026/01/19 8.00 8.35 7.90 8.29 11125300 90798976.00
2026/01/20 8.35 8.35 8.07 8.24 8502200 69484296.00
2026/01/21 8.18 8.26 8.10 8.18 8724613 71157360.00
2026/01/22 8.17 8.52 8.17 8.50 13150228 110434616.00
2026/01/23 8.51 8.97 8.44 8.86 27811326 245183840.00
2026/01/26 8.86 8.86 8.58 8.66 16164025 140548752.00
2026/01/27 8.60 8.75 8.37 8.70 13451700 115300952.00
2026/01/28 8.69 8.70 8.38 8.40 13636500 115235880.00
2026/01/29 8.36 8.64 8.24 8.52 13647000 116171424.00
2026/01/30 8.44 8.52 8.17 8.35 11975900 99797192.00
2026/02/02 8.30 8.45 8.20 8.20 9831303 81781712.00
2026/02/03 8.22 8.63 8.22 8.62 15440149 131108272.00
2026/02/04 8.59 8.94 8.56 8.84 18051700 158406272.00
2026/02/05 8.78 8.88 8.56 8.57 12668900 109900360.00
2026/02/06 8.62 8.65 8.43 8.45 11017800 94096912.00
2026/02/09 8.55 8.86 8.52 8.73 16162400 141126320.00
2026/02/10 8.70 8.82 8.49 8.63 15069500 130698024.00
2026/02/11 8.56 9.00 8.55 8.75 20124200 177994048.00
2026/02/12 8.70 8.74 8.40 8.40 19678100 166748640.00
2026/02/13 8.39 8.46 8.17 8.18 16015100 132502800.00
2026/02/24 8.28 8.55 8.25 8.52 14808389 125135960.00
2026/02/25 8.56 8.85 8.53 8.68 15824268 137805552.00
#Ъ§ОнРДдД:ЭЈДяаХ
