603860 жаЙЋИпПЦ ШеЯп ЧАИДШЈ
      ШеЦк	    ПЊХЬ	    зюИп	    зюЕЭ	    ЪеХЬ	    ГЩНЛСП	    ГЩНЛЖю
2021/08/02 18.52 19.02 18.46 18.84 207401 4000117.25
2021/08/03 18.75 19.30 18.75 19.12 324900 6370396.00
2021/08/04 19.11 19.23 18.97 19.15 194273 3826124.00
2021/08/05 19.21 19.21 19.02 19.09 130400 2561061.00
2021/08/06 19.14 19.25 18.75 18.90 197900 3854463.00
2021/08/09 18.93 19.11 18.73 19.11 277683 5414888.50
2021/08/10 19.11 19.43 19.10 19.41 386800 7668104.00
2021/08/11 19.34 19.65 19.20 19.43 383600 7671016.00
2021/08/12 19.43 19.53 19.31 19.40 242300 4831540.00
2021/08/13 19.40 19.52 19.35 19.50 138000 2757319.00
2021/08/16 19.60 19.79 19.36 19.54 482600 9702645.00
2021/08/17 19.48 19.63 19.13 19.13 511600 10192617.00
2021/08/18 19.15 19.52 19.15 19.45 257973 5147021.50
2021/08/19 19.48 19.88 19.45 19.63 349700 7089890.00
2021/08/20 19.64 19.72 19.13 19.38 284973 5663438.50
2021/08/23 19.38 19.81 19.26 19.65 388899 7856156.00
2021/08/24 19.65 19.77 19.57 19.67 214600 4342762.00
2021/08/25 20.13 20.13 19.56 19.80 311100 6334470.00
2021/08/26 19.65 20.19 19.65 19.97 662500 13599882.00
2021/08/27 19.88 20.01 19.71 19.84 243900 4969674.00
2021/08/30 19.93 19.94 19.41 19.45 407700 8226878.00
2021/08/31 19.43 19.74 19.23 19.63 395900 7919884.00
2021/09/01 19.63 19.81 19.26 19.74 441500 8874210.00
2021/09/02 19.74 19.76 19.42 19.64 316600 6374730.00
2021/09/03 19.56 20.35 19.50 20.10 528700 10816522.00
2021/09/06 20.15 20.15 19.75 20.06 366500 7525000.00
2021/09/07 19.91 20.25 19.91 20.25 209600 4336353.00
2021/09/08 20.30 20.60 20.17 20.41 307400 6433972.00
2021/09/09 20.45 20.61 20.32 20.50 366300 7678855.00
2021/09/10 20.49 20.69 20.18 20.39 324200 6800084.00
2021/09/13 20.40 20.55 19.49 20.45 367800 7700157.00
2021/09/14 20.58 20.58 19.99 20.02 250300 5207782.00
2021/09/15 19.93 20.47 19.91 20.43 307600 6393887.00
2021/09/16 20.43 20.85 20.22 20.32 357600 7542291.00
2021/09/17 20.16 20.47 19.82 19.98 375300 7717089.00
2021/09/22 19.98 20.54 19.64 20.06 250300 5159805.00
2021/09/23 20.21 20.54 20.07 20.31 229800 4799501.00
2021/09/24 20.27 20.39 19.93 19.94 298300 6180571.00
2021/09/27 20.00 20.02 18.96 19.01 491800 9805709.00
2021/09/28 19.11 19.42 19.00 19.25 378800 7471957.00
2021/09/29 19.24 19.24 18.84 18.85 309200 6048170.00
2021/09/30 18.93 19.50 18.79 19.25 266400 5253924.00
2021/10/08 19.40 19.85 19.35 19.81 337700 6823395.00
2021/10/11 19.81 19.81 19.40 19.53 213400 4284485.00
2021/10/12 19.57 19.57 19.05 19.22 250100 4953550.00
2021/10/13 19.13 19.75 19.10 19.50 324752 6527740.00
2021/10/14 19.43 19.66 19.35 19.47 144700 2902385.00
2021/10/15 19.47 19.65 19.33 19.33 163552 3273874.00
2021/10/18 19.31 19.38 19.17 19.29 211400 4189827.00
2021/10/19 19.24 19.65 19.23 19.52 271500 5433307.00
2021/10/20 19.52 19.52 19.28 19.44 133700 2667208.00
2021/10/21 19.35 19.37 18.96 19.10 224800 4431522.00
2021/10/22 19.05 19.19 18.93 19.03 135200 2646616.00
2021/10/25 19.03 19.11 18.89 19.00 121700 2378351.00
2021/10/26 18.92 19.05 18.84 18.85 77000 1500744.00
2021/10/27 18.81 18.95 18.37 18.42 174301 3321238.00
2021/10/28 18.43 18.54 18.06 18.11 144300 2713408.00
2021/10/29 18.20 18.71 18.12 18.70 129689 2472842.00
2021/11/01 18.75 18.99 18.63 18.83 233100 4507891.00
2021/11/02 18.85 19.15 18.45 18.50 321600 6254025.00
2021/11/03 18.50 18.95 18.50 18.78 171300 3308190.00
2021/11/04 18.92 19.10 18.79 19.09 141400 2763263.00
2021/11/05 19.16 19.18 18.85 18.85 171700 3368094.00
2021/11/08 19.19 19.46 19.06 19.38 273100 5428383.00
2021/11/09 19.34 19.70 19.31 19.60 270133 5424638.00
2021/11/10 19.63 19.93 19.44 19.87 346933 7035305.00
2021/11/11 20.05 20.09 19.84 20.03 338800 6958778.00
2021/11/12 20.30 20.30 19.85 19.93 283800 5831491.00
2021/11/15 19.93 20.45 19.83 20.33 672300 13940800.00
2021/11/16 20.44 20.44 20.05 20.05 331800 6891238.00
2021/11/17 20.11 20.44 19.96 20.40 251100 5246682.00
2021/11/18 20.27 20.38 19.70 20.00 457600 9400760.00
2021/11/19 19.83 20.40 19.76 20.25 286401 5923815.00
2021/11/22 20.17 20.35 20.04 20.16 194800 4038612.00
2021/11/23 20.25 20.35 19.83 20.10 280100 5760885.00
2021/11/24 20.09 20.32 19.97 20.16 281300 5822221.00
2021/11/25 20.00 20.55 20.00 20.20 298400 6228336.00
2021/11/26 20.37 20.40 19.95 20.14 163301 3384156.00
2021/11/29 19.93 20.05 19.65 19.83 313900 6404116.00
2021/11/30 19.95 20.38 19.78 20.25 311300 6444197.00
2021/12/01 20.31 20.67 20.15 20.60 421588 8856515.00
2021/12/02 20.60 20.74 20.26 20.34 298400 6300356.00
2021/12/03 20.22 20.80 20.16 20.53 366001 7745911.00
2021/12/06 20.75 20.75 19.98 20.01 330801 6872932.00
2021/12/07 20.06 20.24 19.64 19.80 210700 4299027.00
2021/12/08 19.95 20.73 19.83 20.13 477900 9947972.00
2021/12/09 20.03 20.30 19.96 20.04 307600 6348859.00
2021/12/10 19.94 20.52 19.93 20.43 359301 7489509.00
2021/12/13 20.45 20.72 20.35 20.41 334200 7048854.00
2021/12/14 20.26 21.25 20.26 21.15 692401 14924843.00
2021/12/15 21.15 21.42 20.72 20.80 572700 12288399.00
2021/12/16 20.93 21.00 20.59 20.87 690600 14719918.00
2021/12/17 20.80 20.88 20.49 20.55 407000 8615181.00
2021/12/20 20.45 20.75 20.37 20.57 486900 10278495.00
2021/12/21 20.59 21.24 20.54 21.22 506300 10901766.00
2021/12/22 21.27 21.41 20.98 21.01 258400 5596839.00
2021/12/23 20.96 21.01 20.49 20.49 512200 10877275.00
2021/12/24 20.64 20.66 19.87 19.87 485600 10067402.00
2021/12/27 20.01 20.38 19.88 20.19 202600 4199532.00
2021/12/28 20.32 20.73 20.25 20.64 261900 5533004.00
2021/12/29 20.64 21.42 20.49 21.41 603800 13056641.00
2021/12/30 21.41 23.61 21.00 22.08 2327487 53672756.00
2021/12/31 22.34 22.35 21.51 21.64 933844 20930438.00
2022/01/04 21.47 22.34 21.23 22.13 1540544 34069384.00
2022/01/05 21.98 21.98 21.42 21.63 785500 17400652.00
2022/01/06 21.72 22.10 21.47 21.74 632500 14149006.00
2022/01/07 21.84 21.97 21.32 21.34 472100 10451641.00
2022/01/10 21.25 21.98 21.08 21.86 544100 12097905.00
2022/01/11 21.92 22.23 21.75 21.90 359400 8085426.00
2022/01/12 21.75 22.20 21.72 22.11 322900 7294810.00
2022/01/13 21.99 22.63 21.99 22.26 418600 9571959.00
2022/01/14 22.31 22.45 21.77 21.90 335600 7597546.00
2022/01/17 22.01 22.50 21.83 22.31 343387 7851868.00
2022/01/18 22.45 22.55 21.44 21.67 796300 17848148.00
2022/01/19 21.76 22.55 21.71 22.44 620100 14165275.00
2022/01/20 22.45 22.51 21.52 21.58 594787 13323864.00
2022/01/21 21.67 22.05 21.41 21.83 329302 7337933.00
2022/01/24 21.83 21.95 21.16 21.33 500500 11068257.00
2022/01/25 21.59 22.18 20.81 20.84 776100 17002212.00
2022/01/26 21.04 21.14 20.65 20.98 354800 7620780.00
2022/01/27 20.98 21.08 20.44 20.45 474300 10062335.00
2022/01/28 20.55 21.60 20.55 21.30 339487 7382798.00
2022/02/07 21.60 22.09 21.36 21.90 546600 12259465.00
2022/02/08 22.37 23.07 21.86 23.03 835600 19345352.00
2022/02/09 23.03 23.15 22.66 23.05 580700 13644393.00
2022/02/10 22.88 23.16 22.75 23.10 331000 7797561.00
2022/02/11 23.07 23.30 22.65 23.08 600900 14103669.00
2022/02/14 22.94 23.18 22.68 22.92 441300 10343015.00
2022/02/15 22.92 23.13 22.56 23.07 539200 12662444.00
2022/02/16 23.07 23.33 22.90 23.12 649400 15358915.00
2022/02/17 23.11 23.75 22.55 22.75 1125900 26728876.00
2022/02/18 22.84 22.99 22.50 22.81 425600 9938651.00
2022/02/21 22.85 23.30 22.67 23.17 419200 9895476.00
2022/02/22 23.05 23.15 22.65 22.85 358000 8380923.00
2022/02/23 22.94 23.65 22.67 23.41 855100 20193438.00
2022/02/24 23.36 23.42 22.69 23.10 705000 16678564.00
2022/02/25 23.19 23.53 22.88 23.19 587200 13930248.00
2022/02/28 23.08 23.73 22.55 23.71 900800 21460924.00
2022/03/01 23.76 23.95 23.49 23.85 580000 14084668.00
2022/03/02 23.84 23.95 23.52 23.70 479800 11613366.00
2022/03/03 23.87 23.87 23.25 23.52 530400 12790293.00
2022/03/04 23.45 23.94 23.15 23.75 800700 19337318.00
2022/03/07 23.58 24.88 23.58 23.77 791996 19579788.00
2022/03/08 23.80 23.95 22.68 22.79 857796 20471344.00
2022/03/09 23.00 23.00 21.48 22.25 555300 12756643.00
2022/03/10 23.20 24.53 22.93 24.53 3098400 77217240.00
2022/03/11 23.96 24.64 23.46 24.35 2648500 65170376.00
2022/03/14 24.24 25.11 23.98 24.47 1338540 33672304.00
2022/03/15 24.11 24.97 23.50 23.56 1083200 26847916.00
2022/03/16 23.60 25.97 23.60 25.36 2549846 64804000.00
2022/03/17 25.22 25.34 24.30 24.68 1994600 50433928.00
2022/03/18 24.65 25.20 24.17 25.15 1298700 32933328.00
2022/03/21 25.15 25.20 24.60 24.97 1083500 27525314.00
2022/03/22 24.70 24.91 24.26 24.50 682243 17121324.00
2022/03/23 24.53 24.82 24.08 24.18 519300 12928756.00
2022/03/24 24.11 24.60 23.75 23.91 617201 15213314.00
2022/03/25 24.00 24.37 23.61 23.74 581400 14207873.00
2022/03/28 23.45 23.95 22.96 23.95 598100 14348824.00
2022/03/29 24.02 24.13 22.80 22.90 714100 17000836.00
2022/03/30 22.82 24.90 22.82 24.57 1423443 34864380.00
2022/03/31 24.54 24.54 23.08 23.55 1624544 39203648.00
2022/04/01 23.55 23.67 22.81 23.45 1268200 30308580.00
2022/04/06 23.45 23.63 22.98 23.40 735296 17575434.00
2022/04/07 23.43 23.55 22.45 22.45 674800 15881277.00
2022/04/08 22.72 23.05 22.24 22.50 692001 15990577.00
2022/04/11 22.28 22.29 21.15 21.29 886900 19676800.00
2022/04/12 21.53 22.55 21.02 22.37 1083700 24367080.00
2022/04/13 22.35 22.60 21.80 21.93 425200 9653086.00
2022/04/14 22.11 22.37 21.61 21.68 544900 12230751.00
2022/04/15 21.25 21.73 20.95 20.95 765200 16650624.00
2022/04/18 20.95 21.31 20.46 21.10 605700 13048310.00
2022/04/19 21.02 21.65 21.02 21.26 373300 8175900.00
2022/04/20 21.26 21.98 21.13 21.32 456100 10047708.00
2022/04/21 21.33 21.84 20.84 21.05 534200 11724764.00
2022/04/22 20.73 21.25 20.53 20.90 455501 9737221.00
2022/04/25 20.56 20.92 18.85 19.16 652100 13247745.00
2022/04/26 19.16 19.43 17.98 18.40 1125500 21490390.00
2022/04/27 19.24 20.30 18.80 20.29 1786700 35936120.00
2022/04/28 19.90 20.94 19.01 19.28 1175400 23862548.00
2022/04/29 19.45 19.99 19.45 19.69 694300 14094035.00
2022/05/05 19.59 19.59 18.81 19.19 1153800 22785936.00
2022/05/06 18.92 19.63 18.45 18.95 709300 13860771.00
2022/05/09 18.96 19.46 18.96 19.25 604100 11915061.00
2022/05/10 18.88 19.83 18.88 19.78 646500 12966808.00
2022/05/11 19.71 20.10 19.52 19.58 532200 10875329.00
2022/05/12 19.48 20.06 19.35 20.03 449000 9171306.00
2022/05/13 19.97 20.12 19.75 20.01 299900 6143746.00
2022/05/16 20.15 20.40 20.02 20.18 302500 6282061.00
2022/05/17 20.23 20.39 19.80 20.10 201400 4135148.00
2022/05/18 20.00 20.57 20.00 20.39 394200 8249460.00
2022/05/19 20.20 20.83 19.83 20.72 296415 6243803.00
2022/05/20 20.93 21.21 20.51 21.05 631600 13556752.00
2022/05/23 21.00 22.23 20.68 21.73 791201 17415716.00
2022/05/24 21.68 21.70 20.50 20.50 620400 13424953.00
2022/05/25 20.45 20.99 20.44 20.90 362400 7736480.00
2022/05/26 20.74 21.24 20.74 20.99 337800 7269329.00
2022/05/27 21.22 21.96 21.07 21.75 748801 16460419.00
2022/05/30 22.18 23.97 22.18 23.97 965200 23330460.00
2022/05/31 26.41 26.41 22.91 23.27 3150561 78040496.00
2022/06/01 23.26 23.54 22.29 22.61 2061461 47782912.00
2022/06/02 22.75 22.78 22.16 22.54 1099000 25092516.00
2022/06/06 22.39 23.19 22.39 22.96 1361600 31762264.00
2022/06/07 23.02 23.15 22.15 22.25 940400 21508060.00
2022/06/08 22.34 22.36 21.38 21.83 803000 17928012.00
2022/06/09 21.87 21.92 21.04 21.20 605200 13170433.00
2022/06/10 21.18 21.47 20.95 21.23 503800 10951575.00
2022/06/13 20.90 21.32 20.90 21.22 351096 7581988.00
2022/06/14 20.91 21.52 20.70 21.50 732500 15810489.00
2022/06/15 21.48 21.91 21.31 21.49 883600 19484536.00
2022/06/16 21.64 22.36 21.29 22.36 863600 19216440.00
2022/06/17 21.97 23.45 21.31 21.56 1548800 34450104.00
2022/06/20 21.55 21.55 21.16 21.21 783900 17061840.00
2022/06/21 21.21 21.44 20.94 21.16 364600 7896196.00
2022/06/22 21.16 21.16 20.57 20.66 532800 11327008.00
2022/06/23 20.58 21.00 20.58 20.99 378700 8056944.00
2022/06/24 20.96 21.39 20.92 21.39 563000 12191378.00
2022/06/27 21.38 21.53 21.14 21.27 456200 9931484.00
2022/06/28 21.27 21.84 21.09 21.74 600700 13224259.00
2022/06/29 21.73 21.76 21.06 21.11 522700 11401249.00
2022/06/30 21.21 21.52 21.13 21.36 303500 6620452.00
2022/07/01 21.17 21.71 21.16 21.60 530112 11650841.00
2022/07/04 21.56 21.83 21.21 21.81 544604 12011096.00
2022/07/05 21.89 21.99 21.25 21.41 389300 8526017.00
2022/07/06 21.26 21.44 20.85 21.16 455500 9801366.00
2022/07/07 21.14 21.36 21.03 21.12 234800 5076661.00
2022/07/08 21.10 21.47 21.07 21.17 301900 6554962.00
2022/07/11 21.16 21.31 20.91 21.22 203500 4380983.00
2022/07/12 21.12 21.51 20.68 20.78 417600 9001618.00
2022/07/13 20.78 21.43 20.78 21.43 520000 11248029.00
2022/07/14 21.62 21.96 21.34 21.94 714400 15859444.00
2022/07/15 21.56 21.93 21.16 21.58 785100 17262640.00
2022/07/18 21.58 22.29 21.42 22.16 602000 13516655.00
2022/07/19 21.98 22.32 21.93 22.27 448700 10133020.00
2022/07/20 22.14 22.30 22.03 22.16 230600 5213340.00
2022/07/21 21.86 22.41 21.86 22.22 341404 7730214.00
2022/07/22 22.29 22.49 21.75 22.14 526300 11857993.00
2022/07/25 22.14 22.28 21.66 21.91 364600 8149016.00
2022/07/26 22.04 22.20 21.61 22.20 393300 8786940.00
2022/07/27 22.04 22.51 22.04 22.46 317200 7229410.00
2022/07/28 22.46 22.75 22.46 22.68 451800 10414717.00
2022/07/29 22.68 22.82 22.47 22.63 428900 9908365.00
2022/08/01 22.76 22.94 22.51 22.87 411000 9551101.00
2022/08/02 22.62 22.81 21.57 21.93 500400 11229547.00
2022/08/03 22.13 22.71 21.85 21.91 443400 10130449.00
2022/08/04 22.14 22.36 21.69 22.32 357700 8054966.00
2022/08/05 22.31 22.67 22.00 22.55 329800 7526932.00
2022/08/08 22.53 22.83 22.40 22.74 240500 5544375.00
2022/08/09 22.58 23.11 22.51 22.94 456000 10619380.00
2022/08/10 23.04 23.10 22.79 22.99 572300 13386819.00
2022/08/11 23.04 23.28 22.85 23.11 426500 10053792.00
2022/08/12 23.16 23.16 22.61 22.62 436900 10144168.00
2022/08/15 22.74 23.17 22.64 23.14 584000 13658468.00
2022/08/16 23.54 23.92 22.93 23.04 516043 12210173.00
2022/08/17 23.06 23.26 22.78 23.11 495300 11606497.00
2022/08/18 23.05 23.24 22.77 23.14 270972 6352082.00
2022/08/19 23.05 23.25 22.51 22.52 391300 9091257.00
2022/08/22 22.63 22.90 22.44 22.53 474200 10946300.00
2022/08/23 22.53 22.70 22.28 22.64 351500 8088459.00
2022/08/24 22.66 22.73 21.81 21.87 565600 12751804.00
2022/08/25 22.11 22.11 21.47 21.71 521300 11531164.00
2022/08/26 21.73 22.10 21.51 21.71 330500 7375303.00
2022/08/29 21.71 22.04 21.15 21.98 264100 5852666.00
2022/08/30 21.97 22.37 21.91 22.15 365000 8256489.00
2022/08/31 22.28 22.49 21.65 21.84 476087 10673900.00
2022/09/01 21.61 22.41 21.61 21.91 551712 12362581.00
2022/09/02 21.90 22.35 21.81 22.35 819700 18507830.00
2022/09/05 22.42 22.91 22.21 22.71 858800 19829580.00
2022/09/06 22.95 22.95 22.52 22.65 291200 6733673.00
2022/09/07 22.65 22.85 22.39 22.81 507400 11692679.00
2022/09/08 22.84 22.91 22.62 22.70 277600 6438678.00
2022/09/09 22.78 22.93 22.58 22.67 443800 10275119.00
2022/09/13 22.74 23.11 22.61 22.82 416800 9721837.00
2022/09/14 22.69 22.91 22.42 22.83 274700 6342628.00
2022/09/15 22.83 22.83 21.77 22.16 466700 10596291.00
2022/09/16 22.29 22.51 21.59 21.64 571100 12814256.00
2022/09/19 21.41 21.60 20.91 21.16 508300 11017632.00
2022/09/20 21.31 21.36 20.94 21.04 491900 10628490.00
2022/09/21 21.01 21.32 20.66 21.32 467900 10064187.00
2022/09/22 21.32 21.41 20.98 21.01 497100 10738715.00
2022/09/23 21.04 21.16 20.56 20.58 501100 10648894.00
2022/09/26 20.39 20.50 19.77 19.90 387500 7970783.00
2022/09/27 19.84 20.56 19.84 20.49 694700 14316030.00
2022/09/28 20.44 20.51 19.92 20.09 501800 10340211.00
2022/09/29 20.22 20.30 19.63 19.87 344883 7030188.00
2022/09/30 19.86 19.97 19.36 19.48 558600 11199294.00
2022/10/10 19.32 19.71 18.85 19.02 452900 8939892.00
2022/10/11 19.05 19.52 18.76 19.36 448000 8788208.00
2022/10/12 19.29 19.80 19.11 19.78 370700 7369462.00
2022/10/13 19.76 20.55 19.49 20.36 627300 12939075.00
2022/10/14 20.46 20.82 20.38 20.68 411600 8679415.00
2022/10/17 20.75 21.20 20.47 21.20 454300 9718009.00
2022/10/18 21.09 21.20 20.80 21.06 344600 7389827.00
2022/10/19 20.94 21.10 20.69 20.77 263600 5604668.00
2022/10/20 20.78 20.97 20.61 20.65 404300 8571310.00
2022/10/21 20.66 21.07 20.52 20.82 510000 10821675.00
2022/10/24 21.04 21.19 20.36 20.44 559400 11847391.00
2022/10/25 20.44 20.64 19.88 20.31 353100 7321331.00
2022/10/26 20.31 20.96 20.22 20.91 562700 11946536.00
2022/10/27 20.88 21.46 20.88 21.21 694700 15030552.00
2022/10/28 21.22 21.22 19.67 19.84 896400 18513008.00
2022/10/31 20.02 20.50 19.84 20.32 747804 15481149.00
2022/11/01 20.55 20.81 20.36 20.74 691900 14560468.00
2022/11/02 20.83 21.46 20.83 21.26 639500 13796821.00
2022/11/03 21.22 21.32 20.96 21.25 315800 6817652.00
2022/11/04 21.52 21.53 21.07 21.38 371100 8099296.00
2022/11/07 21.46 21.86 21.33 21.79 529700 11692391.00
2022/11/08 21.76 22.10 21.49 21.86 612200 13611735.00
2022/11/09 21.95 21.95 21.60 21.73 382600 8480283.00
2022/11/10 21.72 21.84 21.49 21.53 650700 14396746.00
2022/11/11 21.92 22.20 21.56 21.86 562400 12493073.00
2022/11/14 21.96 21.96 21.36 21.73 444300 9804981.00
2022/11/15 21.63 22.09 21.63 22.04 588308 13123181.00
2022/11/16 22.03 22.70 21.88 22.66 1238099 28275584.00
2022/11/17 22.62 24.54 22.27 24.38 4043200 97556904.00
2022/11/18 24.41 24.84 22.55 22.59 4179300 100254000.00
2022/11/21 22.53 22.72 21.57 22.57 1994000 45441204.00
2022/11/22 22.55 23.74 22.25 22.67 2200800 51582516.00
2022/11/23 22.74 24.98 22.62 24.98 4519146 112243712.00
2022/11/24 24.98 25.32 22.76 23.76 6432946 155665104.00
2022/11/25 23.31 24.41 23.17 24.13 4182648 101549856.00
2022/11/28 23.58 24.96 23.36 24.93 3916022 96892000.00
2022/11/29 24.56 24.76 23.92 24.63 3522213 87324368.00
2022/11/30 24.63 24.85 23.81 24.64 2867300 71114136.00
2022/12/01 24.56 24.56 23.34 23.72 2635563 63783848.00
2022/12/02 23.46 23.68 22.84 22.93 2602029 61372728.00
2022/12/05 23.15 25.27 23.05 25.27 5543862 137877680.00
2022/12/06 25.94 27.84 25.46 26.42 9390433 257060512.00
2022/12/07 25.73 29.11 25.02 29.11 9487633 262281136.00
2022/12/08 27.94 28.04 26.16 26.31 8081372 220752384.00
2022/12/09 26.24 26.36 25.29 25.77 4343109 113530304.00
2022/12/12 25.56 25.92 24.69 24.73 3742800 95734112.00
2022/12/13 24.73 25.12 24.68 24.75 2507308 63379184.00
2022/12/14 24.66 24.85 23.98 24.85 2732709 67700416.00
2022/12/15 24.92 25.61 24.61 25.44 3087788 79122976.00
2022/12/16 25.23 25.65 24.77 25.06 2039200 52198300.00
2022/12/19 25.25 25.25 23.56 23.84 2212900 54276196.00
2022/12/20 24.09 24.63 23.96 24.20 1546081 38210892.00
2022/12/21 24.27 24.31 23.46 23.62 1474900 35735288.00
2022/12/22 23.83 23.97 22.88 22.98 1529400 36322832.00
2022/12/23 22.87 23.23 22.77 23.04 953100 22367162.00
2022/12/26 23.19 23.28 22.85 23.12 1045100 24613928.00
2022/12/27 23.26 23.26 22.56 23.21 1316400 30726040.00
2022/12/28 23.21 23.21 22.67 22.69 882500 20511856.00
2022/12/29 22.74 22.76 22.33 22.56 807200 18594604.00
2022/12/30 22.48 22.85 22.46 22.79 584800 13517481.00
2023/01/03 22.79 23.47 22.56 23.45 1374829 32489940.00
2023/01/04 23.33 23.76 23.18 23.66 1392229 33359716.00
2023/01/05 23.66 23.66 23.34 23.51 722200 17287458.00
2023/01/06 23.51 24.06 23.39 23.50 1249007 30073098.00
2023/01/09 23.50 23.76 23.43 23.49 843007 20252304.00
2023/01/10 23.45 23.69 23.27 23.32 881457 20995920.00
2023/01/11 23.26 23.44 22.79 22.82 694300 16301926.00
2023/01/12 22.86 23.05 22.72 22.95 460800 10741933.00
2023/01/13 22.86 23.06 22.78 22.97 471700 11016735.00
2023/01/16 22.90 23.34 22.86 23.18 656700 15498747.00
2023/01/17 23.18 23.47 23.16 23.24 465500 11049090.00
2023/01/18 23.25 23.63 23.02 23.54 607500 14499823.00
2023/01/19 24.36 25.37 23.92 24.24 2564100 64290404.00
2023/01/20 23.86 24.60 23.85 24.25 1597400 39278644.00
2023/01/30 24.40 24.54 24.27 24.54 1646000 40932936.00
2023/01/31 24.59 24.59 24.26 24.46 670600 16669594.00
2023/02/01 24.51 25.06 24.44 24.85 1188308 29877844.00
2023/02/02 24.96 24.96 24.47 24.58 991500 24821312.00
2023/02/03 24.64 24.81 24.27 24.60 933700 23250406.00
2023/02/06 24.52 25.36 24.41 25.08 1458100 36945148.00
2023/02/07 24.96 25.21 24.73 24.85 1066500 27020256.00
2023/02/08 24.91 25.04 24.62 24.62 612400 15467789.00
2023/02/09 24.71 24.96 24.47 24.91 757800 19148242.00
2023/02/10 24.96 25.11 24.60 24.86 705300 17820240.00
2023/02/13 24.85 25.08 24.70 25.05 839383 21326552.00
2023/02/14 25.07 25.15 24.82 24.82 550700 13979912.00
2023/02/15 24.89 24.97 24.73 24.89 788100 19952326.00
2023/02/16 24.96 25.25 24.04 24.08 1533733 38663268.00
2023/02/17 24.12 24.72 24.06 24.12 992875 24586598.00
2023/02/20 24.12 24.46 23.98 24.27 724200 17819000.00
2023/02/21 24.30 24.58 24.10 24.26 542879 13461861.00
2023/02/22 24.21 24.26 23.98 24.17 437766 10757443.00
2023/02/23 24.18 24.44 23.94 24.03 799254 19682920.00
2023/02/24 24.09 24.19 23.83 24.12 623043 15243164.00
2023/02/27 24.05 24.10 23.53 23.60 588400 14247094.00
2023/02/28 23.74 25.35 23.66 24.38 1576900 38992804.00
2023/03/01 24.38 25.13 24.24 25.04 1835752 46534188.00
2023/03/02 25.04 27.59 24.81 27.59 5744235 155712880.00
2023/03/03 27.56 30.39 26.14 30.39 5484369 154896960.00
2023/03/06 33.47 33.47 33.47 33.47 1116086 37846476.00
2023/03/07 36.86 36.86 35.28 36.86 15245432 568120064.00
2023/03/08 37.55 38.46 34.67 37.56 17619102 654102336.00
2023/03/09 37.66 41.36 36.13 41.36 14791101 581742080.00
2023/03/10 41.48 41.55 37.57 38.25 14973196 599274496.00
2023/03/13 36.56 38.21 36.22 37.42 10491104 394142144.00
2023/03/14 37.55 39.13 36.47 38.60 12045079 463776128.00
2023/03/15 37.06 39.86 37.06 39.67 11608222 453455392.00
2023/03/16 39.04 39.79 38.17 38.36 8488459 333376896.00
2023/03/17 38.31 39.72 37.54 38.62 8465229 329696960.00
2023/03/20 37.86 42.53 37.56 42.53 11726728 480267040.00
2023/03/21 42.53 43.57 38.23 40.05 12926317 530029984.00
2023/03/22 39.50 39.50 36.00 36.00 11824797 438614976.00
2023/03/23 33.39 34.05 32.45 32.96 11684412 393094944.00
2023/03/24 32.73 32.84 32.06 32.46 7703115 252830096.00
2023/03/27 32.56 33.05 32.16 33.05 6859689 227315008.00
2023/03/28 32.77 33.36 31.18 31.31 7459284 246064560.00
2023/03/29 31.23 31.70 30.77 31.65 5258450 167295168.00
2023/03/30 31.43 31.52 30.16 30.39 5866700 182740224.00
2023/03/31 30.55 30.81 30.23 30.80 3795216 117558616.00
2023/04/03 30.66 31.23 30.56 31.11 3847900 120878016.00
2023/04/04 30.90 32.71 30.83 32.47 9357000 302662272.00
2023/04/06 31.87 32.10 30.56 30.70 6669500 211332224.00
2023/04/07 30.70 31.43 29.78 31.42 5469650 169259536.00
2023/04/10 30.96 31.34 29.76 29.80 4407200 136210464.00
2023/04/11 29.73 30.20 29.48 30.11 2804400 85239632.00
2023/04/12 29.96 30.77 29.88 30.47 3225250 99415072.00
2023/04/13 30.55 30.87 29.67 29.81 3243300 98981688.00
2023/04/14 29.82 31.84 29.81 30.99 6650500 209145968.00
2023/04/17 31.15 33.06 30.59 32.58 10105381 328196480.00
2023/04/18 32.45 32.45 30.23 30.82 7160502 225213488.00
2023/04/19 30.23 30.77 29.89 30.53 3853584 118613072.00
2023/04/20 30.76 30.76 28.96 29.63 5382822 162284960.00
2023/04/21 29.55 30.32 28.52 28.57 4300700 128142720.00
2023/04/24 28.40 29.13 27.87 28.76 3204200 92880496.00
2023/04/25 28.83 29.08 27.16 27.57 3124347 88222152.00
2023/04/26 27.82 28.06 27.14 27.44 2079997 58199200.00
2023/04/27 27.31 28.31 27.22 27.64 2289997 64733900.00
2023/04/28 27.69 28.93 27.64 28.79 2503047 72587544.00
2023/05/04 29.02 29.74 28.61 29.46 2921300 86903120.00
2023/05/05 29.16 30.36 29.16 29.71 3693200 111483352.00
2023/05/08 29.14 32.03 29.12 31.57 7891800 249334832.00
2023/05/09 31.65 33.15 31.18 31.79 10522900 344831872.00
2023/05/10 31.37 32.91 30.67 32.56 8171200 264542720.00
2023/05/11 32.56 32.56 31.24 31.54 5686500 182649200.00
2023/05/12 31.25 31.53 30.53 30.88 3732900 117262080.00
2023/05/15 30.92 31.02 29.26 30.55 4125850 125876640.00
2023/05/16 30.66 30.88 29.12 29.18 3251300 97962576.00
2023/05/17 29.46 29.65 28.84 29.50 2228000 66399856.00
2023/05/18 29.51 30.05 29.21 29.77 2418100 72737816.00
2023/05/19 29.71 29.71 28.66 28.76 2701800 79217096.00
2023/05/22 28.85 28.91 28.19 28.52 1841900 53220728.00
2023/05/23 28.51 28.51 27.70 27.71 1756600 49906376.00
2023/05/24 27.56 27.88 27.25 27.27 1959600 54629468.00
2023/05/25 27.08 27.55 26.96 27.29 1498700 41269364.00
2023/05/26 27.29 27.34 26.70 27.03 1529600 41770684.00
2023/05/29 27.17 27.26 26.79 26.88 1342000 36673768.00
2023/05/30 26.89 27.48 26.65 27.40 2047600 56256384.00
2023/05/31 27.19 28.78 27.19 27.95 3278800 92592256.00
2023/06/01 27.78 28.47 27.49 28.23 2748500 78240408.00
2023/06/02 28.67 28.67 27.74 27.90 2079400 58923044.00
2023/06/05 27.90 28.22 27.90 28.08 1502000 42621716.00
2023/06/06 27.83 28.45 27.56 27.64 1917400 54264464.00
2023/06/07 27.53 28.12 27.38 28.01 1867900 52750272.00
2023/06/08 27.88 28.45 27.83 28.34 2907300 83061912.00
2023/06/09 28.33 28.34 27.34 27.57 2253000 63084116.00
2023/06/12 27.39 27.67 26.98 27.56 1701400 47059016.00
2023/06/13 27.56 27.60 27.28 27.34 1123100 31094020.00
2023/06/14 27.31 27.64 27.06 27.53 1565800 43379600.00
2023/06/15 27.57 27.57 26.83 27.03 1369000 37534568.00
2023/06/16 27.51 29.77 27.48 29.77 3696600 108376928.00
2023/06/19 30.20 31.31 30.07 30.47 9449700 291423040.00
2023/06/20 30.47 30.48 29.33 29.40 5356800 160480672.00
2023/06/21 29.30 29.49 28.31 28.68 3417300 99692112.00
2023/06/26 28.19 28.48 26.84 26.84 3660800 101407352.00
2023/06/27 26.55 27.32 26.18 27.30 2866000 77510616.00
2023/06/28 27.31 27.35 26.18 26.99 2343000 63186240.00
2023/06/29 26.99 28.76 26.70 27.69 3060100 86099744.00
2023/06/30 27.59 28.40 27.59 28.26 2907200 82585848.00
2023/07/03 28.35 28.86 28.11 28.21 1975600 56732712.00
2023/07/04 28.24 28.58 27.68 28.39 1611200 46048560.00
2023/07/05 28.45 28.95 27.99 28.08 1590400 45711296.00
2023/07/06 27.96 28.20 27.94 28.03 1056300 29974048.00
2023/07/07 28.03 28.04 27.52 27.69 955800 26820876.00
2023/07/10 27.73 27.92 27.48 27.68 792100 22148600.00
2023/07/11 27.68 27.75 27.38 27.71 773400 21592032.00
2023/07/12 27.69 27.84 27.08 27.09 1070700 29734316.00
2023/07/13 27.18 27.68 27.09 27.68 1195000 33210944.00
2023/07/14 27.48 28.27 27.40 27.70 1679300 47149824.00
2023/07/17 27.78 27.81 27.27 27.69 870400 24231370.00
2023/07/18 27.68 27.78 27.42 27.61 708500 19733672.00
2023/07/19 27.54 27.81 27.50 27.66 877700 24555102.00
2023/07/20 27.60 27.76 27.25 27.32 1093700 30457126.00
2023/07/21 27.23 27.51 27.06 27.30 743156 20516970.00
2023/07/24 27.58 28.18 27.32 28.03 2207356 62088996.00
2023/07/25 28.03 28.57 27.88 28.48 2286600 65524016.00
2023/07/26 28.35 28.88 28.19 28.68 2074300 60102992.00
2023/07/27 28.72 29.13 28.40 28.73 2222100 64742516.00
2023/07/28 28.46 28.76 28.08 28.35 1602200 45874800.00
2023/07/31 28.48 29.38 28.19 28.90 1912961 55850004.00
2023/08/01 28.76 28.78 28.23 28.45 1142900 32895588.00
2023/08/02 28.46 28.48 28.02 28.05 1030000 29338754.00
2023/08/03 28.03 28.18 27.78 27.87 789300 22305376.00
2023/08/04 27.88 28.36 27.88 27.95 1180500 33502316.00
2023/08/07 27.95 28.12 27.43 28.00 1088300 30636510.00
2023/08/08 28.00 28.32 27.82 28.32 1256000 35763960.00
2023/08/09 28.09 28.56 27.56 27.66 1470300 41727796.00
2023/08/10 27.59 27.76 27.30 27.72 898000 25034116.00
2023/08/11 27.68 27.96 27.03 27.03 903400 25076384.00
2023/08/14 26.83 27.63 26.66 27.47 996800 27362928.00
2023/08/15 27.44 27.44 26.76 26.97 930600 25387968.00
2023/08/16 26.86 27.16 26.74 26.83 860400 23423886.00
2023/08/17 26.68 27.38 26.43 27.33 1425600 39048204.00
2023/08/18 27.28 27.81 26.92 27.05 1279200 35581316.00
2023/08/21 27.08 27.84 27.08 27.33 1192100 33209712.00
2023/08/22 27.34 28.05 27.01 27.83 1786900 49832120.00
2023/08/23 27.68 30.65 27.38 30.65 6910950 208084416.00
2023/08/24 30.48 30.48 28.40 29.06 9984550 292846752.00
2023/08/25 28.75 28.77 26.74 26.74 6570100 185067392.00
2023/08/28 27.68 28.07 24.99 25.68 6105300 165724992.00
2023/08/29 25.52 27.48 25.36 27.36 5909852 160891056.00
2023/08/30 27.26 27.63 26.88 27.48 3030045 83900232.00
2023/08/31 27.68 27.69 26.93 27.24 2055200 56460712.00
2023/09/01 27.31 27.50 26.92 27.10 1367800 37478124.00
2023/09/04 27.13 27.82 27.13 27.79 2004900 55918288.00
2023/09/05 27.78 27.79 27.27 27.52 1220718 33930176.00
2023/09/06 27.59 27.59 27.10 27.48 1206200 33256630.00
2023/09/07 27.34 27.55 27.04 27.12 1085900 29928620.00
2023/09/08 26.88 27.31 26.85 26.89 998300 27266220.00
2023/09/11 27.03 27.22 26.71 27.05 913100 24933062.00
2023/09/12 27.18 27.18 26.73 26.80 794700 21622292.00
2023/09/13 26.72 26.92 26.34 26.59 863100 23225212.00
2023/09/14 26.53 26.53 25.71 26.05 1170300 30834684.00
2023/09/15 26.16 26.17 25.48 25.55 972700 25327738.00
2023/09/18 25.48 25.93 25.29 25.74 978900 25476758.00
2023/09/19 25.81 25.81 25.42 25.48 892400 23116540.00
2023/09/20 25.36 25.64 25.22 25.34 795000 20434384.00
2023/09/21 25.22 25.53 25.13 25.27 833500 21391446.00
2023/09/22 25.22 26.14 25.15 26.07 1373118 35775344.00
2023/09/25 26.16 26.73 26.02 26.28 1345200 35880892.00
2023/09/26 26.28 26.46 26.04 26.37 710000 18913380.00
2023/09/27 26.38 26.98 26.25 26.77 1446700 39206688.00
2023/09/28 26.82 27.26 26.73 27.18 1282400 35205640.00
2023/10/09 27.44 27.49 26.88 27.09 1192600 32744998.00
2023/10/10 27.20 27.26 26.70 26.78 978900 26606092.00
2023/10/11 26.78 27.01 26.58 26.76 1148600 31180432.00
2023/10/12 26.84 27.00 26.16 26.36 1095900 29255326.00
2023/10/13 26.28 26.28 25.70 25.78 1033700 27103906.00
2023/10/16 25.72 26.02 25.39 25.59 868780 22513626.00
2023/10/17 25.78 25.91 25.41 25.54 850600 22014828.00
2023/10/18 25.48 25.66 25.01 25.08 966200 24649364.00
2023/10/19 25.08 25.58 24.77 24.99 910615 23283240.00
2023/10/20 25.16 25.26 24.60 24.65 755700 19040986.00
2023/10/23 24.69 24.81 24.00 24.15 939000 23141900.00
2023/10/24 24.28 25.31 24.18 25.05 1317000 33247004.00
2023/10/25 25.31 26.04 25.31 25.97 1125200 29440396.00
2023/10/26 25.82 26.03 25.55 25.84 782300 20375460.00
2023/10/27 25.68 26.09 25.48 25.94 805000 21090524.00
2023/10/30 25.73 26.13 25.68 25.98 980785 25774668.00
2023/10/31 26.24 26.72 26.11 26.40 1630000 43684896.00
2023/11/01 26.28 27.18 26.28 27.10 1846300 50429780.00
2023/11/02 26.88 27.05 26.50 26.51 1062225 28708376.00
2023/11/03 26.54 27.05 26.53 26.77 795600 21584028.00
2023/11/06 26.83 27.18 26.74 27.14 937600 25691124.00
2023/11/07 27.18 27.47 26.93 27.33 927700 25547296.00
2023/11/08 27.38 27.42 27.01 27.18 984200 27099036.00
2023/11/09 27.23 27.45 27.05 27.14 787900 21704654.00
2023/11/10 27.14 27.17 26.77 27.06 790000 21590848.00
2023/11/13 27.16 27.57 27.09 27.57 890170 24689960.00
2023/11/14 27.68 27.72 27.29 27.42 615400 17094600.00
2023/11/15 27.68 28.68 27.19 28.42 4920500 139059520.00
2023/11/16 28.74 30.38 28.33 28.45 6906900 202741904.00
2023/11/17 28.45 30.28 28.37 29.51 6210145 184567184.00
2023/11/20 29.52 32.48 29.24 30.25 8736050 271535104.00
2023/11/21 30.32 30.56 29.34 29.38 5221900 156930208.00
2023/11/22 29.63 30.36 29.38 29.38 3423100 102843328.00
2023/11/23 29.38 29.57 28.76 29.48 2681200 79118856.00
2023/11/24 29.59 30.02 28.77 28.94 2140300 63148560.00
2023/11/27 29.14 30.48 29.14 29.75 3102000 93623488.00
2023/11/28 30.32 32.68 30.03 31.15 7708482 244266272.00
2023/11/29 31.18 33.62 30.23 31.78 8218000 265365152.00
2023/11/30 31.43 33.42 30.68 31.80 6269300 200894416.00
2023/12/01 31.48 35.01 30.53 35.01 8451100 282890592.00
2023/12/04 38.54 38.54 38.54 38.54 1380555 53648368.00
2023/12/05 42.43 42.43 42.43 42.43 3444600 147256656.00
2023/12/06 41.68 46.71 38.16 38.16 23334753 1027224768.00
2023/12/07 35.00 35.98 34.31 35.68 17381992 616417088.00
2023/12/08 34.55 34.78 32.11 32.49 12980098 435948672.00
2023/12/11 32.06 33.81 31.98 33.61 8737300 293300224.00
2023/12/12 33.98 34.78 33.44 34.40 8705626 299917216.00
2023/12/13 34.68 34.68 33.36 33.47 6494582 222769600.00
2023/12/14 33.88 34.33 33.25 34.09 5929300 202786800.00
2023/12/15 34.22 34.33 33.06 33.06 5158100 174321040.00
2023/12/18 33.62 34.12 32.68 32.79 4945000 167361504.00
2023/12/19 32.87 33.16 32.08 32.43 4282900 140200032.00
2023/12/20 32.28 32.73 31.90 32.22 3411500 111652792.00
2023/12/21 32.23 32.54 31.28 32.05 3196500 103002392.00
2023/12/22 32.01 32.38 31.07 31.21 2965100 94439120.00
2023/12/25 31.44 31.44 30.41 30.62 2764700 85696776.00
2023/12/26 30.78 30.85 29.88 30.06 2076200 63431336.00
2023/12/27 30.04 30.48 29.79 30.25 2007300 61116600.00
2023/12/28 30.22 30.53 29.82 30.10 2171400 66346152.00
2023/12/29 30.19 30.94 30.15 30.73 2557800 79123272.00
2024/01/02 30.88 31.40 30.71 30.75 2238200 70064432.00
2024/01/03 30.98 30.98 30.05 30.40 1672500 51439200.00
2024/01/04 30.48 31.03 30.27 30.54 2457500 76244544.00
2024/01/05 30.62 30.98 29.95 30.14 1732900 53351708.00
2024/01/08 30.30 30.68 29.68 29.74 2123344 64794908.00
2024/01/09 29.94 30.42 29.75 30.04 2210200 67033128.00
2024/01/10 30.02 30.20 29.23 29.31 1781000 53114644.00
2024/01/11 29.44 30.04 29.23 29.94 1667100 50074256.00
2024/01/12 29.94 30.51 29.70 29.76 1473900 44892036.00
2024/01/15 29.97 30.57 29.39 29.78 2128600 64227104.00
2024/01/16 29.67 29.88 28.98 29.44 1966000 58232172.00
2024/01/17 29.48 29.62 28.88 28.88 1161100 34268556.00
2024/01/18 28.73 28.95 27.87 28.63 1757800 50330892.00
2024/01/19 28.63 28.63 27.85 28.01 1390923 39585936.00
2024/01/22 27.89 28.17 26.01 26.19 1744985 47796128.00
2024/01/23 25.97 26.34 25.44 26.12 2039400 53366504.00
2024/01/24 26.18 28.76 26.13 28.76 5829900 163147008.00
2024/01/25 29.60 31.67 29.16 31.67 9898844 304824512.00
2024/01/26 32.78 34.37 30.72 30.98 14723744 479844576.00
2024/01/29 30.82 34.11 30.82 32.57 15842300 523214848.00
2024/01/30 31.28 35.11 29.76 33.73 14170284 466261056.00
2024/01/31 33.04 35.08 32.01 34.12 13494577 457076000.00
2024/02/01 32.63 32.68 30.68 30.68 6272400 196189440.00
2024/02/02 27.59 30.17 27.58 27.58 10084977 290679264.00
2024/02/05 26.18 26.18 24.79 24.79 4313600 108887392.00
2024/02/06 23.23 25.03 22.28 23.60 7651500 179251376.00
2024/02/07 23.78 24.18 22.24 22.38 5914300 139218320.00
2024/02/08 22.11 23.68 20.14 22.83 6077154 135085216.00
2024/02/19 23.10 25.15 23.00 25.15 6229347 150716336.00
2024/02/20 24.38 26.08 24.18 25.03 6692502 170292128.00
2024/02/21 25.09 27.57 24.90 25.69 7351753 193752480.00
2024/02/22 26.68 28.29 26.21 28.29 5743200 159178192.00
2024/02/23 30.68 30.68 28.29 28.73 11618200 340784960.00
2024/02/26 28.39 28.66 27.68 28.19 6975085 198389952.00
2024/02/27 27.98 28.77 27.56 28.69 6662400 190192576.00
2024/02/28 28.68 31.59 28.48 29.64 10936265 329669024.00
2024/02/29 28.48 30.58 27.98 30.18 8937095 266630736.00
2024/03/01 29.68 30.01 29.12 29.66 5657471 168422000.00
2024/03/04 29.19 29.63 28.26 28.80 5220877 151898192.00
2024/03/05 28.43 29.10 28.01 28.19 3652500 105221144.00
2024/03/06 27.94 29.07 27.70 28.59 3650654 104508848.00
2024/03/07 28.33 28.77 27.29 27.29 3856700 109621040.00
2024/03/08 27.10 27.60 26.91 27.30 2541268 70249392.00
2024/03/11 27.38 27.88 27.11 27.81 2500200 69519416.00
2024/03/12 27.81 28.08 27.37 28.08 2608600 73393816.00
2024/03/13 28.10 28.37 27.69 28.06 2521623 71592128.00
2024/03/14 28.03 29.05 27.83 28.60 4393965 126646936.00
2024/03/15 28.26 28.68 28.25 28.60 2480400 71323352.00
2024/03/18 28.48 29.59 28.39 29.58 5047483 149194000.00
2024/03/19 29.68 30.15 29.14 29.28 3946659 117842536.00
2024/03/20 29.26 29.45 29.04 29.38 3139200 92887936.00
2024/03/21 29.35 29.65 28.88 29.20 2898500 85574528.00
2024/03/22 29.25 29.26 27.88 28.14 3967277 113758800.00
2024/03/25 28.14 28.28 26.75 26.75 3079300 85617024.00
2024/03/26 26.93 27.12 26.23 26.92 2557270 69154464.00
2024/03/27 26.94 26.94 26.01 26.01 2155400 57521656.00
2024/03/28 25.94 26.90 25.88 26.68 2209700 59408916.00
2024/03/29 26.48 27.96 26.48 27.50 3250644 90119304.00
2024/04/01 27.68 27.86 27.39 27.84 2566314 71891632.00
2024/04/02 27.80 27.90 27.30 27.58 1663294 46482280.00
2024/04/03 27.63 27.65 26.60 27.13 1573100 43104044.00
2024/04/08 27.45 27.46 26.48 26.48 1679200 45525348.00
2024/04/09 26.41 26.98 26.32 26.65 1317100 35440708.00
2024/04/10 26.52 26.58 25.38 25.72 1704400 44660380.00
2024/04/11 25.67 26.16 25.20 25.88 1262867 33093596.00
2024/04/12 25.74 26.23 25.65 25.69 1171723 30809532.00
2024/04/15 25.34 28.29 24.19 28.29 5868317 162127552.00
2024/04/16 29.68 31.15 29.26 31.15 10198788 316292288.00
2024/04/17 33.18 34.30 28.34 34.30 19603336 645556288.00
2024/04/18 32.81 37.76 31.64 37.76 12294133 439550976.00
2024/04/19 39.32 41.57 34.68 34.86 23710859 928094016.00
2024/04/22 31.34 31.34 31.34 31.34 1708700 54097440.00
2024/04/23 28.17 29.64 28.17 29.21 17360326 503064448.00
2024/04/24 28.23 29.17 27.87 28.77 11188448 323640896.00
2024/04/25 28.54 29.33 28.18 29.12 9888971 287835776.00
2024/04/26 29.14 29.64 28.58 29.25 10395406 306858624.00
2024/04/29 28.24 28.83 27.50 28.22 10137000 290304192.00
2024/04/30 28.36 28.55 26.56 26.68 8344600 229212096.00
2024/05/06 27.59 27.96 27.18 27.76 6514499 181844864.00
2024/05/07 27.68 27.74 27.25 27.54 4467500 124206760.00
2024/05/08 27.48 27.48 26.68 26.91 3848800 104867680.00
2024/05/09 27.08 27.55 26.88 27.54 4235100 116904784.00
2024/05/10 27.66 28.66 26.94 28.21 7570600 213477104.00
2024/05/13 27.93 27.96 27.02 27.37 4587600 127238320.00
2024/05/14 27.27 27.55 26.99 27.15 3277500 90112312.00
2024/05/15 27.03 27.35 26.70 26.76 2911700 79385784.00
2024/05/16 26.88 28.17 26.78 27.35 5237300 145562176.00
2024/05/17 27.12 28.43 26.98 28.11 7090358 199331728.00
2024/05/20 28.18 28.31 27.71 27.90 3541800 99721344.00
2024/05/21 27.86 28.09 27.51 27.92 2451999 68998472.00
2024/05/22 27.86 28.17 27.59 27.84 3096500 87375568.00
2024/05/23 27.65 27.75 26.73 26.95 3401399 93533392.00
2024/05/24 26.94 27.04 25.68 25.89 3622900 96189960.00
2024/05/27 25.84 26.20 25.44 26.18 2115200 55381748.00
2024/05/28 26.13 26.18 25.74 25.89 1539100 40471748.00
2024/05/29 25.59 26.18 25.59 25.90 1404600 36878828.00
2024/05/30 25.91 26.05 25.65 25.88 1295800 33974152.00
2024/05/31 25.83 26.05 25.65 25.98 1298300 33805748.00
2024/06/03 26.11 27.36 25.71 27.18 4481199 120610304.00
2024/06/04 27.48 29.20 27.43 27.48 8621859 244938112.00
2024/06/05 27.15 28.17 26.68 26.68 5100800 139637968.00
2024/06/06 26.33 26.38 24.73 24.73 5605759 143061472.00
2024/06/07 25.00 25.32 24.54 25.09 2610700 65629572.00
2024/06/11 24.90 25.18 24.60 25.11 1885800 47248360.00
2024/06/12 25.11 25.97 24.94 25.88 2379400 61361468.00
2024/06/13 25.83 25.87 25.51 25.54 1569000 40529264.00
2024/06/14 25.53 26.03 25.38 25.83 1559100 40341164.00
2024/06/17 25.73 26.31 25.63 26.03 1525955 40004304.00
2024/06/18 26.02 28.65 25.83 28.65 7721055 216375824.00
2024/06/19 28.65 31.33 27.92 28.15 12744254 373648160.00
2024/06/20 28.01 28.29 26.68 27.00 8403699 230783296.00
2024/06/21 27.21 28.24 27.05 27.57 7067700 196448720.00
2024/06/24 26.83 27.35 26.19 26.24 4606000 123229256.00
2024/06/25 26.33 27.43 26.06 26.50 4345600 116822168.00
2024/06/26 26.00 27.03 25.39 26.76 4056700 106635520.00
2024/06/27 26.53 29.45 26.43 29.45 6787600 192736880.00
2024/06/28 30.05 31.13 28.48 28.83 13444300 399863712.00
2024/07/01 28.39 29.06 28.33 28.50 6651400 191292640.00
2024/07/02 28.56 29.10 28.09 28.20 5653500 162252016.00
2024/07/03 28.06 28.49 27.74 28.07 4720400 133589904.00
2024/07/04 28.60 28.63 27.03 27.28 5195200 144870848.00
2024/07/05 27.14 28.20 26.14 28.13 5971200 164991424.00
2024/07/08 27.84 29.29 27.73 28.08 7059200 202543760.00
2024/07/09 27.68 28.83 26.59 28.73 6846500 191683056.00
2024/07/10 28.23 29.71 27.60 27.96 7220600 206153120.00
2024/07/11 28.33 28.67 27.83 28.62 6117400 174052864.00
2024/07/12 28.26 29.43 28.16 28.93 6603800 191812896.00
2024/07/15 28.64 28.66 28.01 28.60 4038000 115203328.00
2024/07/16 28.53 29.17 27.60 29.06 5885800 167448112.00
2024/07/17 28.97 28.97 27.75 27.75 4820100 138204656.00
2024/07/18 27.02 27.43 26.33 26.59 4516700 121967728.00
2024/07/19 26.33 27.23 26.25 26.83 3266200 88492760.00
2024/07/22 27.02 27.05 26.48 26.64 2535800 68255560.00
2024/07/23 26.82 27.06 26.18 26.18 2654300 71239888.00
2024/07/24 26.26 26.46 25.17 25.21 3584500 92444584.00
2024/07/25 25.13 25.80 24.74 25.72 2807500 71795136.00
2024/07/26 25.64 26.87 25.53 26.29 2990000 78838304.00
2024/07/29 26.09 26.80 26.03 26.44 2286300 60918856.00
2024/07/30 26.33 26.60 26.14 26.38 1720600 45667560.00
2024/07/31 26.33 26.87 26.33 26.75 2731600 73382640.00
2024/08/01 26.69 27.25 26.63 26.89 2738400 74213632.00
2024/08/02 26.72 28.33 26.53 26.77 4415100 121166928.00
2024/08/05 26.24 27.39 26.24 26.41 3655500 98657184.00
2024/08/06 26.77 27.25 26.34 27.17 3114100 84119504.00
2024/08/07 27.08 28.29 27.03 27.92 4870300 136165712.00
2024/08/08 27.56 29.35 27.43 27.94 7398500 211716736.00
2024/08/09 27.84 28.28 26.93 26.93 5614365 155902992.00
2024/08/12 26.89 27.12 25.74 25.96 3951800 103982592.00
2024/08/13 26.19 26.37 25.68 26.04 2083700 54505100.00
2024/08/14 25.91 26.44 25.69 25.70 2383600 62540020.00
2024/08/15 25.64 26.04 25.46 25.72 2311800 59955956.00
2024/08/16 25.78 26.20 25.78 25.80 2099800 54778380.00
2024/08/19 25.83 26.06 25.64 25.83 1385400 36047896.00
2024/08/20 25.75 26.01 25.60 25.66 1534000 39742788.00
2024/08/21 25.73 25.78 25.14 25.18 1383200 35356472.00
2024/08/22 25.19 25.28 24.60 24.61 1645500 41266032.00
2024/08/23 24.57 24.75 24.03 24.11 1561800 38264092.00
2024/08/26 24.11 24.39 23.87 24.27 1095900 26761916.00
2024/08/27 24.11 24.55 23.78 24.43 1680700 41023944.00
2024/08/28 24.33 24.83 24.03 24.24 1768000 43293288.00
2024/08/29 24.11 24.30 23.86 24.12 1314900 31913236.00
2024/08/30 24.18 24.93 24.15 24.73 1750500 43392216.00
2024/09/02 24.61 24.91 24.21 24.24 1347400 33372460.00
2024/09/03 24.59 24.83 24.33 24.57 1499600 37203012.00
2024/09/04 24.44 25.27 24.40 24.61 1552600 38666112.00
2024/09/05 24.49 24.80 24.42 24.61 1207900 29906236.00
2024/09/06 24.73 25.19 24.52 24.70 2128900 53296224.00
2024/09/09 24.61 25.57 24.43 25.27 2893020 73273648.00
2024/09/10 25.18 25.43 24.45 24.91 2521500 62940904.00
2024/09/11 24.78 24.98 24.51 24.57 1439200 35710424.00
2024/09/12 24.54 25.03 24.54 24.61 1404200 34968836.00
2024/09/13 24.73 26.18 24.63 25.30 5205820 133055440.00
2024/09/18 25.20 25.83 24.28 25.48 2801400 70996576.00
2024/09/19 25.19 25.83 25.13 25.82 2168700 55926704.00
2024/09/20 25.91 26.02 24.75 25.06 4089800 103883480.00
2024/09/23 24.91 25.15 24.59 24.99 1731300 43291552.00
2024/09/24 25.00 25.83 24.74 25.66 3115000 79658984.00
2024/09/25 25.79 26.42 25.58 25.60 4045400 105724104.00
2024/09/26 25.60 26.19 25.44 26.16 2905900 75682936.00
2024/09/27 26.55 27.38 26.23 27.33 3233800 87138768.00
2024/09/30 28.32 29.77 27.41 29.42 6737100 193877296.00
2024/10/08 32.23 32.23 28.43 30.67 7503900 229001088.00
2024/10/09 29.83 29.98 27.59 27.63 4655000 134590064.00
2024/10/10 28.55 30.41 27.63 30.41 4787700 142097472.00
2024/10/11 33.43 33.44 28.72 29.03 13329300 429983232.00
2024/10/14 28.74 30.18 28.74 29.47 7509506 221191104.00
2024/10/15 29.03 29.75 28.18 28.33 5971600 173740208.00
2024/10/16 28.23 31.18 27.88 30.43 10718106 326575040.00
2024/10/17 29.82 30.99 29.41 29.65 7339306 220795088.00
2024/10/18 29.24 31.36 28.91 30.43 6468750 194634464.00
2024/10/21 30.38 31.56 30.08 31.33 5890700 183598464.00
2024/10/22 31.04 31.28 30.46 30.97 3569112 110762440.00
2024/10/23 30.83 33.33 30.64 31.73 6205700 200829952.00
2024/10/24 31.83 33.13 31.50 32.31 4626400 150883408.00
2024/10/25 32.00 35.11 32.00 34.86 6055506 206021904.00
2024/10/28 34.51 38.13 34.51 36.93 5560300 203906080.00
2024/10/29 35.80 36.81 35.33 35.36 3666494 132541656.00
2024/10/30 35.36 35.54 33.59 33.88 3193700 109646472.00
2024/10/31 33.83 35.08 33.83 34.79 2523100 87637208.00
2024/11/01 34.82 35.71 33.33 33.71 3404300 117866224.00
2024/11/04 32.84 33.50 32.73 33.04 2137500 70900864.00
2024/11/05 33.30 33.65 32.84 33.36 2044540 68293032.00
2024/11/06 33.37 33.62 32.73 33.25 2119000 70844088.00
2024/11/07 33.16 34.29 32.83 33.72 3079640 104102240.00
2024/11/08 34.13 35.49 33.59 34.73 3339800 115350904.00
2024/11/11 34.40 36.30 33.43 35.52 3059300 107509928.00
2024/11/12 35.47 35.70 33.04 33.39 5247706 180682608.00
2024/11/13 33.13 34.23 32.28 33.29 4297100 143750080.00
2024/11/14 33.08 33.48 32.16 32.22 2720200 89266304.00
2024/11/15 31.94 32.98 31.33 31.52 2116600 68594568.00
2024/11/18 31.78 33.16 30.48 31.45 2925400 94107832.00
2024/11/19 31.38 32.03 30.84 31.58 2545743 80050176.00
2024/11/20 31.42 31.80 31.16 31.52 2416600 76557808.00
2024/11/21 31.48 31.96 31.27 31.55 1717800 54610072.00
2024/11/22 31.71 32.31 30.33 30.43 2472900 78036640.00
2024/11/25 30.38 31.08 29.86 30.95 1743600 53462932.00
2024/11/26 30.98 31.20 30.35 30.43 1272900 39328716.00
2024/11/27 30.43 30.96 29.64 30.90 1365000 41541284.00
2024/11/28 30.93 33.20 30.65 31.48 2697600 85630504.00
2024/11/29 31.42 32.29 31.09 31.74 2451798 78140752.00
2024/12/02 31.73 32.06 31.49 31.96 1518198 48491788.00
2024/12/03 31.96 32.22 31.40 31.81 1420000 45261292.00
2024/12/04 31.65 31.68 30.86 31.10 1245100 39245540.00
2024/12/05 30.94 31.60 30.83 31.55 1081900 34144696.00
2024/12/06 31.75 32.13 31.40 31.67 1447700 46132688.00
2024/12/09 31.73 31.89 30.83 31.36 1416500 44679160.00
2024/12/10 31.92 32.31 31.33 31.39 1877900 60059488.00
2024/12/11 31.53 31.91 31.35 31.84 1485300 47439952.00
2024/12/12 31.92 32.34 31.66 32.33 1871900 60264528.00
2024/12/13 32.04 32.24 31.44 31.51 1374500 43928964.00
2024/12/16 31.52 32.12 31.48 31.62 1560800 49822064.00
2024/12/17 31.43 31.61 29.64 29.78 2172500 66415040.00
2024/12/18 31.70 32.78 31.28 32.78 1910800 62083004.00
2024/12/19 32.47 33.77 31.79 32.93 7418176 243415856.00
2024/12/20 32.68 32.68 32.03 32.23 3905900 126739296.00
2024/12/23 32.08 32.22 30.63 30.83 3313700 104224656.00
2024/12/24 31.31 31.51 29.76 30.29 2808600 86063376.00
2024/12/25 30.26 30.54 29.29 29.39 2355100 70591928.00
2024/12/26 29.38 29.88 29.08 29.53 1726406 51366820.00
2024/12/27 29.53 30.11 29.34 29.86 1540500 46277312.00
2024/12/30 29.71 30.08 29.03 29.71 1238200 36949620.00
2024/12/31 29.55 30.35 29.34 29.34 1550200 46461432.00
2025/01/02 29.11 29.66 28.07 28.33 1780300 51721480.00
2025/01/03 28.32 28.49 27.01 27.15 1745000 48456820.00
2025/01/06 27.15 27.54 26.43 27.17 1165500 31730700.00
2025/01/07 27.06 27.71 27.03 27.70 955500 26317504.00
2025/01/08 27.71 27.83 26.94 27.58 1070400 29623684.00
2025/01/09 27.65 27.85 27.39 27.61 776500 21645898.00
2025/01/10 27.61 27.73 26.64 26.71 815898 22336248.00
2025/01/13 26.31 27.08 26.13 26.85 841300 22600728.00
2025/01/14 26.85 27.85 26.85 27.85 1388800 38455836.00
2025/01/15 27.85 28.02 27.58 27.86 774400 21680524.00
2025/01/16 27.86 28.29 27.71 28.00 1010500 28549928.00
2025/01/17 27.89 28.05 27.53 27.75 724000 20277540.00
2025/01/20 28.22 28.32 27.84 28.18 1093200 30964428.00
2025/01/21 28.28 28.38 27.73 27.90 705498 19819850.00
2025/01/22 27.76 27.89 27.59 27.68 664398 18538436.00
2025/01/23 27.89 28.31 27.81 27.81 932400 26393352.00
2025/01/24 27.82 28.34 27.70 28.29 818511 23087062.00
2025/01/27 28.62 28.78 28.27 28.40 928900 26652638.00
2025/02/05 28.53 28.94 28.37 28.86 895573 25863484.00
2025/02/06 28.74 29.06 28.52 29.02 853700 24805384.00
2025/02/07 29.03 29.59 28.80 29.01 1513800 44353564.00
2025/02/10 29.13 31.32 29.13 30.45 2926298 88968488.00
2025/02/11 30.43 30.43 29.60 29.82 1737300 52177212.00
2025/02/12 29.71 30.16 29.68 30.08 1424200 42823928.00
2025/02/13 30.08 30.47 29.53 29.55 1124600 33822896.00
2025/02/14 29.84 30.42 29.59 29.75 1642200 49417576.00
2025/02/17 29.93 30.28 29.71 30.01 1525400 46116384.00
2025/02/18 30.01 30.03 29.09 29.19 1291100 38390240.00
2025/02/19 29.12 29.84 29.12 29.82 1200200 35823616.00
2025/02/20 29.73 29.92 29.50 29.70 787500 23519130.00
2025/02/21 29.71 30.60 29.38 30.07 1956976 59137484.00
2025/02/24 30.20 30.72 29.93 30.51 2169300 66152860.00
2025/02/25 30.08 30.36 29.75 29.85 1435323 43375188.00
2025/02/26 29.83 30.17 29.68 29.97 1155500 34714368.00
2025/02/27 29.91 29.97 29.09 29.62 1364700 40394416.00
2025/02/28 29.38 29.77 28.71 28.82 1151900 33729416.00
2025/03/03 28.81 29.37 28.71 28.99 988000 28940610.00
2025/03/04 28.82 29.62 28.82 29.51 907500 26778312.00
2025/03/05 29.60 29.71 28.95 29.32 883700 25937184.00
2025/03/06 29.31 30.68 29.25 30.39 2301000 69654696.00
2025/03/07 30.39 30.58 29.86 30.07 1583700 48123620.00
2025/03/10 30.03 30.59 29.93 30.54 1528600 46569268.00
2025/03/11 30.19 30.66 30.19 30.57 926095 28309728.00
2025/03/12 30.58 33.64 30.58 31.46 5787995 187370592.00
2025/03/13 30.98 31.70 30.36 30.48 4207204 131020352.00
2025/03/14 30.80 31.22 30.16 31.03 2204058 68020816.00
2025/03/17 31.08 31.61 30.84 31.38 2420300 75929040.00
2025/03/18 31.49 32.15 31.34 31.93 3019300 96468496.00
2025/03/19 31.93 32.10 31.64 31.78 2133400 68355256.00
2025/03/20 31.78 31.93 31.33 31.36 1752506 55583116.00
2025/03/21 31.35 31.44 30.77 30.95 1303500 40707284.00
2025/03/24 30.89 31.18 29.43 29.98 1657600 50330216.00
2025/03/25 29.95 30.32 29.46 30.19 1229500 36933744.00
2025/03/26 30.14 31.02 29.71 30.62 1425700 43696788.00
2025/03/27 30.12 30.35 29.58 29.95 1193600 35949172.00
2025/03/28 29.95 30.09 29.39 29.48 1080100 32179888.00
2025/03/31 29.50 29.50 28.77 29.22 953300 27879364.00
2025/04/01 29.35 29.98 29.32 29.62 1198900 35897020.00
2025/04/02 29.62 29.84 29.38 29.67 695200 20712832.00
2025/04/03 29.26 29.90 28.97 29.63 901700 26875514.00
2025/04/07 28.41 28.52 26.65 26.65 1593600 43549036.00
2025/04/08 26.63 27.31 25.85 26.81 2264020 60558156.00
2025/04/09 26.11 28.02 25.06 27.77 2698500 72861136.00
2025/04/10 27.77 28.39 27.76 27.90 1620700 45829232.00
2025/04/11 27.78 28.99 27.78 28.21 1781100 50940184.00
2025/04/14 28.33 28.82 28.03 28.61 1384500 39681052.00
2025/04/15 28.50 28.83 28.38 28.62 1021300 29381038.00
2025/04/16 28.61 28.70 27.79 28.14 1023900 29026140.00
2025/04/17 28.13 28.59 27.89 28.34 878300 25066514.00
2025/04/18 28.13 28.53 27.90 28.16 788800 22360248.00
2025/04/21 28.16 28.47 27.78 28.25 931700 26475204.00
2025/04/22 28.26 28.43 28.03 28.30 805960 22892860.00
2025/04/23 28.40 28.91 28.34 28.74 1105600 31828540.00
2025/04/24 28.83 28.92 28.21 28.38 1065500 30524622.00
2025/04/25 28.55 28.63 28.15 28.53 871900 24949796.00
2025/04/28 28.53 28.63 27.86 27.96 728700 20616076.00
2025/04/29 28.00 28.71 27.87 28.47 1173699 33657568.00
2025/04/30 28.52 28.99 28.52 28.69 1174500 33951164.00
2025/05/06 28.73 29.48 28.73 29.41 1460000 42845612.00
2025/05/07 29.53 29.90 29.33 29.52 1186900 35323120.00
2025/05/08 29.41 29.90 29.34 29.77 910200 27176468.00
2025/05/09 30.04 30.08 29.53 29.57 812850 24285892.00
2025/05/12 29.79 30.14 29.53 29.84 943800 28267836.00
2025/05/13 29.96 30.07 29.49 29.57 814400 24388888.00
2025/05/14 29.65 29.67 29.09 29.29 1020700 30093044.00
2025/05/15 29.29 29.30 28.98 29.11 705300 20621016.00
2025/05/16 29.11 29.33 29.01 29.08 693600 20374130.00
2025/05/19 29.48 29.92 29.19 29.69 1379500 41086676.00
2025/05/20 29.76 30.14 29.57 30.05 1228500 36956896.00
2025/05/21 30.13 30.17 29.74 29.81 871000 26218548.00
2025/05/22 29.71 30.11 29.24 29.34 954300 28396088.00
2025/05/23 29.34 29.82 28.98 29.01 1112300 32913406.00
2025/05/26 29.16 30.13 29.04 29.76 1134900 33900224.00
2025/05/27 29.76 29.82 29.47 29.71 658400 19615428.00
2025/05/28 29.72 30.16 29.41 29.56 672612 20028374.00
2025/05/29 29.71 30.67 29.46 30.23 1555100 47167504.00
2025/05/30 30.27 30.55 29.71 29.89 920900 27621468.00
2025/06/03 29.51 30.20 29.51 29.94 1034500 31007780.00
2025/06/04 30.09 30.20 29.89 30.12 953200 28665944.00
2025/06/05 30.18 30.46 29.92 30.20 1218200 36758316.00
2025/06/06 30.20 30.60 30.20 30.51 1378300 41970812.00
2025/06/09 30.47 30.62 30.37 30.53 1008100 30728936.00
2025/06/10 30.52 30.68 30.06 30.40 1533500 46648616.00
2025/06/11 30.39 30.62 30.29 30.32 1099600 33503700.00
2025/06/12 30.28 30.45 30.10 30.31 663700 20104232.00
2025/06/13 30.29 30.43 29.79 29.90 1002600 30080672.00
2025/06/16 29.90 30.40 29.81 30.06 1096500 33006400.00
2025/06/17 30.09 30.09 29.80 29.93 750200 22443756.00
2025/06/18 29.77 29.99 29.56 29.61 576900 17131456.00
2025/06/19 29.65 29.84 29.03 29.10 878700 25828932.00
2025/06/20 29.01 29.48 28.90 29.03 753600 21952568.00
2025/06/23 28.75 29.49 28.73 29.45 680800 19907560.00
2025/06/24 29.50 30.23 29.49 30.17 1159800 34773088.00
2025/06/25 30.48 30.48 30.02 30.28 1106400 33514344.00
2025/06/26 31.01 31.01 30.10 30.29 868300 26334442.00
2025/06/27 30.44 30.83 30.25 30.81 1440400 44020264.00
2025/06/30 31.00 31.42 30.61 31.12 1544500 48113264.00
2025/07/01 31.19 31.20 30.75 30.90 991000 30651320.00
2025/07/02 30.96 31.16 30.71 30.98 1187900 36726128.00
2025/07/03 31.00 31.20 30.84 30.91 948900 29366606.00
2025/07/04 31.00 31.00 30.50 30.65 749000 22954070.00
2025/07/07 30.48 31.29 30.31 31.00 1040300 32167804.00
2025/07/08 31.10 31.24 30.88 31.16 820800 25509970.00
2025/07/09 31.23 32.07 31.00 31.47 2123500 67025644.00
2025/07/10 31.33 31.58 31.01 31.34 1288500 40321492.00
2025/07/11 31.31 33.98 31.03 32.13 4764200 154652896.00
2025/07/14 32.58 33.60 32.00 32.93 5249800 172446368.00
2025/07/15 32.47 32.50 31.42 32.16 3565600 114227000.00
2025/07/16 32.30 32.63 31.80 31.91 2009500 64665144.00
2025/07/17 31.75 32.22 31.71 31.92 1519200 48464920.00
2025/07/18 31.78 32.17 31.76 32.00 1468900 46987016.00
2025/07/21 32.15 32.75 32.05 32.75 1617200 52417648.00
2025/07/22 32.60 33.33 32.33 32.99 2352000 76834920.00
2025/07/23 35.75 35.75 33.00 33.00 8502300 291586368.00
2025/07/24 32.70 33.46 32.11 32.76 4660800 152478640.00
2025/07/25 32.93 33.04 32.40 32.49 2869000 93483248.00
2025/07/28 32.52 32.60 32.26 32.35 1694600 54903352.00
2025/07/29 32.35 33.59 32.35 32.85 2832770 93324104.00
2025/07/30 32.80 33.10 32.45 32.66 1660900 54374932.00
2025/07/31 32.61 32.91 31.88 31.96 1699200 54916476.00
2025/08/01 32.00 32.48 31.99 32.38 1541300 49789144.00
2025/08/04 32.31 32.77 32.11 32.77 1093500 35574732.00
2025/08/05 32.74 33.05 32.60 32.86 1051600 34556084.00
2025/08/06 32.95 33.10 32.68 32.82 1160800 38120800.00
2025/08/07 34.39 34.93 33.21 33.33 5045600 170998304.00
2025/08/08 33.08 33.61 32.84 33.51 2977000 98973552.00
2025/08/11 33.52 33.72 33.30 33.46 2179300 73076440.00
2025/08/12 33.44 33.68 33.08 33.21 1339800 44623040.00
2025/08/13 33.31 33.45 32.95 33.19 1435900 47661864.00
2025/08/14 33.20 33.22 32.22 32.30 1630600 53341408.00
2025/08/15 32.46 33.12 32.26 32.89 1379300 45114820.00
2025/08/18 32.89 33.11 32.66 32.78 1924700 63246944.00
2025/08/19 32.77 33.06 32.60 33.04 1446700 47588640.00
2025/08/20 33.04 33.12 32.61 32.91 1387200 45503008.00
2025/08/21 32.91 33.12 32.84 32.98 1414600 46665576.00
2025/08/22 32.98 33.03 32.53 32.90 1421700 46518792.00
2025/08/25 32.87 32.92 32.46 32.65 1590800 52053744.00
2025/08/26 32.65 32.98 32.37 32.66 1180200 38597428.00
2025/08/27 32.83 32.84 31.50 31.55 2532800 81644832.00
2025/08/28 31.66 31.88 30.54 31.44 1899400 59323040.00
2025/08/29 31.65 31.66 30.88 30.95 1247100 38802972.00
2025/09/01 31.00 31.46 30.90 31.16 1380800 43095292.00
2025/09/02 31.30 31.39 30.63 31.03 1559500 48360432.00
2025/09/03 31.14 31.22 30.22 30.29 1252700 38388272.00
2025/09/04 30.28 31.00 30.16 30.55 1444700 44252652.00
2025/09/05 30.69 31.08 30.41 30.96 1210100 37223916.00
2025/09/08 31.08 31.49 30.47 31.44 1123900 35069700.00
2025/09/09 31.44 31.48 31.03 31.23 814500 25475936.00
2025/09/10 31.38 31.41 31.00 31.12 773300 24147400.00
2025/09/11 31.19 31.40 30.78 31.40 957000 29790132.00
2025/09/12 31.28 31.43 31.08 31.26 800500 25046394.00
2025/09/15 31.39 31.39 31.09 31.22 710900 22180796.00
2025/09/16 31.26 31.48 30.97 31.30 1023600 31990436.00
2025/09/17 31.30 31.83 31.18 31.36 1025800 32266440.00
2025/09/18 31.40 31.47 30.30 30.65 1568600 48585256.00
2025/09/19 30.36 30.80 30.32 30.47 816500 24926660.00
2025/09/22 30.50 30.54 29.90 30.03 1101100 33157392.00
2025/09/23 29.91 30.04 29.00 29.76 1702019 50117560.00
2025/09/24 29.62 30.73 29.42 30.65 1454100 43939924.00
2025/09/25 30.65 32.36 30.39 30.85 2732100 85409264.00
2025/09/26 30.50 30.69 30.08 30.30 1371200 41706984.00
2025/09/29 30.54 30.79 29.90 30.40 1188500 36242384.00
2025/09/30 30.50 30.71 30.41 30.60 847638 25896408.00
2025/10/09 30.60 30.71 30.21 30.33 1107800 33680252.00
2025/10/10 30.17 30.59 30.13 30.44 999100 30374456.00
2025/10/13 29.88 30.60 29.33 30.44 1436100 43330472.00
2025/10/14 30.49 30.78 30.35 30.45 1026700 31339400.00
2025/10/15 30.47 30.83 30.33 30.75 930400 28533908.00
2025/10/16 30.63 30.87 30.25 30.45 1055000 32151010.00
2025/10/17 30.45 30.69 30.15 30.18 932300 28354936.00
2025/10/20 30.44 30.68 30.28 30.61 791700 24172442.00
2025/10/21 30.60 31.38 30.59 31.20 1115679 34613716.00
2025/10/22 31.08 31.73 31.08 31.56 1077194 33931224.00
2025/10/23 31.47 31.80 31.25 31.80 996594 31429190.00
2025/10/24 31.80 32.70 31.70 32.08 1915900 61706576.00
2025/10/27 32.08 32.38 31.81 32.12 1263000 40528008.00
2025/10/28 32.00 32.43 31.86 31.92 1344558 43159124.00
2025/10/29 31.86 32.05 31.39 31.70 1101000 34875816.00
2025/10/30 31.55 31.70 31.10 31.25 1216039 38095656.00
2025/10/31 31.21 31.89 30.93 31.63 1075339 33886824.00
2025/11/03 31.98 32.09 31.70 31.87 1117600 35596216.00
2025/11/04 31.87 32.08 31.70 31.98 1290560 41193740.00
2025/11/05 31.99 32.34 31.66 32.14 1477200 47402680.00
2025/11/06 32.28 32.37 31.93 32.25 871900 28055640.00
2025/11/07 32.20 32.33 31.95 32.15 823100 26451876.00
2025/11/10 32.25 32.45 32.10 32.37 1282300 41468076.00
2025/11/11 32.50 33.10 32.04 32.42 1452700 47134868.00
2025/11/12 32.48 32.67 32.10 32.29 1453900 47044436.00
2025/11/13 32.50 32.54 32.02 32.35 1219084 39312028.00
2025/11/14 32.33 32.81 32.18 32.68 1681194 54774924.00
2025/11/17 32.70 32.89 32.28 32.86 1053200 34418188.00
2025/11/18 32.92 32.92 32.38 32.52 1142100 37163692.00
2025/11/19 32.54 32.68 31.78 31.89 1514500 48537448.00
2025/11/20 32.06 32.30 31.57 31.79 1437000 45851832.00
2025/11/21 31.68 32.08 30.05 30.21 1989200 61052844.00
2025/11/24 30.30 31.27 30.30 31.12 1801099 55695972.00
2025/11/25 31.23 32.29 30.83 31.84 2077800 66095772.00
2025/11/26 32.05 32.20 31.07 31.21 1183599 37381336.00
2025/11/27 31.28 31.47 30.96 31.15 959800 29929556.00
2025/11/28 31.14 31.90 31.03 31.89 1002700 31654490.00
2025/12/01 31.89 32.28 31.67 31.72 1010700 32277980.00
2025/12/02 31.75 31.94 31.29 31.48 1208500 38039800.00
2025/12/03 31.40 31.53 30.84 31.12 884200 27528444.00
2025/12/04 31.08 31.20 30.25 30.36 1316800 40293376.00
2025/12/05 30.39 30.85 30.16 30.72 991400 30281552.00
2025/12/08 30.79 31.10 30.69 30.82 886039 27414832.00
2025/12/09 30.98 31.07 30.40 30.49 976400 29956904.00
2025/12/10 30.41 30.55 30.04 30.08 1159700 35055864.00
2025/12/11 30.02 30.32 29.45 29.56 1195739 35686644.00
2025/12/12 29.48 29.90 29.22 29.62 1102112 32572016.00
2025/12/15 29.31 29.45 28.92 29.13 971900 28336298.00
2025/12/16 29.20 29.38 28.72 28.83 820100 23775966.00
2025/12/17 28.89 29.01 28.27 28.89 1142700 32717432.00
2025/12/18 28.80 29.71 28.75 29.46 1126912 33100212.00
2025/12/19 29.58 29.85 29.49 29.77 1013100 30120316.00
2025/12/22 29.77 30.19 29.71 29.72 976412 29271508.00
2025/12/23 29.83 29.89 29.35 29.74 947700 28085028.00
2025/12/24 29.65 30.09 29.65 29.99 735300 22040770.00
2025/12/25 29.96 30.29 29.82 30.18 1004800 30207580.00
2025/12/26 30.15 30.26 29.84 29.99 710100 21311004.00
2025/12/29 30.00 30.19 29.81 30.07 857500 25761012.00
2025/12/30 30.12 30.42 30.01 30.13 762113 23006628.00
2025/12/31 30.08 30.38 29.89 30.17 967900 29189512.00
2026/01/05 30.27 30.73 30.14 30.39 1110300 33837592.00
2026/01/06 30.32 30.66 30.32 30.44 814300 24805616.00
2026/01/07 30.40 30.60 30.14 30.26 1274994 38631036.00
2026/01/08 30.13 30.70 30.13 30.57 1252300 38221324.00
2026/01/09 30.62 30.92 30.46 30.92 1066900 32764214.00
2026/01/12 31.00 31.43 30.90 31.35 1156000 36070408.00
2026/01/13 31.35 31.79 31.03 31.41 1249700 39321840.00
2026/01/14 31.43 31.76 30.95 31.32 1165800 36607680.00
2026/01/15 31.31 31.67 31.13 31.56 830200 26121964.00
2026/01/16 31.63 31.78 31.28 31.56 907800 28607296.00
2026/01/19 31.49 32.12 31.35 32.11 1086200 34663376.00
2026/01/20 32.18 32.33 31.73 32.03 849400 27193572.00
2026/01/21 31.99 32.34 31.74 32.27 924300 29660220.00
2026/01/22 32.28 32.59 32.14 32.42 947100 30672860.00
2026/01/23 32.48 32.63 32.25 32.63 827700 26883486.00
2026/01/26 32.63 32.69 31.83 32.24 1371500 44251856.00
2026/01/27 32.20 32.39 31.28 32.13 1090300 34742040.00
2026/01/28 32.13 32.56 31.54 31.75 1443500 46029844.00
2026/01/29 31.75 32.20 31.23 31.72 1213300 38534292.00
2026/01/30 31.69 32.33 31.64 32.25 1314800 42138460.00
2026/02/02 32.28 32.91 32.04 32.06 1374400 44757084.00
2026/02/03 32.50 32.89 32.06 32.72 1195300 39046044.00
2026/02/04 32.75 33.12 32.50 32.88 947000 31151750.00
2026/02/05 32.90 33.06 32.65 32.72 1016540 33354084.00
2026/02/06 32.60 33.01 32.48 32.62 1090900 35759312.00
2026/02/09 32.96 33.15 32.80 33.05 1019760 33647908.00
2026/02/10 33.22 33.31 32.94 33.05 987600 32719226.00
2026/02/11 33.04 33.66 32.81 33.29 1452339 48368664.00
2026/02/12 33.18 33.40 32.81 33.07 967000 32060436.00
2026/02/13 33.27 33.42 32.88 32.91 1033985 34254264.00
2026/02/24 32.94 33.50 32.93 33.49 956400 31825436.00
2026/02/25 33.59 33.76 33.16 33.18 837300 28041504.00
#Ъ§ОнРДдД:ЭЈДяаХ
