600616 쏜룔아撚 휑窟 품릿홈
      휑퍅	    역턍	    離멕	    離됴	    澗턍	    냥슥좆	    냥슥띨
2021/08/02 7.39 7.90 7.28 7.86 30694599 242012736.00
2021/08/03 7.76 7.90 7.68 7.72 20947007 165850640.00
2021/08/04 7.73 7.81 7.60 7.67 16260775 127075352.00
2021/08/05 7.44 7.73 7.39 7.47 20247039 155496416.00
2021/08/06 7.46 7.55 7.34 7.39 16852138 127591536.00
2021/08/09 7.40 7.66 7.37 7.54 17651620 135945168.00
2021/08/10 7.59 8.01 7.53 7.94 39449223 313029120.00
2021/08/11 7.79 7.95 7.70 7.82 25613600 203665008.00
2021/08/12 7.80 7.98 7.71 7.77 19764787 157698464.00
2021/08/13 7.74 7.88 7.67 7.77 17334033 137477088.00
2021/08/16 7.71 7.89 7.69 7.81 17912686 142679088.00
2021/08/17 7.79 7.79 7.45 7.46 20424622 158198896.00
2021/08/18 7.46 7.55 7.40 7.50 12138267 92760104.00
2021/08/19 7.46 7.61 7.45 7.50 9679120 74209552.00
2021/08/20 7.44 7.44 7.04 7.18 19515484 143401104.00
2021/08/23 7.13 7.30 7.07 7.20 15708441 115690752.00
2021/08/24 7.19 7.31 7.13 7.26 14719940 109027352.00
2021/08/25 7.26 7.47 7.23 7.36 17856511 134834048.00
2021/08/26 7.30 7.31 7.14 7.14 16202095 119360520.00
2021/08/27 7.13 7.20 7.09 7.10 11134996 81157408.00
2021/08/30 6.90 6.98 6.62 6.86 21546181 149664432.00
2021/08/31 6.86 6.89 6.68 6.72 12674728 87427736.00
2021/09/01 6.72 6.94 6.59 6.86 17222743 119848392.00
2021/09/02 6.83 6.91 6.76 6.86 11052706 77322936.00
2021/09/03 6.84 7.34 6.79 7.21 27519219 200199696.00
2021/09/06 7.20 7.61 7.09 7.34 28491551 214003696.00
2021/09/07 7.26 7.38 7.19 7.29 16579778 123360072.00
2021/09/08 7.27 7.35 7.19 7.31 17828943 132319712.00
2021/09/09 7.31 7.46 7.20 7.33 20842623 155855504.00
2021/09/10 7.30 7.49 7.26 7.38 18975262 142990560.00
2021/09/13 7.39 7.42 7.23 7.27 13193331 98470824.00
2021/09/14 7.27 7.47 7.22 7.26 18431645 137996960.00
2021/09/15 7.24 7.24 7.04 7.08 13646549 98818872.00
2021/09/16 7.11 7.38 7.05 7.21 21923661 162220080.00
2021/09/17 7.14 7.44 6.97 7.36 32355986 239853344.00
2021/09/22 7.27 7.34 7.05 7.14 16572828 121047008.00
2021/09/23 7.26 7.26 7.12 7.15 11148015 81768464.00
2021/09/24 7.14 7.39 7.10 7.24 20889819 155109824.00
2021/09/27 7.24 7.92 7.22 7.77 56388594 441424864.00
2021/09/28 7.60 7.61 7.14 7.35 29184236 217737072.00
2021/09/29 7.25 7.49 7.15 7.20 21058645 156970496.00
2021/09/30 7.17 7.26 7.05 7.11 15814629 115187192.00
2021/10/08 7.12 7.37 7.06 7.34 19885053 147825984.00
2021/10/11 7.26 7.64 7.24 7.41 24902369 189572976.00
2021/10/12 7.42 7.52 7.22 7.34 16767961 126200960.00
2021/10/13 7.32 7.64 7.27 7.57 32495019 249962080.00
2021/10/14 7.49 7.69 7.44 7.62 26217786 202565168.00
2021/10/15 7.56 7.59 7.28 7.33 21130456 159622976.00
2021/10/18 7.24 7.31 6.90 7.02 23460742 167847728.00
2021/10/19 7.02 7.13 6.97 7.03 11584007 83685432.00
2021/10/20 7.01 7.06 6.92 7.00 12087612 86271936.00
2021/10/21 7.02 7.04 6.94 6.98 7404216 52786380.00
2021/10/22 7.00 7.04 6.96 6.99 8124003 58145424.00
2021/10/25 6.97 6.97 6.86 6.92 8165182 57545012.00
2021/10/26 6.92 6.99 6.89 6.95 7205976 51150284.00
2021/10/27 6.92 6.92 6.69 6.74 10465400 72502656.00
2021/10/28 6.73 6.87 6.65 6.67 7780868 53705340.00
2021/10/29 6.68 6.79 6.66 6.73 6719279 46336864.00
2021/11/01 6.65 6.84 6.41 6.75 10306064 70452192.00
2021/11/02 6.71 6.76 6.48 6.50 10792071 72889736.00
2021/11/03 6.54 6.56 6.45 6.52 5526600 36863616.00
2021/11/04 6.50 6.70 6.50 6.67 9307516 63101976.00
2021/11/05 6.64 6.74 6.62 6.67 7733560 52896560.00
2021/11/08 6.68 6.69 6.54 6.59 5259324 35490556.00
2021/11/09 6.59 6.65 6.54 6.63 4426259 29981264.00
2021/11/10 6.62 6.66 6.53 6.60 6411905 43195516.00
2021/11/11 6.60 6.65 6.55 6.63 5400155 36576904.00
2021/11/12 6.64 6.66 6.56 6.58 4846471 32690936.00
2021/11/15 6.56 6.62 6.54 6.60 5213084 35174752.00
2021/11/16 6.59 6.84 6.57 6.74 16423585 113381144.00
2021/11/17 6.69 6.73 6.59 6.66 8507247 57852264.00
2021/11/18 6.66 6.72 6.62 6.62 6419740 43787132.00
2021/11/19 6.60 6.72 6.60 6.66 5494062 37406440.00
2021/11/22 6.64 6.78 6.62 6.69 7464981 51219664.00
2021/11/23 6.69 6.77 6.64 6.74 8463131 58188496.00
2021/11/24 6.74 6.94 6.73 6.87 14874674 104441696.00
2021/11/25 6.88 6.98 6.82 6.84 9868913 69415880.00
2021/11/26 6.84 6.84 6.69 6.74 7751860 53494440.00
2021/11/29 6.70 6.71 6.62 6.69 5487219 37477264.00
2021/11/30 6.69 6.71 6.65 6.67 5644001 38562188.00
2021/12/01 6.68 6.72 6.67 6.72 6208989 42574632.00
2021/12/02 6.72 6.87 6.68 6.77 9236742 64146648.00
2021/12/03 6.77 6.90 6.72 6.87 14039707 98479360.00
2021/12/06 6.87 6.88 6.76 6.77 8236372 57379140.00
2021/12/07 6.84 7.11 6.78 7.04 29664968 211857952.00
2021/12/08 7.02 7.44 6.94 7.32 43116513 321122048.00
2021/12/09 7.24 7.57 7.20 7.35 40065067 303171840.00
2021/12/10 7.29 7.69 7.26 7.56 42439952 325337376.00
2021/12/13 7.52 7.58 7.37 7.44 36879747 280736960.00
2021/12/14 7.35 7.46 7.23 7.31 24179559 180915344.00
2021/12/15 7.33 7.34 7.13 7.26 19141995 141227248.00
2021/12/16 7.25 7.31 7.11 7.14 15662611 114838296.00
2021/12/17 7.10 7.17 7.06 7.12 12523426 91173384.00
2021/12/20 7.17 7.23 7.04 7.06 15477430 112788032.00
2021/12/21 7.04 7.13 7.00 7.12 11337640 82004376.00
2021/12/22 7.12 7.17 7.05 7.14 11345625 82559128.00
2021/12/23 7.16 7.21 6.99 7.17 20799284 151053216.00
2021/12/24 7.24 7.55 7.17 7.20 30343393 227344304.00
2021/12/27 7.08 7.14 6.92 6.99 17675466 127040672.00
2021/12/28 6.99 7.44 6.97 7.27 23440307 172986048.00
2021/12/29 7.26 7.36 7.05 7.06 17980323 131694512.00
2021/12/30 7.14 7.14 7.02 7.04 12158057 87714048.00
2021/12/31 7.04 7.07 6.95 7.04 9361758 67145808.00
2022/01/04 7.03 7.17 6.99 7.12 12582471 91153288.00
2022/01/05 7.13 7.18 7.02 7.08 12426656 90106944.00
2022/01/06 7.03 7.13 7.00 7.07 8727578 63055848.00
2022/01/07 7.08 7.09 6.86 6.86 15122121 107759744.00
2022/01/10 6.85 6.89 6.74 6.88 8039722 56072128.00
2022/01/11 6.87 6.95 6.84 6.86 6231718 43955604.00
2022/01/12 6.86 6.93 6.86 6.93 4759774 33588740.00
2022/01/13 6.94 6.95 6.86 6.87 7207186 50880052.00
2022/01/14 6.88 6.90 6.74 6.74 8317700 57808248.00
2022/01/17 6.68 6.76 6.65 6.75 7117529 48824676.00
2022/01/18 6.73 6.86 6.72 6.80 8459231 58913480.00
2022/01/19 6.74 6.74 6.64 6.68 6996589 47811792.00
2022/01/20 6.79 6.79 6.59 6.59 5669940 38697380.00
2022/01/21 6.59 6.67 6.54 6.55 5573840 37617856.00
2022/01/24 6.53 6.59 6.46 6.51 4576351 30479364.00
2022/01/25 6.56 6.63 6.14 6.15 8232500 53333968.00
2022/01/26 6.15 6.24 6.12 6.20 4085938 25909208.00
2022/01/27 6.20 6.24 5.94 5.94 5435600 33715796.00
2022/01/28 5.89 6.12 5.89 6.04 5562297 34258292.00
2022/02/07 6.06 6.19 6.04 6.11 4189030 26276182.00
2022/02/08 6.11 6.19 6.05 6.19 3959000 24939338.00
2022/02/09 6.16 6.29 6.14 6.27 4425528 28349178.00
2022/02/10 6.24 6.31 6.22 6.29 4089950 26234712.00
2022/02/11 6.27 6.32 6.17 6.21 4384255 28035800.00
2022/02/14 6.16 6.24 6.10 6.23 3634459 23133344.00
2022/02/15 6.21 6.32 6.19 6.23 3262326 20899132.00
2022/02/16 6.28 6.36 6.23 6.33 5829662 37615040.00
2022/02/17 6.35 6.45 6.33 6.34 6283663 41052876.00
2022/02/18 6.30 6.39 6.25 6.38 4614576 29907996.00
2022/02/21 6.36 6.84 6.35 6.63 13783445 93569552.00
2022/02/22 6.54 6.62 6.48 6.54 7732654 51789992.00
2022/02/23 6.51 6.56 6.42 6.53 6928055 46021620.00
2022/02/24 6.46 6.50 6.24 6.29 7737441 50587156.00
2022/02/25 6.31 6.41 6.31 6.35 4769998 31096876.00
2022/02/28 6.37 6.37 6.21 6.32 3602727 23261218.00
2022/03/01 6.36 6.54 6.32 6.47 7574843 50220320.00
2022/03/02 6.46 6.52 6.40 6.50 4461179 29608880.00
2022/03/03 6.50 6.57 6.48 6.51 4590533 30650092.00
2022/03/04 6.52 6.56 6.46 6.47 4420110 29420348.00
2022/03/07 6.44 6.45 6.24 6.29 5130168 33292668.00
2022/03/08 6.29 6.42 6.11 6.13 5575973 35680640.00
2022/03/09 6.13 6.24 5.73 5.99 8122551 50132024.00
2022/03/10 6.09 6.37 6.08 6.30 9024930 57808492.00
2022/03/11 6.18 6.41 6.15 6.36 6344165 40782664.00
2022/03/14 6.27 6.33 6.11 6.12 5284855 33653988.00
2022/03/15 6.13 6.14 5.63 5.65 9521500 57189032.00
2022/03/16 5.72 5.77 5.36 5.67 8337292 47706296.00
2022/03/17 5.69 6.02 5.66 5.88 8383776 50533168.00
2022/03/18 5.93 5.99 5.84 5.97 4778858 29038644.00
2022/03/21 5.97 6.02 5.91 5.98 3833484 23498024.00
2022/03/22 5.97 6.01 5.90 5.95 3355580 20489498.00
2022/03/23 5.97 6.02 5.92 5.98 3744650 22973406.00
2022/03/24 5.93 5.94 5.84 5.86 3556263 21512002.00
2022/03/25 5.86 5.97 5.85 5.87 3783281 23003064.00
2022/03/28 5.84 5.86 5.68 5.84 3967341 23575050.00
2022/03/29 5.84 5.88 5.70 5.72 3580830 21217128.00
2022/03/30 5.76 5.83 5.72 5.82 3996732 23800054.00
2022/03/31 6.21 6.28 6.06 6.09 16530144 104238552.00
2022/04/01 6.01 6.44 6.01 6.17 16675585 107192960.00
2022/04/06 6.00 6.29 5.95 6.20 11410473 72127632.00
2022/04/07 6.20 6.33 6.09 6.14 9343009 59535308.00
2022/04/08 6.14 6.21 6.03 6.03 7229917 45161516.00
2022/04/11 6.02 6.05 5.76 5.80 6957272 42014152.00
2022/04/12 5.78 6.08 5.75 6.05 6640985 40430280.00
2022/04/13 6.02 6.16 5.96 6.07 7902594 49332012.00
2022/04/14 6.06 6.35 6.03 6.27 14634424 94047208.00
2022/04/15 6.22 6.32 6.06 6.13 10042440 63807464.00
2022/04/18 6.13 6.34 6.00 6.33 14284956 91699672.00
2022/04/19 6.27 6.37 6.26 6.30 9740990 62972400.00
2022/04/20 6.36 6.80 6.28 6.59 27881251 187275264.00
2022/04/21 6.49 7.00 6.46 6.80 44141054 304534720.00
2022/04/22 6.55 6.59 6.12 6.30 35548966 233519072.00
2022/04/25 6.06 6.15 5.65 5.65 23817118 143075568.00
2022/04/26 5.52 5.81 5.23 5.29 25006488 140130800.00
2022/04/27 5.19 5.30 4.90 5.23 20398303 107177264.00
2022/04/28 5.20 5.54 5.08 5.21 13864035 75466896.00
2022/04/29 5.28 5.72 5.27 5.60 23688425 134813296.00
2022/05/05 5.59 6.08 5.54 5.97 19863887 120146064.00
2022/05/06 5.86 6.10 5.75 5.92 17851382 109397168.00
2022/05/09 5.86 6.17 5.85 6.15 13582954 84457408.00
2022/05/10 6.08 6.33 6.06 6.33 14732796 93923544.00
2022/05/11 6.39 6.74 6.32 6.35 24847799 166106544.00
2022/05/12 6.34 6.67 6.28 6.54 16493972 110393792.00
2022/05/13 6.54 6.68 6.45 6.56 11246057 75281376.00
2022/05/16 6.56 6.62 6.46 6.56 11969930 80116288.00
2022/05/17 6.48 6.57 6.37 6.47 8928020 59087400.00
2022/05/18 6.51 6.59 6.39 6.43 7556220 50074540.00
2022/05/19 6.32 6.36 6.19 6.33 9768764 62867536.00
2022/05/20 6.26 6.98 6.26 6.98 29788628 210785536.00
2022/05/23 6.94 7.04 6.75 6.78 47649253 334412512.00
2022/05/24 6.79 6.82 6.43 6.43 29786929 201383136.00
2022/05/25 6.46 6.92 6.44 6.70 33070776 227959904.00
2022/05/26 6.62 6.79 6.53 6.63 22451213 152648400.00
2022/05/27 6.66 6.84 6.49 6.58 19275184 131096224.00
2022/05/30 6.62 6.89 6.62 6.82 30329751 210977264.00
2022/05/31 6.70 6.95 6.68 6.86 26613206 186613200.00
2022/06/01 6.82 7.14 6.78 6.90 25501376 181373248.00
2022/06/02 6.86 6.95 6.67 6.75 15798771 109399112.00
2022/06/06 6.65 6.72 6.53 6.64 16433117 111105632.00
2022/06/07 6.64 6.69 6.52 6.58 12887879 86992008.00
2022/06/08 6.55 6.59 6.32 6.54 15119687 100315568.00
2022/06/09 6.51 6.53 6.34 6.37 10732412 70496200.00
2022/06/10 6.48 6.72 6.39 6.55 16560612 111355928.00
2022/06/13 6.57 6.62 6.47 6.60 12717358 85293952.00
2022/06/14 6.53 7.28 6.53 7.28 53482875 393547744.00
2022/06/15 7.28 8.02 7.25 7.66 121166553 946645568.00
2022/06/16 7.40 7.59 7.12 7.20 69516112 516898496.00
2022/06/17 7.12 7.68 7.05 7.54 75868615 574765504.00
2022/06/20 7.50 7.59 7.29 7.56 56128626 427310048.00
2022/06/21 7.44 7.50 7.15 7.27 36446047 272112256.00
2022/06/22 7.27 7.29 6.99 7.02 25956819 188879920.00
2022/06/23 6.98 7.06 6.95 7.05 23670064 169857424.00
2022/06/24 7.05 7.33 6.99 7.18 33577964 246498944.00
2022/06/27 7.12 7.35 7.07 7.15 27856601 204882096.00
2022/06/28 7.15 7.22 7.02 7.09 22642868 163973760.00
2022/06/29 7.05 7.23 6.96 7.03 26133409 189584112.00
2022/06/30 7.03 7.75 7.03 7.37 56006634 426094496.00
2022/07/01 7.26 7.33 7.06 7.21 32217206 236810208.00
2022/07/04 7.11 7.26 7.06 7.26 21356006 156585712.00
2022/07/05 7.24 7.26 7.02 7.10 20720510 150709136.00
2022/07/06 7.04 7.07 6.66 6.73 26358343 183094224.00
2022/07/07 6.70 6.82 6.66 6.80 12991842 89745088.00
2022/07/08 6.80 6.92 6.76 6.90 12356104 86630680.00
2022/07/11 6.90 6.90 6.69 6.75 10054245 69472112.00
2022/07/12 6.77 6.81 6.53 6.53 12029872 81721656.00
2022/07/13 6.52 6.68 6.52 6.62 8112146 54914480.00
2022/07/14 6.62 6.66 6.55 6.56 8610554 58266248.00
2022/07/15 6.37 6.43 6.09 6.18 19052683 121885360.00
2022/07/18 6.19 6.30 6.16 6.30 9660048 61588964.00
2022/07/19 6.30 6.41 6.25 6.40 7038017 45706732.00
2022/07/20 6.39 6.52 6.37 6.46 8910132 58564020.00
2022/07/21 6.48 6.79 6.46 6.58 17218028 116667160.00
2022/07/22 6.55 6.62 6.37 6.45 11666043 77226896.00
2022/07/25 6.45 6.55 6.33 6.40 7568803 49504892.00
2022/07/26 6.41 6.57 6.40 6.48 11123100 73236768.00
2022/07/27 6.43 6.49 6.37 6.41 8554922 55996380.00
2022/07/28 6.46 7.06 6.39 6.84 50469288 354370624.00
2022/07/29 6.72 6.85 6.52 6.56 34129556 231226464.00
2022/08/01 6.56 6.67 6.47 6.56 17546587 117834160.00
2022/08/02 6.42 6.43 6.02 6.12 24791181 156369552.00
2022/08/03 6.10 6.27 6.05 6.10 11168032 70430680.00
2022/08/04 6.10 6.19 5.99 6.18 9547500 59572728.00
2022/08/05 6.13 6.24 6.13 6.24 6807790 42997640.00
2022/08/08 6.19 6.27 6.14 6.27 5552216 35293120.00
2022/08/09 6.26 6.30 6.21 6.28 5607300 35819368.00
2022/08/10 6.27 6.30 6.23 6.25 5581413 35654720.00
2022/08/11 6.27 6.40 6.26 6.37 9135788 59057496.00
2022/08/12 6.37 6.40 6.31 6.39 6755521 43901536.00
2022/08/15 6.36 6.40 6.32 6.37 4785233 31028228.00
2022/08/16 6.38 6.41 6.33 6.39 6642758 43181552.00
2022/08/17 6.37 6.42 6.35 6.42 6281341 40997008.00
2022/08/18 6.39 6.41 6.30 6.31 6753036 43640840.00
2022/08/19 6.30 6.40 6.28 6.30 5813800 37532296.00
2022/08/22 6.19 6.39 6.19 6.39 5977398 38577788.00
2022/08/23 6.38 6.47 6.34 6.40 6014626 39270808.00
2022/08/24 6.42 6.68 6.40 6.50 20217411 134729568.00
2022/08/25 6.52 6.62 6.42 6.54 12866188 85771216.00
2022/08/26 6.56 6.65 6.49 6.52 11519362 77218592.00
2022/08/29 6.41 6.70 6.34 6.62 12625831 84783624.00
2022/08/30 6.66 6.71 6.49 6.57 8504493 56931312.00
2022/08/31 6.58 6.60 6.42 6.47 11977592 79371928.00
2022/09/01 6.44 6.50 6.28 6.30 10425755 67882344.00
2022/09/02 6.31 6.35 6.19 6.26 8098085 51632924.00
2022/09/05 6.21 6.29 6.15 6.21 6881739 43554544.00
2022/09/06 6.22 6.32 6.20 6.31 6777416 43270504.00
2022/09/07 6.28 6.29 6.22 6.26 5873984 37437848.00
2022/09/08 6.22 6.29 6.17 6.18 5911594 37606480.00
2022/09/09 6.19 6.26 6.16 6.22 4868792 30899912.00
2022/09/13 6.24 6.35 6.23 6.30 7196107 46156720.00
2022/09/14 6.18 6.26 6.15 6.21 5190602 32852858.00
2022/09/15 6.21 6.35 6.12 6.19 8100986 51540912.00
2022/09/16 6.16 6.19 5.71 5.77 17863965 107440432.00
2022/09/19 5.76 5.87 5.62 5.84 8069372 47607424.00
2022/09/20 5.85 6.16 5.84 6.09 12986518 80114824.00
2022/09/21 6.10 6.10 5.93 6.04 6509204 39993700.00
2022/09/22 5.98 6.03 5.88 5.89 6652141 40399408.00
2022/09/23 5.90 6.05 5.88 5.90 7441951 45345672.00
2022/09/26 5.87 6.36 5.85 5.95 8856652 54377348.00
2022/09/27 5.94 6.20 5.87 6.12 11871367 73265440.00
2022/09/28 6.09 6.18 5.93 5.96 9239939 57169528.00
2022/09/29 6.02 6.06 5.76 5.80 8891837 53491292.00
2022/09/30 5.80 5.86 5.67 5.67 5898300 34611312.00
2022/10/10 5.68 5.75 5.37 5.40 8572162 48240872.00
2022/10/11 5.40 5.46 5.28 5.46 4555632 25084834.00
2022/10/12 5.43 5.54 5.29 5.54 5344012 29566536.00
2022/10/13 5.49 5.59 5.43 5.51 4600930 25992328.00
2022/10/14 5.55 5.95 5.55 5.73 10834353 63838496.00
2022/10/17 5.67 5.75 5.60 5.74 6135790 35666252.00
2022/10/18 5.74 5.79 5.68 5.69 4967919 29049220.00
2022/10/19 5.66 5.68 5.57 5.58 4922500 28264208.00
2022/10/20 5.53 5.81 5.52 5.61 6915433 40086680.00
2022/10/21 5.65 5.65 5.52 5.55 4697090 26721202.00
2022/10/24 5.56 5.58 5.35 5.41 5931425 33144796.00
2022/10/25 5.37 5.65 5.32 5.47 6185156 34602924.00
2022/10/26 5.47 5.57 5.43 5.51 5059621 28566576.00
2022/10/27 5.51 5.55 5.47 5.52 4208093 23722530.00
2022/10/28 5.49 5.56 5.40 5.40 6874183 38554144.00
2022/10/31 5.52 5.60 5.40 5.56 7354346 41660808.00
2022/11/01 5.56 6.01 5.56 5.75 10321743 60248400.00
2022/11/02 5.72 5.82 5.68 5.74 9526861 56046160.00
2022/11/03 5.68 5.78 5.63 5.77 5293129 30991154.00
2022/11/04 5.77 5.90 5.74 5.86 9638597 57719260.00
2022/11/07 5.83 5.91 5.76 5.88 5556631 33303264.00
2022/11/08 5.89 5.92 5.80 5.84 5481296 32765664.00
2022/11/09 5.84 5.89 5.82 5.86 4431227 26493080.00
2022/11/10 5.84 5.91 5.81 5.90 5807515 34892988.00
2022/11/11 5.95 6.01 5.92 5.97 7722043 47013196.00
2022/11/14 5.97 6.01 5.88 5.91 5488230 33360840.00
2022/11/15 5.96 6.02 5.89 6.00 6434193 39220400.00
2022/11/16 5.99 6.11 5.96 6.07 7623135 47147828.00
2022/11/17 6.04 6.11 6.01 6.05 5761576 35599920.00
2022/11/18 6.04 6.07 6.01 6.01 4955245 30526792.00
2022/11/21 6.00 6.01 5.84 5.88 6130030 36942584.00
2022/11/22 5.90 5.95 5.79 5.82 4923070 29531276.00
2022/11/23 5.81 5.86 5.74 5.80 4330214 25666828.00
2022/11/24 5.82 5.84 5.74 5.78 5564894 32897214.00
2022/11/25 5.78 5.83 5.71 5.82 5021437 29684484.00
2022/11/28 5.79 5.86 5.65 5.86 7992519 46975920.00
2022/11/29 5.90 6.01 5.87 5.97 8201048 49920280.00
2022/11/30 5.98 6.04 5.93 5.98 7082209 43293912.00
2022/12/01 6.07 6.21 6.03 6.05 12193913 76044832.00
2022/12/02 6.07 6.20 6.06 6.14 9627792 60370588.00
2022/12/05 6.21 6.26 6.15 6.18 8115005 51314216.00
2022/12/06 6.17 6.35 6.13 6.23 14630161 93509576.00
2022/12/07 6.18 6.30 6.13 6.26 10022562 63770824.00
2022/12/08 6.29 6.34 6.22 6.31 9279503 59585256.00
2022/12/09 6.31 6.42 6.18 6.35 14803127 95294576.00
2022/12/12 6.34 6.44 6.31 6.36 9866317 64257340.00
2022/12/13 6.36 6.43 6.26 6.40 8308380 54038116.00
2022/12/14 6.40 6.67 6.33 6.59 23428114 156407376.00
2022/12/15 6.54 6.70 6.43 6.48 22362889 148995840.00
2022/12/16 6.45 6.78 6.42 6.59 25793512 173595264.00
2022/12/19 6.61 6.64 6.37 6.43 15592421 102741576.00
2022/12/20 6.42 6.42 6.19 6.23 12582296 80417312.00
2022/12/21 6.27 6.44 6.25 6.34 12876599 83681496.00
2022/12/22 6.37 6.74 6.35 6.49 23956973 160192000.00
2022/12/23 6.39 6.59 6.37 6.49 17160284 113932008.00
2022/12/26 6.51 6.55 6.37 6.41 11925785 78456608.00
2022/12/27 6.45 6.72 6.38 6.57 24041594 160737840.00
2022/12/28 6.61 6.62 6.37 6.40 16902682 111310096.00
2022/12/29 6.35 6.44 6.19 6.33 13378030 86303448.00
2022/12/30 6.36 6.98 6.30 6.83 41733203 285071712.00
2023/01/03 6.87 7.08 6.60 6.76 43405543 301736000.00
2023/01/04 6.78 6.90 6.67 6.78 24704786 171369904.00
2023/01/05 6.78 6.92 6.70 6.81 26667932 185670976.00
2023/01/06 6.85 6.86 6.56 6.56 20290701 137493248.00
2023/01/09 6.54 6.73 6.47 6.67 15495924 104561648.00
2023/01/10 6.72 6.81 6.60 6.68 11050772 75362376.00
2023/01/11 6.71 6.72 6.45 6.47 11428041 76301296.00
2023/01/12 6.49 6.52 6.30 6.35 10663161 69355632.00
2023/01/13 6.39 6.53 6.34 6.47 8620389 56873528.00
2023/01/16 6.48 7.11 6.48 6.84 38593159 270563104.00
2023/01/17 6.80 7.04 6.76 6.99 27527972 193571696.00
2023/01/18 7.04 7.19 6.94 6.94 16957725 121192928.00
2023/01/19 7.01 7.01 6.79 6.90 10919051 76692560.00
2023/01/20 6.93 6.94 6.84 6.85 11587892 81288296.00
2023/01/30 6.88 7.01 6.82 6.91 14575781 102751208.00
2023/01/31 6.93 7.17 6.91 6.97 19519557 139956480.00
2023/02/01 7.01 7.39 6.98 7.26 25994798 191954752.00
2023/02/02 7.25 7.69 7.22 7.56 28067844 213624000.00
2023/02/03 7.48 7.59 7.35 7.56 18615312 141768768.00
2023/02/06 7.48 7.52 7.36 7.38 12077299 91166600.00
2023/02/07 7.41 7.42 7.18 7.26 12999286 96145536.00
2023/02/08 7.26 7.39 7.19 7.25 9338127 69275224.00
2023/02/09 7.23 7.41 7.20 7.32 11336414 84631936.00
2023/02/10 7.32 7.47 7.29 7.44 13151457 99121712.00
2023/02/13 7.45 7.66 7.42 7.59 13523909 104392896.00
2023/02/14 7.59 7.92 7.50 7.77 20663895 162439824.00
2023/02/15 7.78 7.99 7.76 7.79 19174164 153398064.00
2023/02/16 7.79 7.85 7.56 7.62 15735319 123861216.00
2023/02/17 7.64 7.85 7.58 7.60 10344000 80896384.00
2023/02/20 7.59 7.71 7.48 7.71 12062645 93379976.00
2023/02/21 7.71 7.77 7.60 7.67 9392230 73167328.00
2023/02/22 7.66 7.80 7.56 7.76 11249850 88293000.00
2023/02/23 7.77 7.81 7.62 7.69 8317376 65313336.00
2023/02/24 7.69 7.74 7.60 7.73 6872179 53559440.00
2023/02/27 7.71 7.75 7.56 7.65 6651792 51680064.00
2023/02/28 7.62 7.73 7.59 7.69 7246086 56333188.00
2023/03/01 7.64 7.68 7.58 7.65 7635342 59236776.00
2023/03/02 7.67 7.74 7.61 7.71 9458259 73852024.00
2023/03/03 7.67 7.73 7.50 7.56 10431130 80477184.00
2023/03/06 7.54 7.65 7.49 7.55 7076338 54361460.00
2023/03/07 7.57 7.57 7.33 7.33 10882613 82275080.00
2023/03/08 7.33 7.42 7.32 7.35 6404363 48054964.00
2023/03/09 7.43 7.43 7.22 7.36 6770625 50490420.00
2023/03/10 7.34 7.37 7.15 7.17 7387218 54449536.00
2023/03/13 7.18 7.30 7.15 7.28 6482650 47787832.00
2023/03/14 7.29 7.31 7.09 7.13 6040180 44120752.00
2023/03/15 7.19 7.21 7.09 7.12 6776743 49278268.00
2023/03/16 7.08 7.19 7.04 7.11 6459257 46873928.00
2023/03/17 7.16 7.21 7.08 7.10 5837156 42409788.00
2023/03/20 7.10 7.18 6.98 7.08 7081277 51098216.00
2023/03/21 7.08 7.34 7.04 7.31 7715622 56798284.00
2023/03/22 7.30 7.36 7.26 7.31 4992405 37134224.00
2023/03/23 7.28 7.35 7.25 7.30 4958044 36859632.00
2023/03/24 7.30 7.38 7.27 7.37 5399096 40314136.00
2023/03/27 7.35 7.38 7.20 7.28 5685610 42071464.00
2023/03/28 7.28 7.38 7.23 7.33 5135580 38230492.00
2023/03/29 7.28 7.42 7.22 7.39 6989660 52178508.00
2023/03/30 7.40 7.42 7.25 7.35 5628550 41997320.00
2023/03/31 7.38 7.52 7.31 7.47 8278968 62903168.00
2023/04/03 7.48 7.65 7.47 7.53 11099648 85458640.00
2023/04/04 7.53 7.84 7.49 7.77 15987305 125673272.00
2023/04/06 7.72 7.89 7.66 7.71 11075084 87389136.00
2023/04/07 7.71 7.79 7.63 7.66 7419966 58109636.00
2023/04/10 7.68 7.68 7.37 7.44 12426468 94530928.00
2023/04/11 7.44 7.52 7.21 7.27 8394884 62411096.00
2023/04/12 7.25 7.30 7.09 7.14 10164349 74164024.00
2023/04/13 7.15 7.25 7.12 7.18 5249060 38405276.00
2023/04/14 7.23 7.23 7.05 7.07 7300380 52763536.00
2023/04/17 7.05 7.15 7.05 7.07 7303300 52880600.00
2023/04/18 7.08 7.13 7.00 7.11 5352128 38596136.00
2023/04/19 7.12 7.15 7.05 7.12 5407327 39153068.00
2023/04/20 7.08 7.14 6.99 7.06 5091110 36493600.00
2023/04/21 7.02 7.13 6.82 6.83 9739408 68806592.00
2023/04/24 6.83 6.93 6.78 6.88 6944212 48482352.00
2023/04/25 6.88 6.96 6.72 6.89 6078337 42363192.00
2023/04/26 6.89 6.98 6.80 6.97 4484342 31584920.00
2023/04/27 6.96 7.05 6.94 7.01 4783240 34082120.00
2023/04/28 7.01 7.23 6.98 7.22 8847753 64449380.00
2023/05/04 7.10 7.32 7.04 7.32 12507332 92055504.00
2023/05/05 7.27 7.34 7.19 7.33 7925418 58620196.00
2023/05/08 7.31 7.37 7.25 7.28 6253554 46443008.00
2023/05/09 7.27 7.34 7.21 7.23 6143442 45404632.00
2023/05/10 7.23 7.23 7.12 7.15 6545190 47737664.00
2023/05/11 7.18 7.18 7.09 7.13 5454380 39616792.00
2023/05/12 7.17 7.44 7.12 7.33 13113025 97732080.00
2023/05/15 7.26 7.34 7.15 7.27 7829702 57618888.00
2023/05/16 7.25 7.30 7.17 7.20 4458143 32793980.00
2023/05/17 7.18 7.22 7.12 7.19 4667474 33996680.00
2023/05/18 7.17 7.23 7.09 7.13 4689127 34086924.00
2023/05/19 7.08 7.22 6.98 7.18 6811696 49442524.00
2023/05/22 7.18 7.36 7.12 7.36 9135686 67798440.00
2023/05/23 7.37 7.42 7.17 7.18 6086301 45003944.00
2023/05/24 7.15 7.15 6.96 6.99 6714030 48071848.00
2023/05/25 7.02 7.02 6.77 6.88 6515090 45710708.00
2023/05/26 6.87 6.90 6.73 6.87 5296596 36788864.00
2023/05/29 6.88 7.00 6.79 6.85 5200336 36464032.00
2023/05/30 6.85 6.85 6.69 6.77 4743730 32692236.00
2023/05/31 6.73 6.79 6.64 6.68 4299714 29393886.00
2023/06/01 6.65 6.89 6.62 6.83 7418991 51521428.00
2023/06/02 6.83 6.94 6.82 6.90 4006830 28143210.00
2023/06/05 6.90 6.92 6.82 6.87 3425080 23908986.00
2023/06/06 6.86 6.90 6.77 6.79 4093225 28547802.00
2023/06/07 6.75 6.89 6.73 6.87 4357316 30413532.00
2023/06/08 6.87 6.93 6.83 6.85 4520800 31657328.00
2023/06/09 6.85 6.97 6.83 6.97 6338351 44640128.00
2023/06/12 6.97 7.10 6.92 7.07 7472248 53538456.00
2023/06/13 7.07 7.27 7.04 7.23 9994060 73171664.00
2023/06/14 7.24 7.97 7.22 7.97 58649861 467722816.00
2023/06/15 7.87 7.87 7.51 7.53 48567375 376048992.00
2023/06/16 7.55 7.69 7.44 7.46 26634564 203127984.00
2023/06/19 7.53 7.55 7.28 7.31 18850601 140508160.00
2023/06/20 7.30 7.31 6.96 7.03 24346504 174428800.00
2023/06/21 6.98 7.03 6.86 6.88 13626674 95873216.00
2023/06/26 6.85 6.85 6.63 6.66 12598337 85838544.00
2023/06/27 6.70 6.80 6.64 6.79 12176567 83203400.00
2023/06/28 6.78 6.78 6.60 6.70 10410842 70544472.00
2023/06/29 6.68 6.74 6.66 6.72 7670551 52154428.00
2023/06/30 6.71 6.79 6.69 6.78 6621580 45393196.00
2023/07/03 6.78 6.92 6.75 6.90 12122374 84501584.00
2023/07/04 6.90 6.95 6.84 6.93 8823491 61623044.00
2023/07/05 6.92 6.92 6.82 6.84 6855267 47657224.00
2023/07/06 6.85 6.87 6.80 6.84 5031839 34879744.00
2023/07/07 6.79 6.87 6.78 6.79 4957500 34291152.00
2023/07/10 6.82 6.97 6.81 6.93 9975722 69903168.00
2023/07/11 6.90 6.98 6.89 6.95 6147484 43239712.00
2023/07/12 6.96 6.98 6.86 6.87 6778027 47615632.00
2023/07/13 6.91 7.05 6.90 7.04 10784427 76522936.00
2023/07/14 7.07 7.07 6.90 6.91 9575795 67511880.00
2023/07/17 6.86 6.86 6.70 6.84 8114912 55875032.00
2023/07/18 6.85 6.86 6.75 6.82 5053830 34865348.00
2023/07/19 6.81 6.86 6.77 6.85 4261300 29506194.00
2023/07/20 6.85 6.90 6.78 6.79 5431616 37703296.00
2023/07/21 6.78 6.94 6.77 6.92 9940219 69418904.00
2023/07/24 6.92 6.97 6.83 6.94 6585725 46192532.00
2023/07/25 6.99 7.08 6.99 7.05 10866290 77645360.00
2023/07/26 7.08 7.10 6.99 7.06 8882119 63429920.00
2023/07/27 7.08 7.12 7.03 7.05 8445781 60578364.00
2023/07/28 7.02 7.19 7.01 7.17 10369950 74992120.00
2023/07/31 7.20 7.35 7.20 7.30 14029363 103469048.00
2023/08/01 7.29 7.31 7.16 7.19 10654080 78104416.00
2023/08/02 7.14 7.24 7.10 7.16 5836779 42482712.00
2023/08/03 7.16 7.28 7.13 7.28 6930089 50738924.00
2023/08/04 7.31 7.34 7.21 7.22 6001605 44161112.00
2023/08/07 7.22 7.22 7.08 7.09 6941814 50166204.00
2023/08/08 7.08 7.20 7.03 7.12 6435086 46433168.00
2023/08/09 7.12 7.15 7.05 7.06 5216354 37465676.00
2023/08/10 7.02 7.09 7.00 7.07 5078798 36249808.00
2023/08/11 7.08 7.10 6.88 6.88 5857420 41379028.00
2023/08/14 6.79 6.87 6.74 6.85 5997398 41392836.00
2023/08/15 6.86 6.88 6.75 6.80 5294200 36515852.00
2023/08/16 6.78 6.82 6.74 6.75 3768910 25902962.00
2023/08/17 6.74 6.90 6.67 6.88 7190167 49736664.00
2023/08/18 6.86 6.91 6.68 6.69 8358235 57367712.00
2023/08/21 6.66 6.74 6.62 6.62 7053949 47659228.00
2023/08/22 6.62 6.68 6.52 6.65 8524656 57090628.00
2023/08/23 6.65 6.67 6.45 6.45 8677925 57699672.00
2023/08/24 6.46 6.65 6.39 6.59 8288254 54975184.00
2023/08/25 6.56 6.62 6.43 6.48 6050300 40095572.00
2023/08/28 6.73 6.80 6.53 6.57 8276441 55900060.00
2023/08/29 6.50 6.70 6.50 6.69 6320642 42589088.00
2023/08/30 6.69 6.73 6.64 6.69 4681289 31737784.00
2023/08/31 6.66 6.67 6.45 6.51 8743594 57906716.00
2023/09/01 6.52 6.64 6.52 6.60 9091661 60840828.00
2023/09/04 6.61 6.85 6.60 6.83 12099568 83194744.00
2023/09/05 6.81 6.81 6.71 6.73 6094156 41782516.00
2023/09/06 6.71 6.74 6.64 6.72 5484009 37248320.00
2023/09/07 6.73 6.73 6.60 6.60 5207113 35173060.00
2023/09/08 6.58 6.72 6.53 6.59 11226766 75314816.00
2023/09/11 6.56 6.76 6.50 6.75 11816748 79983072.00
2023/09/12 6.71 6.73 6.63 6.66 5136900 34807240.00
2023/09/13 6.61 7.10 6.60 6.85 35784819 250914768.00
2023/09/14 6.89 6.95 6.71 6.86 20738839 143754400.00
2023/09/15 6.80 6.84 6.68 6.72 12363607 84754576.00
2023/09/18 6.68 6.75 6.60 6.73 8631195 58618372.00
2023/09/19 6.70 6.72 6.61 6.64 6623280 44723416.00
2023/09/20 6.63 6.65 6.56 6.56 7113564 47681064.00
2023/09/21 6.57 6.63 6.45 6.47 8818453 58432356.00
2023/09/22 6.44 6.59 6.42 6.57 5508380 36474392.00
2023/09/25 6.52 6.57 6.46 6.49 4548905 30053908.00
2023/09/26 6.47 6.50 6.40 6.40 5349898 34926208.00
2023/09/27 6.39 6.46 6.38 6.44 3938967 25735598.00
2023/09/28 6.44 6.50 6.43 6.47 3681053 24170188.00
2023/10/09 6.46 6.51 6.40 6.41 5905024 38610452.00
2023/10/10 6.45 6.49 6.41 6.43 3707754 24246976.00
2023/10/11 6.44 6.44 6.36 6.36 3822160 24828640.00
2023/10/12 6.38 6.40 6.30 6.38 4658380 30002356.00
2023/10/13 6.36 6.36 6.17 6.20 8674997 55027072.00
2023/10/16 6.18 6.19 6.11 6.14 4816900 30024194.00
2023/10/17 6.13 6.16 6.08 6.13 3062733 19037878.00
2023/10/18 6.11 6.12 6.00 6.04 5224561 32078698.00
2023/10/19 6.03 6.09 5.96 5.97 5871695 35866876.00
2023/10/20 5.96 6.01 5.94 5.96 3511942 21326212.00
2023/10/23 5.92 5.98 5.79 5.82 7938530 47456960.00
2023/10/24 5.87 5.95 5.82 5.92 3745400 22474444.00
2023/10/25 5.94 6.11 5.94 6.09 6371887 39244420.00
2023/10/26 6.06 6.10 6.02 6.09 2974538 18329488.00
2023/10/27 6.11 6.19 6.06 6.18 3939783 24639152.00
2023/10/30 6.14 6.21 6.13 6.20 5630305 35336520.00
2023/10/31 6.16 6.21 6.12 6.15 3770026 23593914.00
2023/11/01 6.30 6.35 6.19 6.19 8577417 54392672.00
2023/11/02 6.15 6.21 6.11 6.11 5026123 31382586.00
2023/11/03 6.11 6.24 6.09 6.23 5658625 35702544.00
2023/11/06 6.24 6.30 6.20 6.30 4589643 29169236.00
2023/11/07 6.28 6.30 6.23 6.26 3928430 25004324.00
2023/11/08 6.26 6.29 6.21 6.24 3062925 19437952.00
2023/11/09 6.23 6.27 6.19 6.21 3147875 19882888.00
2023/11/10 6.23 6.24 6.16 6.23 3158227 19915434.00
2023/11/13 6.20 6.24 6.15 6.23 3977480 25043280.00
2023/11/14 6.24 6.29 6.22 6.27 4206189 26765390.00
2023/11/15 6.30 6.32 6.27 6.30 3191834 20414828.00
2023/11/16 6.31 6.31 6.25 6.26 2673360 17037118.00
2023/11/17 6.27 6.29 6.23 6.28 2386600 15177552.00
2023/11/20 6.27 6.64 6.26 6.46 13350468 87373456.00
2023/11/21 6.48 6.55 6.43 6.48 7730260 50796760.00
2023/11/22 6.47 6.61 6.44 6.56 9805358 65070368.00
2023/11/23 6.54 6.55 6.46 6.54 4724211 31210026.00
2023/11/24 6.53 6.69 6.49 6.67 14700300 98518336.00
2023/11/27 6.63 6.63 6.46 6.48 10180460 67213424.00
2023/11/28 6.47 6.54 6.43 6.52 5442284 35959920.00
2023/11/29 6.49 6.58 6.48 6.56 5067781 33645188.00
2023/11/30 6.53 6.62 6.51 6.60 5191200 34654212.00
2023/12/01 6.58 6.71 6.55 6.59 6192983 41594560.00
2023/12/04 6.59 6.61 6.54 6.57 4384907 29252256.00
2023/12/05 6.56 6.67 6.51 6.52 7933691 53141528.00
2023/12/06 6.50 6.61 6.48 6.58 5545185 36968388.00
2023/12/07 6.59 6.62 6.49 6.60 4951186 32952196.00
2023/12/08 6.60 6.62 6.48 6.51 6465500 42992660.00
2023/12/11 6.48 6.48 6.35 6.44 7389116 48056536.00
2023/12/12 6.45 6.53 6.42 6.53 4677731 30811266.00
2023/12/13 6.52 6.54 6.39 6.40 5900152 38649692.00
2023/12/14 6.44 6.50 6.41 6.44 5290979 34699036.00
2023/12/15 6.48 6.53 6.41 6.43 4256340 27923432.00
2023/12/18 6.41 6.43 6.28 6.31 5436045 34993632.00
2023/12/19 6.38 6.39 6.27 6.33 5272995 33867892.00
2023/12/20 6.32 6.33 6.21 6.23 5218415 33192196.00
2023/12/21 6.18 6.38 6.13 6.37 6535600 41868568.00
2023/12/22 6.34 6.34 6.16 6.19 5624400 35629684.00
2023/12/25 6.19 6.20 6.05 6.07 5216600 32329972.00
2023/12/26 6.10 6.11 5.92 5.95 4652026 28273816.00
2023/12/27 5.96 6.05 5.89 6.02 4844012 29386184.00
2023/12/28 6.00 6.18 5.97 6.16 5571692 34499784.00
2023/12/29 6.14 6.19 6.11 6.16 3895100 24351700.00
2024/01/02 6.15 6.20 6.09 6.16 4452285 27788198.00
2024/01/03 6.12 6.24 6.12 6.20 8184890 51432216.00
2024/01/04 6.19 6.19 6.10 6.14 4487620 28032574.00
2024/01/05 6.13 6.17 6.00 6.03 3921920 24204830.00
2024/01/08 6.02 6.03 5.92 5.93 3493518 21198964.00
2024/01/09 5.94 5.99 5.88 5.94 5719565 34453140.00
2024/01/10 5.89 6.06 5.85 5.99 5260337 31934408.00
2024/01/11 5.98 6.05 5.96 6.04 3954970 24194476.00
2024/01/12 6.04 6.12 6.02 6.02 3362000 20754994.00
2024/01/15 6.03 6.08 5.99 6.04 2701550 16603179.00
2024/01/16 6.09 6.09 5.96 6.04 4741600 29050620.00
2024/01/17 6.02 6.06 5.92 5.93 3823900 23278884.00
2024/01/18 5.88 5.92 5.66 5.90 10882559 63895676.00
2024/01/19 5.87 5.94 5.80 5.86 5005030 29930780.00
2024/01/22 5.85 5.87 5.44 5.49 7771390 44799352.00
2024/01/23 5.48 5.54 5.35 5.50 6140920 34130576.00
2024/01/24 5.49 5.70 5.46 5.69 7946760 45409764.00
2024/01/25 5.72 6.10 5.69 6.04 11031660 66525564.00
2024/01/26 5.97 6.17 5.97 6.17 11790442 73237376.00
2024/01/29 6.12 6.18 5.99 6.00 10228300 63036008.00
2024/01/30 5.97 5.98 5.65 5.67 8391773 49468032.00
2024/01/31 5.67 5.73 5.41 5.44 6343880 35855956.00
2024/02/01 5.37 5.40 5.10 5.18 8765815 46807096.00
2024/02/02 5.17 5.27 4.71 4.90 10043350 51365084.00
2024/02/05 4.85 4.85 4.40 4.40 13723853 63022800.00
2024/02/06 4.05 4.65 4.05 4.61 12881774 56952052.00
2024/02/07 4.62 4.67 4.42 4.46 10340428 48227968.00
2024/02/08 4.51 4.85 4.46 4.85 10956611 52167944.00
2024/02/19 4.85 5.02 4.80 4.87 12328618 61655372.00
2024/02/20 4.83 4.89 4.76 4.87 7015410 34431492.00
2024/02/21 4.83 5.17 4.79 5.06 13770219 70484816.00
2024/02/22 5.00 5.14 4.98 5.09 8186392 42265992.00
2024/02/23 5.07 5.13 5.03 5.12 9077646 47045596.00
2024/02/26 5.13 5.27 5.09 5.18 10683569 56378072.00
2024/02/27 5.14 5.28 5.11 5.27 8422373 44701144.00
2024/02/28 5.30 5.43 4.94 4.94 14781236 78466760.00
2024/02/29 4.95 5.44 4.92 5.44 25280162 138729568.00
2024/03/01 5.56 5.58 5.22 5.31 28647108 155758304.00
2024/03/04 5.29 5.35 5.11 5.18 16818404 88909536.00
2024/03/05 5.27 5.33 5.12 5.17 15586434 82979248.00
2024/03/06 5.10 5.23 5.07 5.19 9649420 50813144.00
2024/03/07 5.14 5.23 5.13 5.18 8546562 45060964.00
2024/03/08 5.17 5.70 5.16 5.46 25720028 142825472.00
2024/03/11 5.47 6.00 5.40 5.80 26787000 156053312.00
2024/03/12 5.78 6.13 5.65 5.86 26673374 159068432.00
2024/03/13 5.87 5.95 5.76 5.87 18332724 108822840.00
2024/03/14 5.86 6.03 5.83 5.94 13917781 83832632.00
2024/03/15 5.91 6.13 5.90 6.02 14516344 88997920.00
2024/03/18 6.03 6.06 5.84 5.96 14974751 90209704.00
2024/03/19 5.93 5.99 5.87 5.88 8933003 53821752.00
2024/03/20 5.87 5.91 5.80 5.87 7008533 41785436.00
2024/03/21 5.89 5.93 5.82 5.93 8022930 48053432.00
2024/03/22 5.93 6.20 5.80 6.12 22390442 138142672.00
2024/03/25 5.98 6.03 5.70 5.71 18380700 109257840.00
2024/03/26 5.67 6.00 5.67 5.81 10283483 60741452.00
2024/03/27 5.76 5.82 5.54 5.54 10184600 58758048.00
2024/03/28 5.51 5.67 5.50 5.55 8083182 45961880.00
2024/03/29 5.58 5.75 5.56 5.75 9515880 54943448.00
2024/04/01 5.72 5.80 5.69 5.80 9051600 53037856.00
2024/04/02 5.77 5.83 5.73 5.81 7859108 46328708.00
2024/04/03 5.83 5.93 5.79 5.91 9355000 55875448.00
2024/04/08 5.87 5.88 5.69 5.70 7525722 44066296.00
2024/04/09 5.69 5.82 5.69 5.78 4535859 26574114.00
2024/04/10 5.76 5.86 5.66 5.82 8947650 52477868.00
2024/04/11 5.78 5.95 5.73 5.80 7312380 43435152.00
2024/04/12 5.79 5.80 5.63 5.65 9228647 53475660.00
2024/04/15 5.55 5.62 5.34 5.45 8071850 45022744.00
2024/04/16 5.46 5.46 5.04 5.07 8384775 44101496.00
2024/04/17 5.13 5.30 5.13 5.30 6463012 34545104.00
2024/04/18 5.26 5.43 5.23 5.34 5384935 29255558.00
2024/04/19 5.31 5.37 5.25 5.27 4205994 22666208.00
2024/04/22 5.24 5.37 5.23 5.32 5204831 28189052.00
2024/04/23 5.30 5.39 5.29 5.32 4578609 24910808.00
2024/04/24 5.30 5.37 5.26 5.34 4620360 25018168.00
2024/04/25 5.32 5.37 5.29 5.34 4070618 22123740.00
2024/04/26 5.33 5.40 5.31 5.39 5319232 29081242.00
2024/04/29 5.33 5.51 5.32 5.49 6763646 37520344.00
2024/04/30 5.49 5.53 5.40 5.47 5102401 28413952.00
2024/05/06 5.50 5.62 5.48 5.62 6967083 39585348.00
2024/05/07 5.62 5.64 5.53 5.59 5104601 28967826.00
2024/05/08 5.60 5.61 5.50 5.51 4293000 24203168.00
2024/05/09 5.49 5.62 5.49 5.60 4708000 26778500.00
2024/05/10 5.61 5.71 5.57 5.58 6675084 38275584.00
2024/05/13 5.57 5.57 5.41 5.42 5087704 28227056.00
2024/05/14 5.41 5.52 5.40 5.50 3698313 20652896.00
2024/05/15 5.51 5.55 5.44 5.45 3219100 17986604.00
2024/05/16 5.51 5.55 5.45 5.51 3601200 20170616.00
2024/05/17 5.52 5.61 5.48 5.55 3623491 20420960.00
2024/05/20 5.55 5.64 5.53 5.60 4828284 27501300.00
2024/05/21 5.60 5.62 5.53 5.56 3122460 17666198.00
2024/05/22 5.54 5.57 5.52 5.55 2335222 13188141.00
2024/05/23 5.56 5.56 5.38 5.40 4354774 24208192.00
2024/05/24 5.40 5.45 5.34 5.35 2801270 15363136.00
2024/05/27 5.34 5.38 5.28 5.35 2951778 16025884.00
2024/05/28 5.36 5.36 5.29 5.29 1961000 10616492.00
2024/05/29 5.28 5.34 5.27 5.30 2206400 11930176.00
2024/05/30 5.36 5.36 5.21 5.24 2899920 15501811.00
2024/05/31 5.25 5.35 5.21 5.32 2640130 14221547.00
2024/06/03 5.32 5.34 5.10 5.15 5542113 29447872.00
2024/06/04 5.10 5.15 5.05 5.10 3863242 20076564.00
2024/06/05 5.09 5.12 5.03 5.03 2841050 14678840.00
2024/06/06 5.01 5.03 4.77 4.78 5654400 27961642.00
2024/06/07 4.83 5.02 4.80 5.00 5547963 27871918.00
2024/06/11 4.97 4.98 4.88 4.92 3072100 15417604.00
2024/06/12 4.92 4.99 4.90 4.95 2726952 13759466.00
2024/06/13 4.94 4.95 4.86 4.89 2340370 11682556.00
2024/06/14 4.91 4.94 4.87 4.90 2250812 11145986.00
2024/06/17 4.87 4.92 4.87 4.88 1881130 9293168.00
2024/06/18 4.87 4.90 4.86 4.89 2203560 10863977.00
2024/06/19 4.89 5.18 4.88 5.04 8981764 45770356.00
2024/06/20 5.00 5.32 4.96 5.22 10733901 55998884.00
2024/06/21 5.15 5.22 5.05 5.12 7575623 39193844.00
2024/06/24 5.05 5.06 4.75 4.76 7317400 35755008.00
2024/06/25 4.72 4.86 4.70 4.74 4217008 20339194.00
2024/06/26 4.70 4.83 4.66 4.81 3760261 17993842.00
2024/06/27 4.81 4.86 4.76 4.79 2914547 14155304.00
2024/06/28 4.77 4.83 4.74 4.75 2581116 12483102.00
2024/07/01 4.76 4.77 4.69 4.75 2854600 13642860.00
2024/07/02 4.74 4.88 4.71 4.79 3885916 18851246.00
2024/07/03 4.79 4.83 4.74 4.76 3202951 15491159.00
2024/07/04 4.75 4.79 4.57 4.60 4962470 23376756.00
2024/07/05 4.60 4.62 4.54 4.62 2153420 9985763.00
2024/07/08 4.60 4.62 4.40 4.42 3844539 17402630.00
2024/07/09 4.41 4.45 4.29 4.41 4358599 19303500.00
2024/07/10 4.34 4.40 4.25 4.26 4130319 18009168.00
2024/07/11 4.35 4.57 4.33 4.54 7148532 32331162.00
2024/07/12 4.54 4.56 4.46 4.51 2847940 12979898.00
2024/07/15 4.50 4.50 4.41 4.42 2312300 10380218.00
2024/07/16 4.42 4.48 4.40 4.44 2306169 10359419.00
2024/07/17 4.48 4.59 4.43 4.53 4507858 20603270.00
2024/07/18 4.52 4.52 4.43 4.49 3563070 16098297.00
2024/07/19 4.47 4.54 4.45 4.53 2953918 13430161.00
2024/07/22 4.52 4.54 4.46 4.51 2550800 11593141.00
2024/07/23 4.52 4.54 4.45 4.46 2389172 10864356.00
2024/07/24 4.42 4.48 4.32 4.33 3725401 16490798.00
2024/07/25 4.30 4.43 4.30 4.39 2193360 9713353.00
2024/07/26 4.41 4.48 4.37 4.45 2496920 11211044.00
2024/07/29 4.45 4.50 4.42 4.46 3039800 13744362.00
2024/07/30 4.45 4.56 4.42 4.54 3477100 15853264.00
2024/07/31 4.55 4.75 4.54 4.72 5159880 24457628.00
2024/08/01 4.71 4.76 4.67 4.73 3521100 16791782.00
2024/08/02 4.69 4.78 4.66 4.70 2674300 12783058.00
2024/08/05 4.69 4.80 4.65 4.68 3560559 17075822.00
2024/08/06 4.71 4.76 4.68 4.74 2535200 12082816.00
2024/08/07 4.75 4.75 4.67 4.70 2444200 11620635.00
2024/08/08 4.71 4.80 4.67 4.73 3739030 17854964.00
2024/08/09 4.75 4.78 4.70 4.70 2572800 12304229.00
2024/08/12 4.69 4.72 4.65 4.66 2146900 10146960.00
2024/08/13 4.68 4.68 4.58 4.65 1800827 8419148.00
2024/08/14 4.63 4.65 4.57 4.57 1918580 8924941.00
2024/08/15 4.59 4.65 4.56 4.61 2526200 11773822.00
2024/08/16 4.63 4.65 4.58 4.59 2152742 10014557.00
2024/08/19 4.60 4.63 4.53 4.53 2388300 11022274.00
2024/08/20 4.52 4.54 4.42 4.44 2449621 11066606.00
2024/08/21 4.44 4.45 4.36 4.38 1614450 7185843.50
2024/08/22 4.38 4.40 4.25 4.27 3543130 15415442.00
2024/08/23 4.27 4.29 4.18 4.19 2870710 12268294.00
2024/08/26 4.18 4.32 4.18 4.30 2849000 12311969.00
2024/08/27 4.29 4.34 4.25 4.27 2274141 9854199.00
2024/08/28 4.27 4.33 4.21 4.28 2205132 9530923.00
2024/08/29 4.26 4.37 4.25 4.35 2816346 12328152.00
2024/08/30 4.33 4.49 4.32 4.42 3374330 15078520.00
2024/09/02 4.41 4.44 4.35 4.35 2634354 11699993.00
2024/09/03 4.35 4.45 4.33 4.41 2919993 12997896.00
2024/09/04 4.39 4.42 4.31 4.32 2798889 12330446.00
2024/09/05 4.32 4.41 4.32 4.41 2220680 9833949.00
2024/09/06 4.40 4.41 4.36 4.37 1941900 8610813.00
2024/09/09 4.36 4.41 4.33 4.37 1453900 6441707.00
2024/09/10 4.39 4.47 4.36 4.43 3926220 17528318.00
2024/09/11 4.41 4.41 4.35 4.37 2136590 9449814.00
2024/09/12 4.37 4.45 4.37 4.42 2509500 11202092.00
2024/09/13 4.42 4.42 4.34 4.34 2130100 9411403.00
2024/09/18 4.34 4.34 4.22 4.31 2922201 12621974.00
2024/09/19 4.32 4.54 4.30 4.49 5507130 24860612.00
2024/09/20 4.49 4.54 4.45 4.52 3536105 16089320.00
2024/09/23 4.51 4.58 4.49 4.56 3892631 17892820.00
2024/09/24 4.56 4.67 4.53 4.67 4909080 22885976.00
2024/09/25 4.69 4.75 4.61 4.62 7501710 35541996.00
2024/09/26 4.61 4.94 4.60 4.94 12067729 58701604.00
2024/09/27 4.99 5.15 4.99 5.11 11229121 57457956.00
2024/09/30 5.14 5.58 5.14 5.53 23319680 126477328.00
2024/10/08 6.05 6.05 5.35 5.62 28142020 162640816.00
2024/10/09 5.52 5.52 5.05 5.06 15495789 81549680.00
2024/10/10 5.03 5.20 4.97 5.11 8610731 44322696.00
2024/10/11 5.07 5.17 5.01 5.04 7602436 38980764.00
2024/10/14 5.04 5.11 4.94 5.06 6584772 33418866.00
2024/10/15 5.02 5.11 4.98 5.02 6257209 31877934.00
2024/10/16 5.01 5.08 4.98 5.04 5233254 26603672.00
2024/10/17 5.05 5.09 4.92 4.94 5449220 27473348.00
2024/10/18 4.93 5.06 4.87 5.00 7731103 38711784.00
2024/10/21 5.01 5.05 4.94 4.97 8059322 40581696.00
2024/10/22 5.00 5.21 4.95 5.12 11089931 56978052.00
2024/10/23 5.12 5.17 5.06 5.10 8459496 43771900.00
2024/10/24 5.10 5.13 5.06 5.12 5830150 30009730.00
2024/10/25 5.10 5.34 5.09 5.33 10778121 56552656.00
2024/10/28 5.42 5.77 5.42 5.61 27869196 157956032.00
2024/10/29 5.63 5.68 5.36 5.36 14595012 80425880.00
2024/10/30 5.39 5.44 5.31 5.43 10297810 56014368.00
2024/10/31 5.37 5.44 5.35 5.42 9077749 49450516.00
2024/11/01 5.38 5.46 5.30 5.31 9337322 50531276.00
2024/11/04 5.35 5.44 5.25 5.33 12875918 69091632.00
2024/11/05 5.31 5.38 5.28 5.34 14948784 80597632.00
2024/11/06 5.35 5.41 5.27 5.37 15305094 82557728.00
2024/11/07 5.36 5.71 5.32 5.67 30434708 171985280.00
2024/11/08 5.66 5.66 5.47 5.53 21570400 120996880.00
2024/11/11 5.51 5.54 5.43 5.54 15642455 86483336.00
2024/11/12 5.54 5.59 5.45 5.49 12992340 72445168.00
2024/11/13 5.65 5.93 5.65 5.72 35594972 207219584.00
2024/11/14 5.65 5.69 5.51 5.51 17201808 96954904.00
2024/11/15 5.50 5.94 5.50 5.69 32730714 189231584.00
2024/11/18 5.68 6.05 5.50 5.88 41977792 246019296.00
2024/11/19 5.84 5.94 5.68 5.85 27424968 160347712.00
2024/11/20 5.81 6.33 5.68 6.19 45158400 276494464.00
2024/11/21 6.09 6.52 6.00 6.06 36038028 223264128.00
2024/11/22 6.04 6.19 5.71 5.76 26342160 158500528.00
2024/11/25 5.70 5.85 5.66 5.76 17522840 101204288.00
2024/11/26 5.77 5.92 5.70 5.70 15531546 91029408.00
2024/11/27 5.68 5.78 5.45 5.73 17671920 100010656.00
2024/11/28 5.71 5.88 5.67 5.83 15359361 90044720.00
2024/11/29 5.85 5.96 5.81 5.89 15302570 90814792.00
2024/12/02 5.88 6.02 5.83 6.00 15730307 94263760.00
2024/12/03 6.00 6.13 5.93 6.05 17317500 105365168.00
2024/12/04 6.04 6.27 5.98 6.03 22220534 136947184.00
2024/12/05 6.00 6.04 5.93 6.01 11362530 68579704.00
2024/12/06 6.00 6.05 5.92 6.01 12134001 73276920.00
2024/12/09 6.02 6.06 5.88 5.95 12315537 74205496.00
2024/12/10 6.12 6.16 5.95 5.96 17786028 108360832.00
2024/12/11 6.06 6.56 6.04 6.56 43902016 285272992.00
2024/12/12 6.64 7.22 6.44 7.22 105132960 735852736.00
2024/12/13 7.10 7.90 6.85 7.11 110947864 806104064.00
2024/12/16 7.03 7.42 6.94 7.27 78772040 571275648.00
2024/12/17 7.15 7.15 6.66 6.75 59888336 414486016.00
2024/12/18 6.82 6.92 6.54 6.71 37866072 254883296.00
2024/12/19 6.66 6.77 6.28 6.35 35581104 229847424.00
2024/12/20 6.33 6.52 6.31 6.35 22737796 146988912.00
2024/12/23 6.35 6.37 5.71 5.75 34840248 209441728.00
2024/12/24 5.78 5.82 5.56 5.77 20350726 116995944.00
2024/12/25 5.75 5.76 5.44 5.55 17826804 99817888.00
2024/12/26 5.55 5.69 5.54 5.62 12678914 72074544.00
2024/12/27 5.62 5.80 5.57 5.77 15111684 87327920.00
2024/12/30 5.74 5.74 5.52 5.54 15131768 84960736.00
2024/12/31 5.56 6.00 5.55 5.65 27822480 161946496.00
2025/01/02 5.59 5.91 5.54 5.75 27245660 158249600.00
2025/01/03 5.74 5.82 5.26 5.31 24583934 135115840.00
2025/01/06 5.15 5.23 4.94 5.05 20162232 102936744.00
2025/01/07 5.03 5.22 5.01 5.22 12492632 64264784.00
2025/01/08 5.18 5.24 5.05 5.20 10755869 55997160.00
2025/01/09 5.17 5.26 5.14 5.19 7474100 39300968.00
2025/01/10 5.19 5.20 5.05 5.05 8053188 41656092.00
2025/01/13 5.01 5.07 4.86 5.05 8623595 43330640.00
2025/01/14 5.04 5.24 5.04 5.24 10706325 55946892.00
2025/01/15 5.23 5.36 5.15 5.31 11028213 58796484.00
2025/01/16 5.34 5.55 5.33 5.39 12199949 66969584.00
2025/01/17 5.43 5.48 5.33 5.37 9105800 49445572.00
2025/01/20 5.40 5.51 5.27 5.46 9702500 53224464.00
2025/01/21 5.46 5.50 5.32 5.35 7756600 42113940.00
2025/01/22 5.36 5.38 5.22 5.24 6632439 35259696.00
2025/01/23 5.29 5.37 5.22 5.22 5891966 31473780.00
2025/01/24 5.20 5.21 5.12 5.19 7002100 36561544.00
2025/01/27 5.21 5.31 5.16 5.16 6215860 32833690.00
2025/02/05 5.21 5.21 5.07 5.09 10940700 56437264.00
2025/02/06 5.10 5.17 5.07 5.17 9870263 51131480.00
2025/02/07 5.16 5.35 5.16 5.30 12813580 68165296.00
2025/02/10 5.29 5.41 5.27 5.41 10925553 58979916.00
2025/02/11 5.43 5.44 5.30 5.35 10181050 54910296.00
2025/02/12 5.32 5.35 5.26 5.34 10127020 54193248.00
2025/02/13 5.34 5.43 5.32 5.36 12318961 66985400.00
2025/02/14 5.32 5.35 5.27 5.29 11511560 61647288.00
2025/02/17 5.29 5.40 5.26 5.39 12264753 66123312.00
2025/02/18 5.39 5.40 5.23 5.24 10877284 58169688.00
2025/02/19 5.24 5.27 5.21 5.26 8642100 45671964.00
2025/02/20 5.23 5.28 5.22 5.23 7072782 37486652.00
2025/02/21 5.23 5.24 5.11 5.16 11820153 61773572.00
2025/02/24 5.15 5.25 5.14 5.20 10391100 54562300.00
2025/02/25 5.15 5.21 5.12 5.12 8304676 43191136.00
2025/02/26 5.13 5.19 5.11 5.19 8199617 42741336.00
2025/02/27 5.18 5.28 5.18 5.27 14721790 77849896.00
2025/02/28 5.25 5.32 5.18 5.21 15454479 82123280.00
2025/03/03 5.23 5.29 5.13 5.15 14274819 74976776.00
2025/03/04 5.13 5.16 5.10 5.16 7041673 36501252.00
2025/03/05 5.14 5.16 5.08 5.13 7256397 37423388.00
2025/03/06 5.13 5.18 5.10 5.16 8188691 42581032.00
2025/03/07 5.15 5.19 5.12 5.14 8029028 41742516.00
2025/03/10 5.14 5.17 5.11 5.15 5700140 29581158.00
2025/03/11 5.11 5.20 5.09 5.20 9027112 47067416.00
2025/03/12 5.19 5.26 5.16 5.19 8763966 46006720.00
2025/03/13 5.19 5.20 5.10 5.15 9253953 48068692.00
2025/03/14 5.14 5.34 5.12 5.34 24193572 129050656.00
2025/03/17 5.38 5.41 5.30 5.35 14571619 78744080.00
2025/03/18 5.38 5.38 5.29 5.33 10332460 55361924.00
2025/03/19 5.31 5.35 5.28 5.31 8618446 46148540.00
2025/03/20 5.29 5.34 5.28 5.32 8549583 45844604.00
2025/03/21 5.30 5.38 5.29 5.35 12476401 67217728.00
2025/03/24 5.35 5.36 5.13 5.21 13932730 73588104.00
2025/03/25 5.21 5.26 5.16 5.24 7352210 38684440.00
2025/03/26 5.23 5.36 5.21 5.35 11349038 60958068.00
2025/03/27 5.35 5.38 5.30 5.32 8395500 45196732.00
2025/03/28 5.31 5.32 5.20 5.22 8366500 44366236.00
2025/03/31 5.23 5.26 5.14 5.26 12347800 64799576.00
2025/04/01 5.30 5.42 5.25 5.37 16489389 89241416.00
2025/04/02 5.35 5.60 5.35 5.47 20617696 113870520.00
2025/04/03 5.40 5.58 5.39 5.50 17843100 99010336.00
2025/04/07 5.36 5.44 4.95 4.95 24005892 124219416.00
2025/04/08 5.02 5.18 4.95 5.04 19439100 99529992.00
2025/04/09 4.95 5.21 4.67 5.19 22115126 110623656.00
2025/04/10 5.22 5.47 5.15 5.38 19531852 104998640.00
2025/04/11 5.34 5.43 5.28 5.32 15394000 83182784.00
2025/04/14 5.33 5.42 5.33 5.41 12404420 67443560.00
2025/04/15 5.41 5.47 5.34 5.41 11056407 60304576.00
2025/04/16 5.38 5.43 5.22 5.37 12015400 64732312.00
2025/04/17 5.33 5.55 5.29 5.53 19686100 108874040.00
2025/04/18 5.52 5.52 5.37 5.41 12794744 70117936.00
2025/04/21 5.39 5.48 5.36 5.42 10948950 59985900.00
2025/04/22 5.41 5.49 5.40 5.47 10935930 60114820.00
2025/04/23 5.47 5.49 5.36 5.39 10970480 59950616.00
2025/04/24 5.39 5.43 5.33 5.39 9998693 54319620.00
2025/04/25 5.39 5.69 5.35 5.51 25217820 140889520.00
2025/04/28 5.45 5.50 5.18 5.21 26179556 138954656.00
2025/04/29 5.15 5.43 5.08 5.29 20033540 106266944.00
2025/04/30 5.28 5.42 5.22 5.24 13813900 73993808.00
2025/05/06 5.26 5.35 5.26 5.30 10166730 54354224.00
2025/05/07 5.33 5.43 5.31 5.36 10276063 55483744.00
2025/05/08 5.34 5.49 5.29 5.45 16114550 88359720.00
2025/05/09 5.45 5.74 5.38 5.61 34184448 192135856.00
2025/05/12 5.61 5.85 5.52 5.75 43068720 246848272.00
2025/05/13 5.73 5.80 5.65 5.68 26779320 154264464.00
2025/05/14 5.70 5.70 5.54 5.62 19177032 108134984.00
2025/05/15 5.62 5.78 5.56 5.66 19528836 111587792.00
2025/05/16 5.65 5.68 5.54 5.56 15242600 85783896.00
2025/05/19 5.54 5.73 5.52 5.70 17466092 99597904.00
2025/05/20 5.70 5.81 5.64 5.75 18079330 104704912.00
2025/05/21 5.71 6.14 5.71 5.93 47993240 288215168.00
2025/05/22 5.92 6.08 5.77 5.99 38610520 230934288.00
2025/05/23 5.93 6.23 5.89 5.94 43069580 263394720.00
2025/05/26 5.91 6.38 5.90 6.22 50134760 312619744.00
2025/05/27 6.40 6.85 6.26 6.85 54505136 363792160.00
2025/05/28 7.05 7.27 6.55 6.63 120555248 833887616.00
2025/05/29 6.48 6.51 6.16 6.27 82443120 521589056.00
2025/05/30 6.20 6.23 5.94 5.94 57109620 347170752.00
2025/06/03 5.92 5.96 5.84 5.91 33325548 198254976.00
2025/06/04 5.91 5.98 5.88 5.94 29128460 173967344.00
2025/06/05 5.94 5.95 5.78 5.82 34789592 205075152.00
2025/06/06 5.80 5.87 5.76 5.79 20444720 119667760.00
2025/06/09 5.78 6.08 5.76 6.01 47534652 285667296.00
2025/06/10 5.97 6.00 5.76 5.85 29440416 174455568.00
2025/06/11 5.85 5.88 5.82 5.84 13972750 82397200.00
2025/06/12 5.84 5.85 5.68 5.73 23520712 136411456.00
2025/06/13 5.73 5.73 5.55 5.56 17687624 100225216.00
2025/06/16 5.53 5.63 5.49 5.62 15659890 88133432.00
2025/06/17 5.63 5.78 5.61 5.64 19529184 111729928.00
2025/06/18 5.67 5.76 5.55 5.56 18013550 102351392.00
2025/06/19 5.52 5.55 5.40 5.42 16298785 89814592.00
2025/06/20 5.43 5.49 5.42 5.42 9972927 54919184.00
2025/06/23 5.44 5.50 5.37 5.49 9014563 49580172.00
2025/06/24 5.49 5.57 5.48 5.56 12670714 70863128.00
2025/06/25 5.55 5.60 5.52 5.57 12093547 67750424.00
2025/06/26 5.55 5.58 5.52 5.53 10611300 59416936.00
2025/06/27 5.53 5.60 5.52 5.56 11706631 65755676.00
2025/06/30 5.56 5.64 5.54 5.61 10805452 60961908.00
2025/07/01 5.59 5.60 5.54 5.58 9391251 52804408.00
2025/07/02 5.58 5.60 5.56 5.59 9011374 50752060.00
2025/07/03 5.59 5.61 5.58 5.60 8948910 50533880.00
2025/07/04 5.60 5.61 5.55 5.56 9218020 51793080.00
2025/07/07 5.56 5.60 5.53 5.59 6727736 37832500.00
2025/07/08 5.58 5.61 5.56 5.61 11351986 64015160.00
2025/07/09 5.61 5.65 5.59 5.61 11515900 65418284.00
2025/07/10 5.60 5.65 5.59 5.63 11296578 64044344.00
2025/07/11 5.64 5.67 5.61 5.66 10753720 60672168.00
2025/07/14 5.64 5.70 5.63 5.70 11212605 63663180.00
2025/07/15 5.68 5.69 5.53 5.56 17065114 95161912.00
2025/07/16 5.54 5.60 5.54 5.59 8728162 48655588.00
2025/07/17 5.59 5.71 5.59 5.68 19074080 108193056.00
2025/07/18 5.67 5.68 5.63 5.66 10236650 57804656.00
2025/07/21 5.65 5.70 5.64 5.70 12695285 72146824.00
2025/07/22 5.69 5.73 5.65 5.72 13972404 79479008.00
2025/07/23 5.72 5.74 5.67 5.69 12894654 73545616.00
2025/07/24 5.69 5.76 5.66 5.76 12541005 71757168.00
2025/07/25 5.76 5.77 5.72 5.74 10869144 62458272.00
2025/07/28 5.74 5.76 5.72 5.74 9226066 52892104.00
2025/07/29 5.72 5.77 5.66 5.70 10053170 57357404.00
2025/07/30 5.68 5.72 5.65 5.70 10489140 59681256.00
2025/07/31 5.69 5.71 5.56 5.59 12368100 69581352.00
2025/08/01 5.62 5.64 5.57 5.63 7289912 40917616.00
2025/08/04 5.60 5.64 5.54 5.63 6037811 33831672.00
2025/08/05 5.63 5.95 5.63 5.85 41689408 242816896.00
2025/08/06 5.84 5.88 5.75 5.79 21047004 121746520.00
2025/08/07 5.79 5.83 5.74 5.81 15078240 87115664.00
2025/08/08 5.81 5.83 5.73 5.76 11871575 68359352.00
2025/08/11 5.75 5.79 5.74 5.77 11852359 68364496.00
2025/08/12 5.77 5.79 5.74 5.75 9839910 56689968.00
2025/08/13 5.77 5.77 5.71 5.74 11994030 68736400.00
2025/08/14 5.74 5.77 5.65 5.66 12464230 71216624.00
2025/08/15 5.65 5.69 5.63 5.68 9605132 54412672.00
2025/08/18 5.69 5.73 5.66 5.72 11926985 68057952.00
2025/08/19 5.72 5.86 5.70 5.81 25033908 145251408.00
2025/08/20 5.80 6.03 5.76 6.00 46384884 275680992.00
2025/08/21 6.03 6.03 5.88 5.89 26252028 155385872.00
2025/08/22 5.90 5.91 5.80 5.86 17974754 104800768.00
2025/08/25 5.86 6.08 5.83 6.00 33627100 200150752.00
2025/08/26 5.98 6.04 5.91 5.99 24868928 149073824.00
2025/08/27 5.97 5.98 5.83 5.84 18942360 112002112.00
2025/08/28 5.85 5.91 5.64 5.79 19704396 113937024.00
2025/08/29 5.80 6.01 5.79 5.90 24214540 142930880.00
2025/09/01 5.92 6.00 5.80 5.95 22428380 133112832.00
2025/09/02 5.93 6.02 5.85 5.89 21082340 124941464.00
2025/09/03 5.94 6.23 5.75 5.78 34452392 205045312.00
2025/09/04 5.78 5.90 5.74 5.86 25944404 151509168.00
2025/09/05 5.86 5.86 5.67 5.83 20848408 120017144.00
2025/09/08 5.81 5.94 5.80 5.89 16135581 94741912.00
2025/09/09 5.88 5.88 5.75 5.81 12438304 72390256.00
2025/09/10 5.81 5.87 5.77 5.82 10181546 59346412.00
2025/09/11 5.84 5.85 5.73 5.85 14345815 82891272.00
2025/09/12 5.83 5.90 5.79 5.80 14791395 86200984.00
2025/09/15 5.80 5.84 5.75 5.79 9172120 53105644.00
2025/09/16 5.81 5.85 5.79 5.85 12489920 72778568.00
2025/09/17 5.83 5.85 5.78 5.82 10282579 59671060.00
2025/09/18 5.81 5.82 5.68 5.71 15195899 87639232.00
2025/09/19 5.70 5.72 5.62 5.68 11604372 65649148.00
2025/09/22 5.68 5.68 5.52 5.55 10839001 60433344.00
2025/09/23 5.55 5.55 5.32 5.44 14072186 76077904.00
2025/09/24 5.44 5.50 5.40 5.50 6433398 35246748.00
2025/09/25 5.49 5.51 5.41 5.44 6331284 34515672.00
2025/09/26 5.44 5.50 5.39 5.46 6906301 37732848.00
2025/09/29 5.47 5.49 5.36 5.46 8696682 47355064.00
2025/09/30 5.48 5.49 5.44 5.45 5833133 31820186.00
2025/10/09 5.42 5.44 5.32 5.37 10846367 58143812.00
2025/10/10 5.37 5.46 5.35 5.44 9170698 49799952.00
2025/10/13 5.35 5.40 5.26 5.39 9214668 49343960.00
2025/10/14 5.41 5.52 5.40 5.50 13169133 72153864.00
2025/10/15 5.50 5.57 5.45 5.52 10432090 57504564.00
2025/10/16 5.51 5.56 5.48 5.54 10161177 56137220.00
2025/10/17 5.51 5.56 5.48 5.51 9543720 52610804.00
2025/10/20 5.54 5.64 5.47 5.64 14904946 82986424.00
2025/10/21 5.61 5.77 5.59 5.77 15334260 87250800.00
2025/10/22 5.75 5.83 5.73 5.76 13560586 78361792.00
2025/10/23 5.79 5.93 5.77 5.87 21134656 123896768.00
2025/10/24 5.85 5.86 5.74 5.74 13509481 78149936.00
2025/10/27 5.74 5.78 5.67 5.73 10062875 57612192.00
2025/10/28 5.74 5.77 5.71 5.75 7855960 45090984.00
2025/10/29 5.74 5.75 5.63 5.69 10494666 59488620.00
2025/10/30 5.69 5.73 5.63 5.64 6737768 38272608.00
2025/10/31 5.65 5.72 5.64 5.71 9008210 51249576.00
2025/11/03 5.71 5.78 5.69 5.76 9088097 52134920.00
2025/11/04 5.76 5.78 5.70 5.76 6124250 35150748.00
2025/11/05 5.72 5.81 5.71 5.80 8656874 50008500.00
2025/11/06 5.79 5.79 5.75 5.77 8071964 46503920.00
2025/11/07 5.76 5.81 5.74 5.77 7916800 45669788.00
2025/11/10 5.78 5.90 5.74 5.90 14026916 82155336.00
2025/11/11 5.91 5.93 5.86 5.92 11483055 67773344.00
2025/11/12 5.91 5.95 5.88 5.91 8070389 47718244.00
2025/11/13 5.91 5.95 5.84 5.94 9009933 53216832.00
2025/11/14 5.93 5.99 5.90 5.92 8799849 52252760.00
2025/11/17 5.90 5.94 5.87 5.92 7241330 42778184.00
2025/11/18 5.90 5.97 5.81 5.88 10705741 62791872.00
2025/11/19 5.87 5.90 5.75 5.79 9682930 56058876.00
2025/11/20 5.83 5.83 5.65 5.72 10345426 59142692.00
2025/11/21 5.71 5.79 5.47 5.50 14186292 79373264.00
2025/11/24 5.53 5.62 5.51 5.57 9552222 53075712.00
2025/11/25 5.58 5.61 5.53 5.59 6901150 38522176.00
2025/11/26 5.59 5.68 5.55 5.58 8777330 49250112.00
2025/11/27 5.60 5.65 5.55 5.59 7980354 44684148.00
2025/11/28 5.59 5.66 5.54 5.65 7902552 44339560.00
2025/12/01 5.64 5.72 5.63 5.68 8828987 50131752.00
2025/12/02 5.68 5.69 5.60 5.68 7200112 40743320.00
2025/12/03 5.66 5.69 5.59 5.66 7802887 43993292.00
2025/12/04 5.65 5.66 5.48 5.50 11218290 62123424.00
2025/12/05 5.51 5.60 5.46 5.60 8914515 49310628.00
2025/12/08 5.60 5.62 5.51 5.53 11974260 66481856.00
2025/12/09 5.53 5.53 5.42 5.46 10549346 57725556.00
2025/12/10 5.45 5.53 5.41 5.46 13668645 74784264.00
2025/12/11 5.44 5.45 5.29 5.30 14194316 75756904.00
2025/12/12 5.32 5.37 5.24 5.27 10584417 56059440.00
2025/12/15 5.24 5.35 5.23 5.29 9923656 52611156.00
2025/12/16 5.29 5.38 5.25 5.27 8800508 46571272.00
2025/12/17 5.25 5.28 5.17 5.26 10094517 52826008.00
2025/12/18 5.23 5.36 5.23 5.33 10031550 53438152.00
2025/12/19 5.33 5.48 5.30 5.46 12936928 69981456.00
2025/12/22 5.44 5.49 5.42 5.48 9536532 52145216.00
2025/12/23 5.49 5.49 5.34 5.36 8617319 46422516.00
2025/12/24 5.38 5.38 5.31 5.35 12140600 64758480.00
2025/12/25 5.34 5.46 5.33 5.39 8926218 48034660.00
2025/12/26 5.37 5.44 5.36 5.42 7712766 41750916.00
2025/12/29 5.40 5.43 5.34 5.36 9364380 50257080.00
2025/12/30 5.36 5.44 5.35 5.38 7657650 41274192.00
2025/12/31 5.37 5.39 5.30 5.36 9141902 48859556.00
2026/01/05 5.35 5.38 5.32 5.38 12546564 67218816.00
2026/01/06 5.36 5.42 5.35 5.41 12374307 66664632.00
2026/01/07 5.41 5.43 5.36 5.39 8988810 48433724.00
2026/01/08 5.38 5.42 5.35 5.39 12261980 66031752.00
2026/01/09 5.40 5.43 5.36 5.41 10629229 57353408.00
2026/01/12 5.42 5.49 5.41 5.49 15102426 82498328.00
2026/01/13 5.50 5.55 5.44 5.45 13790412 75836464.00
2026/01/14 5.47 5.54 5.41 5.48 13372800 73397200.00
2026/01/15 5.46 5.54 5.44 5.54 13475401 73969976.00
2026/01/16 5.54 5.57 5.46 5.47 9633956 53103832.00
2026/01/19 5.45 5.61 5.45 5.57 11856971 66023324.00
2026/01/20 5.58 5.66 5.56 5.62 14205387 79862480.00
2026/01/21 5.64 5.64 5.53 5.61 10395150 57945020.00
2026/01/22 5.61 5.69 5.58 5.68 11445734 64783784.00
2026/01/23 5.68 5.72 5.64 5.67 7943560 45006272.00
2026/01/26 5.68 5.72 5.60 5.68 10554039 59601812.00
2026/01/27 5.65 5.66 5.51 5.63 8181530 45660808.00
2026/01/28 5.63 5.64 5.57 5.57 9077401 50853420.00
2026/01/29 5.57 6.00 5.56 5.95 51730304 301473856.00
2026/01/30 5.80 5.82 5.58 5.64 40314024 227317088.00
2026/02/02 5.59 5.77 5.55 5.59 23496800 132821736.00
2026/02/03 5.58 5.71 5.57 5.61 18268616 102485584.00
2026/02/04 5.59 5.78 5.56 5.73 23175280 132109072.00
2026/02/05 5.73 5.80 5.70 5.76 18336896 105501008.00
2026/02/06 5.73 5.77 5.62 5.64 14740480 83806560.00
2026/02/09 5.66 5.70 5.61 5.68 13669506 77366352.00
2026/02/10 5.66 5.70 5.59 5.66 11586530 65304592.00
2026/02/11 5.65 5.66 5.59 5.60 8921336 50186280.00
2026/02/12 5.60 5.63 5.47 5.48 13652620 75362872.00
2026/02/13 5.49 5.55 5.43 5.44 7758323 42534588.00
2026/02/24 5.45 5.51 5.45 5.47 7753120 42462728.00
2026/02/25 5.46 5.55 5.46 5.51 10623982 58641680.00
#鑒앴윱都:繫댐斤
