688489 Ш§ЮДаХАВ ШеЯп ЧАИДШЈ
      ШеЦк	    ПЊХЬ	    зюИп	    зюЕЭ	    ЪеХЬ	    ГЩНЛСП	    ГЩНЛЖю
2022/12/02 85.55 88.59 78.83 80.14 13182309 1632805632.00
2022/12/05 81.83 84.19 77.16 82.64 7795167 946762880.00
2022/12/06 81.84 84.45 78.45 82.90 5423580 658037824.00
2022/12/07 82.64 87.83 80.48 80.48 4079648 514613856.00
2022/12/08 79.75 81.40 75.08 75.08 2869126 334097600.00
2022/12/09 74.39 77.91 73.74 75.80 2794263 317110144.00
2022/12/12 76.43 79.01 75.63 78.84 2144640 248734288.00
2022/12/13 78.92 78.92 74.52 75.67 1714752 194531440.00
2022/12/14 75.78 76.87 74.16 74.47 1009246 113424976.00
2022/12/15 73.78 76.15 71.41 75.51 1564147 173187376.00
2022/12/16 74.40 74.93 71.63 71.69 1141270 123983000.00
2022/12/19 70.41 73.65 68.25 68.98 866429 90948800.00
2022/12/20 72.20 72.27 66.74 67.64 1170688 120688752.00
2022/12/21 66.29 68.26 65.69 66.63 1129501 112994664.00
2022/12/22 67.03 68.83 66.35 66.83 740229 74525224.00
2022/12/23 66.26 70.48 66.23 69.24 777035 80100504.00
2022/12/26 68.65 70.89 68.01 68.92 877311 90514192.00
2022/12/27 68.65 69.74 66.02 67.04 999585 100631288.00
2022/12/28 66.29 66.61 62.58 62.75 1593755 152808016.00
2022/12/29 62.57 67.90 62.42 67.02 1648118 160989776.00
2022/12/30 66.96 70.68 66.29 67.86 1267123 128473896.00
2023/01/03 67.84 79.60 67.06 76.19 2384922 264598880.00
2023/01/04 77.49 80.38 75.95 78.97 1661241 193340016.00
2023/01/05 78.21 80.61 77.47 79.99 988507 116613448.00
2023/01/06 79.49 81.14 76.42 78.42 1113562 130096976.00
2023/01/09 77.92 80.48 77.10 80.17 1062150 125135584.00
2023/01/10 79.63 81.49 78.86 80.15 828470 99185760.00
2023/01/11 79.22 80.15 75.75 75.75 931053 107975168.00
2023/01/12 77.10 78.79 74.65 76.76 880641 100465616.00
2023/01/13 76.42 76.42 72.96 75.07 723484 80326120.00
2023/01/16 76.76 86.86 76.76 80.40 1801891 221566976.00
2023/01/17 80.82 82.40 79.27 80.80 823123 99079184.00
2023/01/18 81.15 87.15 79.54 85.26 1359107 171377424.00
2023/01/19 85.88 87.36 83.26 84.34 1291911 164137904.00
2023/01/20 85.21 85.49 80.26 80.43 1086470 132873752.00
2023/01/30 81.83 82.84 79.19 79.50 981981 118631512.00
2023/01/31 79.44 80.92 77.07 77.84 764859 89435328.00
2023/02/01 77.78 82.30 77.62 81.31 1234803 147469040.00
2023/02/02 80.81 83.59 80.01 81.55 777758 94834776.00
2023/02/03 80.56 86.55 80.56 85.42 1300053 163035888.00
2023/02/06 84.63 88.10 84.11 86.76 965581 123020136.00
2023/02/07 86.66 86.66 81.32 82.51 1004171 124430128.00
2023/02/08 82.51 83.90 81.33 82.60 465552 57347648.00
2023/02/09 82.61 88.92 81.08 87.56 1079201 137756000.00
2023/02/10 87.42 89.94 84.18 85.19 1065318 137425680.00
2023/02/13 84.26 84.57 81.49 82.44 1243285 153216896.00
2023/02/14 82.28 83.65 81.83 82.61 699628 86101936.00
2023/02/15 82.61 86.85 81.36 86.01 1060843 133445576.00
2023/02/16 85.38 85.50 79.74 81.01 1373260 169025696.00
2023/02/17 79.89 80.63 77.36 78.79 889911 105252544.00
2023/02/20 78.80 80.99 76.42 80.82 815522 95547192.00
2023/02/21 80.44 81.84 77.94 79.23 518685 61639256.00
2023/02/22 77.91 81.83 77.91 79.81 503027 59776232.00
2023/02/23 80.14 81.15 78.82 80.94 323879 38840824.00
2023/02/24 81.65 86.09 80.88 84.55 972370 122036400.00
2023/02/27 85.07 86.90 82.68 83.88 578158 72491744.00
2023/02/28 85.59 87.78 82.51 83.28 855197 107972408.00
2023/03/01 82.86 84.51 79.80 80.16 1083769 132422120.00
2023/03/02 79.67 80.40 77.64 79.80 715492 84231080.00
2023/03/03 79.11 80.59 78.05 78.45 568485 66892072.00
2023/03/06 78.82 80.82 77.34 80.04 790816 93193968.00
2023/03/07 79.31 81.02 77.84 78.55 558490 66141636.00
2023/03/08 79.04 81.57 78.65 81.19 482076 57827808.00
2023/03/09 80.18 84.19 79.36 82.49 578076 70535096.00
2023/03/10 81.55 86.01 80.48 83.69 806040 100405032.00
2023/03/13 82.93 85.17 81.41 83.79 875285 108962824.00
2023/03/14 83.67 84.33 80.04 81.24 957162 115988704.00
2023/03/15 80.94 82.37 79.40 79.64 546886 65797084.00
2023/03/16 79.25 80.12 77.50 77.71 502354 58914936.00
2023/03/17 78.21 80.74 78.21 79.05 541081 64094936.00
2023/03/20 78.65 78.79 70.38 70.72 1967511 216877024.00
2023/03/21 70.05 75.79 69.49 74.80 1154906 126278704.00
2023/03/22 74.79 74.99 73.08 74.32 694406 76755560.00
2023/03/23 73.64 74.69 72.33 73.65 495212 54266292.00
2023/03/24 73.42 77.30 73.01 76.42 663865 74873200.00
2023/03/27 76.36 78.11 71.74 72.37 1060724 116403832.00
2023/03/28 74.47 77.77 72.49 74.84 1526783 170296544.00
2023/03/29 74.36 76.65 72.38 73.17 699143 77302264.00
2023/03/30 74.40 76.27 72.99 74.23 800998 89134304.00
2023/03/31 73.40 73.92 70.37 73.29 661574 71382848.00
2023/04/03 74.40 81.50 74.40 78.86 1980335 231552912.00
2023/04/04 79.26 83.52 77.13 80.01 1747540 209777168.00
2023/04/06 79.08 85.60 79.08 83.16 2242486 278948736.00
2023/04/07 83.87 93.99 81.30 91.64 2768339 362427168.00
2023/04/10 92.84 95.99 85.40 87.50 2504076 337496256.00
2023/04/11 87.41 97.38 85.21 95.08 2616301 354853600.00
2023/04/12 93.32 95.61 90.61 93.32 2574219 355785280.00
2023/04/13 93.37 104.13 93.32 98.11 2832387 414428288.00
2023/04/14 98.26 102.09 88.69 95.51 2938042 414857664.00
2023/04/17 98.38 101.21 91.74 93.11 3368037 481630560.00
2023/04/18 89.96 92.30 85.55 88.46 2464973 324027584.00
2023/04/19 88.49 89.60 87.10 87.78 1314872 173229888.00
2023/04/20 87.10 90.65 86.74 90.19 1543863 203560000.00
2023/04/21 89.26 89.27 81.24 81.26 1662178 209381424.00
2023/04/24 80.63 82.07 77.79 79.30 1094030 129931944.00
2023/04/25 79.30 82.33 77.30 77.46 1154703 136710528.00
2023/04/26 77.20 80.46 76.01 76.67 1082852 125907440.00
2023/04/27 76.67 78.18 72.37 73.37 1236436 138081328.00
2023/04/28 73.72 74.67 71.57 72.69 1616695 175098992.00
2023/05/04 72.37 73.00 68.71 70.13 1141423 119542456.00
2023/05/05 70.34 75.53 68.61 74.94 1572196 169974432.00
2023/05/08 73.88 77.01 73.47 74.44 785359 87934528.00
2023/05/09 74.94 76.67 73.82 74.23 821596 92385696.00
2023/05/10 74.23 75.34 70.42 70.80 864813 92477152.00
2023/05/11 71.12 74.74 71.12 72.97 733617 79963424.00
2023/05/12 72.37 73.13 70.97 71.40 311265 33295664.00
2023/05/15 71.63 73.25 70.42 73.18 459279 49056592.00
2023/05/16 73.09 73.09 69.59 70.16 729055 51741992.00
2023/05/17 70.16 72.19 69.96 70.29 510709 36248784.00
2023/05/18 70.28 72.34 69.89 71.87 744123 53248596.00
2023/05/19 72.41 74.16 71.67 72.96 697349 51216808.00
2023/05/22 72.29 74.39 71.68 73.99 701734 51578176.00
2023/05/23 74.40 75.49 71.58 71.58 687593 50314240.00
2023/05/24 71.58 72.82 69.93 71.50 667243 47832168.00
2023/05/25 72.57 73.67 70.73 72.35 762356 55086656.00
2023/05/26 72.28 74.98 71.80 73.58 1010153 74595120.00
2023/05/29 73.19 74.35 72.47 74.07 795546 58712012.00
2023/05/30 73.42 74.17 71.40 73.30 1214744 88754368.00
2023/05/31 73.80 77.47 73.80 77.30 1987752 151595376.00
2023/06/01 76.69 77.83 75.19 76.57 1726635 132420208.00
2023/06/02 76.57 77.74 75.29 76.66 1443534 110906936.00
2023/06/05 77.55 77.55 75.09 76.44 1356035 104052360.00
2023/06/06 76.69 77.02 74.20 74.59 1087489 82541368.00
2023/06/07 74.77 75.90 73.29 75.05 772420 58053084.00
2023/06/08 74.59 74.59 71.69 72.64 1123141 82089472.00
2023/06/09 72.64 73.82 71.69 73.57 774208 56775152.00
2023/06/12 73.05 73.49 70.49 70.69 1374078 98975704.00
2023/06/13 70.69 72.05 69.76 71.13 950581 67861272.00
2023/06/14 71.38 71.41 66.35 66.44 2605379 178478960.00
2023/06/15 66.29 67.09 63.98 64.48 2273539 148432784.00
2023/06/16 64.48 65.49 63.70 65.09 1245058 81020808.00
2023/06/19 65.19 68.18 64.62 67.54 1764106 118017648.00
2023/06/20 69.63 70.27 65.35 65.87 3123256 210540384.00
2023/06/21 65.21 66.91 61.91 65.87 3635334 235086528.00
2023/06/26 65.69 66.07 60.70 60.72 2272213 142638976.00
2023/06/27 61.19 62.89 60.35 62.07 1485547 92312208.00
2023/06/28 61.85 62.95 59.79 62.10 1214920 74838088.00
2023/06/29 61.82 62.92 60.89 62.43 988561 61681048.00
2023/06/30 62.20 63.58 61.19 62.94 1152223 72463312.00
2023/07/03 63.57 67.55 62.25 66.59 2661709 176086416.00
2023/07/04 65.92 69.29 65.81 67.79 1870498 126935016.00
2023/07/05 67.91 68.49 64.81 66.03 1536415 102995904.00
2023/07/06 65.49 66.24 63.54 63.82 2476613 160942352.00
2023/07/07 63.51 63.58 59.31 60.24 2776169 168277328.00
2023/07/10 60.49 60.83 58.90 59.04 1452781 87215112.00
2023/07/11 59.69 59.89 58.97 59.33 774293 46151836.00
2023/07/12 59.26 59.26 56.58 56.60 1665344 96160864.00
2023/07/13 56.68 58.14 56.27 57.20 1267535 72903224.00
2023/07/14 57.22 63.18 57.22 61.59 3551223 218182096.00
2023/07/17 62.60 63.67 59.67 60.35 2550677 157276432.00
2023/07/18 59.96 60.37 58.54 58.57 1313949 78164304.00
2023/07/19 58.19 59.09 57.68 58.19 638156 37416144.00
2023/07/20 58.25 58.37 56.37 56.40 900642 51670320.00
2023/07/21 56.35 56.69 54.50 54.99 1190825 66156784.00
2023/07/24 55.27 55.68 54.03 54.49 1148491 63394616.00
2023/07/25 55.02 56.55 54.24 56.43 1022036 57154364.00
2023/07/26 56.39 56.43 54.97 55.40 672300 37435784.00
2023/07/27 55.65 55.91 53.58 53.83 1143722 62726992.00
2023/07/28 53.68 55.86 53.57 54.83 1224498 67761168.00
2023/07/31 55.13 55.92 54.54 55.31 842387 46858012.00
2023/08/01 55.53 56.25 54.84 55.21 648177 36141104.00
2023/08/02 54.55 55.39 54.19 54.97 717489 39512200.00
2023/08/03 54.89 55.23 54.14 54.69 457735 25142884.00
2023/08/04 54.54 56.87 54.54 55.77 1450722 81779528.00
2023/08/07 56.49 57.26 55.70 57.12 1298273 73849480.00
2023/08/08 57.37 61.09 57.19 59.63 3669229 220262080.00
2023/08/09 59.48 63.07 59.16 59.30 3196774 196645056.00
2023/08/10 59.38 59.62 58.09 59.24 1451330 85796448.00
2023/08/11 58.89 61.06 58.89 58.98 1522078 91716800.00
2023/08/14 58.27 62.18 58.19 61.85 2563608 157109920.00
2023/08/15 61.83 61.85 58.71 59.14 1668468 100401176.00
2023/08/16 59.37 59.57 55.56 55.63 1784606 102015664.00
2023/08/17 55.44 57.32 54.28 56.41 1390941 78409752.00
2023/08/18 56.41 60.04 56.29 58.19 2454845 145618576.00
2023/08/21 58.07 59.23 56.02 56.31 1586931 92099664.00
2023/08/22 57.12 58.70 54.88 57.69 1969258 113207696.00
2023/08/23 57.87 60.62 57.20 58.13 3548390 210175824.00
2023/08/24 58.74 59.10 54.02 55.64 3101722 173903952.00
2023/08/25 53.59 53.69 47.19 48.05 4453808 224770368.00
2023/08/28 51.29 51.39 47.16 48.80 2766842 135688752.00
2023/08/29 48.27 51.93 47.77 51.48 2460327 124633048.00
2023/08/30 51.42 54.80 51.42 54.50 2913550 156900672.00
2023/08/31 54.55 58.34 52.74 56.87 4120528 232760352.00
2023/09/01 56.69 56.69 52.69 53.35 3564209 193157616.00
2023/09/04 52.89 53.46 51.60 52.46 2104457 110291296.00
2023/09/05 52.43 52.88 51.69 51.93 1513609 79363256.00
2023/09/06 52.08 53.17 51.19 53.09 1456459 76956240.00
2023/09/07 52.74 53.39 51.47 51.48 1104652 58146552.00
2023/09/08 50.86 52.39 50.86 51.61 929321 48325256.00
2023/09/11 51.49 53.19 50.85 52.47 1198209 62926272.00
2023/09/12 52.69 52.69 51.37 51.76 871756 45596696.00
2023/09/13 51.40 52.03 49.99 50.64 869348 44326648.00
2023/09/14 50.48 50.48 49.29 49.77 603872 30280872.00
2023/09/15 49.99 50.39 48.72 49.10 733012 36457340.00
2023/09/18 48.69 49.74 48.29 48.48 670402 32984060.00
2023/09/19 48.97 48.97 46.35 46.49 1343518 63401372.00
2023/09/20 46.46 47.07 45.73 45.78 775895 36292808.00
2023/09/21 46.04 46.04 44.91 45.68 796234 36484836.00
2023/09/22 45.69 47.79 45.19 47.54 1450503 68602720.00
2023/09/25 47.69 47.69 45.95 46.54 1165251 54499096.00
2023/09/26 46.69 47.46 45.99 46.64 912550 42935736.00
2023/09/27 46.64 46.92 45.89 46.09 670402 31275776.00
2023/09/28 46.07 47.01 46.07 46.29 684459 32093012.00
2023/10/09 46.28 46.78 45.40 45.66 857831 39669140.00
2023/10/10 45.89 46.58 45.45 45.61 674577 31119146.00
2023/10/11 45.69 46.91 45.23 45.87 1031933 47960224.00
2023/10/12 46.38 46.77 45.71 46.25 905160 42109256.00
2023/10/13 46.03 46.03 45.01 45.29 928244 42419844.00
2023/10/16 45.50 45.50 43.76 44.19 912307 40822592.00
2023/10/17 44.40 44.86 43.69 44.47 634196 28260668.00
2023/10/18 44.57 44.57 43.03 43.25 827275 36191536.00
2023/10/19 42.69 44.78 42.67 43.19 961290 42509428.00
2023/10/20 42.69 43.78 42.33 42.40 697696 30013906.00
2023/10/23 42.20 42.20 40.23 41.18 1580910 65387324.00
2023/10/24 41.46 43.30 40.99 42.70 1344116 57459012.00
2023/10/25 43.24 44.46 42.24 44.09 1452336 64276256.00
2023/10/26 43.40 44.09 42.32 43.41 894031 38735384.00
2023/10/27 44.98 46.99 44.65 46.70 2641670 122539280.00
2023/10/30 47.28 50.35 46.27 49.51 2385484 116102784.00
2023/10/31 50.25 50.39 48.89 49.28 1427927 71381120.00
2023/11/01 49.18 49.69 47.52 47.76 1258164 61121436.00
2023/11/02 47.57 48.63 46.27 46.33 884812 41992376.00
2023/11/03 46.09 48.59 46.09 47.55 1079270 51977636.00
2023/11/06 47.89 50.52 47.89 49.80 1910839 95709672.00
2023/11/07 49.69 51.57 49.20 50.85 1675329 85569136.00
2023/11/08 51.36 52.10 50.07 50.93 1434741 73790544.00
2023/11/09 50.89 51.69 49.67 51.44 1477122 75441672.00
2023/11/10 50.67 51.04 49.81 49.94 770242 38962424.00
2023/11/13 49.94 51.20 49.54 49.97 760625 38443252.00
2023/11/14 50.94 53.53 50.89 52.48 2968896 156392608.00
2023/11/15 53.43 53.90 51.00 51.60 1604412 84208976.00
2023/11/16 51.48 54.07 50.57 51.58 2878735 151026864.00
2023/11/17 51.35 52.19 49.98 51.09 1528846 78225680.00
2023/11/20 51.20 51.55 50.44 51.16 1034445 53059672.00
2023/11/21 51.21 51.47 49.35 49.35 1397421 70369808.00
2023/11/22 48.74 50.54 48.74 49.09 983599 49267568.00
2023/11/23 49.29 49.49 47.90 48.90 1122501 54984736.00
2023/11/24 48.49 48.89 46.56 46.64 1481488 70388608.00
2023/11/27 46.57 47.68 46.29 46.89 1042064 49388248.00
2023/11/28 46.71 47.95 46.39 46.98 1212854 57421392.00
2023/11/29 46.61 47.69 46.49 46.80 921242 43725712.00
2023/11/30 46.99 47.45 45.94 46.38 720163 33727948.00
2023/12/01 46.39 47.41 45.98 46.84 887104 41736956.00
2023/12/04 47.22 51.09 47.19 50.79 2623908 130892152.00
2023/12/05 50.80 51.02 49.02 49.68 1946463 97853528.00
2023/12/06 49.37 49.84 48.30 49.19 1304848 64246360.00
2023/12/07 49.20 50.28 48.71 50.02 1651714 82695104.00
2023/12/08 49.99 50.67 49.49 50.24 1456547 73463016.00
2023/12/11 49.78 52.74 49.30 52.24 1869627 96077096.00
2023/12/12 52.69 52.69 50.94 51.41 1087989 56426064.00
2023/12/13 51.42 51.69 49.61 49.69 1447106 73396864.00
2023/12/14 50.33 50.39 48.99 49.23 1360024 67927576.00
2023/12/15 49.12 49.67 48.27 49.10 610837 30049848.00
2023/12/18 49.10 49.18 47.46 47.82 685620 33335916.00
2023/12/19 47.87 48.49 46.79 47.25 799982 38314940.00
2023/12/20 47.49 47.58 46.12 46.24 839829 39696784.00
2023/12/21 46.29 47.15 45.21 46.63 874926 40699552.00
2023/12/22 46.59 46.96 44.70 45.16 1001191 46073784.00
2023/12/25 45.16 45.89 44.49 44.60 753068 34220616.00
2023/12/26 44.62 44.67 43.03 43.34 727628 31977068.00
2023/12/27 43.31 44.30 43.31 43.82 595813 26334956.00
2023/12/28 43.72 46.52 43.50 45.93 1008309 45996000.00
2023/12/29 45.78 47.34 45.69 46.71 1094787 51549152.00
2024/01/02 46.76 47.27 45.55 46.61 978452 45651372.00
2024/01/03 46.50 47.42 45.59 45.76 1211729 56171904.00
2024/01/04 45.69 46.19 45.00 45.14 965535 44181464.00
2024/01/05 44.98 45.81 43.32 43.63 1058644 47306300.00
2024/01/08 43.54 43.54 42.38 42.56 891239 38554828.00
2024/01/09 42.65 43.33 42.06 42.50 746439 32076276.00
2024/01/10 42.16 42.69 41.02 41.06 954093 39847504.00
2024/01/11 41.14 42.99 40.46 42.59 1154790 49059204.00
2024/01/12 42.46 42.95 41.79 42.11 630587 26964112.00
2024/01/15 42.11 42.44 41.24 41.33 632764 26558228.00
2024/01/16 41.29 41.45 40.27 41.38 748971 30763124.00
2024/01/17 41.05 41.38 39.78 39.78 685887 28002712.00
2024/01/18 39.69 40.32 38.74 40.29 914009 36280400.00
2024/01/19 39.98 40.62 39.28 39.34 658162 26509948.00
2024/01/22 39.34 39.67 36.55 36.81 893004 34251200.00
2024/01/23 36.75 37.95 36.10 37.48 948747 35382244.00
2024/01/24 38.04 38.04 35.69 37.19 1024860 38001224.00
2024/01/25 37.02 38.84 36.49 38.69 1030150 39613552.00
2024/01/26 38.57 38.90 37.24 37.55 787894 30293720.00
2024/01/29 38.08 38.24 35.81 36.00 769479 28636612.00
2024/01/30 35.91 36.47 35.09 35.10 709820 25626454.00
2024/01/31 34.95 35.68 32.91 32.91 776362 26583924.00
2024/02/01 32.69 33.55 31.94 32.60 750252 24760702.00
2024/02/02 32.61 33.23 30.08 31.19 1143637 36470500.00
2024/02/05 30.69 30.69 25.69 26.71 2009300 55563628.00
2024/02/06 26.19 28.29 24.19 26.80 2183438 57954004.00
2024/02/07 26.79 28.88 25.69 26.68 2240235 62161916.00
2024/02/08 26.57 31.05 26.05 30.72 2382317 68594104.00
2024/02/19 30.86 32.43 30.29 31.59 1893957 60252352.00
2024/02/20 31.59 31.64 30.61 31.44 827381 26069918.00
2024/02/21 31.00 33.58 30.90 32.57 1479481 48826232.00
2024/02/22 32.19 33.56 32.19 33.39 1020935 34108144.00
2024/02/23 33.66 35.47 33.34 35.16 1392948 48260456.00
2024/02/26 35.36 36.09 34.49 35.11 1424026 50521244.00
2024/02/27 35.57 38.51 35.14 37.79 2130974 78650152.00
2024/02/28 35.99 36.86 32.57 32.69 3517547 125436880.00
2024/02/29 31.69 34.16 31.69 33.74 1854558 62449452.00
2024/03/01 33.77 34.64 33.14 34.15 2470855 84583432.00
2024/03/04 34.70 34.74 33.44 33.74 1922142 65723084.00
2024/03/05 33.74 34.04 32.79 33.28 1248127 42134056.00
2024/03/06 33.19 33.89 32.79 33.44 907264 30515692.00
2024/03/07 33.41 34.04 32.24 32.28 1226346 40963108.00
2024/03/08 32.39 32.95 31.93 32.78 865802 28387948.00
2024/03/11 32.69 33.46 32.40 33.44 876554 29126922.00
2024/03/12 33.85 34.51 33.50 34.29 1531497 52605328.00
2024/03/13 34.12 35.55 34.12 34.97 1689749 59555964.00
2024/03/14 34.85 35.06 33.37 34.05 1298650 44704408.00
2024/03/15 33.87 34.10 33.19 34.07 1104727 37474568.00
2024/03/18 33.93 34.84 33.79 34.82 1148473 39811328.00
2024/03/19 34.85 36.32 34.69 35.44 1791159 63953208.00
2024/03/20 35.39 36.54 35.39 36.45 1537333 55922832.00
2024/03/21 36.69 37.39 35.80 36.49 1679818 61836480.00
2024/03/22 36.42 36.80 35.50 35.84 1357167 49055380.00
2024/03/25 35.30 36.11 33.88 34.04 996803 35231024.00
2024/03/26 33.96 34.54 33.19 33.96 933831 31990886.00
2024/03/27 32.83 33.94 31.59 31.59 1101127 36113632.00
2024/03/28 31.56 32.96 31.25 32.29 855054 27950548.00
2024/03/29 32.52 32.59 31.69 32.44 801314 26018260.00
2024/04/01 32.64 33.97 32.64 33.62 906559 30494788.00
2024/04/02 33.45 33.78 32.75 33.67 832818 28055346.00
2024/04/03 33.41 33.41 32.25 32.37 842915 27726412.00
2024/04/08 32.37 32.37 30.61 30.72 833455 26353744.00
2024/04/09 31.11 31.58 30.69 31.38 340705 10740059.00
2024/04/10 31.17 31.65 29.69 30.20 645271 19825008.00
2024/04/11 30.08 30.99 29.61 29.83 496528 15191602.00
2024/04/12 29.87 30.38 29.35 29.99 611139 18435380.00
2024/04/15 29.79 30.37 28.35 28.93 923286 27156270.00
2024/04/16 28.54 28.54 26.29 26.35 1033025 28293124.00
2024/04/17 26.81 28.30 26.81 28.24 1129898 31777220.00
2024/04/18 28.16 29.26 27.84 28.79 667074 19306236.00
2024/04/19 28.69 28.78 27.84 28.13 460009 13148984.00
2024/04/22 28.29 28.39 26.19 28.09 618180 17242468.00
2024/04/23 27.68 28.68 27.68 28.25 509464 14571189.00
2024/04/24 28.24 32.50 27.79 30.90 2247472 69083704.00
2024/04/25 30.90 30.99 30.08 30.62 826451 25516556.00
2024/04/26 30.62 36.19 29.82 33.17 3634810 120615288.00
2024/04/29 34.48 34.48 32.70 33.74 2742720 93160120.00
2024/04/30 33.49 35.19 33.19 33.76 1726382 59227680.00
2024/05/06 32.69 33.67 31.35 32.56 2845120 92919976.00
2024/05/07 32.34 32.59 31.54 32.14 1932466 62405804.00
2024/05/08 32.30 32.30 30.55 30.62 1101737 34595996.00
2024/05/09 30.96 31.37 30.69 31.10 938606 29501404.00
2024/05/10 31.35 31.39 30.02 30.04 961703 29558864.00
2024/05/13 29.83 29.83 27.82 28.03 1472516 42464936.00
2024/05/14 28.19 28.77 27.98 28.47 677413 19438150.00
2024/05/15 28.29 28.57 27.59 27.59 617337 17453190.00
2024/05/16 27.99 28.30 27.65 28.03 820008 23226900.00
2024/05/17 28.08 29.19 27.84 29.12 818319 23809096.00
2024/05/20 29.19 29.73 28.82 29.27 539339 15975925.00
2024/05/21 29.69 29.69 28.79 28.93 455376 13409170.00
2024/05/22 28.99 29.09 28.46 28.92 433772 12627258.00
2024/05/23 28.92 28.98 28.10 28.25 460578 13229769.00
2024/05/24 28.20 28.48 26.69 26.74 1089361 30137292.00
2024/05/27 26.83 27.17 25.68 26.62 1035108 27471264.00
2024/05/28 26.67 26.97 25.91 26.85 639202 17299230.00
2024/05/29 26.58 27.46 26.58 26.89 412715 11297356.00
2024/05/30 26.96 27.44 26.48 27.12 459583 12598628.00
2024/05/31 26.92 27.89 26.92 27.74 402822 11254825.00
2024/06/03 27.74 27.94 26.88 27.10 497739 13761315.00
2024/06/04 26.76 27.11 26.57 27.10 589971 15994441.00
2024/06/05 26.79 27.51 26.69 26.79 411590 11253255.00
2024/06/06 26.93 26.99 26.35 26.35 865668 23299902.00
2024/06/07 25.99 26.92 25.99 26.40 524165 14118945.00
2024/06/11 26.29 26.93 25.95 26.75 321020 8618956.00
2024/06/12 26.99 27.32 26.69 26.78 385467 10499524.00
2024/06/13 26.99 28.49 26.82 28.19 1133701 31896742.00
2024/06/14 27.93 29.97 27.69 28.67 1456712 42357464.00
2024/06/17 27.93 28.77 27.80 28.36 775486 22176868.00
2024/06/18 28.23 29.04 28.14 28.89 858663 24892470.00
2024/06/19 28.92 29.36 28.39 28.79 703306 20553800.00
2024/06/20 29.59 32.18 29.02 30.62 2656659 82207728.00
2024/06/21 29.46 31.81 29.46 30.67 2398680 74623776.00
2024/06/24 30.25 30.47 27.55 27.84 2003009 57927020.00
2024/06/25 28.26 28.37 26.38 26.80 1526589 42035000.00
2024/06/26 26.26 27.87 26.08 27.87 978751 26781460.00
2024/06/27 27.48 28.34 26.92 26.99 1035314 29028652.00
2024/06/28 26.71 27.57 26.29 26.53 809538 21860822.00
2024/07/01 26.61 26.64 25.69 26.49 618763 16282539.00
2024/07/02 26.49 27.39 26.41 27.01 702267 19059998.00
2024/07/03 26.86 26.89 26.15 26.18 619443 16447808.00
2024/07/04 26.35 26.48 25.09 25.09 735284 18959790.00
2024/07/05 24.96 26.09 24.71 25.84 567276 14572745.00
2024/07/08 25.39 25.67 24.70 24.76 429912 10862634.00
2024/07/09 24.76 25.54 24.56 25.54 526649 13302923.00
2024/07/10 25.39 26.01 25.27 25.57 409592 10571088.00
2024/07/11 26.18 26.44 25.96 26.22 411914 10854985.00
2024/07/12 26.22 26.44 25.96 25.96 347906 9142632.00
2024/07/15 25.90 26.17 25.19 25.23 253151 6478460.00
2024/07/16 25.00 25.52 25.00 25.19 341609 8671557.00
2024/07/17 25.19 25.29 24.59 24.59 440502 10962849.00
2024/07/18 24.49 24.59 23.69 24.49 422452 10232206.00
2024/07/19 24.27 25.07 24.27 24.99 325409 8130503.00
2024/07/22 25.48 26.21 25.26 25.40 741308 19126234.00
2024/07/23 25.28 25.84 24.47 24.49 544613 13780188.00
2024/07/24 24.49 24.49 23.49 23.58 600143 14368300.00
2024/07/25 23.65 24.03 23.28 23.66 329847 7835679.00
2024/07/26 23.49 23.99 23.49 23.84 336554 8029648.50
2024/07/29 23.90 24.03 23.56 23.90 231787 5540030.50
2024/07/30 23.79 24.25 23.76 23.97 280581 6764860.50
2024/07/31 23.90 25.02 23.73 24.98 558166 13797141.00
2024/08/01 25.04 25.22 24.61 24.81 391831 9795166.00
2024/08/02 24.39 25.04 24.09 24.22 416699 10273998.00
2024/08/05 23.97 24.38 23.29 23.29 435959 10381247.00
2024/08/06 23.51 23.87 23.39 23.73 236984 5631472.00
2024/08/07 23.73 23.99 23.65 23.71 282069 6752865.50
2024/08/08 23.43 23.77 22.98 23.56 359444 8438407.00
2024/08/09 23.68 23.83 23.15 23.34 252034 5936624.50
2024/08/12 23.23 23.48 22.92 23.05 355424 8223822.50
2024/08/13 23.08 23.18 22.72 23.10 231070 5324288.00
2024/08/14 22.98 23.07 22.70 22.73 230124 5293118.50
2024/08/15 22.87 23.64 22.59 23.04 348862 8082086.50
2024/08/16 23.11 23.35 23.03 23.19 238990 5563816.50
2024/08/19 23.20 23.55 23.06 23.16 237565 5557980.00
2024/08/20 23.09 23.09 22.42 22.44 272830 6212908.00
2024/08/21 22.65 22.65 21.92 22.24 161187 3625695.50
2024/08/22 22.21 22.77 21.78 21.92 279426 6236270.00
2024/08/23 22.09 22.10 21.47 21.48 336368 7334151.50
2024/08/26 21.52 22.09 21.14 21.48 265644 5786046.50
2024/08/27 21.58 21.59 20.68 20.70 427309 9018948.00
2024/08/28 20.46 21.39 20.44 21.09 421859 8928753.00
2024/08/29 20.96 21.73 20.60 21.56 427308 9169338.00
2024/08/30 23.69 24.93 23.22 24.64 1891948 45883136.00
2024/09/02 24.69 25.99 24.05 25.00 1949142 49103048.00
2024/09/03 24.77 25.29 24.77 25.08 873881 21926206.00
2024/09/04 24.92 25.81 24.79 25.32 699366 17780470.00
2024/09/05 25.78 26.37 25.32 25.77 1035193 26857592.00
2024/09/06 26.06 26.15 25.09 25.43 787168 20218850.00
2024/09/09 25.43 25.48 24.30 24.49 690326 17162802.00
2024/09/10 24.49 25.36 24.20 25.04 666281 16514158.00
2024/09/11 25.05 25.63 24.57 25.23 455950 11562111.00
2024/09/12 25.26 25.85 25.19 25.61 615329 15843859.00
2024/09/13 25.61 25.79 24.55 24.55 499250 12602412.00
2024/09/18 24.57 25.06 24.33 24.37 487163 12013357.00
2024/09/19 24.81 27.03 24.74 26.87 1570229 41231448.00
2024/09/20 27.01 28.23 26.65 27.80 2151053 59373204.00
2024/09/23 27.66 27.81 26.56 26.73 1415911 38400832.00
2024/09/24 26.39 27.11 26.00 26.75 1573718 42197728.00
2024/09/25 26.84 27.33 26.60 26.73 1479964 40056280.00
2024/09/26 26.63 27.39 26.31 27.37 1205510 32739078.00
2024/09/27 27.81 29.77 27.50 29.30 1271849 36589168.00
2024/09/30 30.39 35.17 30.39 35.15 2764548 91535744.00
2024/10/08 42.19 42.20 36.30 42.20 3852718 157387360.00
2024/10/09 39.51 43.33 37.48 38.61 3102360 123982360.00
2024/10/10 40.19 40.79 37.89 38.90 1728269 67814936.00
2024/10/11 38.79 39.37 33.67 34.77 2350884 85297232.00
2024/10/14 35.45 36.59 33.59 36.39 1951809 68426104.00
2024/10/15 36.40 38.33 35.32 35.33 1960067 72860448.00
2024/10/16 34.81 36.19 34.81 35.39 1145996 40903732.00
2024/10/17 37.37 38.19 35.95 36.01 1868616 69742976.00
2024/10/18 35.61 39.21 35.59 37.99 1984306 73902552.00
2024/10/21 38.66 40.76 37.96 39.13 2382917 93872776.00
2024/10/22 38.73 38.86 37.29 37.95 1290589 49236148.00
2024/10/23 38.18 38.89 37.59 38.19 1205563 46213208.00
2024/10/24 37.67 38.44 37.10 37.60 1183580 44694644.00
2024/10/25 37.37 38.75 37.37 38.40 1145458 43785412.00
2024/10/28 38.40 38.85 37.73 38.72 1085831 41812084.00
2024/10/29 38.72 40.54 38.41 39.96 2164367 86426440.00
2024/10/30 39.97 40.04 37.39 38.59 1909668 73930616.00
2024/10/31 40.89 44.93 39.10 40.83 4122941 171872896.00
2024/11/01 40.37 40.79 35.84 35.97 3037910 114271528.00
2024/11/04 35.59 36.79 35.28 36.47 1366998 49681944.00
2024/11/05 36.51 38.19 35.95 37.54 1533032 57591856.00
2024/11/06 38.00 38.72 37.39 37.69 1359681 51914068.00
2024/11/07 37.27 38.56 37.27 38.27 1266784 48349368.00
2024/11/08 39.40 41.34 38.57 40.42 2550980 102171792.00
2024/11/11 42.68 45.67 41.34 45.07 3742092 162452816.00
2024/11/12 48.39 48.49 43.19 44.24 3872994 174774768.00
2024/11/13 42.89 44.88 42.47 44.00 1690478 74010200.00
2024/11/14 43.39 44.83 41.05 41.39 1764492 75840192.00
2024/11/15 41.49 41.60 38.79 39.05 1570999 63253308.00
2024/11/18 39.09 39.19 36.19 36.57 1472494 54798168.00
2024/11/19 37.08 37.64 35.76 37.34 1035942 38154268.00
2024/11/20 36.90 38.24 36.42 37.91 989964 37274572.00
2024/11/21 37.93 38.39 37.21 37.71 970482 36819788.00
2024/11/22 37.83 38.30 35.57 35.61 1195476 44160112.00
2024/11/25 35.89 36.11 34.39 35.57 808339 28476622.00
2024/11/26 35.98 37.37 35.70 36.06 943514 34685308.00
2024/11/27 35.79 36.87 34.49 36.87 980409 35000608.00
2024/11/28 37.38 37.78 36.75 36.96 945646 35375296.00
2024/11/29 37.25 37.88 36.30 37.28 923286 34469500.00
2024/12/02 37.39 37.78 36.90 37.67 841367 31648868.00
2024/12/03 37.90 38.00 37.11 37.69 688086 25913668.00
2024/12/04 37.80 37.87 36.14 36.59 713103 26499788.00
2024/12/05 36.58 38.20 36.44 37.89 952027 35989440.00
2024/12/06 38.08 40.39 37.24 39.61 1548147 60516656.00
2024/12/09 39.57 41.38 39.27 39.62 1501438 60645844.00
2024/12/10 41.17 41.49 39.87 39.92 1442569 58845028.00
2024/12/11 41.89 42.89 40.77 41.25 1672773 69717344.00
2024/12/12 41.40 42.24 40.51 40.65 1655395 68760816.00
2024/12/13 40.38 40.38 38.89 39.01 1274518 50349128.00
2024/12/16 39.19 39.49 37.89 38.84 886934 34163100.00
2024/12/17 38.97 39.38 37.55 37.70 642398 24507718.00
2024/12/18 38.25 39.08 37.19 38.36 732899 28202074.00
2024/12/19 37.98 39.18 37.38 38.34 792373 30411504.00
2024/12/20 38.09 40.87 37.59 40.37 1708493 68045544.00
2024/12/23 40.45 40.69 38.40 38.70 1009976 39795864.00
2024/12/24 38.88 39.45 38.17 38.88 589636 22977966.00
2024/12/25 38.89 39.09 37.61 37.69 525689 20033292.00
2024/12/26 37.89 38.69 37.70 37.93 479351 18384728.00
2024/12/27 37.88 38.19 37.00 37.09 653212 24616104.00
2024/12/30 37.09 37.09 35.56 35.89 797006 28898286.00
2024/12/31 36.19 36.22 34.32 34.39 760390 26929760.00
2025/01/02 34.49 36.08 33.93 34.46 703696 24617800.00
2025/01/03 34.49 34.83 32.58 32.62 531633 17903054.00
2025/01/06 31.32 33.32 30.45 30.87 1109928 35119860.00
2025/01/07 30.86 32.41 30.86 32.11 727812 23154044.00
2025/01/08 32.09 32.29 30.79 32.14 491014 15605094.00
2025/01/09 31.89 32.46 31.86 32.19 435612 14065979.00
2025/01/10 32.20 32.73 31.49 31.49 449582 14495419.00
2025/01/13 31.09 32.09 30.42 31.79 419514 13215913.00
2025/01/14 31.92 33.28 31.49 33.24 532554 17501124.00
2025/01/15 33.28 33.28 32.69 32.89 311975 10285377.00
2025/01/16 33.39 33.69 32.50 32.80 511329 16940904.00
2025/01/17 32.70 33.08 32.11 32.76 333816 10961937.00
2025/01/20 33.22 33.46 32.72 32.99 396875 13227721.00
2025/01/21 32.99 33.28 32.30 32.58 398724 13015766.00
2025/01/22 32.48 32.68 32.09 32.46 329925 10714230.00
2025/01/23 32.96 33.44 32.47 32.47 479290 15899452.00
2025/01/24 32.49 33.69 32.39 33.46 501476 16665562.00
2025/01/27 33.69 33.88 32.20 32.20 728080 24105818.00
2025/02/05 32.89 34.68 32.55 34.60 1332599 45631268.00
2025/02/06 34.67 35.87 34.05 35.78 954148 33760964.00
2025/02/07 35.87 36.19 34.96 35.49 1183255 42349284.00
2025/02/10 35.49 37.29 35.49 37.19 1263973 46397984.00
2025/02/11 37.49 37.49 36.41 36.60 786497 28943902.00
2025/02/12 36.29 37.26 36.29 37.24 1158985 42844828.00
2025/02/13 37.22 38.72 36.69 38.54 2054259 77638096.00
2025/02/14 38.49 41.67 38.09 41.58 2950601 119535536.00
2025/02/17 41.58 41.93 39.88 40.22 1764743 71870904.00
2025/02/18 40.07 40.41 37.89 37.92 1451846 56771760.00
2025/02/19 37.92 38.84 37.92 38.47 777562 29961398.00
2025/02/20 37.89 38.37 37.16 37.66 1225281 46249964.00
2025/02/21 37.66 40.02 36.28 39.41 3035253 114784936.00
2025/02/24 39.38 42.27 38.38 41.09 3322525 135444512.00
2025/02/25 40.21 41.63 39.69 40.22 1836396 74628464.00
2025/02/26 40.23 40.29 39.05 39.39 1602835 63641452.00
2025/02/27 39.39 39.58 38.02 39.32 1497349 58232808.00
2025/02/28 38.80 39.23 36.41 36.65 1644824 62133232.00
2025/03/03 36.65 37.31 35.89 36.79 997698 36681548.00
2025/03/04 36.39 39.66 36.15 39.59 1737080 67229248.00
2025/03/05 40.58 42.09 39.69 39.90 2845293 116708888.00
2025/03/06 40.29 41.47 39.92 40.86 2238803 91915240.00
2025/03/07 40.87 41.99 40.34 40.60 1957653 80851272.00
2025/03/10 40.20 40.59 39.24 39.75 1279138 51125592.00
2025/03/11 38.89 39.47 38.60 39.17 1110756 43447988.00
2025/03/12 39.43 39.43 38.65 38.65 976907 38278816.00
2025/03/13 38.73 38.77 36.99 37.60 1279176 48312460.00
2025/03/14 37.95 38.38 37.12 38.20 1034455 39321352.00
2025/03/17 38.61 38.79 37.99 38.26 761360 29302218.00
2025/03/18 38.35 38.79 37.77 38.04 660710 25304624.00
2025/03/19 37.77 38.02 37.15 37.39 622174 23379534.00
2025/03/20 37.85 37.85 36.91 37.13 575462 21489432.00
2025/03/21 36.90 37.22 36.09 36.85 798487 29480088.00
2025/03/24 36.59 36.95 34.58 35.24 1000506 35705400.00
2025/03/25 35.14 35.77 34.80 35.19 436301 15380036.00
2025/03/26 34.81 36.84 34.81 36.67 943616 34319592.00
2025/03/27 36.39 37.57 35.88 37.05 794689 29404416.00
2025/03/28 37.55 37.55 36.09 36.27 406371 14874449.00
2025/03/31 35.89 37.04 35.74 36.79 706739 25914528.00
2025/04/01 36.50 37.31 36.01 36.25 850890 31151176.00
2025/04/02 36.55 36.65 36.12 36.23 422578 15405679.00
2025/04/03 35.70 37.39 35.70 36.25 851064 31337698.00
2025/04/07 34.24 34.71 28.99 29.86 1544918 49093632.00
2025/04/08 29.88 31.86 29.78 30.16 1259495 38568760.00
2025/04/09 29.95 32.38 28.28 31.99 1140608 35362812.00
2025/04/10 32.89 33.58 32.50 33.12 783072 26043096.00
2025/04/11 33.41 34.28 32.94 33.59 706708 23787960.00
2025/04/14 33.78 34.52 33.65 33.76 558426 19077374.00
2025/04/15 34.17 34.28 33.48 33.87 601764 20384580.00
2025/04/16 33.87 34.82 32.89 33.25 769651 26188464.00
2025/04/17 33.25 33.80 32.77 33.27 517379 17367350.00
2025/04/18 32.99 33.49 32.71 33.05 440421 14593733.00
2025/04/21 32.85 34.69 32.59 34.38 745486 25369072.00
2025/04/22 34.09 35.33 34.09 34.79 914453 31954484.00
2025/04/23 35.64 36.16 34.69 34.94 812971 28817904.00
2025/04/24 34.89 35.30 33.66 34.07 682235 23492902.00
2025/04/25 33.46 33.68 31.40 32.03 1611703 52078576.00
2025/04/28 32.06 32.41 30.94 31.62 1062311 33524702.00
2025/04/29 31.28 32.49 31.27 31.90 562265 18025748.00
2025/04/30 31.91 32.78 31.84 32.49 533697 17379180.00
2025/05/06 32.39 33.69 32.39 33.62 919147 30766412.00
2025/05/07 34.05 34.47 33.07 33.37 768148 25906308.00
2025/05/08 33.58 34.14 33.22 34.00 684076 23250316.00
2025/05/09 33.89 33.89 33.18 33.31 466472 15657086.00
2025/05/12 33.62 34.17 33.52 33.68 463672 15728302.00
2025/05/13 33.95 33.99 32.91 33.03 592257 19797078.00
2025/05/14 33.29 33.35 32.69 32.89 481276 15900034.00
2025/05/15 33.03 33.03 32.27 32.49 399325 13030125.00
2025/05/16 32.40 32.97 32.24 32.40 431054 14097554.00
2025/05/19 32.37 32.81 32.19 32.56 348200 11357394.00
2025/05/20 32.50 33.11 32.20 32.87 330317 10882900.00
2025/05/21 32.86 32.92 31.98 32.05 494582 15999443.00
2025/05/22 32.06 33.59 31.85 32.02 910777 29940804.00
2025/05/23 32.89 33.06 31.39 31.79 830984 26950800.00
2025/05/26 32.41 32.45 31.42 31.83 634054 20238872.00
2025/05/27 31.99 32.85 31.46 32.53 749469 24209632.00
2025/05/28 32.49 34.69 32.49 34.13 1587627 53826728.00
2025/05/29 34.01 35.91 33.80 35.68 1868678 65583492.00
2025/05/30 35.39 35.65 34.49 34.80 894777 31243610.00
2025/06/03 35.33 36.36 34.93 34.96 1273400 45378580.00
2025/06/04 35.00 36.05 34.44 35.44 884256 31190100.00
2025/06/05 35.73 36.60 35.30 36.36 1119756 40247180.00
2025/06/06 36.07 36.49 35.76 35.98 765797 27612578.00
2025/06/09 35.88 36.02 35.26 35.58 937523 33389424.00
2025/06/10 35.73 35.75 34.17 34.40 921284 31966466.00
2025/06/11 34.63 34.94 33.90 34.10 817754 28118350.00
2025/06/12 34.02 38.58 33.81 38.56 4558588 170199456.00
2025/06/13 39.49 39.49 35.97 36.16 3339219 124501048.00
2025/06/16 36.16 38.60 35.98 37.80 2862404 107812984.00
2025/06/17 37.60 39.56 36.80 38.70 3312161 127082616.00
2025/06/18 38.40 38.84 37.07 37.45 2076017 78385208.00
2025/06/19 38.44 38.79 36.58 36.74 2145576 80913208.00
2025/06/20 36.01 36.98 35.31 35.41 1563457 55926896.00
2025/06/23 34.94 38.25 34.58 37.80 2140969 78805192.00
2025/06/24 37.88 38.59 37.50 38.37 2190851 83468504.00
2025/06/25 38.35 39.49 37.53 38.74 2314907 89175792.00
2025/06/26 38.74 42.00 38.34 41.21 4910025 199565664.00
2025/06/27 41.00 43.89 40.49 41.00 4862049 204952800.00
2025/06/30 41.88 41.88 40.03 40.68 3510436 142891744.00
2025/07/01 45.68 45.68 42.17 42.77 6292739 275670816.00
2025/07/02 42.99 44.18 41.05 41.10 4041130 170804912.00
2025/07/03 39.77 40.14 38.28 39.43 4194405 163366576.00
2025/07/04 39.80 41.77 38.56 40.70 4087651 164205616.00
2025/07/07 40.01 42.43 40.01 41.09 3212426 132601224.00
2025/07/08 40.90 41.55 40.56 40.75 2108208 86156280.00
2025/07/09 40.75 42.60 39.68 41.69 3024454 124882304.00
2025/07/10 41.19 41.30 39.45 39.64 2727954 110174832.00
2025/07/11 40.00 41.58 39.80 41.01 3193967 130195136.00
2025/07/14 43.86 45.44 42.33 43.76 5764152 254043184.00
2025/07/15 42.94 44.78 42.58 43.52 3756354 163626864.00
2025/07/16 43.69 46.16 42.61 45.05 4786950 213263744.00
2025/07/17 45.36 46.39 44.07 44.31 3544498 159520512.00
2025/07/18 44.10 44.30 41.80 41.80 3948194 168424800.00
2025/07/21 41.61 42.40 41.21 41.68 2304658 96065592.00
2025/07/22 41.35 41.57 40.27 40.62 2295242 93469328.00
2025/07/23 40.40 41.32 39.80 40.88 1759956 71714272.00
2025/07/24 40.60 41.09 40.60 40.84 1262496 51511316.00
2025/07/25 40.66 40.84 40.17 40.75 1244293 50374724.00
2025/07/28 40.61 41.59 40.24 41.32 1335465 54713812.00
2025/07/29 41.18 44.55 40.60 43.89 3590839 152849792.00
2025/07/30 44.30 44.33 41.46 41.84 2462920 104443624.00
2025/07/31 41.44 42.49 41.25 41.46 1522597 63893172.00
2025/08/01 42.00 42.00 39.68 39.80 2818364 113416448.00
2025/08/04 39.63 40.36 39.30 40.17 1344940 53715564.00
2025/08/05 40.20 40.44 39.51 40.18 1227000 49019752.00
2025/08/06 40.10 40.67 39.90 40.60 1557981 62712868.00
2025/08/07 40.27 41.09 40.09 40.66 1170450 47551304.00
2025/08/08 40.16 40.36 39.33 39.50 1576204 62595928.00
2025/08/11 39.49 41.30 39.39 40.70 2064892 83486152.00
2025/08/12 40.50 40.93 39.90 40.22 1190304 47803560.00
2025/08/13 40.25 40.54 40.02 40.41 976511 39364516.00
2025/08/14 40.41 43.05 40.37 41.88 3320087 139044160.00
2025/08/15 41.55 43.00 41.07 42.65 2715072 114304384.00
2025/08/18 42.62 43.65 41.85 42.65 2828553 121037392.00
2025/08/19 42.47 43.88 42.46 42.88 1980759 85301048.00
2025/08/20 42.50 43.09 41.90 43.08 1654129 70213792.00
2025/08/21 44.36 51.70 44.36 51.70 5089530 255028032.00
2025/08/22 50.20 59.50 49.00 54.82 11761476 640313728.00
2025/08/25 53.01 59.45 52.59 58.30 11147357 609893568.00
2025/08/26 56.12 56.18 53.68 54.80 6019027 330334464.00
2025/08/27 54.52 54.52 51.93 52.16 4877340 258926304.00
2025/08/28 52.16 54.51 50.85 53.65 4228701 225396192.00
2025/08/29 53.66 54.09 51.55 51.88 2780259 145032448.00
2025/09/01 52.60 53.99 52.30 53.75 3793205 202402368.00
2025/09/02 57.00 57.99 52.42 52.51 4635368 257660544.00
2025/09/03 50.94 51.99 49.66 49.72 3089082 156353216.00
2025/09/04 50.25 50.45 47.47 48.51 2635055 128944208.00
2025/09/05 47.54 49.56 47.54 49.46 1583690 77197072.00
2025/09/08 49.49 51.48 48.80 50.85 2086085 105674544.00
2025/09/09 50.67 50.67 48.15 49.21 1676792 82894104.00
2025/09/10 49.28 50.00 48.31 48.33 1130775 55347308.00
2025/09/11 47.99 50.00 47.56 49.62 1673811 81802136.00
2025/09/12 49.33 50.43 48.00 49.15 1857394 91302904.00
2025/09/15 49.30 50.41 47.98 49.21 1861319 91340904.00
2025/09/16 49.39 50.66 48.36 49.82 1704146 84350416.00
2025/09/17 49.61 50.36 48.98 50.19 1436130 71590336.00
2025/09/18 50.58 52.30 49.61 49.75 2240869 113530776.00
2025/09/19 49.32 49.94 47.53 47.53 1812549 87724688.00
2025/09/22 47.70 48.71 47.60 48.34 920749 44325956.00
2025/09/23 48.27 48.27 45.61 46.93 1632675 75901432.00
2025/09/24 46.93 47.95 46.51 47.84 875738 41633184.00
2025/09/25 47.89 50.18 47.73 49.62 1986348 98200584.00
2025/09/26 49.55 50.55 48.23 48.23 1296061 63832356.00
2025/09/29 48.28 49.49 48.00 48.72 971396 47125876.00
2025/09/30 48.95 51.50 48.70 51.07 2347952 118572608.00
2025/10/09 51.09 53.50 51.09 52.64 2605003 137183664.00
2025/10/10 52.07 52.68 50.40 50.41 1280570 65718620.00
2025/10/13 47.33 51.68 47.33 50.29 1321271 65493888.00
2025/10/14 50.20 52.57 49.22 51.00 2131593 108744960.00
2025/10/15 50.00 53.00 48.54 52.09 2051662 105202336.00
2025/10/16 51.54 52.50 50.49 50.94 1229334 63099592.00
2025/10/17 50.95 51.00 48.26 48.30 1069174 52557804.00
2025/10/20 49.27 49.75 48.30 49.30 1024948 50362280.00
2025/10/21 49.02 52.05 49.02 50.24 1172498 59375100.00
2025/10/22 50.06 50.80 49.30 50.21 1002612 50283728.00
2025/10/23 50.78 53.28 50.06 53.15 2627140 136507264.00
2025/10/24 54.00 54.67 52.25 52.43 2550161 135264768.00
2025/10/27 51.99 52.88 51.25 52.56 1537991 80229208.00
2025/10/28 52.56 52.56 49.00 49.18 3262151 164263152.00
2025/10/29 48.81 50.79 47.85 48.06 2867945 140530528.00
2025/10/30 47.70 49.88 46.35 48.76 2422349 116955832.00
2025/10/31 47.81 51.37 47.75 49.50 2034061 100702944.00
2025/11/03 49.33 49.34 47.12 48.08 1825746 87660296.00
2025/11/04 47.93 48.17 46.85 47.24 914611 43287728.00
2025/11/05 46.51 47.24 46.41 46.60 800967 37461412.00
2025/11/06 46.76 47.19 45.86 46.94 1070865 49769788.00
2025/11/07 46.51 46.96 46.08 46.10 986765 45771588.00
2025/11/10 46.06 46.65 44.99 45.30 968114 44079932.00
2025/11/11 45.31 45.69 44.34 44.70 870606 39082468.00
2025/11/12 44.51 45.15 44.15 44.49 649078 28931280.00
2025/11/13 44.30 45.55 44.30 44.91 559910 25125220.00
2025/11/14 44.50 46.30 44.27 45.68 947537 43123204.00
2025/11/17 45.32 46.32 45.12 46.15 892320 40853232.00
2025/11/18 45.91 46.91 45.66 46.47 546586 25374636.00
2025/11/19 46.99 46.99 44.83 44.96 658672 29862862.00
2025/11/20 45.30 45.30 43.45 43.74 811597 35865072.00
2025/11/21 43.04 44.35 41.87 41.88 1085231 46079544.00
2025/11/24 41.90 43.10 41.85 42.88 844169 35841048.00
2025/11/25 43.76 43.87 42.98 43.65 511359 22256008.00
2025/11/26 43.69 43.98 42.51 42.56 621465 26795850.00
2025/11/27 42.79 43.99 42.30 43.17 682764 29658084.00
2025/11/28 43.17 45.36 43.12 45.24 1340495 60036720.00
2025/12/01 45.21 45.38 43.21 43.67 1586667 69683248.00
2025/12/02 43.32 43.75 42.87 42.93 606977 26236202.00
2025/12/03 42.93 43.33 41.85 42.42 756859 32126248.00
2025/12/04 42.05 42.88 41.60 41.72 490372 20527420.00
2025/12/05 41.88 42.47 41.17 42.38 465263 19569930.00
2025/12/08 42.81 44.18 42.61 43.65 971651 42477400.00
2025/12/09 43.45 43.93 42.67 42.70 481624 20719472.00
2025/12/10 42.70 43.26 42.12 42.51 468661 19995460.00
2025/12/11 42.19 42.97 42.10 42.22 576275 24557590.00
2025/12/12 42.21 43.17 42.08 43.15 557514 23871638.00
2025/12/15 43.10 43.33 42.25 42.46 511566 21837302.00
2025/12/16 42.20 42.30 41.25 41.77 497438 20735394.00
2025/12/17 42.60 42.60 40.65 41.78 666932 27493920.00
2025/12/18 41.85 43.38 41.47 42.51 804523 34377432.00
2025/12/19 42.68 42.98 42.24 42.42 523065 22254066.00
2025/12/22 42.58 43.10 42.45 42.85 536031 22979792.00
2025/12/23 43.80 44.30 42.20 42.20 808779 34661324.00
2025/12/24 41.97 43.00 41.50 42.99 695952 29698008.00
2025/12/25 43.57 44.26 42.60 43.88 750488 32801422.00
2025/12/26 44.50 44.90 43.43 43.80 1151064 50896952.00
2025/12/29 43.80 45.77 43.50 44.89 1381246 61938216.00
2025/12/30 45.00 45.80 44.51 44.92 1221071 55269888.00
2025/12/31 44.71 46.06 44.65 45.71 1257323 57419424.00
2026/01/05 45.73 45.80 44.87 45.60 974929 44226192.00
2026/01/06 45.61 45.86 44.77 45.39 1028138 46560736.00
2026/01/07 45.30 46.10 44.90 45.78 1030314 46931656.00
2026/01/08 45.80 46.29 45.38 45.87 908714 41667672.00
2026/01/09 45.87 46.80 45.69 46.50 1382804 64063964.00
2026/01/12 46.93 48.85 46.57 48.49 2196082 104855096.00
2026/01/13 48.43 49.02 47.42 47.84 1759032 84908952.00
2026/01/14 48.00 49.67 47.76 48.41 2193653 106878504.00
2026/01/15 49.20 50.84 47.48 47.97 2073736 101384760.00
2026/01/16 48.11 48.11 46.50 47.07 1627451 76703128.00
2026/01/19 47.00 47.78 46.24 46.79 1182474 55420556.00
2026/01/20 46.30 47.11 45.07 45.35 1020947 46789636.00
2026/01/21 45.39 45.88 45.12 45.81 489628 22367852.00
2026/01/22 45.35 46.45 45.35 46.00 588671 27085152.00
2026/01/23 46.58 46.58 45.54 45.96 822411 37827464.00
2026/01/26 45.86 46.44 43.00 43.61 1401812 62024740.00
2026/01/27 43.38 43.97 42.34 43.67 685598 29580024.00
2026/01/28 42.41 44.40 42.41 43.34 729862 31734156.00
2026/01/29 43.00 43.69 41.95 42.19 1020967 43594760.00
2026/01/30 42.25 42.53 41.60 42.10 815788 34282256.00
2026/02/02 41.89 42.75 41.50 41.60 792311 33378388.00
2026/02/03 41.80 42.62 41.67 42.45 645092 27210200.00
2026/02/04 42.72 42.95 41.71 42.18 571098 24144176.00
2026/02/05 41.85 42.35 41.85 42.04 483528 20352476.00
2026/02/06 41.85 42.36 41.38 41.91 503741 21147644.00
2026/02/09 42.70 43.77 42.46 43.53 920070 39786832.00
2026/02/10 43.90 44.78 43.54 43.95 667262 29570994.00
2026/02/11 44.06 44.96 43.79 44.42 639281 28405560.00
2026/02/12 44.42 44.58 43.93 44.19 517930 22909632.00
2026/02/13 44.00 45.85 44.00 44.64 701622 31692594.00
2026/02/24 45.00 45.35 44.04 44.08 617030 27406860.00
2026/02/25 43.93 44.87 43.93 44.56 457241 20346200.00
#Ъ§ОнРДдД:ЭЈДяаХ
