605020 гРКЭЙЩЗн ШеЯп ЧАИДШЈ
      ШеЦк	    ПЊХЬ	    зюИп	    зюЕЭ	    ЪеХЬ	    ГЩНЛСП	    ГЩНЛЖю
2021/08/02 23.60 25.51 22.89 24.99 26591818 934619584.00
2021/08/03 24.46 26.36 22.41 23.32 23976688 836149824.00
2021/08/04 23.03 24.46 22.84 23.89 19006937 652102720.00
2021/08/05 23.67 23.74 21.42 21.46 23612318 747031424.00
2021/08/06 21.66 23.04 20.47 22.56 20157317 640759360.00
2021/08/09 22.39 24.89 22.28 24.89 21604728 738485312.00
2021/08/10 26.74 27.45 26.44 27.45 6105951 237635280.00
2021/08/11 30.27 30.27 30.27 30.27 749542 32560104.00
2021/08/12 30.28 33.37 27.87 31.36 31893999 1411853696.00
2021/08/13 30.67 34.49 29.19 32.63 25710225 1171307648.00
2021/08/16 35.95 35.96 34.26 35.96 27338536 1388953088.00
2021/08/17 32.29 32.81 32.29 32.29 5797786 268405248.00
2021/08/18 29.24 31.85 28.99 29.46 23917680 1026072512.00
2021/08/19 28.53 29.31 26.69 27.88 18232939 731160512.00
2021/08/20 28.33 29.06 26.40 26.91 14381000 572151808.00
2021/08/23 26.79 29.67 26.71 29.37 19771425 806508736.00
2021/08/24 28.65 29.11 27.29 27.99 15383732 624132288.00
2021/08/25 27.46 30.86 27.41 30.86 16562320 692285632.00
2021/08/26 33.17 34.02 31.05 32.06 20168231 950209088.00
2021/08/27 32.46 35.24 31.02 34.67 16711596 801658944.00
2021/08/30 35.31 38.21 35.03 38.21 16865657 901544320.00
2021/08/31 37.46 37.67 34.31 35.08 19139098 961391424.00
2021/09/01 36.03 36.78 31.54 32.83 14171588 698619392.00
2021/09/02 31.87 36.01 31.86 34.94 13440705 651025408.00
2021/09/03 33.85 34.46 31.36 31.36 13529509 630643136.00
2021/09/06 30.80 31.31 28.17 30.24 9969919 422018080.00
2021/09/07 29.99 32.74 29.64 31.61 10233364 461976320.00
2021/09/08 31.53 33.15 30.90 32.09 9161716 422303360.00
2021/09/09 32.09 32.09 29.96 30.34 9710817 426886496.00
2021/09/10 30.53 31.31 28.56 30.17 9687358 413118176.00
2021/09/13 30.17 31.31 29.51 30.79 8821614 387740128.00
2021/09/14 30.46 31.55 28.31 29.75 10543100 449649888.00
2021/09/15 29.24 32.80 29.01 32.80 8799750 400953760.00
2021/09/16 35.00 36.06 31.36 31.38 16798433 809159936.00
2021/09/17 30.50 32.56 28.96 30.78 12252145 542248640.00
2021/09/22 30.14 32.52 29.44 31.74 10907614 490939040.00
2021/09/23 31.74 32.34 29.34 29.54 11368595 493108736.00
2021/09/24 28.54 29.16 26.51 26.51 13220377 519008448.00
2021/09/27 25.29 26.24 23.78 24.30 9845949 351559360.00
2021/09/28 23.89 24.64 23.17 23.59 6663034 229862336.00
2021/09/29 23.31 23.42 21.78 21.82 6668364 215891536.00
2021/09/30 21.89 23.52 21.86 23.36 5912830 196461136.00
2021/10/08 23.75 24.51 22.51 22.67 5929126 199259840.00
2021/10/11 22.69 23.01 21.79 22.55 3397600 110200992.00
2021/10/12 22.52 22.86 20.81 21.19 5677501 176571376.00
2021/10/13 21.66 21.95 21.11 21.77 4583181 143604768.00
2021/10/14 21.52 23.17 21.46 22.44 5391637 174347392.00
2021/10/15 22.34 22.87 22.04 22.47 4282000 139666016.00
2021/10/18 22.78 23.44 22.18 22.83 6053662 199223744.00
2021/10/19 22.67 24.23 22.38 23.69 9258754 314071488.00
2021/10/20 22.96 24.87 22.28 24.13 11790054 404266880.00
2021/10/21 23.61 24.67 23.46 23.86 8582872 296841792.00
2021/10/22 23.35 24.43 23.06 23.16 7374472 252601648.00
2021/10/25 22.84 23.92 22.81 23.58 6204300 211996144.00
2021/10/26 23.46 24.24 23.39 23.61 5910782 202678848.00
2021/10/27 23.36 25.53 23.35 24.96 11810536 416767904.00
2021/10/28 24.24 24.60 22.39 22.39 10777503 360783520.00
2021/10/29 22.39 23.53 22.10 22.50 5450615 180044944.00
2021/11/01 22.21 24.16 22.21 23.92 8619705 292027584.00
2021/11/02 24.00 24.51 22.59 22.66 7082949 239179920.00
2021/11/03 23.02 23.23 21.69 22.51 5103108 164851600.00
2021/11/04 22.39 22.76 21.95 22.15 5048650 163375680.00
2021/11/05 22.00 22.00 20.48 20.73 7202439 220061872.00
2021/11/08 20.66 21.21 19.96 21.20 4393708 131839480.00
2021/11/09 21.11 21.56 20.82 21.44 3972874 122302408.00
2021/11/10 21.38 21.95 20.96 21.40 3895466 121199024.00
2021/11/11 21.49 21.76 21.26 21.28 3255206 101287504.00
2021/11/12 21.12 21.84 20.89 21.67 4454217 138260304.00
2021/11/15 21.66 21.92 20.56 20.79 5329139 162223920.00
2021/11/16 20.71 20.95 20.06 20.13 4126297 122223776.00
2021/11/17 19.99 20.78 19.99 20.64 3296037 97857328.00
2021/11/18 20.88 21.63 20.76 21.14 6336613 194795728.00
2021/11/19 21.04 21.62 20.69 21.21 4607902 141432752.00
2021/11/22 21.21 22.20 21.09 22.14 6615250 209653888.00
2021/11/23 22.24 22.66 21.61 21.81 5595731 179035728.00
2021/11/24 21.66 21.96 21.44 21.73 3272430 102746680.00
2021/11/25 21.88 23.98 21.66 23.98 9790392 331574368.00
2021/11/26 24.25 25.51 23.53 24.85 19025909 672931456.00
2021/11/29 23.84 24.74 23.84 24.25 9380863 328775424.00
2021/11/30 24.71 26.17 24.64 25.89 14581273 533793632.00
2021/12/01 25.53 25.67 24.75 25.14 9147402 330727680.00
2021/12/02 24.74 24.79 23.56 23.69 8830981 306195872.00
2021/12/03 23.53 23.96 23.24 23.39 5088712 172775936.00
2021/12/06 23.19 23.74 22.87 22.98 5295208 178644368.00
2021/12/07 23.10 23.21 21.51 21.83 6513893 208471984.00
2021/12/08 21.89 23.06 21.83 22.61 4644216 151358080.00
2021/12/09 22.63 23.04 22.10 22.76 4350200 142159008.00
2021/12/10 22.61 23.02 22.40 22.81 3013057 99124416.00
2021/12/13 23.40 23.53 22.67 22.71 4458500 148335920.00
2021/12/14 22.44 23.05 22.31 22.71 3241274 106364104.00
2021/12/15 22.87 22.94 22.17 22.21 3042350 98947976.00
2021/12/16 22.46 22.59 22.16 22.49 2510062 81241008.00
2021/12/17 22.52 22.52 21.64 21.73 4198150 132835528.00
2021/12/20 21.46 21.76 20.98 21.14 2646231 81566448.00
2021/12/21 21.14 21.36 20.96 21.24 1570100 48143052.00
2021/12/22 21.57 21.93 21.29 21.66 2359762 73934880.00
2021/12/23 21.58 21.59 21.19 21.26 1656650 51259504.00
2021/12/24 21.40 21.50 20.59 20.69 2782724 83966896.00
2021/12/27 20.66 20.98 20.34 20.73 1609174 48306776.00
2021/12/28 20.59 21.31 20.59 21.19 1823500 55719092.00
2021/12/29 21.18 21.56 20.82 21.05 2218800 68497888.00
2021/12/30 20.96 21.36 20.95 21.03 1662900 50857392.00
2021/12/31 20.96 21.32 20.96 21.17 1543809 47332744.00
2022/01/04 21.42 21.53 20.61 20.75 2719050 82128936.00
2022/01/05 20.84 20.84 20.39 20.47 2013566 59960128.00
2022/01/06 20.42 20.80 20.14 20.71 1896548 56493184.00
2022/01/07 20.71 20.71 20.23 20.28 2145958 63482096.00
2022/01/10 20.04 20.39 20.01 20.16 1407611 41292308.00
2022/01/11 20.17 20.80 20.17 20.31 1950401 57766168.00
2022/01/12 20.31 20.96 20.16 20.81 3579626 107477968.00
2022/01/13 20.87 20.88 20.24 20.31 2560358 75848208.00
2022/01/14 20.28 20.44 20.10 20.17 1288496 37933812.00
2022/01/17 20.10 20.22 18.52 19.06 4331873 120704888.00
2022/01/18 19.02 19.61 18.81 19.21 2141470 59922000.00
2022/01/19 19.03 19.23 18.81 18.94 1609500 44437104.00
2022/01/20 19.14 19.14 18.01 18.01 2954812 78835624.00
2022/01/21 18.52 18.89 18.24 18.24 2049050 55230224.00
2022/01/24 18.01 19.04 17.82 18.69 2158902 58420464.00
2022/01/25 18.51 18.94 17.66 17.81 2055458 54519504.00
2022/01/26 17.78 18.09 17.67 17.96 1106422 28965408.00
2022/01/27 17.83 18.31 17.34 17.36 1780400 46178640.00
2022/01/28 17.46 17.68 16.77 17.39 1607650 40425700.00
2022/02/07 17.80 18.44 17.67 18.07 1952100 51663160.00
2022/02/08 17.93 18.21 17.69 18.16 1375458 36078616.00
2022/02/09 18.16 18.43 18.05 18.38 1385758 36952156.00
2022/02/10 18.16 18.39 18.06 18.16 1077108 28560714.00
2022/02/11 18.14 18.16 17.60 17.61 1364500 35492752.00
2022/02/14 17.75 17.97 17.21 17.39 1918800 49183500.00
2022/02/15 17.53 17.53 16.97 17.42 2016462 50919476.00
2022/02/16 17.53 18.09 17.36 17.90 3212083 83369624.00
2022/02/17 17.89 19.76 17.84 19.11 9051182 251519008.00
2022/02/18 18.54 18.88 18.36 18.66 4328866 117232896.00
2022/02/21 18.66 18.82 18.46 18.75 2527437 68506504.00
2022/02/22 18.60 19.01 18.40 18.60 2671700 72733704.00
2022/02/23 18.61 19.76 18.56 19.37 6164781 172799584.00
2022/02/24 19.28 19.64 18.53 18.89 5465699 152380016.00
2022/02/25 19.24 19.35 18.92 19.10 3078000 85648704.00
2022/02/28 18.95 19.31 18.76 19.10 1915708 53212996.00
2022/03/01 19.20 19.34 18.81 19.14 1915382 53041096.00
2022/03/02 18.89 19.09 18.80 19.00 1259700 34757560.00
2022/03/03 19.29 19.31 18.66 18.74 1972058 54396724.00
2022/03/04 18.76 18.95 18.19 18.26 1834058 49486960.00
2022/03/07 18.35 18.51 17.66 17.75 1658729 43546552.00
2022/03/08 17.79 18.14 16.83 16.94 2415450 61240484.00
2022/03/09 17.01 17.14 15.46 16.06 3275100 78034088.00
2022/03/10 16.49 17.01 16.26 16.60 2142100 52006544.00
2022/03/11 16.36 16.73 15.95 16.63 2324879 55421752.00
2022/03/14 16.35 16.59 16.15 16.16 1389550 33242008.00
2022/03/15 16.03 16.29 15.36 15.41 1945950 45152280.00
2022/03/16 15.69 15.99 14.80 15.59 2709058 61049780.00
2022/03/17 15.81 16.99 15.73 16.41 3894458 94208368.00
2022/03/18 16.26 16.52 16.17 16.38 1853986 44413824.00
2022/03/21 16.56 18.09 16.48 18.09 4160812 106783920.00
2022/03/22 18.37 18.37 17.32 17.74 6231087 161089264.00
2022/03/23 17.88 17.90 17.43 17.52 2986758 77071904.00
2022/03/24 17.47 19.24 17.10 18.44 7312882 194968832.00
2022/03/25 18.21 18.51 17.71 17.73 4824395 127564816.00
2022/03/28 17.54 18.17 17.20 17.30 2424400 61544064.00
2022/03/29 17.31 17.51 17.05 17.29 1972500 49824308.00
2022/03/30 17.28 17.59 16.70 17.26 2569850 64583044.00
2022/03/31 17.26 17.39 16.85 16.96 2289900 57045236.00
2022/04/01 16.81 17.10 16.71 16.75 1493908 36808100.00
2022/04/06 16.75 16.94 16.39 16.58 1539550 37261220.00
2022/04/07 16.56 16.71 16.10 16.12 1626665 39034112.00
2022/04/08 16.10 16.46 15.84 16.34 1995800 47447712.00
2022/04/11 16.32 16.32 15.11 15.18 2348250 53391364.00
2022/04/12 15.24 15.56 14.88 15.53 1593858 35666740.00
2022/04/13 15.38 15.77 15.14 15.45 1590358 36171700.00
2022/04/14 15.59 15.66 15.19 15.43 1338800 30281562.00
2022/04/15 15.39 15.40 14.90 15.03 1638350 36304880.00
2022/04/18 15.01 15.21 14.54 15.18 1123769 24621908.00
2022/04/19 15.04 15.64 15.04 15.31 1148050 25982500.00
2022/04/20 15.53 15.60 15.04 15.11 1158800 26092184.00
2022/04/21 14.89 15.04 14.21 14.28 1676600 35952152.00
2022/04/22 14.22 14.33 13.84 14.03 1249131 25953504.00
2022/04/25 13.94 13.94 12.81 12.83 2278258 44683160.00
2022/04/26 12.86 13.15 12.44 12.46 1873558 35340176.00
2022/04/27 11.93 13.19 11.93 13.06 2109000 39475844.00
2022/04/28 12.81 13.10 12.67 12.76 1264624 24081700.00
2022/04/29 13.16 13.56 12.84 13.51 1738532 34175196.00
2022/05/05 13.30 13.81 13.09 13.63 2051362 41325016.00
2022/05/06 13.19 13.69 13.14 13.54 1326832 26466604.00
2022/05/09 13.55 13.73 13.25 13.71 807331 16254515.00
2022/05/10 13.51 13.91 13.45 13.84 1024958 20854908.00
2022/05/11 13.86 14.44 13.81 14.14 1838379 38470232.00
2022/05/12 14.13 14.28 13.94 14.05 1058699 21984424.00
2022/05/13 14.14 14.34 13.94 14.02 701980 14584109.00
2022/05/16 14.10 14.52 14.10 14.26 1362700 28760768.00
2022/05/17 14.24 14.32 14.02 14.26 926772 19393352.00
2022/05/18 14.26 14.45 14.19 14.34 1047600 22140104.00
2022/05/19 14.21 14.60 14.04 14.52 1255031 26602084.00
2022/05/20 14.46 15.01 14.39 14.88 1886416 41031760.00
2022/05/23 14.87 15.10 14.70 15.03 1346674 29539850.00
2022/05/24 15.06 15.16 14.24 14.28 1478200 32005444.00
2022/05/25 14.24 14.60 14.21 14.42 790455 16796858.00
2022/05/26 14.42 14.48 14.02 14.34 872788 18360850.00
2022/05/27 14.34 14.85 14.34 14.80 1819013 39331232.00
2022/05/30 15.04 15.09 14.39 14.81 1174360 25388578.00
2022/05/31 14.94 14.94 14.55 14.80 794160 17220646.00
2022/06/01 14.80 15.10 14.64 14.96 1077751 23675218.00
2022/06/02 15.09 15.31 14.81 15.10 1747600 38861420.00
2022/06/06 15.30 15.84 15.10 15.80 2251325 51608784.00
2022/06/07 15.77 15.81 15.33 15.41 1466325 33033020.00
2022/06/08 15.41 15.51 14.85 15.26 1874000 41333160.00
2022/06/09 15.13 15.14 14.74 14.87 1011500 21964772.00
2022/06/10 14.87 15.63 14.74 15.54 2099800 47010368.00
2022/06/13 15.54 16.17 15.46 16.01 2925100 67514720.00
2022/06/14 15.76 17.67 15.69 17.67 10556005 264844256.00
2022/06/15 17.99 19.49 17.64 17.73 14931567 402796960.00
2022/06/16 17.79 18.85 17.71 18.44 8308962 218621776.00
2022/06/17 18.25 18.65 17.84 18.41 6125987 162137584.00
2022/06/20 18.19 18.48 18.04 18.16 5087962 133992032.00
2022/06/21 18.02 18.16 17.11 17.36 5420308 137608352.00
2022/06/22 17.42 17.44 16.61 16.74 3239111 79386232.00
2022/06/23 16.80 16.86 16.26 16.85 2912212 70113648.00
2022/06/24 16.99 17.35 16.75 17.22 3990654 98537240.00
2022/06/27 17.51 17.70 16.57 17.34 4289458 106855392.00
2022/06/28 17.27 17.49 17.04 17.21 2452250 60991160.00
2022/06/29 17.11 17.19 16.64 16.65 2455150 59751932.00
2022/06/30 16.83 17.61 16.75 17.01 3638258 90561384.00
2022/07/01 16.71 17.25 16.71 16.99 2178200 53627760.00
2022/07/04 16.99 17.84 16.90 17.58 5080400 128234528.00
2022/07/05 17.51 17.91 17.14 17.71 5547020 140877696.00
2022/07/06 17.72 17.74 16.56 16.79 4187553 103002768.00
2022/07/07 16.72 17.53 16.39 17.10 3234198 79579000.00
2022/07/08 17.11 17.24 16.56 16.64 2511440 61103672.00
2022/07/11 17.10 17.44 16.53 17.28 5895371 147203712.00
2022/07/12 17.69 18.61 17.08 17.19 6045224 154579312.00
2022/07/13 17.14 18.26 17.03 18.05 7092466 182009536.00
2022/07/14 17.71 18.14 17.70 17.72 3556150 91827120.00
2022/07/15 17.73 19.55 17.73 19.55 12852203 356494016.00
2022/07/18 19.55 20.69 18.89 20.32 15527562 440609376.00
2022/07/19 19.87 20.93 19.64 20.46 11341477 330427552.00
2022/07/20 20.15 20.69 19.93 19.97 6736506 195922096.00
2022/07/21 19.97 20.12 19.14 19.24 5985475 167627552.00
2022/07/22 19.13 19.96 19.01 19.81 5852800 164835312.00
2022/07/25 19.64 20.34 19.29 19.84 4408850 126027360.00
2022/07/26 19.46 19.70 18.72 19.65 4135650 114932040.00
2022/07/27 19.43 20.31 19.36 19.97 4789618 138044640.00
2022/07/28 20.12 22.03 19.67 21.37 11107999 335837344.00
2022/07/29 21.61 22.70 21.42 22.19 9537181 302961184.00
2022/08/01 22.19 23.06 21.71 22.03 6460721 206019888.00
2022/08/02 21.50 21.92 20.48 20.96 6887368 208122512.00
2022/08/03 21.49 22.58 20.63 20.68 7004952 217272080.00
2022/08/04 20.87 21.71 20.72 20.99 4365058 132852992.00
2022/08/05 21.56 21.56 20.18 20.84 4174711 124354632.00
2022/08/08 20.67 20.99 20.22 20.78 3813658 113038048.00
2022/08/09 20.69 21.36 20.64 20.78 3637250 109231632.00
2022/08/10 20.77 22.91 20.66 22.91 9293890 295100032.00
2022/08/11 23.37 23.37 21.84 22.42 9289592 297483200.00
2022/08/12 22.31 23.19 22.10 22.28 5503580 178550304.00
2022/08/15 22.16 22.71 22.02 22.18 3844836 123143224.00
2022/08/16 22.19 23.06 21.70 23.06 5829708 189126640.00
2022/08/17 22.91 23.32 22.39 23.27 4721108 154563296.00
2022/08/18 23.26 25.57 23.01 25.11 10714617 378425472.00
2022/08/19 25.22 25.31 23.50 23.69 5928708 205653104.00
2022/08/22 23.44 24.69 23.17 24.66 4499237 155689184.00
2022/08/23 24.42 26.00 24.37 25.69 5013100 183141584.00
2022/08/24 25.83 25.85 24.69 24.76 4409350 158801360.00
2022/08/25 24.93 25.28 23.36 23.99 4235256 146245168.00
2022/08/26 24.13 25.37 23.64 23.95 3794400 133703888.00
2022/08/29 23.43 24.80 22.87 24.65 3503492 119821624.00
2022/08/30 23.99 24.05 22.13 22.91 6616411 217432080.00
2022/08/31 22.78 22.88 21.08 21.12 5183450 162130576.00
2022/09/01 21.31 22.26 21.19 21.64 3290950 103035824.00
2022/09/02 21.84 23.78 21.29 23.38 5379535 176851568.00
2022/09/05 23.34 24.00 22.64 22.94 3529473 117675448.00
2022/09/06 23.14 25.26 23.14 24.67 5547737 194296464.00
2022/09/07 24.59 25.35 24.41 24.63 4271000 151548176.00
2022/09/08 24.49 25.28 24.07 24.19 3020700 106287728.00
2022/09/09 24.19 24.42 23.54 23.87 2717500 93267384.00
2022/09/13 23.81 25.06 23.76 24.85 3937800 139275392.00
2022/09/14 24.42 24.78 23.92 24.31 3204700 111163552.00
2022/09/15 24.49 24.78 22.57 23.56 4409577 147333616.00
2022/09/16 23.28 23.96 22.99 23.01 1760300 59116372.00
2022/09/19 22.99 23.60 22.64 23.24 2034081 67675904.00
2022/09/20 23.24 24.44 23.24 23.96 3312477 114470880.00
2022/09/21 23.82 24.18 23.21 23.24 2254994 76121520.00
2022/09/22 23.19 23.85 22.64 23.23 1839000 61410068.00
2022/09/23 23.39 23.67 22.14 22.62 2899773 94254928.00
2022/09/26 22.31 23.09 22.14 22.46 2117714 68902792.00
2022/09/27 22.46 22.76 21.86 22.49 2424127 77170328.00
2022/09/28 22.28 22.28 21.22 21.26 1887777 58619524.00
2022/09/29 21.28 21.91 20.97 21.91 2127305 65984884.00
2022/09/30 21.90 22.26 21.12 21.99 2839266 88644096.00
2022/10/10 21.81 22.49 21.55 21.85 1772348 55938024.00
2022/10/11 20.86 23.14 20.86 22.71 3639957 116976920.00
2022/10/12 22.64 24.61 22.44 24.55 3779573 128331880.00
2022/10/13 24.28 24.91 24.17 24.37 2271623 80013992.00
2022/10/14 24.39 24.88 24.28 24.67 2152400 76073200.00
2022/10/17 24.76 25.84 24.26 25.71 3428058 123491648.00
2022/10/18 25.99 28.34 25.74 28.31 8914241 353602496.00
2022/10/19 27.74 29.70 27.74 28.54 6529145 267673696.00
2022/10/20 27.78 28.65 27.43 27.76 3576158 142540400.00
2022/10/21 27.88 29.29 27.55 29.21 4833390 196870752.00
2022/10/24 29.21 29.53 28.35 28.56 3196885 131891264.00
2022/10/25 28.05 28.74 27.29 28.46 3134681 126019136.00
2022/10/26 28.35 29.89 28.21 28.92 3164808 131114744.00
2022/10/27 29.51 29.51 27.99 28.21 2559214 104404784.00
2022/10/28 28.14 28.70 26.98 27.21 4138073 163790544.00
2022/10/31 27.44 27.71 26.39 26.64 2827235 108469160.00
2022/11/01 27.01 29.32 26.92 28.71 5929977 241703136.00
2022/11/02 28.23 29.42 28.10 28.53 4380450 181121344.00
2022/11/03 28.53 29.99 28.26 29.27 5786421 243034656.00
2022/11/04 29.21 29.56 28.55 28.69 4864166 201215104.00
2022/11/07 28.92 28.92 27.54 28.67 4649427 188240656.00
2022/11/08 28.85 28.85 27.85 28.17 3078711 123807960.00
2022/11/09 28.24 31.01 27.90 30.85 5748958 247542000.00
2022/11/10 30.29 31.38 29.89 30.06 5382982 234417536.00
2022/11/11 30.36 30.71 29.35 30.08 3245489 138464064.00
2022/11/14 30.00 30.08 28.08 28.62 4581304 188326048.00
2022/11/15 28.71 29.76 28.30 29.61 2685978 112384504.00
2022/11/16 29.49 29.74 28.86 29.10 1258554 52449316.00
2022/11/17 28.97 28.98 27.92 28.71 2008304 81878272.00
2022/11/18 28.81 30.38 28.28 30.24 3722090 157798352.00
2022/11/21 29.85 31.28 29.62 31.03 2523343 110432208.00
2022/11/22 30.78 31.56 30.12 30.17 2222984 97485976.00
2022/11/23 30.16 30.56 29.37 30.21 1476683 63065352.00
2022/11/24 30.31 32.19 30.00 31.40 3481340 156124192.00
2022/11/25 31.56 31.56 29.12 29.31 2754791 117878816.00
2022/11/28 28.84 29.62 28.08 28.61 2594450 106128304.00
2022/11/29 28.50 28.70 27.31 27.50 4232843 167725872.00
2022/11/30 27.53 27.99 27.05 27.52 3548919 139525008.00
2022/12/01 27.53 29.27 27.49 29.06 4450205 181407296.00
2022/12/02 28.90 29.64 28.71 29.02 1998917 83427744.00
2022/12/05 29.20 29.20 27.59 27.90 3624247 146008576.00
2022/12/06 27.90 29.19 27.78 28.44 2416480 98404520.00
2022/12/07 28.54 29.91 27.70 27.99 2579724 105257312.00
2022/12/08 27.67 29.24 27.49 28.57 2313797 94681328.00
2022/12/09 28.69 29.05 28.14 28.65 1638595 66877260.00
2022/12/12 28.14 28.85 28.00 28.61 972198 39447456.00
2022/12/13 28.61 28.69 27.81 27.88 1240841 49807484.00
2022/12/14 28.07 28.24 27.46 27.51 992245 39339636.00
2022/12/15 27.51 27.87 27.26 27.62 824961 32431892.00
2022/12/16 27.56 27.56 26.71 26.82 1320431 51068244.00
2022/12/19 26.72 27.38 26.54 26.78 1221272 46811320.00
2022/12/20 26.59 27.99 26.57 27.49 1359298 53311272.00
2022/12/21 27.17 27.43 26.79 26.90 805294 31120704.00
2022/12/22 26.90 27.47 25.70 25.70 1194275 44837996.00
2022/12/23 25.64 25.71 24.61 24.98 1605692 57577320.00
2022/12/26 25.15 26.81 25.15 26.78 1776538 66638864.00
2022/12/27 27.06 27.06 26.07 26.56 1225392 46454128.00
2022/12/28 26.79 26.95 26.14 26.26 1079902 40771432.00
2022/12/29 26.44 27.71 26.11 27.28 1863998 72429280.00
2022/12/30 27.15 28.21 27.15 27.48 1766157 70153288.00
2023/01/03 27.64 28.35 27.29 28.14 1288283 51384448.00
2023/01/04 28.14 28.71 27.89 28.67 1312389 53282724.00
2023/01/05 28.68 29.18 28.40 29.06 1422335 58560884.00
2023/01/06 28.92 29.34 28.72 28.83 987244 40878132.00
2023/01/09 28.99 29.14 28.41 28.60 1782696 73025464.00
2023/01/10 28.84 29.62 28.17 29.14 1443740 59867696.00
2023/01/11 28.84 30.76 28.56 29.43 1930442 81792816.00
2023/01/12 29.58 30.31 29.41 29.94 1472074 62861528.00
2023/01/13 29.96 30.14 29.35 29.49 1042531 44173540.00
2023/01/16 29.52 29.87 29.14 29.23 1157998 48627552.00
2023/01/17 29.31 30.84 29.23 30.28 2488523 107191136.00
2023/01/18 30.14 30.44 30.00 30.02 963609 41444536.00
2023/01/19 29.96 30.30 29.79 30.09 833491 35780032.00
2023/01/20 29.95 30.73 29.95 30.37 1181845 51222088.00
2023/01/30 29.99 30.82 29.88 30.29 1637692 70881128.00
2023/01/31 30.06 32.89 30.06 32.21 4031538 182630192.00
2023/02/01 32.86 34.41 32.39 34.10 5067460 242149888.00
2023/02/02 35.98 36.75 34.82 36.70 4895904 250057072.00
2023/02/03 36.64 36.64 33.51 35.13 5411370 267298560.00
2023/02/06 35.29 35.56 33.91 34.34 3780448 185645488.00
2023/02/07 34.31 35.00 33.92 34.42 2322632 113947336.00
2023/02/08 34.21 34.71 33.92 34.06 1915430 93327672.00
2023/02/09 33.79 35.04 33.56 35.04 1764235 86965192.00
2023/02/10 34.75 36.92 34.52 35.46 4036161 205282048.00
2023/02/13 35.54 37.06 35.31 36.78 3135395 161837712.00
2023/02/14 36.78 39.09 36.56 38.35 4125974 223842880.00
2023/02/15 38.03 40.13 38.03 39.52 3420155 190912032.00
2023/02/16 39.11 39.31 36.21 36.92 5298575 282749984.00
2023/02/17 36.66 37.60 36.27 36.34 2179335 113531656.00
2023/02/20 36.53 36.53 35.37 35.84 2111610 107603376.00
2023/02/21 35.84 35.84 34.94 35.65 3216024 161978848.00
2023/02/22 35.76 35.76 34.85 35.43 1739050 87174008.00
2023/02/23 35.05 35.97 35.05 35.68 1858800 94156000.00
2023/02/24 35.68 36.94 35.39 36.42 3031852 157096176.00
2023/02/27 36.31 39.39 35.14 38.85 4421580 238927360.00
2023/02/28 38.30 39.69 37.97 39.34 3219589 177739248.00
2023/03/01 39.39 40.44 38.48 39.53 3046042 170222528.00
2023/03/02 39.53 39.53 38.01 38.49 2047299 112017232.00
2023/03/03 38.50 39.41 38.22 38.85 1292699 71335496.00
2023/03/06 38.76 39.20 37.24 37.86 2714708 146191984.00
2023/03/07 37.90 38.14 36.56 37.25 2852900 151143088.00
2023/03/08 37.31 37.71 36.21 36.86 1956000 102489992.00
2023/03/09 37.41 37.41 35.69 35.99 2708873 139814048.00
2023/03/10 35.53 35.90 34.14 34.34 3076949 152259488.00
2023/03/13 34.67 35.35 33.78 34.06 2139845 104297200.00
2023/03/14 34.06 34.26 33.14 33.63 2017800 96749752.00
2023/03/15 34.18 35.35 33.57 34.98 3456231 171486144.00
2023/03/16 34.49 34.99 33.24 33.50 2399537 115922560.00
2023/03/17 33.56 34.41 32.91 33.05 1515800 72228384.00
2023/03/20 32.99 34.17 31.89 33.39 2799146 132247560.00
2023/03/21 33.48 33.86 32.32 32.52 2612218 122080112.00
2023/03/22 32.79 34.57 32.43 32.76 4072044 193978880.00
2023/03/23 32.43 32.95 31.56 31.69 3009763 137334320.00
2023/03/24 31.78 31.85 30.56 30.69 3710920 164601024.00
2023/03/27 30.93 31.21 30.28 30.71 2846885 124659616.00
2023/03/28 30.76 32.25 30.76 31.50 3513648 158954688.00
2023/03/29 31.42 33.21 31.39 31.94 4225547 195631824.00
2023/03/30 31.96 31.96 31.16 31.91 1547294 69798560.00
2023/03/31 32.79 33.74 31.75 33.14 4086300 192306784.00
2023/04/03 32.97 33.69 32.26 32.47 3190017 148261760.00
2023/04/04 32.14 32.29 29.66 31.23 6081219 265006512.00
2023/04/06 31.23 31.57 30.21 31.55 2401142 106160104.00
2023/04/07 31.41 32.66 30.99 32.46 3490600 160358576.00
2023/04/10 32.30 35.61 32.28 35.28 5165257 253364720.00
2023/04/11 35.27 35.36 34.11 34.61 2837028 139868064.00
2023/04/12 34.26 34.74 33.35 33.94 2594672 125224400.00
2023/04/13 33.94 34.02 32.94 33.56 2038169 97128808.00
2023/04/14 33.19 33.96 32.49 32.68 1819956 85298752.00
2023/04/17 32.71 34.11 32.71 33.62 2893519 138579072.00
2023/04/18 33.61 33.61 32.42 32.91 1802027 84614024.00
2023/04/19 32.79 33.53 32.45 33.42 1647258 77788824.00
2023/04/20 33.31 33.51 31.56 31.89 2569806 117668032.00
2023/04/21 31.18 31.89 30.36 30.46 3446805 151509392.00
2023/04/24 30.47 30.87 29.81 30.38 1473265 63771288.00
2023/04/25 30.31 30.77 28.54 29.06 2028900 84653544.00
2023/04/26 28.77 30.12 28.51 29.08 1869274 78589096.00
2023/04/27 29.44 30.71 29.29 30.23 3587888 154325584.00
2023/04/28 30.10 30.23 28.71 29.10 2692500 111715600.00
2023/05/04 29.30 29.89 28.96 28.98 1604664 66972692.00
2023/05/05 28.98 29.10 28.18 28.29 1809856 73767560.00
2023/05/08 27.99 28.67 27.94 28.14 1245194 50264340.00
2023/05/09 28.02 29.14 27.86 27.89 1674147 68131808.00
2023/05/10 27.86 28.12 27.29 27.62 1147561 45331416.00
2023/05/11 27.82 27.92 26.85 26.94 2032000 78775280.00
2023/05/12 27.01 27.14 25.99 26.09 3040200 114475992.00
2023/05/15 26.18 26.56 25.64 26.51 3036365 113690792.00
2023/05/16 26.76 26.76 26.06 26.63 1836805 69425288.00
2023/05/17 26.71 27.56 26.42 26.92 2777002 107027960.00
2023/05/18 26.92 27.19 26.21 26.33 1377800 52349680.00
2023/05/19 26.33 26.84 26.19 26.74 970702 36944812.00
2023/05/22 26.76 27.99 26.21 27.56 2664750 103941696.00
2023/05/23 27.56 28.10 27.21 27.64 1857761 73633968.00
2023/05/24 27.79 28.34 27.29 27.95 1955599 78040008.00
2023/05/25 27.94 28.10 26.88 27.03 1894900 74124288.00
2023/05/26 26.92 27.04 26.56 26.61 1311400 50071984.00
2023/05/29 26.96 26.96 25.95 26.55 2597021 98011984.00
2023/05/30 26.91 26.91 25.79 26.19 1435451 53667472.00
2023/05/31 26.09 26.16 25.59 25.79 1166523 43114180.00
2023/06/01 25.69 26.06 25.50 25.76 1336991 49332432.00
2023/06/02 25.85 27.59 25.75 26.86 3352525 128870240.00
2023/06/05 26.86 27.24 25.93 26.64 2366533 89502736.00
2023/06/06 26.54 27.36 26.14 26.24 3102258 119102064.00
2023/06/07 26.46 26.46 25.24 25.31 1972542 72397312.00
2023/06/08 25.06 25.81 25.06 25.60 1731528 63093264.00
2023/06/09 25.63 25.91 24.69 25.21 2555250 91758352.00
2023/06/12 25.34 26.14 25.04 25.91 2248837 82785320.00
2023/06/13 26.04 26.04 25.15 25.66 1365189 49993656.00
2023/06/14 25.78 26.14 25.35 25.76 1448165 53543124.00
2023/06/15 25.97 26.04 25.42 26.00 1298650 48046460.00
2023/06/16 26.30 26.30 25.35 25.54 2623572 68280032.00
2023/06/19 25.30 25.73 24.58 24.67 5465312 138200800.00
2023/06/20 24.67 24.94 24.11 24.53 3585538 89143672.00
2023/06/21 24.41 25.03 24.07 24.12 2382014 59197128.00
2023/06/26 23.89 24.56 23.70 24.00 2436121 59620664.00
2023/06/27 23.86 24.69 23.86 24.51 2083182 51740328.00
2023/06/28 24.52 24.68 24.07 24.26 1514089 37295300.00
2023/06/29 24.21 24.38 23.78 23.89 1605308 39080944.00
2023/06/30 23.87 25.59 23.80 25.41 5081267 129274504.00
2023/07/03 25.42 27.09 25.41 26.84 6718592 180664368.00
2023/07/04 26.84 26.92 26.32 26.80 2856912 77278440.00
2023/07/05 26.77 27.26 26.60 26.70 2056543 56081624.00
2023/07/06 26.52 26.87 25.90 26.70 2803694 75610240.00
2023/07/07 26.48 26.90 25.96 26.01 1894600 50411376.00
2023/07/10 26.04 28.59 25.93 27.92 8042930 227176352.00
2023/07/11 28.19 28.35 26.87 27.64 5988774 166254288.00
2023/07/12 27.68 29.37 27.01 29.16 8987109 261559120.00
2023/07/13 28.90 29.87 28.40 29.65 7937389 236734608.00
2023/07/14 29.52 30.01 28.95 29.62 5234211 156166288.00
2023/07/17 29.45 32.58 29.21 31.54 6998382 218861760.00
2023/07/18 31.61 31.90 30.80 31.35 4784124 151830800.00
2023/07/19 31.28 31.60 30.70 30.75 4029547 126387448.00
2023/07/20 30.68 31.93 30.68 30.81 4538895 143809120.00
2023/07/21 30.82 33.80 30.59 33.07 8207365 271369280.00
2023/07/24 33.00 33.00 31.27 32.05 5139429 166704880.00
2023/07/25 32.40 32.60 30.28 30.57 8514350 269749280.00
2023/07/26 30.72 30.98 30.01 30.77 4713890 146306608.00
2023/07/27 31.00 31.00 29.67 29.83 5731834 174799104.00
2023/07/28 29.80 30.14 29.20 29.95 4917118 147706128.00
2023/07/31 30.10 30.65 29.71 29.96 2698187 82329200.00
2023/08/01 29.90 29.99 28.89 28.94 3083442 91149480.00
2023/08/02 28.94 29.05 28.44 28.84 2056452 59816004.00
2023/08/03 29.04 29.88 28.52 29.51 3067404 91601648.00
2023/08/04 29.56 29.82 28.80 28.95 2505135 73953552.00
2023/08/07 28.86 29.27 28.75 29.15 1991455 58551352.00
2023/08/08 29.11 32.11 28.90 32.11 9582588 303404064.00
2023/08/09 32.60 33.94 31.10 33.36 12573978 410985152.00
2023/08/10 32.68 33.46 30.63 31.19 12139424 393625120.00
2023/08/11 31.41 32.50 31.10 31.89 8719294 282850784.00
2023/08/14 31.10 32.50 31.10 32.42 5006356 162467504.00
2023/08/15 32.10 32.27 30.80 31.70 4111630 130912384.00
2023/08/16 31.89 32.19 30.27 30.40 5209823 163418000.00
2023/08/17 30.80 30.80 29.20 29.80 5134381 154450000.00
2023/08/18 29.60 30.69 29.50 29.54 3405470 103621808.00
2023/08/21 29.51 29.51 28.75 28.75 2668671 78534512.00
2023/08/22 28.44 28.89 27.50 28.15 4477860 127387288.00
2023/08/23 28.38 28.38 27.60 27.64 1936075 54847840.00
2023/08/24 27.70 27.92 27.28 27.63 1679804 47065280.00
2023/08/25 27.73 28.27 27.30 27.86 2846793 80665328.00
2023/08/28 29.10 29.48 27.30 27.51 2796954 79710008.00
2023/08/29 27.51 28.70 27.20 28.40 2425922 69212320.00
2023/08/30 28.41 28.89 28.10 28.68 1856462 53705432.00
2023/08/31 28.49 29.90 28.30 29.30 3007590 89259792.00
2023/09/01 29.18 29.55 28.58 28.73 1843317 53834236.00
2023/09/04 28.72 29.58 28.60 29.02 2263886 66912588.00
2023/09/05 28.96 29.17 28.40 28.72 1763574 51343688.00
2023/09/06 28.72 28.81 28.30 28.54 1420028 41112328.00
2023/09/07 28.48 28.71 27.99 28.42 1791207 51454432.00
2023/09/08 28.16 28.99 28.15 28.29 1340015 38632936.00
2023/09/11 28.29 28.77 27.92 28.21 1728340 49627084.00
2023/09/12 28.42 28.76 28.00 28.65 1565083 45220348.00
2023/09/13 28.67 28.90 27.60 28.01 2464697 70164528.00
2023/09/14 28.01 28.15 27.20 27.52 1953935 54651088.00
2023/09/15 27.46 27.59 26.61 26.94 3218360 88067088.00
2023/09/18 27.08 27.34 26.60 27.15 1279770 35162684.00
2023/09/19 27.28 27.68 26.84 26.97 1453436 40055744.00
2023/09/20 26.87 27.50 26.86 27.03 1866109 51411292.00
2023/09/21 27.06 27.08 26.38 26.39 1643541 44400676.00
2023/09/22 26.36 26.68 26.10 26.43 2942080 78811320.00
2023/09/25 26.49 26.80 26.06 26.32 1644664 44046620.00
2023/09/26 26.09 26.46 26.06 26.28 1649140 43935004.00
2023/09/27 26.34 26.89 26.22 26.54 1682909 45381120.00
2023/09/28 26.58 26.97 26.42 26.68 1632300 44193972.00
2023/10/09 27.30 28.38 27.01 28.03 4875375 137837232.00
2023/10/10 27.90 28.28 27.60 27.76 2572877 72749392.00
2023/10/11 27.74 27.97 26.80 26.93 2564021 70986048.00
2023/10/12 27.13 28.23 27.04 28.03 3341002 93966704.00
2023/10/13 27.78 27.94 27.26 27.48 2069476 57721520.00
2023/10/16 27.58 27.68 24.69 24.69 7142562 181815744.00
2023/10/17 24.69 24.69 23.66 23.95 5774212 140992544.00
2023/10/18 23.92 23.92 22.90 23.32 3623830 85672136.00
2023/10/19 23.34 23.65 22.98 23.04 2341179 55378984.00
2023/10/20 23.16 23.32 22.80 22.82 1923030 44926296.00
2023/10/23 22.90 22.90 21.90 22.12 2378348 54109372.00
2023/10/24 22.57 22.88 22.21 22.55 2387550 54835236.00
2023/10/25 22.79 22.97 22.27 22.30 2334960 53656920.00
2023/10/26 22.14 22.27 21.40 22.16 2835345 62959572.00
2023/10/27 22.07 23.20 21.95 23.06 3030871 70355640.00
2023/10/30 22.89 23.35 22.60 23.24 2737901 64245428.00
2023/10/31 23.18 23.31 22.62 22.99 1930020 44995272.00
2023/11/01 22.99 23.17 22.50 22.72 1913380 44199800.00
2023/11/02 22.97 22.97 22.40 22.41 1670400 38316128.00
2023/11/03 22.41 23.03 22.41 22.75 2007720 46577008.00
2023/11/06 22.97 23.38 22.68 23.14 2249820 52811044.00
2023/11/07 23.12 23.65 22.85 23.51 2151506 51049672.00
2023/11/08 23.55 23.64 23.18 23.33 1716445 40834648.00
2023/11/09 23.39 23.53 23.21 23.33 1592670 37843200.00
2023/11/10 23.24 23.38 23.01 23.16 1132800 26692186.00
2023/11/13 23.16 23.24 22.81 23.00 1480320 34620696.00
2023/11/14 23.15 23.36 22.80 23.05 1523900 35666016.00
2023/11/15 23.19 24.18 23.18 23.78 4276428 103298424.00
2023/11/16 23.76 23.94 23.23 23.45 2642983 63086120.00
2023/11/17 23.12 23.68 23.12 23.57 1969509 47103212.00
2023/11/20 23.61 23.93 23.42 23.81 2191620 52765264.00
2023/11/21 23.77 24.11 23.70 23.81 1582580 38544136.00
2023/11/22 23.70 23.85 23.22 23.24 1634860 38984644.00
2023/11/23 24.19 25.60 24.19 25.60 6412303 164346848.00
2023/11/24 25.70 27.38 25.70 26.24 13439111 361428544.00
2023/11/27 26.32 26.94 25.74 26.24 6459873 171863904.00
2023/11/28 26.30 26.61 25.94 26.40 3582512 95668008.00
2023/11/29 26.18 26.49 25.94 26.03 3049909 81192768.00
2023/11/30 25.90 26.03 25.04 25.37 3730240 96686136.00
2023/12/01 25.25 25.37 24.75 25.05 2666147 67704032.00
2023/12/04 24.79 25.92 24.79 25.72 3259073 84156456.00
2023/12/05 25.65 25.86 25.00 25.03 2245283 57847464.00
2023/12/06 25.09 25.45 24.77 24.82 2125967 54170220.00
2023/12/07 24.94 24.98 24.50 24.75 2209880 55478436.00
2023/12/08 24.70 24.85 24.15 24.31 1894467 47005048.00
2023/12/11 24.30 24.69 23.79 24.48 2859267 70448576.00
2023/12/12 24.80 25.54 24.15 25.31 4309475 109509760.00
2023/12/13 25.08 25.40 24.71 24.79 2166085 54970976.00
2023/12/14 24.80 25.60 24.80 25.09 2860328 73520368.00
2023/12/15 25.15 25.55 24.58 24.70 1728160 43706312.00
2023/12/18 24.43 25.08 24.21 24.72 1982490 49862996.00
2023/12/19 24.72 24.80 24.14 24.33 1470340 36462208.00
2023/12/20 24.43 24.59 24.00 24.00 1045055 25776228.00
2023/12/21 24.03 24.19 23.60 24.13 1503893 36607728.00
2023/12/22 24.10 24.38 23.69 24.00 1352853 33019028.00
2023/12/25 23.81 24.16 23.55 23.70 1393793 33739684.00
2023/12/26 23.70 23.95 23.35 23.42 1396993 33481860.00
2023/12/27 23.42 23.78 23.24 23.58 1344293 32178550.00
2023/12/28 23.58 24.28 23.35 24.17 2247170 54904592.00
2023/12/29 24.12 24.77 24.01 24.61 1578857 39087860.00
2024/01/02 24.59 24.81 24.27 24.30 1495557 37272240.00
2024/01/03 24.20 24.90 24.03 24.28 2058765 51051812.00
2024/01/04 24.37 25.78 24.31 25.06 5457260 139328208.00
2024/01/05 24.80 27.30 24.79 26.31 8585640 230261856.00
2024/01/08 26.77 27.95 26.60 27.86 10519478 293270560.00
2024/01/09 27.39 27.60 26.42 27.11 6889163 188580112.00
2024/01/10 26.70 27.90 26.70 26.95 5310734 146454096.00
2024/01/11 26.67 26.98 25.64 26.67 6093015 162214080.00
2024/01/12 26.09 27.09 25.97 26.02 4517657 121380952.00
2024/01/15 25.65 25.86 25.10 25.17 3807613 98085352.00
2024/01/16 24.97 25.81 24.48 25.78 2964280 76474032.00
2024/01/17 25.69 26.90 25.32 25.98 3783012 100967808.00
2024/01/18 25.66 26.45 25.38 26.40 3294356 86767192.00
2024/01/19 26.19 26.63 25.48 25.78 2470496 65027752.00
2024/01/22 25.78 25.80 24.10 24.40 2719698 69035896.00
2024/01/23 24.40 25.26 23.81 24.87 2038054 50954444.00
2024/01/24 24.86 25.48 24.38 25.32 2130281 54065288.00
2024/01/25 25.57 26.87 25.35 26.76 3749609 100402672.00
2024/01/26 26.76 27.20 25.97 26.03 3081634 83074760.00
2024/01/29 26.88 26.88 25.50 26.03 1914529 50574144.00
2024/01/30 25.80 26.48 25.37 25.48 1875827 49573412.00
2024/01/31 24.97 25.60 24.19 24.80 2318158 58686620.00
2024/02/01 24.84 26.49 24.50 25.40 3279111 84886576.00
2024/02/02 25.20 26.01 24.52 25.62 3340697 86442576.00
2024/02/05 24.80 26.01 23.90 25.54 3331893 84731920.00
2024/02/06 25.19 26.79 24.85 26.50 3789048 100485400.00
2024/02/07 26.49 28.19 26.38 27.96 5867487 162742896.00
2024/02/08 28.20 29.57 27.48 27.56 6382259 184406624.00
2024/02/19 28.10 28.66 27.48 28.23 4560358 130649760.00
2024/02/20 27.99 31.09 27.71 31.09 9351443 286432320.00
2024/02/21 31.09 32.45 30.60 30.81 9252738 295586336.00
2024/02/22 30.48 31.07 30.26 31.07 4659522 144619152.00
2024/02/23 31.15 32.26 30.77 31.93 6153397 197457120.00
2024/02/26 31.71 33.28 31.61 31.82 6282070 206383824.00
2024/02/27 31.55 31.87 31.09 31.59 5630359 178845136.00
2024/02/28 31.60 32.42 30.65 30.68 4993649 159286016.00
2024/02/29 30.60 31.14 29.55 30.95 6176218 190577392.00
2024/03/01 31.15 31.20 30.36 30.79 3762600 117138904.00
2024/03/04 30.45 31.01 29.67 29.75 5683583 172343936.00
2024/03/05 29.74 30.51 29.48 30.05 3499908 106728408.00
2024/03/06 30.05 30.79 29.81 30.36 3799136 116635840.00
2024/03/07 30.37 31.29 30.18 30.28 3936763 122228304.00
2024/03/08 29.91 30.44 29.36 29.90 3902519 117803216.00
2024/03/11 29.89 30.12 29.15 29.61 3414246 102524864.00
2024/03/12 29.78 29.78 28.75 28.90 4023236 118440600.00
2024/03/13 29.08 29.23 28.73 28.98 2692694 79109640.00
2024/03/14 28.90 29.31 28.76 29.05 2943441 86540352.00
2024/03/15 28.83 31.11 28.61 30.80 11998221 364228800.00
2024/03/18 30.17 30.40 28.84 29.64 10966172 327892352.00
2024/03/19 29.50 29.73 27.88 28.30 10559155 305545920.00
2024/03/20 28.13 28.75 28.13 28.37 4701078 135406224.00
2024/03/21 28.37 28.39 27.68 27.70 4852889 137202496.00
2024/03/22 27.69 28.34 27.38 27.84 5341950 150588112.00
2024/03/25 27.79 28.75 27.61 27.95 6515874 186857872.00
2024/03/26 28.05 29.48 27.85 29.43 11019375 321551168.00
2024/03/27 29.00 29.15 27.93 28.20 7882885 227310336.00
2024/03/28 28.10 28.74 27.71 28.55 4928021 141789376.00
2024/03/29 28.55 29.78 28.46 28.98 6256001 185332048.00
2024/04/01 28.76 28.98 28.06 28.96 5215259 151036848.00
2024/04/02 28.97 30.55 28.95 30.14 9524026 289767328.00
2024/04/03 30.13 30.39 29.36 29.83 6778489 205032816.00
2024/04/08 29.47 30.37 29.31 29.38 5674615 171940832.00
2024/04/09 29.20 29.81 29.04 29.60 4275254 127502120.00
2024/04/10 29.42 29.65 27.75 27.84 6026849 174521792.00
2024/04/11 27.84 27.84 26.40 26.96 7557511 207431472.00
2024/04/12 26.92 27.12 25.98 26.01 5678278 152352464.00
2024/04/15 26.01 26.10 24.08 24.45 10817733 273462208.00
2024/04/16 24.37 24.41 23.01 23.38 7775176 186691232.00
2024/04/17 23.62 25.00 23.62 24.70 6535399 163167376.00
2024/04/18 24.70 25.05 24.21 24.86 4364430 109443552.00
2024/04/19 24.78 25.06 24.30 24.36 2752959 68654280.00
2024/04/22 24.33 24.59 23.64 23.80 3845920 94267704.00
2024/04/23 23.85 23.99 23.06 23.90 4131380 99067208.00
2024/04/24 23.90 24.00 23.51 23.83 2264843 54682352.00
2024/04/25 23.97 24.20 23.62 23.74 3738470 90692696.00
2024/04/26 23.60 24.78 23.40 24.57 8266685 203951024.00
2024/04/29 24.26 24.52 23.69 24.47 8032797 196985920.00
2024/04/30 24.47 24.55 23.85 23.90 5994290 146629408.00
2024/05/06 24.11 25.40 23.93 25.40 9540496 240124544.00
2024/05/07 26.73 26.98 25.95 26.30 11692393 313180800.00
2024/05/08 26.27 26.50 25.74 25.77 6323251 167043552.00
2024/05/09 25.77 26.29 25.59 25.92 5577948 147415536.00
2024/05/10 26.09 26.09 24.86 25.33 5412784 139216240.00
2024/05/13 25.01 25.28 24.71 24.83 3793674 96247608.00
2024/05/14 24.82 25.58 24.82 24.89 4277114 109229416.00
2024/05/15 24.92 25.13 24.57 24.60 4164200 105033848.00
2024/05/16 24.55 24.95 24.10 24.37 3886174 96383200.00
2024/05/17 24.37 24.98 24.20 24.78 3812693 95637456.00
2024/05/20 24.80 25.20 24.65 25.12 5370701 136447552.00
2024/05/21 25.01 25.06 24.47 24.75 3290169 82576008.00
2024/05/22 24.53 24.95 24.31 24.47 2850479 71106824.00
2024/05/23 24.40 24.40 23.66 23.74 4008441 97418520.00
2024/05/24 23.86 23.88 23.19 23.19 2906869 69401024.00
2024/05/27 23.21 23.30 22.39 22.86 3644077 84345856.00
2024/05/28 22.83 22.93 22.54 22.63 1927660 44592500.00
2024/05/29 22.84 23.50 22.63 23.37 3377812 79623680.00
2024/05/30 23.38 23.84 23.06 23.14 2756042 65608208.00
2024/05/31 23.05 23.70 23.05 23.55 2787251 66395004.00
2024/06/03 23.59 23.60 22.80 22.95 2206887 51849448.00
2024/06/04 22.81 23.26 22.62 23.14 2520527 58804616.00
2024/06/05 22.80 23.08 22.66 22.68 1761540 40938980.00
2024/06/06 22.81 22.95 22.21 22.43 2298720 52697292.00
2024/06/07 22.67 22.67 22.00 22.18 1971190 44664596.00
2024/06/11 22.09 22.44 21.76 22.44 1669615 37447892.00
2024/06/12 22.27 22.59 21.84 21.94 2469540 55571376.00
2024/06/13 21.80 21.98 21.62 21.63 2168940 48001524.00
2024/06/14 21.65 21.69 20.71 20.95 4133320 88296816.00
2024/06/17 20.90 21.08 20.51 20.98 2261069 48115032.00
2024/06/18 20.98 21.07 20.55 20.82 2795266 59092096.00
2024/06/19 20.79 20.83 19.98 20.02 4069057 83907568.00
2024/06/20 20.02 20.31 19.50 19.52 2678860 54154948.00
2024/06/21 19.40 19.82 19.40 19.44 2292310 45868392.00
2024/06/24 19.22 19.43 18.39 18.49 4431400 84854936.00
2024/06/25 18.69 19.70 18.69 19.09 4781973 93950488.00
2024/06/26 18.89 19.20 18.60 19.19 3712646 71554472.00
2024/06/27 19.01 19.19 18.53 18.73 3080640 59152428.00
2024/06/28 18.62 19.08 18.62 18.78 1975840 38160732.00
2024/07/01 18.94 19.09 18.63 18.98 2023140 39023592.00
2024/07/02 19.02 19.08 18.26 18.30 3233997 61164828.00
2024/07/03 18.23 18.36 17.72 17.73 3201120 58779852.00
2024/07/04 17.81 17.89 17.08 17.25 3484200 62129184.00
2024/07/05 17.25 17.53 16.91 17.46 2579320 45354256.00
2024/07/08 17.40 17.50 16.97 17.06 2875180 50415936.00
2024/07/09 16.95 17.33 16.70 17.29 3070335 53442068.00
2024/07/10 17.24 17.69 17.10 17.37 2609995 46567388.00
2024/07/11 17.67 18.28 17.65 18.09 3304900 60949388.00
2024/07/12 18.04 18.15 17.75 17.86 1828973 33512684.00
2024/07/15 17.84 17.88 17.60 17.67 1760960 31912064.00
2024/07/16 17.63 17.87 17.54 17.64 1987342 35635224.00
2024/07/17 17.75 17.86 17.44 17.58 1433580 25566116.00
2024/07/18 17.71 17.98 17.35 17.85 2862340 51483196.00
2024/07/19 17.92 17.97 17.61 17.82 1481600 26723138.00
2024/07/22 17.83 17.96 17.49 17.59 1889046 33934232.00
2024/07/23 17.50 17.52 17.00 17.03 1650240 28898304.00
2024/07/24 17.04 17.06 16.52 16.56 2025480 34357428.00
2024/07/25 16.55 16.99 16.38 16.79 1426475 24236330.00
2024/07/26 16.77 17.18 16.75 17.01 1493660 25847284.00
2024/07/29 17.04 17.22 16.60 16.72 1289980 21955860.00
2024/07/30 16.79 16.80 16.41 16.59 1666940 28057184.00
2024/07/31 16.59 17.53 16.36 17.53 3422891 59661480.00
2024/08/01 17.49 17.80 17.05 17.15 2157660 37948488.00
2024/08/02 17.09 17.38 16.90 16.91 1641180 28588584.00
2024/08/05 16.90 17.43 16.58 16.62 2414680 41581080.00
2024/08/06 16.81 17.05 16.58 16.79 1985380 33861044.00
2024/08/07 16.79 16.87 16.46 16.70 1656309 27995046.00
2024/08/08 16.70 16.86 16.25 16.74 1933500 32561376.00
2024/08/09 16.70 17.02 16.34 16.36 1848260 31119568.00
2024/08/12 16.36 16.58 16.25 16.41 1155520 19207990.00
2024/08/13 16.43 16.43 15.81 16.03 3030360 49184616.00
2024/08/14 15.94 16.13 15.71 15.75 1965300 31644484.00
2024/08/15 15.75 16.33 15.65 15.93 2665040 43336900.00
2024/08/16 15.94 15.98 15.50 15.50 2336980 37188908.00
2024/08/19 15.50 15.82 15.30 15.39 2425420 38232400.00
2024/08/20 15.33 15.44 14.98 15.06 2104009 32409458.00
2024/08/21 15.03 15.22 15.00 15.11 1734240 26646860.00
2024/08/22 15.15 15.24 14.76 14.78 2351311 35556668.00
2024/08/23 14.75 15.10 14.75 14.83 1731439 26233348.00
2024/08/26 14.86 15.16 14.78 14.92 2278529 34541468.00
2024/08/27 14.92 15.05 14.74 14.93 2184700 33084970.00
2024/08/28 14.90 15.23 14.80 15.01 2945760 44968116.00
2024/08/29 15.04 15.30 14.75 15.12 3194505 48822464.00
2024/08/30 15.10 15.45 14.87 15.23 5187881 80544536.00
2024/09/02 15.26 15.26 14.55 14.60 5378400 81035928.00
2024/09/03 14.60 15.33 14.51 15.18 6030160 92208616.00
2024/09/04 15.10 15.29 14.93 15.00 2999600 45933940.00
2024/09/05 14.97 15.23 14.72 14.90 2634960 39918380.00
2024/09/06 14.80 14.90 14.63 14.64 2036980 30411442.00
2024/09/09 14.66 14.72 14.38 14.51 2466880 36375804.00
2024/09/10 14.58 14.61 14.20 14.51 2408900 35299424.00
2024/09/11 14.46 14.97 14.33 14.89 3437860 51669128.00
2024/09/12 14.72 15.06 14.71 14.80 1943000 29396666.00
2024/09/13 14.68 14.83 14.31 14.31 2197020 32484386.00
2024/09/18 14.33 14.53 14.18 14.40 1803920 26370032.00
2024/09/19 14.55 14.85 14.23 14.67 3553380 52647932.00
2024/09/20 14.65 14.84 14.41 14.80 2791240 41632480.00
2024/09/23 14.73 14.98 14.56 14.57 2236676 33494710.00
2024/09/24 14.65 15.19 14.56 15.18 4532026 68850184.00
2024/09/25 15.45 15.71 15.14 15.19 4698760 73771568.00
2024/09/26 15.36 16.29 15.06 16.25 7241579 115571312.00
2024/09/27 16.50 17.05 16.37 17.05 3737860 63143864.00
2024/09/30 17.65 18.63 17.55 18.62 10456502 192264336.00
2024/10/08 20.51 20.51 18.77 19.90 10535906 211335488.00
2024/10/09 19.50 19.50 18.06 18.29 8032364 152941984.00
2024/10/10 18.28 18.86 17.97 18.36 4628116 86513696.00
2024/10/11 18.17 18.35 17.04 17.23 4705116 84447664.00
2024/10/14 17.23 17.52 16.92 17.42 3483356 60929796.00
2024/10/15 17.51 17.51 16.93 16.95 3552040 61889420.00
2024/10/16 16.60 17.20 16.60 16.86 2905540 49863780.00
2024/10/17 16.93 17.03 16.52 16.52 3264873 55490440.00
2024/10/18 16.59 17.29 16.33 16.90 5017895 85137232.00
2024/10/21 17.09 17.30 16.81 17.00 5230841 90487000.00
2024/10/22 17.06 17.07 16.75 17.02 3998300 68670632.00
2024/10/23 17.02 17.50 16.94 17.35 5345692 93225488.00
2024/10/24 17.35 17.40 16.89 16.95 3949178 68227408.00
2024/10/25 16.90 17.63 16.90 17.50 5386295 94732528.00
2024/10/28 17.35 17.46 16.93 17.32 5612460 97849744.00
2024/10/29 17.24 17.38 16.66 16.73 5491281 94497144.00
2024/10/30 16.45 17.11 16.41 16.53 4104569 69797936.00
2024/10/31 16.46 17.00 16.33 16.88 4883400 83098800.00
2024/11/01 16.83 17.63 16.57 17.03 7575476 131787968.00
2024/11/04 16.96 17.60 16.96 17.43 5566647 98080896.00
2024/11/05 17.45 18.00 17.29 18.00 7455860 134779808.00
2024/11/06 18.00 18.39 17.85 18.13 7589880 138963120.00
2024/11/07 17.99 18.32 17.98 18.23 6291859 115816216.00
2024/11/08 18.24 18.42 18.03 18.12 5292420 97583880.00
2024/11/11 18.08 18.99 18.03 18.95 7282096 137540032.00
2024/11/12 19.15 19.29 18.40 18.57 6434570 122396984.00
2024/11/13 18.63 18.81 18.20 18.59 4286703 80193672.00
2024/11/14 18.56 18.65 17.78 17.83 3821390 70496832.00
2024/11/15 17.64 18.10 17.50 17.50 3667484 65981928.00
2024/11/18 17.50 17.74 16.80 16.93 3744605 65332172.00
2024/11/19 16.95 17.50 16.92 17.48 2823540 49290796.00
2024/11/20 17.40 18.03 17.40 17.84 3536720 63769528.00
2024/11/21 17.81 18.24 17.81 17.97 3261267 59590912.00
2024/11/22 17.97 17.97 16.99 17.01 4272347 75414936.00
2024/11/25 17.15 17.37 16.94 17.28 2443580 42538292.00
2024/11/26 17.17 17.78 17.17 17.40 2963068 52649756.00
2024/11/27 17.30 17.60 16.76 17.58 3146380 54597672.00
2024/11/28 17.58 17.58 17.21 17.24 2194579 38632376.00
2024/11/29 17.21 17.58 17.08 17.46 2460106 43402264.00
2024/12/02 17.50 17.79 17.36 17.72 2440740 43532132.00
2024/12/03 17.76 17.81 17.45 17.59 2362760 42114360.00
2024/12/04 17.64 17.64 17.14 17.25 2745071 48225120.00
2024/12/05 17.19 17.40 17.18 17.36 1389860 24407906.00
2024/12/06 17.37 17.58 17.19 17.52 2353793 41638936.00
2024/12/09 17.52 19.30 17.38 19.30 8936197 169838816.00
2024/12/10 19.69 20.64 19.59 19.90 18531844 373537472.00
2024/12/11 19.91 20.27 19.57 19.85 10217722 205356624.00
2024/12/12 19.76 19.85 19.40 19.72 7017900 139389296.00
2024/12/13 19.63 20.03 19.20 19.20 7506406 148866208.00
2024/12/16 19.19 19.20 18.67 18.75 5599844 107135944.00
2024/12/17 18.76 18.84 18.18 18.33 4495815 84024432.00
2024/12/18 18.48 18.82 18.27 18.54 4770459 89716472.00
2024/12/19 18.39 19.21 17.95 19.00 8098048 152758464.00
2024/12/20 18.98 18.99 18.65 18.83 3952987 75310304.00
2024/12/23 18.90 19.84 18.80 19.63 10584254 207050032.00
2024/12/24 19.31 19.88 19.16 19.59 8578670 169906128.00
2024/12/25 19.50 19.59 18.75 18.79 5848300 112674384.00
2024/12/26 19.03 19.98 18.90 19.78 9290543 183673840.00
2024/12/27 20.43 21.63 20.23 20.70 20952688 442696768.00
2024/12/30 20.61 20.95 20.16 20.25 10769250 223183424.00
2024/12/31 20.25 20.60 19.96 20.08 8209480 168267600.00
2025/01/02 20.33 20.59 18.72 18.94 9690679 191563696.00
2025/01/03 19.14 19.14 17.66 17.82 7827620 145917216.00
2025/01/06 17.75 19.63 17.45 18.95 12612144 239881008.00
2025/01/07 18.95 19.17 18.24 19.03 8857886 168280624.00
2025/01/08 18.82 19.73 18.21 19.45 11836688 229694896.00
2025/01/09 19.20 20.25 19.07 19.55 11160832 222562432.00
2025/01/10 19.55 19.70 18.69 18.71 7403009 144074400.00
2025/01/13 18.36 18.86 18.22 18.61 5135815 96064520.00
2025/01/14 18.74 19.50 18.31 19.42 8130566 157466640.00
2025/01/15 19.35 19.56 18.87 19.13 6415896 124408736.00
2025/01/16 19.25 19.42 18.65 18.85 5987347 115322656.00
2025/01/17 18.70 19.50 18.67 19.50 8275560 161151136.00
2025/01/20 21.48 21.48 21.48 21.48 5893810 128072488.00
2025/01/21 21.74 22.24 20.77 21.13 20279078 436765408.00
2025/01/22 21.11 21.12 20.51 20.75 10344046 217077760.00
2025/01/23 21.00 21.11 20.31 20.31 10028592 209958624.00
2025/01/24 20.25 20.85 20.10 20.69 8205233 171310912.00
2025/01/27 20.71 21.01 20.48 20.66 5738399 120528664.00
2025/02/05 21.05 21.53 20.31 21.46 11305043 242686704.00
2025/02/06 21.32 22.41 21.20 22.35 12928493 286369504.00
2025/02/07 22.33 22.33 21.55 21.73 10986784 243077888.00
2025/02/10 21.75 21.93 21.26 21.67 7495730 162827888.00
2025/02/11 21.76 21.79 21.08 21.13 7568170 163750592.00
2025/02/12 21.13 21.63 21.12 21.33 7221915 156469280.00
2025/02/13 21.35 21.44 20.96 21.17 4903700 105012408.00
2025/02/14 21.17 21.55 20.87 21.01 5260595 112691584.00
2025/02/17 20.93 21.17 20.56 21.15 5821700 123106272.00
2025/02/18 21.03 22.08 20.90 21.51 9430813 203801984.00
2025/02/19 21.86 21.98 21.00 21.49 10305014 223978960.00
2025/02/20 21.30 21.40 20.70 20.86 7432618 157511584.00
2025/02/21 20.79 20.99 20.39 20.48 8716660 181138720.00
2025/02/24 20.48 20.73 20.24 20.58 6427456 133342720.00
2025/02/25 20.14 20.51 20.11 20.23 4440697 91387696.00
2025/02/26 20.46 20.95 20.23 20.44 5833041 121274776.00
2025/02/27 20.47 20.90 20.27 20.57 5112734 106564816.00
2025/02/28 20.58 20.70 20.16 20.30 5055900 104505184.00
2025/03/03 20.17 21.35 20.17 20.90 9827588 207771824.00
2025/03/04 20.78 21.33 20.77 21.12 6565120 139940912.00
2025/03/05 21.05 21.54 20.93 21.45 7472208 160840736.00
2025/03/06 21.57 21.60 21.15 21.19 6463501 138972880.00
2025/03/07 21.15 22.45 21.10 22.24 13299919 296111072.00
2025/03/10 22.25 22.45 21.70 21.97 8759842 195085328.00
2025/03/11 21.76 22.20 21.50 22.13 6464786 142778336.00
2025/03/12 22.46 23.86 22.43 22.75 13438462 313000640.00
2025/03/13 22.72 23.25 22.42 23.05 8906123 205491248.00
2025/03/14 22.76 23.52 22.55 23.28 10097341 235695488.00
2025/03/17 23.30 23.74 23.05 23.45 7399669 175042304.00
2025/03/18 23.62 24.41 23.51 23.88 7958118 192286192.00
2025/03/19 23.85 23.95 22.79 22.93 8880053 208936272.00
2025/03/20 22.78 23.14 22.55 22.66 5425728 125152400.00
2025/03/21 22.65 22.89 22.37 22.47 4682365 106794768.00
2025/03/24 22.25 22.92 22.10 22.56 6218140 140926016.00
2025/03/25 22.67 22.93 22.21 22.50 5198903 118750936.00
2025/03/26 22.63 23.11 22.56 22.74 5110031 117923576.00
2025/03/27 22.68 23.95 22.55 23.50 10818750 254407952.00
2025/03/28 23.50 23.51 22.47 22.70 8438760 195034800.00
2025/03/31 22.85 23.00 22.07 22.45 6088044 138117728.00
2025/04/01 22.55 22.90 22.44 22.77 4129926 94878960.00
2025/04/02 23.17 23.62 22.88 23.32 7471275 176016576.00
2025/04/03 22.99 23.05 22.25 22.35 6403992 146110608.00
2025/04/07 21.06 21.15 20.09 20.09 5069006 104351152.00
2025/04/08 20.58 20.95 20.15 20.94 10584765 220259696.00
2025/04/09 20.46 20.60 19.53 20.41 8854549 180490048.00
2025/04/10 20.75 21.01 20.50 20.52 6129720 128716272.00
2025/04/11 20.43 20.80 20.29 20.66 4860260 101435320.00
2025/04/14 20.84 21.27 20.80 20.95 5839780 124166560.00
2025/04/15 20.95 21.06 20.65 20.75 3172384 66830176.00
2025/04/16 20.68 20.78 20.25 20.47 3517114 72937168.00
2025/04/17 20.42 21.29 20.36 20.80 5033535 106702600.00
2025/04/18 20.75 20.83 20.52 20.59 2338400 48810704.00
2025/04/21 20.64 20.80 20.46 20.79 2305300 48200512.00
2025/04/22 20.74 21.27 20.62 21.02 4193940 89189648.00
2025/04/23 21.05 21.32 20.88 21.28 3667520 78507856.00
2025/04/24 21.33 21.74 21.16 21.57 4660960 101281992.00
2025/04/25 21.57 21.64 21.25 21.45 4706400 101921376.00
2025/04/28 21.36 21.45 20.95 20.95 4016700 85935000.00
2025/04/29 21.03 21.84 21.03 21.51 6138160 133805848.00
2025/04/30 21.70 22.03 21.42 21.43 4519320 98844808.00
2025/05/06 21.55 22.72 21.35 22.37 10749081 240806016.00
2025/05/07 22.33 22.55 22.24 22.45 6483168 146877568.00
2025/05/08 22.41 22.41 22.11 22.18 4722523 106179104.00
2025/05/09 22.18 22.29 21.99 22.01 3998828 89335304.00
2025/05/12 22.25 22.32 21.85 22.20 3552169 79281632.00
2025/05/13 22.35 22.35 21.93 22.22 3859400 86181840.00
2025/05/14 22.15 22.34 21.97 22.16 3909320 87631256.00
2025/05/15 22.13 22.16 21.65 21.65 3417736 75506896.00
2025/05/16 21.77 21.87 21.43 21.48 4223401 92274344.00
2025/05/19 21.46 21.48 21.10 21.37 2863628 61647580.00
2025/05/20 21.43 21.58 21.25 21.43 3018141 65398528.00
2025/05/21 21.48 21.60 21.23 21.28 2284420 49356372.00
2025/05/22 21.23 21.26 20.83 20.83 3036560 64567352.00
2025/05/23 20.83 21.12 20.78 20.81 2675836 56721136.00
2025/05/26 20.80 20.99 20.63 20.80 2090824 44027312.00
2025/05/27 20.82 20.82 20.37 20.64 2270556 47220816.00
2025/05/28 20.65 20.66 20.26 20.28 2428723 50199748.00
2025/05/29 20.37 20.55 20.25 20.41 2532203 52401656.00
2025/05/30 20.41 20.54 20.27 20.28 2332436 48078304.00
2025/06/03 20.33 20.38 20.11 20.34 2281845 46829152.00
2025/06/04 20.35 20.66 20.27 20.41 3346499 69398632.00
2025/06/05 20.41 20.65 20.21 20.62 2601914 53987604.00
2025/06/06 20.74 22.71 20.67 21.99 19451964 437727904.00
2025/06/09 21.94 22.05 21.56 21.79 14251285 313748288.00
2025/06/10 21.74 22.10 21.38 21.62 7721968 169563792.00
2025/06/11 21.80 22.40 21.74 21.78 5884013 130267488.00
2025/06/12 21.77 21.94 21.52 21.83 3980780 87627368.00
2025/06/13 21.72 21.97 21.47 21.60 4785800 103619248.00
2025/06/16 21.66 22.62 21.66 22.30 8767274 195369968.00
2025/06/17 22.27 22.68 21.99 22.09 4574620 101937224.00
2025/06/18 22.15 22.32 21.70 21.95 3804820 83646984.00
2025/06/19 22.03 22.36 21.59 21.83 4311588 94345624.00
2025/06/20 21.80 22.24 21.80 21.89 3588372 78984936.00
2025/06/23 21.76 21.99 21.64 21.84 3003000 65427768.00
2025/06/24 21.92 22.30 21.86 22.25 6835200 151543344.00
2025/06/25 22.30 22.44 22.05 22.34 6228213 138563696.00
2025/06/26 22.36 22.93 22.32 22.75 8823937 199536208.00
2025/06/27 22.70 23.04 22.68 22.70 6053980 137937136.00
2025/06/30 22.89 23.18 22.76 23.04 5518910 127122008.00
2025/07/01 23.03 23.43 22.93 23.37 5464257 126521120.00
2025/07/02 23.45 24.22 23.22 24.10 10738495 256175696.00
2025/07/03 24.15 24.16 23.39 23.77 6874003 162993216.00
2025/07/04 23.76 23.88 23.59 23.74 3649165 86564744.00
2025/07/07 23.96 24.28 23.78 24.13 4837963 116302600.00
2025/07/08 24.00 24.41 23.98 24.37 5040137 122103176.00
2025/07/09 24.41 24.91 23.50 23.68 7222036 172502272.00
2025/07/10 24.21 24.35 23.63 23.87 8202865 196094080.00
2025/07/11 23.97 24.02 23.45 23.61 6633988 156965712.00
2025/07/14 23.64 24.15 23.57 23.89 4307136 102820488.00
2025/07/15 23.91 24.91 23.90 24.17 6579616 160246800.00
2025/07/16 24.12 24.27 24.02 24.22 3166909 76541056.00
2025/07/17 24.16 24.88 24.16 24.45 4544987 111405304.00
2025/07/18 24.40 24.77 24.24 24.38 3366940 82289744.00
2025/07/21 24.40 24.65 24.24 24.61 3439969 84227600.00
2025/07/22 24.70 25.97 24.62 25.59 8267785 210527792.00
2025/07/23 25.48 25.59 25.00 25.11 4841493 122334480.00
2025/07/24 25.11 25.26 24.83 25.17 4191726 104731808.00
2025/07/25 25.19 25.44 24.96 25.00 3021844 76025416.00
2025/07/28 24.98 25.19 24.65 24.98 4437908 110434016.00
2025/07/29 24.95 25.25 24.70 24.77 4874118 121262840.00
2025/07/30 24.66 25.38 24.61 25.06 4072495 102160112.00
2025/07/31 25.06 25.40 24.66 24.78 3730494 93423312.00
2025/08/01 24.79 25.95 24.79 25.27 6526986 165842912.00
2025/08/04 25.19 25.67 24.92 25.42 4781194 121259760.00
2025/08/05 25.51 26.25 25.37 25.58 7329079 188656128.00
2025/08/06 25.51 25.75 25.40 25.61 4765851 121789744.00
2025/08/07 25.48 26.11 25.24 25.59 5214769 133540936.00
2025/08/08 25.59 26.10 25.59 25.99 6198487 160811792.00
2025/08/11 26.17 26.87 25.86 26.69 8074551 213542272.00
2025/08/12 26.88 28.49 26.50 28.29 18537012 513592064.00
2025/08/13 28.22 29.25 27.85 28.72 17149982 492199648.00
2025/08/14 28.73 28.90 27.58 27.76 12984899 365358912.00
2025/08/15 27.79 28.76 27.70 28.39 12650903 359465440.00
2025/08/18 29.23 30.76 29.08 30.33 21478336 643448832.00
2025/08/19 30.60 32.48 30.37 30.46 20501126 635597376.00
2025/08/20 30.20 30.29 29.30 29.99 13441923 401371104.00
2025/08/21 29.61 30.27 29.60 29.77 9579632 286004576.00
2025/08/22 29.56 31.03 29.36 30.58 14202527 429749984.00
2025/08/25 30.80 33.00 30.37 32.35 16477336 524428544.00
2025/08/26 31.62 32.23 31.10 31.33 13006049 411300480.00
2025/08/27 30.90 31.05 29.62 29.62 17997196 548960512.00
2025/08/28 29.25 29.81 28.55 29.80 17856238 522856896.00
2025/08/29 29.73 31.00 29.48 30.90 17119288 519044864.00
2025/09/01 30.56 30.83 29.73 29.79 12879346 388224000.00
2025/09/02 29.61 29.95 28.55 28.62 10071898 292800896.00
2025/09/03 28.86 29.16 28.33 28.77 8014313 230458496.00
2025/09/04 28.69 29.00 26.89 27.49 11713063 325717696.00
2025/09/05 27.59 28.20 27.50 28.20 7511608 209473712.00
2025/09/08 28.33 28.39 27.62 28.31 9435859 264522528.00
2025/09/09 28.36 28.36 27.42 27.56 7314209 203547488.00
2025/09/10 27.59 28.02 27.26 27.54 7446042 206394656.00
2025/09/11 27.54 28.28 27.28 28.10 7867765 219772608.00
2025/09/12 27.90 28.25 27.48 27.70 8913947 247657296.00
2025/09/15 27.52 27.60 26.70 26.88 12709782 344198848.00
2025/09/16 26.86 27.27 26.46 27.24 11650978 313158752.00
2025/09/17 27.10 27.49 26.90 27.13 8342337 227092592.00
2025/09/18 27.18 28.04 26.84 27.77 15172664 417856160.00
2025/09/19 27.71 28.79 27.50 28.28 19998304 565878528.00
2025/09/22 28.56 29.00 27.37 27.98 14709613 411526304.00
2025/09/23 27.98 28.38 26.95 27.72 10741728 295179552.00
2025/09/24 27.52 28.27 27.36 27.96 11489411 320597728.00
2025/09/25 27.83 28.25 27.50 27.50 9580306 266020256.00
2025/09/26 27.53 28.30 27.26 27.70 14708817 406647296.00
2025/09/29 27.90 28.95 27.77 28.50 18825564 535285728.00
2025/09/30 28.45 28.60 28.08 28.38 12330399 348752704.00
2025/10/09 31.22 31.22 29.64 30.14 38566336 1171810560.00
2025/10/10 30.21 30.95 30.15 30.63 36003020 1099281152.00
2025/10/13 29.60 30.88 29.52 30.51 23450568 709594560.00
2025/10/14 30.75 30.87 28.94 29.05 23745744 709567552.00
2025/10/15 29.09 29.22 28.21 28.82 17633286 504173440.00
2025/10/16 28.72 28.85 28.35 28.59 11803023 337060768.00
2025/10/17 28.65 28.88 27.59 27.61 12595915 354112544.00
2025/10/20 27.89 28.36 27.67 28.00 11006220 308685760.00
2025/10/21 28.00 28.04 27.30 27.95 14528196 403102912.00
2025/10/22 27.80 27.82 26.77 26.85 14019484 380331200.00
2025/10/23 26.85 26.88 25.85 26.33 15257585 400514560.00
2025/10/24 26.41 26.89 26.37 26.87 9404610 250828832.00
2025/10/27 27.09 27.66 27.09 27.34 11732039 321198080.00
2025/10/28 27.34 28.10 27.17 27.63 13045511 362086240.00
2025/10/29 27.62 27.96 27.41 27.90 8352540 231255264.00
2025/10/30 27.80 27.89 27.26 27.35 9488128 261302592.00
2025/10/31 27.38 28.67 27.38 27.68 13948545 392594368.00
2025/11/03 27.62 27.67 26.15 26.31 15803393 418275840.00
2025/11/04 26.33 26.38 25.10 25.29 13091908 335407136.00
2025/11/05 25.16 25.93 25.08 25.75 8136583 207818128.00
2025/11/06 25.70 26.48 25.68 26.28 9020752 236487856.00
2025/11/07 26.06 27.33 25.95 27.00 12780923 343204032.00
2025/11/10 27.24 28.65 27.18 27.73 18299540 514156288.00
2025/11/11 27.66 27.97 27.08 27.46 11751387 323048928.00
2025/11/12 27.46 27.75 26.69 27.31 10834900 294828000.00
2025/11/13 27.20 28.69 27.20 28.20 18254816 512285152.00
2025/11/14 27.97 28.56 27.62 27.75 12406833 347070080.00
2025/11/17 27.72 28.08 26.90 27.11 10149143 276833696.00
2025/11/18 27.18 27.46 26.23 26.39 10186420 271589088.00
2025/11/19 26.21 26.90 25.81 26.07 7595076 198341136.00
2025/11/20 26.26 26.66 25.76 25.80 7565768 198139904.00
2025/11/21 25.49 25.74 24.30 24.33 11982470 296556896.00
2025/11/24 24.36 24.58 24.18 24.41 6640816 161916448.00
2025/11/25 24.60 25.23 24.46 24.90 7385922 184430912.00
2025/11/26 24.90 25.01 24.61 24.65 5120829 127111328.00
2025/11/27 24.66 26.06 24.66 25.62 13480346 345774688.00
2025/11/28 25.89 25.89 25.26 25.33 7179109 182407488.00
2025/12/01 25.30 25.93 25.30 25.64 6875079 176802528.00
2025/12/02 25.58 25.89 25.42 25.69 5100956 130905944.00
2025/12/03 25.65 25.93 25.54 25.69 4660239 119687656.00
2025/12/04 25.69 25.97 25.59 25.88 4941159 127521752.00
2025/12/05 25.84 25.94 25.61 25.89 4309440 111126448.00
2025/12/08 25.96 26.38 25.92 26.07 6256713 163541840.00
2025/12/09 26.07 26.72 25.99 26.29 9423080 249324672.00
2025/12/10 26.24 26.35 25.78 26.11 6154668 159856544.00
2025/12/11 26.15 26.27 25.68 25.69 5047771 130816800.00
2025/12/12 25.69 25.95 25.67 25.90 5653611 145853040.00
2025/12/15 25.68 25.89 25.42 25.44 4635045 118716416.00
2025/12/16 25.44 25.60 24.82 24.92 5223218 130835192.00
2025/12/17 24.98 25.65 24.90 25.60 4972406 125752368.00
2025/12/18 25.49 26.00 25.45 25.63 4645559 119665944.00
2025/12/19 25.58 25.96 25.53 25.80 4513412 116396160.00
2025/12/22 25.89 26.43 25.85 26.31 5790799 151884048.00
2025/12/23 26.25 26.65 26.25 26.51 5608589 148750464.00
2025/12/24 26.69 26.76 26.38 26.65 5963002 158685104.00
2025/12/25 26.59 27.44 26.48 27.20 8057457 218545216.00
2025/12/26 27.21 27.35 26.70 26.95 5959121 161144496.00
2025/12/29 26.96 27.22 26.70 26.90 5701348 153740864.00
2025/12/30 26.71 27.30 26.66 27.10 4517320 122328832.00
2025/12/31 27.06 27.12 26.75 26.89 4615251 124227224.00
2026/01/05 26.86 27.26 26.72 27.00 6161285 166051344.00
2026/01/06 27.11 27.46 27.11 27.46 7415064 202656288.00
2026/01/07 27.23 27.40 27.11 27.24 6833770 186251168.00
2026/01/08 27.03 27.55 26.92 27.03 6735796 183514912.00
2026/01/09 27.00 27.28 26.79 27.28 7214513 195286224.00
2026/01/12 27.26 27.33 26.69 26.96 8837804 237565392.00
2026/01/13 26.96 27.09 26.39 26.50 8308245 221947520.00
2026/01/14 26.49 26.68 26.00 26.28 10705652 282677888.00
2026/01/15 26.58 27.19 26.40 26.95 17478176 470679968.00
2026/01/16 27.23 27.44 26.70 26.86 11266366 304046208.00
2026/01/19 26.88 28.62 26.87 28.42 22082796 618332416.00
2026/01/20 28.42 28.70 27.71 28.31 15327480 430223328.00
2026/01/21 28.23 28.97 28.10 28.63 19651292 562830848.00
2026/01/22 28.59 28.65 28.03 28.40 14026356 396337952.00
2026/01/23 28.41 28.72 28.13 28.71 15786859 450106592.00
2026/01/26 28.72 29.10 28.41 28.96 19093324 549305024.00
2026/01/27 28.95 29.59 28.38 28.74 15513278 447953152.00
2026/01/28 28.64 29.86 28.60 29.58 20845872 612235584.00
2026/01/29 29.50 30.38 28.83 28.86 18253708 536643968.00
2026/01/30 28.66 28.80 27.68 28.54 14447658 409124096.00
2026/02/02 28.32 28.60 27.04 27.10 15613281 434174656.00
2026/02/03 27.50 28.01 27.19 27.80 9026809 249344512.00
2026/02/04 27.81 28.27 27.41 27.72 7122393 197498576.00
2026/02/05 27.98 28.10 27.05 27.10 10482157 288300544.00
2026/02/06 26.88 27.96 26.71 27.49 10424615 287297056.00
2026/02/09 28.00 28.10 27.61 27.90 9020509 251125680.00
2026/02/10 27.85 27.88 27.52 27.62 5787500 160234736.00
2026/02/11 27.64 28.90 27.60 28.46 13637344 388418752.00
2026/02/12 28.46 29.11 28.45 28.81 9858085 284381664.00
2026/02/13 28.72 28.89 28.30 28.33 8160664 232824544.00
2026/02/24 28.85 29.55 28.51 29.45 12882262 374934848.00
2026/02/25 29.42 30.25 29.39 29.85 17460314 520688736.00
#Ъ§ОнРДдД:ЭЈДяаХ
