688310 ТѕЕУвНСЦ ШеЯп ЧАИДШЈ
      ШеЦк	    ПЊХЬ	    зюИп	    зюЕЭ	    ЪеХЬ	    ГЩНЛСП	    ГЩНЛЖю
2021/08/02 15.61 15.95 15.41 15.72 618859 20044328.00
2021/08/03 15.33 17.40 15.29 16.87 1745924 59887180.00
2021/08/04 16.78 17.14 16.35 16.92 995312 34049484.00
2021/08/05 16.59 20.46 16.58 20.46 5893377 236088752.00
2021/08/06 22.16 23.18 19.61 20.83 5620192 241814784.00
2021/08/09 21.69 22.23 20.02 22.01 4153823 180559536.00
2021/08/10 22.66 23.95 21.78 21.78 3008397 139061440.00
2021/08/11 22.48 22.58 20.35 21.40 2061258 89315904.00
2021/08/12 21.96 23.69 20.72 23.39 3484908 160587968.00
2021/08/13 23.59 23.90 22.27 23.20 1629082 75928160.00
2021/08/16 23.14 23.43 21.48 22.14 1264704 57114704.00
2021/08/17 22.14 22.35 20.42 20.70 2042574 88222576.00
2021/08/18 21.65 21.80 20.18 20.38 1314648 56034324.00
2021/08/19 20.84 21.50 19.77 20.22 1756236 72844216.00
2021/08/20 20.43 21.91 19.71 21.05 1846473 79016032.00
2021/08/23 21.37 21.62 19.15 19.20 2120128 85645152.00
2021/08/24 19.29 19.60 18.45 19.46 2638451 101804368.00
2021/08/25 19.10 19.54 18.59 19.17 1002482 38925376.00
2021/08/26 19.23 21.01 19.10 19.93 1656757 67959016.00
2021/08/27 19.10 23.42 18.52 22.67 3145514 132292440.00
2021/08/30 22.77 23.44 20.48 21.91 2710429 121342928.00
2021/08/31 21.74 21.85 20.48 20.71 1081306 46141860.00
2021/09/01 20.62 20.62 19.29 19.83 1260972 50895176.00
2021/09/02 19.53 20.01 19.20 19.92 418585 16784218.00
2021/09/03 19.61 21.34 19.36 20.80 920282 38832036.00
2021/09/06 20.79 22.32 20.04 22.04 1289232 55798444.00
2021/09/07 21.24 23.08 21.24 21.54 1052101 47463632.00
2021/09/08 21.15 21.58 20.20 20.41 1300112 54845196.00
2021/09/09 20.49 21.20 20.05 20.05 626934 26219674.00
2021/09/10 20.13 20.87 19.69 20.79 867836 35967216.00
2021/09/13 21.21 21.75 20.12 20.62 846322 35846320.00
2021/09/14 20.94 21.00 19.89 20.00 545678 22516488.00
2021/09/15 20.28 20.57 19.44 19.61 584475 23605076.00
2021/09/16 19.61 20.00 19.24 19.33 418321 16704230.00
2021/09/17 19.33 20.12 19.06 19.59 681002 27157484.00
2021/09/22 18.94 20.06 18.78 19.05 491728 19404392.00
2021/09/23 19.06 21.35 19.05 20.77 957735 39563808.00
2021/09/24 20.32 21.03 19.71 20.08 473172 19425368.00
2021/09/27 19.94 20.85 19.26 19.61 645231 26371554.00
2021/09/28 19.36 21.30 19.36 20.53 1022931 42438644.00
2021/09/29 20.29 20.40 19.10 19.41 494868 19860128.00
2021/09/30 21.60 21.60 18.94 20.62 1491760 61879512.00
2021/10/08 20.63 24.81 20.42 23.06 2734222 128712128.00
2021/10/11 23.24 24.48 22.10 23.85 1930083 90962912.00
2021/10/12 23.02 24.59 23.02 23.95 752825 36751176.00
2021/10/13 23.95 24.65 22.32 23.94 1635723 78272400.00
2021/10/14 24.00 24.00 22.73 23.48 1043483 49449808.00
2021/10/15 23.79 24.61 22.85 23.90 1091754 52574412.00
2021/10/18 23.27 23.49 22.10 22.13 1099457 50257140.00
2021/10/19 22.37 22.42 21.30 21.83 638724 28187208.00
2021/10/20 22.28 24.46 22.21 24.05 1647665 78627184.00
2021/10/21 24.55 25.89 23.36 23.52 1505502 74996608.00
2021/10/22 23.70 24.03 21.91 22.17 1344700 61251808.00
2021/10/25 22.16 22.66 21.40 21.55 987398 43729616.00
2021/10/26 21.78 22.16 20.71 21.39 1039965 45465384.00
2021/10/27 21.42 21.47 20.64 21.24 502918 21484872.00
2021/10/28 21.58 21.59 19.61 19.61 775580 31649632.00
2021/10/29 19.90 20.63 19.33 20.07 614601 25232396.00
2021/11/01 20.38 20.55 19.26 20.16 550912 22418520.00
2021/11/02 20.48 21.09 20.08 20.31 702630 29479376.00
2021/11/03 20.05 20.38 19.00 19.57 628296 24956630.00
2021/11/04 19.87 19.87 19.12 19.42 245434 9740736.00
2021/11/05 19.44 19.56 18.90 19.16 575796 22493610.00
2021/11/08 19.17 19.17 18.13 18.33 675522 25392260.00
2021/11/09 18.39 18.71 18.11 18.45 324433 12272403.00
2021/11/10 18.74 18.81 18.19 18.60 394981 14946387.00
2021/11/11 18.67 19.35 18.67 18.84 420878 16332162.00
2021/11/12 19.07 19.41 18.60 18.88 595661 23233340.00
2021/11/15 18.94 19.73 18.94 19.52 460007 18234508.00
2021/11/16 19.35 21.36 19.35 20.82 847251 35458212.00
2021/11/17 20.68 21.50 20.53 21.30 500518 21476392.00
2021/11/18 21.30 21.74 20.79 20.80 732448 31650166.00
2021/11/19 20.82 21.93 20.81 21.65 556695 24384408.00
2021/11/22 21.65 22.04 20.79 21.15 369508 15975557.00
2021/11/23 21.34 21.59 20.79 21.15 440716 18885896.00
2021/11/24 21.09 21.37 20.85 21.18 340815 14666097.00
2021/11/25 21.18 21.85 20.73 21.65 511683 22159278.00
2021/11/26 21.14 22.15 21.04 22.01 419023 18450376.00
2021/11/29 22.01 22.01 20.83 21.17 485499 20884460.00
2021/11/30 21.23 21.55 20.86 21.40 372627 16057193.00
2021/12/01 22.00 22.00 20.64 21.10 266962 11377244.00
2021/12/02 21.22 21.22 20.12 20.39 318660 13356550.00
2021/12/03 20.80 21.40 19.45 19.81 778172 31662462.00
2021/12/06 19.58 19.98 19.11 19.13 480571 19035152.00
2021/12/07 19.20 19.29 18.75 19.07 385063 14961992.00
2021/12/08 19.28 20.79 18.87 19.77 1039608 42382908.00
2021/12/09 19.92 20.36 19.24 19.54 590850 23618916.00
2021/12/10 19.27 19.66 19.06 19.54 386324 15297548.00
2021/12/13 19.70 19.70 19.05 19.30 316866 12505699.00
2021/12/14 19.31 19.42 18.87 19.06 416379 16194695.00
2021/12/15 19.26 19.26 18.70 18.76 261536 10131874.00
2021/12/16 18.77 19.77 18.77 19.53 621968 24566508.00
2021/12/17 19.33 19.58 18.85 19.10 284512 11076623.00
2021/12/20 18.82 19.03 18.41 18.52 328008 12525310.00
2021/12/21 18.78 19.18 18.49 18.70 237241 9094931.00
2021/12/22 18.65 19.27 18.65 19.21 250174 9728466.00
2021/12/23 19.02 20.58 18.43 19.14 1378483 54821940.00
2021/12/24 19.09 19.12 18.40 18.61 438154 16684181.00
2021/12/27 18.51 19.02 18.44 18.59 352367 13395278.00
2021/12/28 18.82 18.82 17.83 18.10 755101 28247282.00
2021/12/29 18.10 21.85 17.95 20.84 2001488 82481888.00
2021/12/30 23.14 25.16 21.45 23.38 5369238 257683792.00
2021/12/31 23.46 24.71 21.73 22.71 2733126 128670952.00
2022/01/04 21.88 23.99 21.88 22.73 2098747 97292288.00
2022/01/05 23.29 23.29 20.68 22.15 1289956 57216416.00
2022/01/06 22.34 22.80 21.35 22.68 1272208 56578144.00
2022/01/07 22.73 24.77 21.95 23.32 1734817 82355096.00
2022/01/10 23.31 24.71 23.18 23.71 1603055 77448040.00
2022/01/11 23.42 24.34 23.08 23.69 1028694 49242888.00
2022/01/12 23.78 25.89 23.63 24.84 2069486 103341168.00
2022/01/13 25.22 25.22 22.85 22.87 1947704 92704224.00
2022/01/14 22.62 23.59 21.73 22.60 1626905 74684592.00
2022/01/17 22.96 23.60 20.53 21.14 3286263 146013648.00
2022/01/18 20.68 20.98 18.40 18.48 2707944 106644264.00
2022/01/19 18.48 18.68 17.67 17.88 1368330 50363092.00
2022/01/20 17.94 17.97 16.49 16.71 1737853 60552096.00
2022/01/21 16.80 16.87 15.97 16.04 799513 26775676.00
2022/01/24 16.19 16.44 15.56 15.99 737431 24354592.00
2022/01/25 15.66 15.92 14.78 15.53 1237276 39048852.00
2022/01/26 15.40 15.57 14.67 15.20 785123 24365520.00
2022/01/27 15.48 15.48 14.41 14.89 803706 24452288.00
2022/01/28 14.71 15.34 14.71 15.09 794066 24647970.00
2022/02/07 15.27 15.53 14.83 15.00 461117 14336293.00
2022/02/08 14.99 15.12 14.75 15.06 350230 10827773.00
2022/02/09 15.22 15.22 14.90 15.15 538550 16720490.00
2022/02/10 15.03 15.98 15.03 15.35 1868824 59555196.00
2022/02/11 15.13 15.34 14.37 14.51 977905 29709770.00
2022/02/14 14.26 14.45 13.79 13.99 1689019 49113080.00
2022/02/15 14.06 14.43 13.87 14.22 818755 24070396.00
2022/02/16 14.36 14.61 14.18 14.51 717682 21403714.00
2022/02/17 14.54 14.74 14.32 14.51 439591 13213087.00
2022/02/18 14.60 14.60 14.05 14.29 371623 10994940.00
2022/02/21 14.29 14.48 14.12 14.41 534643 15878090.00
2022/02/22 14.46 14.51 13.79 14.26 529546 15384537.00
2022/02/23 14.09 15.06 14.09 14.87 967390 29537304.00
2022/02/24 14.87 15.08 14.21 14.37 750045 22739292.00
2022/02/25 14.65 15.27 14.64 14.95 948789 29446764.00
2022/02/28 15.28 15.28 14.57 14.92 404101 12381614.00
2022/03/01 15.02 15.11 14.56 15.05 483911 14797207.00
2022/03/02 14.88 15.23 14.66 15.08 505282 15673702.00
2022/03/03 14.89 15.27 14.67 14.82 664406 20477336.00
2022/03/04 14.66 15.32 14.58 14.92 594812 18428872.00
2022/03/07 14.87 15.02 14.57 14.78 356316 10862598.00
2022/03/08 14.70 15.02 14.02 14.07 513491 15252250.00
2022/03/09 14.08 14.29 13.21 13.89 518392 14711312.00
2022/03/10 14.09 14.41 14.03 14.22 380218 11204623.00
2022/03/11 14.12 14.32 13.43 14.22 886614 25417740.00
2022/03/14 14.36 14.65 13.51 13.72 1089040 31399544.00
2022/03/15 13.70 13.70 12.73 13.23 864028 23770652.00
2022/03/16 13.15 13.31 12.21 13.21 856344 22905628.00
2022/03/17 13.26 14.09 13.21 13.71 1039856 29730002.00
2022/03/18 13.62 14.15 13.59 14.02 634538 18365974.00
2022/03/21 14.02 14.35 13.97 14.21 418987 12295241.00
2022/03/22 14.07 14.49 13.45 13.69 694585 19761534.00
2022/03/23 13.85 14.04 13.54 13.92 486068 13948872.00
2022/03/24 13.75 13.88 13.54 13.73 315811 9002289.00
2022/03/25 13.80 13.96 13.61 13.63 315554 9019126.00
2022/03/28 13.89 13.89 13.23 13.47 427480 11876907.00
2022/03/29 13.49 13.54 12.82 13.18 459364 12575201.00
2022/03/30 12.92 13.39 12.65 13.23 703555 19107188.00
2022/03/31 13.29 13.57 13.18 13.22 609734 16953822.00
2022/04/01 13.10 13.27 12.93 13.08 532925 14496901.00
2022/04/06 12.81 13.08 12.67 12.99 723464 19377592.00
2022/04/07 12.98 13.28 12.73 12.81 550277 14825487.00
2022/04/08 12.88 12.88 12.43 12.52 378693 9968397.00
2022/04/11 12.65 12.65 12.21 12.27 332706 8564837.00
2022/04/12 12.27 12.42 11.81 12.14 448960 11286437.00
2022/04/13 12.13 12.19 11.76 11.76 234384 5812290.00
2022/04/14 11.89 12.19 11.68 11.93 527859 13200083.00
2022/04/15 12.20 12.21 11.26 11.40 785578 18922168.00
2022/04/18 11.41 11.72 11.06 11.68 397141 9586532.00
2022/04/19 11.57 11.84 11.50 11.69 186334 4546646.00
2022/04/20 11.70 11.76 11.49 11.65 274863 6679790.00
2022/04/21 11.67 11.67 11.06 11.45 340495 8087883.00
2022/04/22 11.19 11.20 10.77 10.86 578495 13259478.00
2022/04/25 10.92 10.92 9.71 9.80 491265 10592786.00
2022/04/26 9.54 9.84 8.90 8.99 1036600 20689978.00
2022/04/27 8.99 9.23 8.39 9.16 745482 13937520.00
2022/04/28 9.16 9.25 8.66 8.80 381739 7270181.00
2022/04/29 8.60 9.31 8.60 9.19 415314 8042732.00
2022/05/05 9.12 9.61 9.09 9.41 344287 6898272.00
2022/05/06 9.26 9.57 9.16 9.36 451807 8990099.00
2022/05/09 9.40 9.80 9.36 9.45 388872 7869404.00
2022/05/10 9.66 9.77 9.30 9.67 445422 9062740.00
2022/05/11 9.68 10.02 9.56 9.56 416228 8647237.00
2022/05/12 9.41 9.88 9.41 9.76 355017 7335831.00
2022/05/13 9.90 10.17 9.58 9.83 371018 7801917.00
2022/05/16 10.11 10.17 9.64 9.74 303969 6358576.00
2022/05/17 9.56 9.85 9.44 9.73 248314 5053983.00
2022/05/18 9.74 9.92 9.51 9.71 243028 5015177.00
2022/05/19 9.51 9.86 9.41 9.67 263780 5399027.00
2022/05/20 9.85 9.92 9.51 9.77 552003 11360041.00
2022/05/23 9.88 10.08 9.59 10.04 410541 8656509.00
2022/05/24 10.07 10.35 9.41 9.42 621788 12965202.00
2022/05/25 9.42 9.72 9.31 9.60 318334 6432076.00
2022/05/26 9.60 9.62 9.25 9.52 283950 5703145.00
2022/05/27 9.67 9.67 9.36 9.46 233757 4721844.00
2022/05/30 9.47 9.63 9.20 9.63 290182 5843267.00
2022/05/31 9.62 10.33 9.36 10.04 721064 14942506.00
2022/06/01 10.04 10.62 9.92 10.44 686183 14915339.00
2022/06/02 10.44 11.70 10.36 11.11 1650256 38445352.00
2022/06/06 11.44 11.79 11.16 11.52 1460927 34782488.00
2022/06/07 11.89 11.89 11.22 11.27 733235 17308274.00
2022/06/08 11.67 11.67 10.79 11.05 648083 14885603.00
2022/06/09 11.24 11.24 10.35 10.49 679328 14951283.00
2022/06/10 10.41 10.73 10.32 10.44 606317 13119091.00
2022/06/13 10.22 10.60 10.21 10.45 446967 9652302.00
2022/06/14 10.23 10.45 9.95 10.14 676855 14218090.00
2022/06/15 10.27 10.47 10.07 10.16 552973 11755026.00
2022/06/16 10.11 10.80 9.97 10.53 665336 14483068.00
2022/06/17 10.37 10.60 10.18 10.46 366712 7908335.00
2022/06/20 10.57 10.78 10.48 10.66 571325 12557024.00
2022/06/21 10.78 10.90 10.43 10.58 405768 8967538.00
2022/06/22 10.45 10.55 10.28 10.30 408393 8800569.00
2022/06/23 10.38 10.57 10.22 10.52 293059 6333052.00
2022/06/24 10.66 10.89 10.41 10.77 470205 10450620.00
2022/06/27 10.94 11.03 10.62 10.78 313117 7011455.00
2022/06/28 10.80 11.06 10.64 10.99 490957 11056289.00
2022/06/29 11.10 11.10 10.64 10.67 447624 9977159.00
2022/06/30 10.90 11.01 10.60 10.76 487009 10885828.00
2022/07/01 10.91 11.01 10.68 10.91 463410 10442813.00
2022/07/04 11.07 11.07 10.72 10.94 312963 7054895.00
2022/07/05 11.04 11.05 10.47 10.66 448418 9917827.00
2022/07/06 10.52 10.77 10.35 10.55 343562 7527680.00
2022/07/07 10.55 10.71 10.39 10.50 281775 6138514.00
2022/07/08 10.37 10.62 10.26 10.57 293594 6393797.00
2022/07/11 10.57 10.57 10.30 10.31 468824 10084885.00
2022/07/12 10.18 10.54 10.07 10.11 451003 9570933.00
2022/07/13 9.92 10.35 9.92 10.04 225443 4715557.00
2022/07/14 10.05 10.38 9.86 10.23 491398 10430083.00
2022/07/15 10.34 10.34 9.86 9.94 555147 11566983.00
2022/07/18 9.94 10.19 9.94 10.07 769472 16118883.00
2022/07/19 10.16 10.20 9.99 10.14 455247 9580503.00
2022/07/20 10.18 10.34 10.12 10.29 554488 11779099.00
2022/07/21 10.29 10.58 10.17 10.40 605067 13028912.00
2022/07/22 10.52 10.61 10.16 10.34 595149 12776339.00
2022/07/25 10.46 10.53 10.21 10.40 561630 12137577.00
2022/07/26 10.40 10.56 10.20 10.35 574636 12261513.00
2022/07/27 10.46 10.59 10.26 10.52 585912 12730477.00
2022/07/28 10.57 10.86 10.52 10.75 487661 10827475.00
2022/07/29 10.85 11.04 10.63 10.65 519534 11630602.00
2022/08/01 10.68 10.87 10.52 10.67 310307 6858747.00
2022/08/02 10.67 10.67 9.96 10.16 571809 12108468.00
2022/08/03 10.29 10.44 10.15 10.15 291068 6221038.00
2022/08/04 10.25 10.32 9.97 10.24 324401 6828103.00
2022/08/05 10.28 10.78 10.22 10.73 614525 13484697.00
2022/08/08 10.75 11.10 10.63 10.99 589696 13328988.00
2022/08/09 10.99 11.07 10.83 10.92 346851 7866029.00
2022/08/10 10.92 11.17 10.85 11.07 379696 8641953.00
2022/08/11 11.07 11.36 10.93 11.22 479909 11143343.00
2022/08/12 11.23 11.38 10.99 11.02 511310 11741700.00
2022/08/15 11.09 11.16 10.92 11.06 344242 7864850.00
2022/08/16 11.11 11.20 10.99 11.09 335318 7689882.00
2022/08/17 11.15 11.20 10.94 11.09 284176 6508295.00
2022/08/18 11.09 11.36 10.93 11.36 340565 7886269.00
2022/08/19 11.24 11.51 10.90 10.97 506104 11687759.00
2022/08/22 10.97 11.25 10.81 10.88 346484 7844624.00
2022/08/23 11.01 11.05 10.74 10.94 242952 5471345.00
2022/08/24 10.79 11.01 10.43 10.49 517766 11373167.00
2022/08/25 10.48 10.50 10.19 10.28 353819 7564774.00
2022/08/26 10.27 10.48 10.14 10.14 351730 7495006.00
2022/08/29 10.01 10.31 9.86 10.16 499961 10524788.00
2022/08/30 10.25 10.41 10.06 10.22 336594 7118079.00
2022/08/31 10.11 10.29 9.77 9.85 515806 10714299.00
2022/09/01 9.85 10.01 9.62 9.69 453620 9213837.00
2022/09/02 9.78 10.08 9.71 10.03 415769 8608032.00
2022/09/05 10.12 10.39 9.94 10.20 629394 13249731.00
2022/09/06 10.29 10.35 10.04 10.19 643388 13571289.00
2022/09/07 10.02 10.28 10.02 10.20 282295 5947548.00
2022/09/08 10.09 10.27 9.97 10.03 292474 6106958.00
2022/09/09 9.91 10.24 9.73 9.82 554174 11298963.00
2022/09/13 9.81 9.97 9.74 9.80 357372 7315411.00
2022/09/14 9.80 10.01 9.61 9.93 504049 10257184.00
2022/09/15 10.03 10.04 9.45 9.58 545532 10954421.00
2022/09/16 9.55 9.66 9.26 9.27 373950 7358508.00
2022/09/19 9.09 9.26 8.80 8.94 668732 12537264.00
2022/09/20 8.97 9.09 8.86 8.95 466023 8719923.00
2022/09/21 9.03 9.16 8.80 9.01 521557 9790647.00
2022/09/22 8.97 9.29 8.97 9.06 427280 8161727.00
2022/09/23 9.02 9.11 8.68 8.78 502898 9312211.00
2022/09/26 8.73 9.08 8.49 8.74 719664 13312248.00
2022/09/27 8.68 9.39 8.68 9.35 777755 14971094.00
2022/09/28 9.15 9.39 8.94 9.02 503073 9591920.00
2022/09/29 9.11 9.28 8.89 9.18 624070 11909557.00
2022/09/30 9.18 9.39 8.93 9.06 645194 12283303.00
2022/10/10 9.06 9.20 8.84 8.95 684000 12897859.00
2022/10/11 9.14 9.14 8.62 8.89 515774 9468603.00
2022/10/12 8.68 9.16 8.57 9.09 548298 10115902.00
2022/10/13 9.12 9.44 8.93 9.28 397629 7710162.00
2022/10/14 9.47 10.17 9.28 9.96 1383775 28414290.00
2022/10/17 10.17 10.62 9.99 10.41 1538817 33158560.00
2022/10/18 10.56 10.87 10.37 10.67 1058231 23315742.00
2022/10/19 10.91 10.91 10.18 10.19 830728 17827778.00
2022/10/20 10.56 10.56 10.07 10.19 857764 18357400.00
2022/10/21 10.19 10.30 9.86 10.23 638359 13405919.00
2022/10/24 10.23 10.34 9.71 9.77 680141 14104719.00
2022/10/25 9.81 9.99 9.37 9.49 583656 11625214.00
2022/10/26 9.56 10.28 9.56 10.10 920232 19164234.00
2022/10/27 10.17 10.80 10.09 10.24 879764 18898204.00
2022/10/28 10.35 10.35 9.55 9.83 699737 14383601.00
2022/10/31 9.62 10.21 9.62 10.11 619500 12871460.00
2022/11/01 10.03 10.35 9.73 10.18 614723 12834892.00
2022/11/02 10.20 10.61 10.12 10.44 797568 17268156.00
2022/11/03 10.43 10.82 10.31 10.65 760155 16637783.00
2022/11/04 10.59 10.75 10.41 10.56 721605 15780449.00
2022/11/07 10.56 10.63 10.37 10.52 712302 15495503.00
2022/11/08 10.61 10.61 10.23 10.43 567320 12211205.00
2022/11/09 10.43 10.54 10.24 10.48 596648 12876916.00
2022/11/10 10.48 10.58 10.27 10.32 556580 12023885.00
2022/11/11 10.58 10.61 10.14 10.14 908130 19646256.00
2022/11/14 10.32 10.51 10.17 10.37 718178 15422286.00
2022/11/15 10.52 10.67 10.22 10.67 752770 16387790.00
2022/11/16 10.62 11.08 10.54 10.76 1004031 22510304.00
2022/11/17 10.76 10.95 10.55 10.80 558511 12471552.00
2022/11/18 10.90 11.73 10.75 11.49 2035555 47836816.00
2022/11/21 11.39 12.51 10.92 12.31 4925585 119983248.00
2022/11/22 12.30 13.21 12.00 12.88 4737018 123953104.00
2022/11/23 12.87 13.57 12.17 13.38 3346441 88056736.00
2022/11/24 13.31 13.72 12.87 13.45 2712130 74275200.00
2022/11/25 13.36 13.45 12.59 12.63 2204619 58595688.00
2022/11/28 12.66 13.16 12.44 12.49 2112624 55127276.00
2022/11/29 12.66 12.66 12.20 12.23 1295259 33002024.00
2022/11/30 12.56 12.92 11.87 12.92 2027961 52095508.00
2022/12/01 12.94 14.39 12.37 14.31 3257627 88715784.00
2022/12/02 13.99 14.41 13.36 14.04 2877345 81741688.00
2022/12/05 14.19 14.19 13.49 14.15 1737903 49197088.00
2022/12/06 13.87 14.90 13.87 14.30 2102777 62661568.00
2022/12/07 14.30 14.31 13.58 13.63 1164510 32829674.00
2022/12/08 13.86 13.86 13.46 13.60 641849 17885408.00
2022/12/09 13.48 13.79 13.17 13.18 810835 22315236.00
2022/12/12 13.22 13.62 13.21 13.32 760347 20911084.00
2022/12/13 13.46 14.08 13.32 13.62 928924 25859332.00
2022/12/14 13.62 13.62 12.63 12.66 1021670 27095380.00
2022/12/15 12.85 13.08 12.45 12.71 658588 17327788.00
2022/12/16 12.66 12.91 12.43 12.61 370003 9585252.00
2022/12/19 12.86 12.86 12.09 12.45 993870 25320764.00
2022/12/20 12.29 12.66 12.10 12.44 628803 16014945.00
2022/12/21 12.21 12.33 11.77 11.80 569064 14019222.00
2022/12/22 11.92 11.99 11.43 11.58 470902 11367840.00
2022/12/23 11.58 11.77 11.37 11.70 371480 8876769.00
2022/12/26 11.69 11.91 11.43 11.78 320449 7759789.00
2022/12/27 11.73 12.03 11.38 12.00 411720 9986269.00
2022/12/28 11.57 12.25 11.55 11.64 360641 8748611.00
2022/12/29 11.70 13.26 11.55 12.65 1501469 38868740.00
2022/12/30 12.42 12.56 11.89 12.18 948499 23722960.00
2023/01/03 11.97 12.60 11.97 12.31 493447 12543940.00
2023/01/04 12.51 12.51 11.95 12.00 489264 12184775.00
2023/01/05 12.28 12.28 11.90 12.04 349589 8669688.00
2023/01/06 12.15 12.26 11.92 11.95 530453 13195776.00
2023/01/09 12.10 12.21 11.69 11.79 551089 13487600.00
2023/01/10 11.77 11.92 11.60 11.74 412638 9973409.00
2023/01/11 11.85 11.85 11.55 11.65 470825 11297786.00
2023/01/12 11.57 11.82 11.54 11.72 335866 8064609.00
2023/01/13 11.62 11.78 11.39 11.43 596721 14182218.00
2023/01/16 11.53 11.99 11.48 11.90 606313 14750716.00
2023/01/17 12.03 12.22 11.71 11.83 740183 18208864.00
2023/01/18 11.83 11.96 11.74 11.82 262370 6400269.00
2023/01/19 11.86 12.13 11.67 12.13 347767 8592642.00
2023/01/20 12.32 12.33 11.80 11.97 526430 13045670.00
2023/01/30 12.06 12.65 12.06 12.49 830046 21226250.00
2023/01/31 12.51 12.62 12.15 12.58 411360 10522873.00
2023/02/01 12.81 12.81 12.33 12.55 367921 9447505.00
2023/02/02 12.56 13.68 12.45 13.38 1529298 41262048.00
2023/02/03 13.33 14.09 13.26 13.90 1259059 35308024.00
2023/02/06 13.91 15.01 13.46 14.72 2976862 88363256.00
2023/02/07 14.55 15.00 14.35 14.71 1800935 53850128.00
2023/02/08 14.60 17.48 14.60 17.10 3751999 124213968.00
2023/02/09 17.03 17.82 16.75 17.19 2386936 83589344.00
2023/02/10 17.23 18.17 16.90 17.59 2214950 79428336.00
2023/02/13 17.86 18.79 17.51 18.63 2179507 81340016.00
2023/02/14 18.78 18.78 17.53 18.36 1254675 46537472.00
2023/02/15 18.21 18.56 17.66 17.73 1602994 58647660.00
2023/02/16 18.80 19.39 16.93 17.58 3274296 118467888.00
2023/02/17 17.51 18.21 17.41 17.51 1463897 52865944.00
2023/02/20 17.51 17.95 16.85 17.87 1533923 54363296.00
2023/02/21 17.92 18.42 17.31 18.38 1157273 42094896.00
2023/02/22 18.16 18.72 18.16 18.64 1175214 44109408.00
2023/02/23 18.78 19.55 18.44 18.67 1505913 57846144.00
2023/02/24 18.38 19.12 18.38 18.85 872800 33108304.00
2023/02/27 18.95 19.91 18.53 19.55 1908333 75018224.00
2023/02/28 19.55 20.72 19.07 20.60 2040690 82492920.00
2023/03/01 20.58 20.60 19.64 20.12 1673348 67639400.00
2023/03/02 19.76 20.63 19.76 19.80 1579613 64342896.00
2023/03/03 19.76 20.67 19.60 19.85 1735905 70231712.00
2023/03/06 20.42 21.43 19.83 21.34 2602267 109630416.00
2023/03/07 21.78 21.79 20.71 20.74 1177053 49935984.00
2023/03/08 21.10 21.25 20.45 20.89 1052562 44164720.00
2023/03/09 20.81 22.00 20.81 21.80 1205493 52248544.00
2023/03/10 21.99 21.99 20.65 21.71 1737826 74790080.00
2023/03/13 21.70 22.95 21.41 22.84 1655816 74336920.00
2023/03/14 22.72 23.06 22.28 22.64 1191414 54154020.00
2023/03/15 22.61 22.92 22.07 22.36 804907 36395640.00
2023/03/16 22.13 22.77 21.69 22.04 916751 40766516.00
2023/03/17 22.41 22.41 17.51 17.52 5477395 217489680.00
2023/03/20 18.46 19.49 18.23 18.91 4232452 160854752.00
2023/03/21 19.12 20.06 18.53 19.80 2252656 89201856.00
2023/03/22 20.14 21.21 19.81 19.99 1731479 71676768.00
2023/03/23 20.19 20.26 19.40 19.80 1140655 45524960.00
2023/03/24 20.06 20.18 19.24 19.35 1884385 75095520.00
2023/03/27 19.67 19.69 18.53 19.42 1960894 76500800.00
2023/03/28 19.69 20.82 18.92 20.10 1586415 64188448.00
2023/03/29 19.82 20.40 19.74 19.80 855744 34401036.00
2023/03/30 19.98 20.03 19.40 19.65 948723 37663024.00
2023/03/31 20.31 20.31 18.81 19.02 1563362 60566660.00
2023/04/03 20.34 20.34 19.04 19.04 1288851 50303788.00
2023/04/04 19.24 19.24 18.73 18.77 845203 32278128.00
2023/04/06 18.77 19.01 18.58 18.58 950282 36157444.00
2023/04/07 18.77 18.94 18.31 18.69 697825 26291600.00
2023/04/10 18.38 18.96 18.34 18.71 613890 23236216.00
2023/04/11 19.04 19.62 18.39 19.30 1894638 72993816.00
2023/04/12 15.93 19.44 15.93 18.58 3129684 116105240.00
2023/04/13 18.26 19.22 17.99 18.88 1510607 57237572.00
2023/04/14 19.52 19.52 18.11 18.70 1202141 45688636.00
2023/04/17 19.09 19.09 18.02 18.44 1518767 56416160.00
2023/04/18 18.63 18.93 18.02 18.69 1009300 37709712.00
2023/04/19 18.83 18.83 17.92 18.19 1236079 45429560.00
2023/04/20 18.41 18.57 17.78 17.94 770612 28137176.00
2023/04/21 18.08 18.56 17.69 18.19 702037 25854016.00
2023/04/24 17.97 18.29 17.66 17.85 835948 30435316.00
2023/04/25 18.00 18.00 17.08 17.39 766626 27050400.00
2023/04/26 17.39 18.27 17.20 17.96 1046460 37987544.00
2023/04/27 18.12 19.59 17.79 19.22 1717455 64884556.00
2023/04/28 19.37 19.37 17.67 17.85 1627140 60406988.00
2023/05/04 18.06 18.91 17.85 18.86 1033729 38690320.00
2023/05/05 18.86 18.86 17.26 17.53 1882488 67460360.00
2023/05/08 17.52 18.36 17.28 18.28 1197490 43742448.00
2023/05/09 18.29 18.65 17.87 17.89 665296 24488412.00
2023/05/10 17.51 18.03 17.32 17.95 398080 14321574.00
2023/05/11 17.94 18.14 17.41 17.61 370107 13310102.00
2023/05/12 17.64 18.25 17.58 17.68 377926 13688106.00
2023/05/15 17.61 18.38 17.24 18.24 474926 17097710.00
2023/05/16 18.16 18.77 18.12 18.44 592739 22136584.00
2023/05/17 18.24 18.66 18.07 18.35 472874 17526988.00
2023/05/18 18.35 18.94 18.22 18.89 540339 20420788.00
2023/05/19 18.83 19.91 18.65 19.77 797109 31266204.00
2023/05/22 19.81 20.32 19.55 20.24 627934 25316890.00
2023/05/23 20.22 20.69 19.76 19.80 690990 28000640.00
2023/05/24 19.84 20.32 19.34 20.09 496675 20098456.00
2023/05/25 19.98 20.29 19.60 20.02 326693 13178275.00
2023/05/26 19.71 20.39 19.35 20.16 331728 13458199.00
2023/05/29 20.27 20.32 19.58 19.73 437634 17535976.00
2023/05/30 19.90 20.18 19.44 19.53 293876 11698088.00
2023/05/31 19.53 20.77 19.19 19.80 496728 19999308.00
2023/06/01 19.80 20.16 19.31 19.45 398597 15853366.00
2023/06/02 19.45 19.52 18.99 19.20 493115 19143784.00
2023/06/05 19.38 19.91 19.13 19.54 435968 17261076.00
2023/06/06 19.62 19.76 19.09 19.44 535621 21018508.00
2023/06/07 19.55 19.57 19.04 19.20 525953 20446754.00
2023/06/08 19.29 19.65 18.91 19.57 561168 21889016.00
2023/06/09 19.73 22.59 19.73 21.99 2773045 84719960.00
2023/06/12 22.01 22.43 21.50 21.81 1647145 51335952.00
2023/06/13 21.81 23.76 21.21 22.86 3190017 102620472.00
2023/06/14 22.76 23.93 22.20 23.48 2574665 84765568.00
2023/06/15 23.35 23.96 22.98 23.69 1438647 48051496.00
2023/06/16 23.76 23.76 22.78 23.07 1727568 56906680.00
2023/06/19 23.24 24.48 22.71 23.63 1851015 62452068.00
2023/06/20 23.79 24.41 23.43 23.74 1142341 38759960.00
2023/06/21 24.07 24.07 22.41 22.50 1180767 38671332.00
2023/06/26 22.48 23.74 21.75 21.88 1351765 43367240.00
2023/06/27 21.88 22.39 21.88 22.37 758460 23990444.00
2023/06/28 22.37 22.41 21.64 22.36 1118171 35142472.00
2023/06/29 22.48 22.48 21.96 22.38 711381 22499138.00
2023/06/30 22.44 23.35 21.79 23.05 1009447 32698368.00
2023/07/03 22.69 23.28 22.04 22.71 1018592 32518764.00
2023/07/04 22.15 22.75 22.15 22.64 660609 21096444.00
2023/07/05 22.99 23.04 22.44 22.57 507910 16378781.00
2023/07/06 22.86 22.89 22.26 22.77 559579 17935224.00
2023/07/07 22.59 24.11 21.86 23.76 1651627 53901644.00
2023/07/10 23.66 23.66 22.73 23.32 1263256 41593668.00
2023/07/11 23.49 23.93 23.07 23.77 1107352 36951120.00
2023/07/12 23.65 24.48 22.76 22.82 844390 27940668.00
2023/07/13 23.29 24.00 22.77 24.00 848687 28185530.00
2023/07/14 23.80 24.04 23.19 23.97 853445 28627186.00
2023/07/17 23.79 24.09 22.93 23.46 854612 28279688.00
2023/07/18 23.37 23.45 22.81 23.10 1200408 39473912.00
2023/07/19 23.06 23.22 22.26 22.89 938366 30171184.00
2023/07/20 22.74 22.81 22.16 22.21 553227 17607616.00
2023/07/21 22.21 22.86 22.01 22.32 421360 13418981.00
2023/07/24 22.31 23.68 22.01 22.84 819792 26829674.00
2023/07/25 22.99 23.56 22.52 22.68 641846 20983498.00
2023/07/26 22.59 22.89 22.49 22.62 361719 11637892.00
2023/07/27 22.61 23.50 22.14 23.45 1028334 33572572.00
2023/07/28 23.64 23.94 22.33 23.21 1475863 48005596.00
2023/07/31 22.93 22.93 20.21 21.62 2752260 83371400.00
2023/08/01 21.50 21.64 20.90 21.13 777372 23459936.00
2023/08/02 21.00 21.21 20.39 20.82 717723 21226180.00
2023/08/03 20.40 21.64 20.40 21.49 746519 22515536.00
2023/08/04 21.11 21.34 20.50 20.97 661846 19702264.00
2023/08/07 20.86 20.86 20.26 20.46 695874 20313260.00
2023/08/08 20.85 20.85 20.08 20.75 537183 15709991.00
2023/08/09 21.07 21.86 20.80 21.18 906334 27700412.00
2023/08/10 20.90 21.29 20.57 20.94 433617 12942613.00
2023/08/11 20.95 22.11 20.91 21.64 1287441 39832088.00
2023/08/14 21.66 21.69 20.69 20.91 822816 24615772.00
2023/08/15 21.10 21.11 20.52 21.06 533348 15789897.00
2023/08/16 21.07 21.07 20.49 20.82 464727 13710326.00
2023/08/17 20.54 21.04 20.36 20.90 293362 8702515.00
2023/08/18 21.06 21.29 20.49 20.92 371092 11097065.00
2023/08/21 20.76 20.87 20.14 20.61 610073 17790482.00
2023/08/22 20.51 20.74 19.94 20.58 463396 13415115.00
2023/08/23 20.37 20.72 20.19 20.37 340058 9918307.00
2023/08/24 20.11 20.74 20.03 20.37 691914 20075898.00
2023/08/25 21.07 21.07 19.75 20.00 647890 18475792.00
2023/08/28 20.99 21.07 19.62 20.07 815533 23565496.00
2023/08/29 19.88 21.57 19.88 21.46 1483565 44272088.00
2023/08/30 22.50 22.96 21.47 22.89 1937932 62017060.00
2023/08/31 23.00 23.07 21.91 22.50 1036416 33009280.00
2023/09/01 22.72 22.86 21.57 22.04 602723 18854628.00
2023/09/04 22.04 22.04 21.04 21.56 1162965 35408372.00
2023/09/05 21.56 21.80 21.32 21.43 320835 9848908.00
2023/09/06 21.79 21.79 20.99 21.15 390302 11769119.00
2023/09/07 21.26 21.40 20.71 20.78 388598 11608030.00
2023/09/08 20.85 21.06 20.38 21.01 258682 7687146.00
2023/09/11 20.92 21.99 20.57 21.65 668478 20625442.00
2023/09/12 21.65 22.07 21.14 21.20 280715 8544160.00
2023/09/13 21.46 21.46 20.89 21.11 278663 8351650.00
2023/09/14 21.11 21.49 20.58 20.90 292263 8680055.00
2023/09/15 20.90 21.46 20.76 21.16 329646 9909345.00
2023/09/18 21.15 21.43 20.71 20.85 276230 8242558.00
2023/09/19 20.96 20.99 20.50 20.82 237037 7023890.00
2023/09/20 20.89 20.99 20.49 20.56 189381 5574463.00
2023/09/21 20.71 20.74 20.38 20.54 306519 8977215.00
2023/09/22 20.50 20.78 20.31 20.78 254204 7440087.00
2023/09/25 20.79 21.04 20.36 20.98 398553 11770219.00
2023/09/26 20.98 21.82 20.98 21.50 479737 14679641.00
2023/09/27 21.79 22.85 21.41 22.71 837231 26722308.00
2023/09/28 22.72 22.96 22.49 22.86 487903 15791586.00
2023/10/09 23.04 23.53 22.21 23.15 1239482 40667464.00
2023/10/10 23.21 23.84 22.64 23.00 971302 31869374.00
2023/10/11 22.99 23.66 22.96 23.48 830732 27660604.00
2023/10/12 23.57 23.89 23.09 23.51 593632 19777904.00
2023/10/13 23.36 23.88 23.09 23.77 771621 25835408.00
2023/10/16 23.79 24.04 23.14 23.47 973840 32630824.00
2023/10/17 23.89 23.89 23.00 23.49 480318 15945203.00
2023/10/18 23.81 23.81 23.01 23.28 398058 13130768.00
2023/10/19 23.19 23.41 22.71 23.07 546018 17819816.00
2023/10/20 23.07 23.23 22.50 23.09 668267 21732812.00
2023/10/23 22.86 22.99 22.14 22.27 720580 23069436.00
2023/10/24 22.50 22.50 21.72 22.29 900127 28379116.00
2023/10/25 22.48 23.05 22.01 22.54 643934 20621244.00
2023/10/26 22.38 23.18 22.05 23.16 726637 23473948.00
2023/10/27 23.93 27.06 23.50 26.60 3143558 112714240.00
2023/10/30 27.44 27.86 26.36 27.16 2868494 110193112.00
2023/10/31 27.24 27.28 25.72 26.33 2102878 78684312.00
2023/11/01 26.49 26.79 26.04 26.71 1277561 47929712.00
2023/11/02 26.79 27.02 25.55 25.80 1320420 48613848.00
2023/11/03 25.81 26.47 25.61 26.07 1062807 39150032.00
2023/11/06 26.47 26.78 25.86 26.37 1312938 48986044.00
2023/11/07 26.39 28.45 26.19 27.00 3101629 120692408.00
2023/11/08 27.00 27.21 26.41 26.94 1345331 51127252.00
2023/11/09 26.80 27.10 26.07 26.51 1562920 58829252.00
2023/11/10 26.19 26.39 25.72 25.93 910760 33656952.00
2023/11/13 25.83 26.04 25.36 25.86 982428 35738364.00
2023/11/14 25.82 26.43 25.38 25.67 1145673 42046276.00
2023/11/15 25.96 26.27 25.57 25.94 824902 30288508.00
2023/11/16 25.94 26.06 25.64 25.91 595690 21876232.00
2023/11/17 25.71 27.10 25.71 26.94 2064674 77903080.00
2023/11/20 27.14 27.14 26.13 26.44 1290361 48314980.00
2023/11/21 26.41 26.54 25.79 26.07 628638 23320404.00
2023/11/22 26.21 26.41 25.65 25.77 601272 22158344.00
2023/11/23 25.62 26.07 25.36 25.93 754737 27578968.00
2023/11/24 25.78 26.00 25.39 26.00 567945 20714804.00
2023/11/27 25.78 25.85 24.51 25.76 1091488 39378512.00
2023/11/28 25.86 26.32 25.29 26.00 857803 31581068.00
2023/11/29 26.00 26.62 25.88 25.90 517653 19231132.00
2023/11/30 26.16 26.16 25.36 25.89 567533 20667480.00
2023/12/01 26.06 26.26 25.36 26.02 684059 25170832.00
2023/12/04 25.94 26.04 24.94 25.10 917499 32843134.00
2023/12/05 25.00 25.30 24.61 24.81 612535 21612648.00
2023/12/06 24.75 25.19 24.45 24.51 655814 23028204.00
2023/12/07 24.59 24.92 24.39 24.66 608265 21299460.00
2023/12/08 24.61 25.27 24.39 24.78 995424 35191428.00
2023/12/11 24.69 25.46 24.23 24.79 1077568 37909916.00
2023/12/12 25.04 25.21 24.13 24.50 1163574 40494768.00
2023/12/13 24.50 24.61 23.93 24.30 701292 24294504.00
2023/12/14 24.55 24.56 23.93 24.28 723989 24944836.00
2023/12/15 24.16 24.48 23.95 24.07 497883 17096382.00
2023/12/18 24.18 24.28 23.81 23.91 678318 23129096.00
2023/12/19 23.87 24.07 23.59 23.93 505343 17134204.00
2023/12/20 23.84 24.12 23.57 23.68 501011 16926406.00
2023/12/21 23.66 23.92 23.15 23.79 845566 28282032.00
2023/12/22 23.62 24.29 23.09 23.31 1079647 35966760.00
2023/12/25 23.21 23.81 23.20 23.43 857462 28609148.00
2023/12/26 23.32 23.48 22.40 22.50 1217796 39317572.00
2023/12/27 22.61 22.75 21.84 22.00 2739927 86360600.00
2023/12/28 22.00 22.21 20.92 21.21 2407949 73210328.00
2023/12/29 21.21 21.56 20.88 21.00 2143385 64547824.00
2024/01/02 21.03 22.02 20.97 21.71 2911046 89073960.00
2024/01/03 21.71 21.80 21.29 21.63 1374836 42137008.00
2024/01/04 21.65 22.41 21.40 22.06 1741004 54652280.00
2024/01/05 22.45 22.45 20.76 20.86 1130034 34246588.00
2024/01/08 20.86 21.04 20.17 20.21 1328546 38830156.00
2024/01/09 20.63 20.63 20.19 20.37 1357730 39410484.00
2024/01/10 20.51 20.51 19.29 19.61 2210058 62366300.00
2024/01/11 20.18 20.18 19.01 20.07 1385793 39190184.00
2024/01/12 20.21 20.59 20.06 20.15 1263200 36567436.00
2024/01/15 20.56 20.79 19.89 20.39 845495 24597724.00
2024/01/16 20.38 20.51 19.89 20.30 838098 24087230.00
2024/01/17 20.30 20.78 19.28 19.44 885343 24975828.00
2024/01/18 19.01 19.36 18.32 19.01 1738084 46515052.00
2024/01/19 19.01 19.29 18.57 18.73 1174939 31439788.00
2024/01/22 18.45 18.90 17.11 17.59 1721745 43844688.00
2024/01/23 17.56 17.94 16.93 17.74 1841480 46211436.00
2024/01/24 17.76 17.89 16.62 17.29 1242024 30616978.00
2024/01/25 17.29 18.36 16.95 18.14 1214291 30868240.00
2024/01/26 18.14 18.57 17.79 17.96 1202982 31360336.00
2024/01/29 17.50 17.64 16.79 16.86 1810647 44117872.00
2024/01/30 17.11 17.11 15.90 15.94 1702296 39845728.00
2024/01/31 15.99 16.25 15.13 15.18 1927867 42857616.00
2024/02/01 15.17 15.83 14.74 15.48 2316514 50877540.00
2024/02/02 15.53 15.53 13.49 13.96 2638891 54946920.00
2024/02/05 13.93 14.04 11.79 12.25 2868977 51617352.00
2024/02/06 12.25 12.79 10.98 12.14 5015209 84017448.00
2024/02/07 12.28 12.50 11.21 11.67 3674442 62041332.00
2024/02/08 11.33 14.08 11.13 14.08 4329449 79673800.00
2024/02/19 14.43 16.14 14.07 14.85 5529957 117991824.00
2024/02/20 14.74 15.67 14.44 15.22 3148587 68748824.00
2024/02/21 14.93 16.23 14.79 15.57 2699486 60156504.00
2024/02/22 15.37 16.15 15.37 16.11 2588223 58303384.00
2024/02/23 16.12 17.32 15.74 16.91 2830404 67312936.00
2024/02/26 17.46 18.90 16.86 17.93 3206336 81251240.00
2024/02/27 17.93 18.32 17.61 18.29 2465004 63389856.00
2024/02/28 18.36 18.96 17.14 17.16 4038482 103446376.00
2024/02/29 17.16 18.12 17.04 18.04 2502458 63196768.00
2024/03/01 18.04 18.45 17.43 17.72 2250032 57469104.00
2024/03/04 17.52 18.30 17.52 18.12 2066458 53006544.00
2024/03/05 17.73 18.27 17.26 17.79 1825009 46484300.00
2024/03/06 17.78 18.08 17.41 17.96 1064920 27135128.00
2024/03/07 18.07 18.68 17.87 18.11 1412323 36814748.00
2024/03/08 18.01 18.56 17.89 18.40 758031 19664340.00
2024/03/11 18.40 19.14 18.22 18.96 1224070 32876700.00
2024/03/12 18.96 20.00 18.96 19.29 1417501 39367472.00
2024/03/13 19.29 19.57 18.81 18.96 1219420 33154616.00
2024/03/14 19.32 19.43 18.69 18.93 843138 22831832.00
2024/03/15 18.79 19.09 18.57 18.88 818489 21906340.00
2024/03/18 19.06 19.39 18.81 19.36 977799 26685204.00
2024/03/19 19.32 19.61 19.24 19.39 767734 21294454.00
2024/03/20 19.54 19.64 19.25 19.38 621627 17206724.00
2024/03/21 19.36 19.70 19.18 19.23 1434081 39678892.00
2024/03/22 18.94 19.21 18.59 18.59 1450202 38966376.00
2024/03/25 18.57 18.71 17.04 17.04 2794256 70504312.00
2024/03/26 17.04 17.39 16.11 16.62 2521698 60186568.00
2024/03/27 16.61 16.89 16.00 16.06 1641407 38427520.00
2024/03/28 16.00 17.09 15.96 16.65 1705414 40484104.00
2024/03/29 16.59 17.14 16.37 17.13 947461 22747332.00
2024/04/01 17.18 17.79 16.89 17.69 1106480 27533454.00
2024/04/02 17.69 19.21 17.60 19.16 2061065 54407016.00
2024/04/03 19.26 20.93 18.73 20.39 4552394 128159152.00
2024/04/08 20.00 20.56 19.32 19.54 2338615 66241904.00
2024/04/09 19.54 19.77 19.08 19.35 1459150 40248216.00
2024/04/10 19.37 19.37 17.69 18.23 3104751 81016288.00
2024/04/11 17.75 18.75 17.73 18.29 2215016 57614884.00
2024/04/12 18.38 18.89 17.89 18.29 1517340 39807632.00
2024/04/15 18.21 18.57 16.98 17.36 1405041 35382008.00
2024/04/16 17.29 17.34 16.50 16.50 1095943 26423940.00
2024/04/17 16.57 17.81 16.57 17.40 1077880 26843728.00
2024/04/18 17.40 17.93 17.04 17.16 665077 16496186.00
2024/04/19 17.04 17.17 16.50 16.92 776765 18649380.00
2024/04/22 16.74 16.86 15.97 16.60 1363406 32183464.00
2024/04/23 16.78 16.78 15.38 15.82 2490306 56320536.00
2024/04/24 15.96 16.39 15.71 16.14 1468676 33799072.00
2024/04/25 16.14 16.33 15.86 15.96 1123301 25765496.00
2024/04/26 15.96 16.69 15.88 16.55 1201022 28165500.00
2024/04/29 16.57 17.81 16.57 17.69 2494530 62234000.00
2024/04/30 17.49 17.64 16.86 17.08 1734265 42572168.00
2024/05/06 17.50 18.29 17.28 18.22 1899704 48470804.00
2024/05/07 18.16 18.29 17.69 18.21 963840 24867724.00
2024/05/08 18.12 18.64 18.01 18.33 1423371 37472744.00
2024/05/09 18.46 18.85 18.10 18.71 1037530 27579164.00
2024/05/10 18.86 18.86 18.20 18.29 924181 24258266.00
2024/05/13 18.29 18.40 17.57 17.63 887056 22635486.00
2024/05/14 17.57 18.16 17.41 18.04 1171273 29653364.00
2024/05/15 17.91 18.11 17.62 17.71 694561 17729076.00
2024/05/16 17.72 18.02 17.64 17.76 479646 12189537.00
2024/05/17 17.53 18.29 17.53 18.08 710317 18265764.00
2024/05/20 17.89 18.46 17.85 18.44 551754 14369591.00
2024/05/21 18.47 18.47 17.99 18.07 482157 12468378.00
2024/05/22 18.22 18.28 18.02 18.14 372037 9616146.00
2024/05/23 18.21 18.50 18.06 18.19 624444 16243450.00
2024/05/24 18.07 18.29 17.72 17.82 431398 11113840.00
2024/05/27 16.83 18.13 16.83 18.06 472028 11986367.00
2024/05/28 18.06 18.34 17.61 18.18 379701 9807706.00
2024/05/29 17.81 18.89 17.81 18.49 884588 23458256.00
2024/05/30 18.28 18.66 18.16 18.28 484982 12687074.00
2024/05/31 17.88 19.64 17.88 19.27 1429620 38932232.00
2024/06/03 19.21 19.36 18.84 18.90 1042476 28332028.00
2024/06/04 18.81 19.01 18.23 18.29 849903 22538888.00
2024/06/05 18.93 19.09 17.39 17.45 2244904 57338004.00
2024/06/06 17.28 17.36 15.84 15.93 2029324 47516936.00
2024/06/07 16.06 16.26 15.22 15.32 1409305 31381166.00
2024/06/11 15.00 15.66 14.92 15.50 977577 21280728.00
2024/06/12 15.49 15.77 15.29 15.38 734472 11382767.00
2024/06/13 15.44 15.59 15.11 15.40 921776 14141189.00
2024/06/14 15.34 15.34 14.70 14.79 1266331 18946096.00
2024/06/17 14.80 15.00 14.57 14.95 824011 12218761.00
2024/06/18 15.00 15.30 14.80 15.14 771797 11627962.00
2024/06/19 15.27 15.42 14.93 14.95 772922 11737682.00
2024/06/20 14.94 15.07 14.50 14.61 1241280 18285036.00
2024/06/21 14.40 14.62 14.14 14.21 957844 13693546.00
2024/06/24 14.21 14.21 13.20 13.47 1992944 27007164.00
2024/06/25 13.45 13.86 13.17 13.34 1071757 14455820.00
2024/06/26 13.15 13.96 13.12 13.86 1300366 17525804.00
2024/06/27 13.79 13.86 13.20 13.40 1119988 15161007.00
2024/06/28 13.35 13.67 13.00 13.14 1714425 22795976.00
2024/07/01 13.09 13.30 12.67 13.21 1833537 23727824.00
2024/07/02 13.30 13.35 12.94 12.96 1205758 15843493.00
2024/07/03 12.90 13.18 12.82 12.88 839005 10897458.00
2024/07/04 12.73 12.88 12.26 12.31 1342506 16793562.00
2024/07/05 12.39 12.99 12.12 12.87 1385858 17483316.00
2024/07/08 12.75 12.77 11.68 11.79 2762541 33181656.00
2024/07/09 11.69 11.85 11.17 11.34 3006332 34341816.00
2024/07/10 11.36 11.55 11.09 11.14 2611455 29504128.00
2024/07/11 11.35 11.82 11.31 11.67 4141902 48161416.00
2024/07/12 11.83 11.90 11.15 11.19 3207432 36309720.00
2024/07/15 11.15 11.19 10.61 10.67 3174381 34288912.00
2024/07/16 10.68 10.92 10.52 10.68 3094766 33040448.00
2024/07/17 10.69 10.97 10.61 10.81 2082456 22430096.00
2024/07/18 10.67 10.94 10.32 10.93 2219686 23715528.00
2024/07/19 10.90 11.43 10.72 11.18 2224580 24662548.00
2024/07/22 11.08 11.30 11.02 11.30 1911423 21374484.00
2024/07/23 11.28 11.30 10.60 10.68 2266504 24696266.00
2024/07/24 10.59 10.71 10.20 10.28 2322463 23998204.00
2024/07/25 10.28 10.46 10.00 10.20 1564140 16003221.00
2024/07/26 10.27 10.57 10.20 10.32 1712381 17781388.00
2024/07/29 10.33 10.37 10.17 10.30 2103928 21591632.00
2024/07/30 10.28 10.57 10.15 10.20 2240120 23162816.00
2024/07/31 10.26 10.82 10.00 10.68 2962647 31077692.00
2024/08/01 10.68 10.87 10.43 10.50 2724924 28867082.00
2024/08/02 10.45 10.78 10.33 10.36 2788094 29418508.00
2024/08/05 10.51 10.58 10.02 10.02 2518511 25995048.00
2024/08/06 10.28 11.50 10.21 11.30 5185958 55980532.00
2024/08/07 11.38 11.60 10.90 11.02 5038371 55685928.00
2024/08/08 10.94 11.06 10.70 10.83 3757440 40656196.00
2024/08/09 10.86 11.02 10.58 10.66 2974562 31906276.00
2024/08/12 10.66 11.05 10.40 10.74 4582018 49100788.00
2024/08/13 10.66 10.72 10.30 10.51 3351887 35064016.00
2024/08/14 10.54 10.54 10.30 10.45 1760727 18317346.00
2024/08/15 10.59 11.25 10.32 10.78 4796767 51780780.00
2024/08/16 10.80 11.18 10.60 10.94 4051906 44212924.00
2024/08/19 10.87 11.03 10.67 10.74 2519854 27265170.00
2024/08/20 10.83 10.83 10.31 10.44 2528954 26516824.00
2024/08/21 10.42 10.52 10.28 10.37 1596132 16565231.00
2024/08/22 10.37 10.72 10.17 10.22 2427337 25319988.00
2024/08/23 10.28 10.28 9.89 9.90 2070514 20730886.00
2024/08/26 10.18 10.25 9.88 9.97 2073316 20848482.00
2024/08/27 10.07 10.10 9.89 9.90 1329181 13227763.00
2024/08/28 9.87 10.03 9.78 9.90 1676006 16622653.00
2024/08/29 9.88 10.33 9.81 10.25 1593999 16183208.00
2024/08/30 10.20 10.78 10.20 10.60 2568225 27258552.00
2024/09/02 10.30 11.27 10.20 10.83 5647365 61093408.00
2024/09/03 10.76 11.06 10.60 10.68 2675594 28905260.00
2024/09/04 10.55 10.86 10.43 10.49 1742607 18440720.00
2024/09/05 10.49 10.66 10.42 10.54 1291933 13608833.00
2024/09/06 10.73 10.73 9.88 9.95 3508081 35544984.00
2024/09/09 9.90 10.14 9.80 10.06 1782754 17800924.00
2024/09/10 10.07 10.20 9.87 10.05 1430192 14330225.00
2024/09/11 9.98 10.28 9.98 10.14 1460371 14807098.00
2024/09/12 10.12 10.29 9.97 10.02 1394911 14052195.00
2024/09/13 10.03 10.09 9.72 9.78 1836165 18076456.00
2024/09/18 9.60 9.89 9.20 9.35 2155228 20241834.00
2024/09/19 9.40 9.75 9.40 9.62 1403172 13455197.00
2024/09/20 9.65 9.65 9.29 9.42 1593424 14974082.00
2024/09/23 9.42 9.54 9.17 9.45 2616831 24352792.00
2024/09/24 9.45 9.80 9.37 9.76 2133366 20513552.00
2024/09/25 9.91 10.12 9.80 9.80 2390342 23802996.00
2024/09/26 9.84 10.46 9.73 10.40 2770751 27992432.00
2024/09/27 11.00 11.30 10.54 11.18 3282393 35798364.00
2024/09/30 11.71 13.17 11.50 13.15 5214102 64049616.00
2024/10/08 15.75 15.75 13.48 14.28 9230325 131397352.00
2024/10/09 13.69 13.75 12.30 12.30 6726301 87856752.00
2024/10/10 12.63 12.89 12.15 12.33 3451341 43243728.00
2024/10/11 12.13 12.36 11.59 11.73 3036705 36012884.00
2024/10/14 11.96 11.96 11.40 11.91 2463187 28822586.00
2024/10/15 11.98 11.98 11.53 11.54 2078989 24426624.00
2024/10/16 11.33 11.69 11.30 11.40 1260452 14448116.00
2024/10/17 11.50 11.74 11.39 11.40 1578546 18228982.00
2024/10/18 11.51 12.32 11.36 12.16 3124647 37010804.00
2024/10/21 12.16 12.63 11.92 12.24 3044893 37472384.00
2024/10/22 12.29 12.55 12.08 12.43 2191668 26998854.00
2024/10/23 12.43 12.65 12.29 12.46 1772000 22065468.00
2024/10/24 12.38 12.46 12.11 12.38 1730718 21313352.00
2024/10/25 12.59 13.50 12.28 12.91 3638331 46633632.00
2024/10/28 13.00 13.30 12.80 13.19 2644585 34530612.00
2024/10/29 13.28 13.37 12.36 12.41 2769211 35260412.00
2024/10/30 12.36 12.36 11.75 11.98 2519980 30315024.00
2024/10/31 11.84 12.30 11.82 12.23 1894700 22925124.00
2024/11/01 12.16 12.33 11.80 11.98 2023898 24320904.00
2024/11/04 11.93 12.30 11.80 12.14 1808061 21827470.00
2024/11/05 12.14 12.49 11.99 12.40 2113996 26000556.00
2024/11/06 12.47 12.87 12.34 12.50 2301143 28910036.00
2024/11/07 12.43 13.03 12.40 12.96 2735451 34936584.00
2024/11/08 12.96 13.11 12.81 12.88 2368152 30691772.00
2024/11/11 12.70 13.30 12.70 13.27 2280538 29859760.00
2024/11/12 13.31 13.69 13.12 13.30 3718929 50017492.00
2024/11/13 13.33 13.47 12.93 13.42 2709159 35922496.00
2024/11/14 13.43 13.46 12.78 12.84 2682091 35109944.00
2024/11/15 12.75 12.99 12.50 12.65 2379951 30508142.00
2024/11/18 12.63 12.82 12.05 12.22 1960031 24086938.00
2024/11/19 12.34 12.75 12.13 12.61 1776949 21965992.00
2024/11/20 12.62 13.10 12.52 12.99 1857337 23949396.00
2024/11/21 12.93 13.19 12.79 13.00 1898426 24588612.00
2024/11/22 13.02 13.02 12.21 12.21 3017252 37600864.00
2024/11/25 12.21 12.35 11.93 12.25 2143969 26064402.00
2024/11/26 12.28 12.39 11.95 11.98 1637838 19952244.00
2024/11/27 12.04 12.22 11.63 12.22 1600196 19015028.00
2024/11/28 12.28 12.80 12.23 12.67 2480675 31179040.00
2024/11/29 12.57 12.90 12.38 12.77 1916122 24308336.00
2024/12/02 12.80 13.19 12.73 12.98 1567589 20362320.00
2024/12/03 13.14 13.25 12.75 12.85 1398464 18040648.00
2024/12/04 12.81 12.90 12.56 12.75 1318578 16807856.00
2024/12/05 12.69 13.00 12.65 12.96 1699543 21935678.00
2024/12/06 13.03 13.10 12.75 13.05 1864147 24154328.00
2024/12/09 13.15 13.25 12.94 13.10 1687641 22117722.00
2024/12/10 13.50 13.68 13.01 13.06 1881264 24962732.00
2024/12/11 13.06 13.24 12.92 13.19 1549295 20319138.00
2024/12/12 13.26 13.49 13.01 13.23 1254705 16505906.00
2024/12/13 13.14 13.27 12.68 12.71 1596922 20585672.00
2024/12/16 12.84 12.95 12.59 12.70 1665446 21237782.00
2024/12/17 12.72 12.80 12.00 12.10 2159263 26432264.00
2024/12/18 12.23 12.23 11.74 11.92 1807596 21606720.00
2024/12/19 11.88 12.04 11.81 11.91 1543522 18396538.00
2024/12/20 11.93 12.15 11.84 12.03 1383115 16639400.00
2024/12/23 12.07 12.17 11.43 11.52 1922699 22515536.00
2024/12/24 11.60 11.67 11.31 11.49 1059310 12141251.00
2024/12/25 11.66 11.66 11.10 11.27 1250909 14076126.00
2024/12/26 11.38 11.50 11.11 11.29 1243521 14105431.00
2024/12/27 11.38 11.50 11.17 11.36 1429510 16239978.00
2024/12/30 11.43 11.43 10.95 11.17 1081303 12055106.00
2024/12/31 11.23 11.27 10.77 10.80 1557702 17065432.00
2025/01/02 10.80 10.92 10.30 10.40 2280109 24182044.00
2025/01/03 10.42 10.57 10.04 10.04 1888110 19307624.00
2025/01/06 10.09 10.33 9.90 10.21 1713789 17433404.00
2025/01/07 10.31 10.43 10.09 10.38 1491643 15277817.00
2025/01/08 10.33 10.46 9.99 10.37 1714565 17507668.00
2025/01/09 10.38 10.53 10.22 10.36 1363660 14161949.00
2025/01/10 10.43 10.51 10.19 10.19 979517 10153774.00
2025/01/13 10.18 10.43 9.98 10.35 852582 8761520.00
2025/01/14 10.46 10.95 10.39 10.93 1419110 15227807.00
2025/01/15 11.04 11.04 10.64 10.70 1326278 14305057.00
2025/01/16 10.77 11.00 10.54 10.62 932400 9976619.00
2025/01/17 10.61 10.79 10.55 10.66 839028 8947350.00
2025/01/20 10.42 10.70 10.41 10.55 1447914 15301053.00
2025/01/21 10.58 10.67 10.13 10.37 1741906 17954196.00
2025/01/22 10.30 10.49 10.25 10.45 1397303 14506903.00
2025/01/23 10.56 10.83 10.50 10.55 1080966 11525118.00
2025/01/24 10.55 10.72 10.48 10.68 1520061 16110726.00
2025/01/27 10.68 10.82 10.50 10.53 1131119 12042288.00
2025/02/05 10.59 10.88 10.59 10.76 1329319 14325759.00
2025/02/06 10.80 10.96 10.68 10.94 1109750 12059775.00
2025/02/07 11.01 11.20 10.87 11.12 1368952 15163101.00
2025/02/10 11.23 11.70 11.20 11.56 2264083 26040436.00
2025/02/11 11.64 11.71 11.46 11.51 1365455 15756611.00
2025/02/12 11.34 11.67 11.32 11.56 1314053 15107854.00
2025/02/13 11.56 11.72 11.41 11.46 1016297 11707038.00
2025/02/14 11.49 11.66 11.46 11.52 1229230 14205151.00
2025/02/17 11.59 11.97 11.59 11.72 1671169 19676884.00
2025/02/18 11.71 11.80 11.19 11.24 1518549 17374540.00
2025/02/19 11.24 11.79 11.19 11.74 2068704 23981236.00
2025/02/20 11.74 12.43 11.72 12.23 2931271 35761892.00
2025/02/21 12.20 12.25 11.85 12.13 1902481 22927812.00
2025/02/24 12.08 12.13 11.75 11.96 1498586 17838328.00
2025/02/25 11.75 12.08 11.75 11.90 1518863 18057536.00
2025/02/26 11.90 12.08 11.87 11.92 1535616 18370472.00
2025/02/27 11.91 12.05 11.68 11.86 1634894 19346640.00
2025/02/28 11.84 11.86 11.29 11.45 1881375 21778104.00
2025/03/03 11.60 11.85 11.42 11.52 1887064 21929504.00
2025/03/04 11.41 11.85 11.37 11.85 1387502 16249942.00
2025/03/05 11.85 11.87 11.45 11.65 1385335 16064626.00
2025/03/06 11.68 12.19 11.68 12.06 3083540 37088412.00
2025/03/07 12.00 12.17 11.85 11.90 1694648 20223756.00
2025/03/10 12.10 12.18 11.88 11.96 1646797 19793952.00
2025/03/11 11.74 11.96 11.70 11.96 1407542 16655996.00
2025/03/12 11.91 12.47 11.78 11.96 3530048 42521792.00
2025/03/13 11.96 11.98 11.58 11.84 1933874 22764584.00
2025/03/14 11.76 12.00 11.56 11.97 2040334 24135410.00
2025/03/17 12.04 12.08 11.89 11.93 1633121 19562904.00
2025/03/18 12.05 12.24 11.98 12.19 2050786 24904566.00
2025/03/19 12.25 12.38 12.06 12.17 1907037 23292336.00
2025/03/20 12.17 12.29 12.05 12.15 1363448 16574328.00
2025/03/21 12.02 12.20 11.81 11.94 1757139 20985680.00
2025/03/24 11.90 12.12 11.43 11.63 2249188 26169160.00
2025/03/25 11.55 11.72 11.42 11.51 1193338 13772707.00
2025/03/26 11.52 12.00 11.48 11.77 1334085 15773603.00
2025/03/27 11.70 11.94 11.44 11.65 1544794 18077906.00
2025/03/28 11.70 12.10 11.55 11.64 1956935 23021584.00
2025/03/31 11.59 11.94 11.31 11.70 1628180 18805148.00
2025/04/01 11.72 11.99 11.64 11.74 1668713 19790220.00
2025/04/02 11.85 11.94 11.63 11.78 983244 11632854.00
2025/04/03 11.70 11.86 11.50 11.74 1045671 12208554.00
2025/04/07 11.20 11.20 9.43 9.82 2746718 28234814.00
2025/04/08 9.82 10.40 9.82 10.30 2165600 22035112.00
2025/04/09 10.34 10.60 9.69 10.45 2203595 22330924.00
2025/04/10 10.72 10.98 10.52 10.87 2373883 25566672.00
2025/04/11 10.75 11.13 10.71 10.92 1438997 15730942.00
2025/04/14 10.95 11.16 10.95 10.97 1010634 11178664.00
2025/04/15 10.94 11.06 10.83 10.98 852546 9339175.00
2025/04/16 10.87 10.97 10.52 10.71 1300307 13904241.00
2025/04/17 10.69 10.93 10.61 10.76 982575 10618617.00
2025/04/18 10.89 10.89 10.58 10.78 823442 8822668.00
2025/04/21 10.68 10.91 10.63 10.87 891146 9641796.00
2025/04/22 10.77 10.99 10.76 10.95 1397848 15286737.00
2025/04/23 10.97 11.34 10.97 11.12 1379393 15406551.00
2025/04/24 11.19 11.26 10.87 11.00 876616 9703908.00
2025/04/25 11.04 11.08 10.83 11.03 780071 8560447.00
2025/04/28 10.93 10.94 10.65 10.73 668130 7195772.00
2025/04/29 10.70 11.11 10.59 10.93 1102895 12103040.00
2025/04/30 10.94 11.29 10.91 11.23 1537419 17252978.00
2025/05/06 11.34 11.45 11.03 11.35 1832654 20632532.00
2025/05/07 11.48 11.74 11.42 11.52 2170065 25077258.00
2025/05/08 11.47 11.95 11.40 11.85 2208272 26017878.00
2025/05/09 11.98 11.98 11.56 11.77 1488868 17402162.00
2025/05/12 11.90 11.95 11.63 11.80 1392876 16361523.00
2025/05/13 11.83 11.95 11.75 11.82 1194076 14130810.00
2025/05/14 11.81 11.86 11.54 11.62 1603204 18707846.00
2025/05/15 11.70 11.76 11.53 11.65 1373740 16001637.00
2025/05/16 11.60 11.90 11.56 11.80 1536588 18143908.00
2025/05/19 11.95 12.40 11.74 12.36 4019176 48808268.00
2025/05/20 12.40 13.11 12.18 13.09 4711141 60129296.00
2025/05/21 13.00 13.25 12.82 13.17 3980601 51666504.00
2025/05/22 13.04 13.12 12.55 12.71 2285212 29199494.00
2025/05/23 12.89 13.95 12.61 13.22 7180541 96194352.00
2025/05/26 13.14 14.02 13.07 13.58 7084704 96423232.00
2025/05/27 13.48 13.89 13.32 13.56 3327260 45198800.00
2025/05/28 13.55 14.40 13.55 14.03 5193672 73114192.00
2025/05/29 14.10 14.98 13.79 14.14 6959473 100380184.00
2025/05/30 14.08 14.83 14.02 14.37 4342315 62302544.00
2025/06/03 14.30 14.85 14.02 14.61 5807913 83470272.00
2025/06/04 14.62 14.88 14.13 14.56 4854172 70149704.00
2025/06/05 14.50 15.15 14.50 14.90 4466119 66459720.00
2025/06/06 14.82 15.55 14.46 15.46 6161520 93066024.00
2025/06/09 15.18 16.05 15.10 16.05 6074021 95544512.00
2025/06/10 16.05 16.20 15.40 15.99 5760518 91172272.00
2025/06/11 16.00 16.00 14.84 15.45 7551598 114396352.00
2025/06/12 15.30 15.56 14.40 15.55 9307540 140906208.00
2025/06/13 15.37 16.46 14.81 14.99 7434344 115089840.00
2025/06/16 14.99 15.18 14.37 14.45 4625381 67880760.00
2025/06/17 14.48 15.04 14.30 14.58 4518990 66302320.00
2025/06/18 14.53 14.62 14.07 14.14 3087117 44042744.00
2025/06/19 14.08 14.30 13.58 13.68 3905121 54124524.00
2025/06/20 13.73 14.65 13.49 14.24 5554474 78299824.00
2025/06/23 14.15 14.60 14.03 14.44 2371197 34024044.00
2025/06/24 14.49 14.69 14.26 14.50 2766314 39936664.00
2025/06/25 14.78 15.09 14.33 14.96 4214203 62008204.00
2025/06/26 15.09 15.40 14.71 15.17 3519892 52927880.00
2025/06/27 15.08 15.14 14.75 14.84 2242547 33413738.00
2025/06/30 14.93 14.97 14.51 14.74 2620012 38562292.00
2025/07/01 14.63 15.36 14.63 14.95 3339934 50052604.00
2025/07/02 14.81 15.02 14.70 14.84 1398759 20756972.00
2025/07/03 14.92 15.65 14.74 15.50 4627330 70585448.00
2025/07/04 15.50 16.17 15.10 15.44 4556065 71107656.00
2025/07/07 15.40 15.63 15.11 15.62 1893849 29155036.00
2025/07/08 15.61 16.26 15.59 16.17 3397947 54203596.00
2025/07/09 16.17 16.32 15.91 16.12 2053923 33126140.00
2025/07/10 16.00 16.42 15.89 16.37 3313990 53640552.00
2025/07/11 16.37 19.08 16.36 18.66 10900882 191728960.00
2025/07/14 18.40 18.98 18.00 18.60 5557313 103275544.00
2025/07/15 18.49 18.64 17.60 17.95 5370894 96419096.00
2025/07/16 17.93 18.20 17.79 18.00 2717076 48767356.00
2025/07/17 17.96 18.53 17.55 18.05 4797016 86610840.00
2025/07/18 17.96 18.37 17.51 17.79 2634458 46749600.00
2025/07/21 17.79 18.30 17.51 17.78 2090229 37119324.00
2025/07/22 17.78 18.40 17.40 17.41 4687653 83837968.00
2025/07/23 17.24 17.71 16.95 17.46 2332422 40534404.00
2025/07/24 17.36 18.47 17.36 18.04 3858180 69151048.00
2025/07/25 17.97 18.48 17.82 18.16 3326445 60526812.00
2025/07/28 18.16 18.47 17.63 17.87 2836381 50798664.00
2025/07/29 18.00 18.10 17.00 18.03 3950008 69663960.00
2025/07/30 18.02 18.20 17.36 17.67 2867234 50691928.00
2025/07/31 17.61 18.11 17.46 18.08 3228550 57648068.00
2025/08/01 17.95 18.43 17.32 17.48 3312943 58649516.00
2025/08/04 17.40 17.80 17.12 17.71 2844883 49823952.00
2025/08/05 17.71 17.98 17.46 17.65 2222631 39146260.00
2025/08/06 17.85 18.35 17.55 17.99 6222448 111975288.00
2025/08/07 17.99 17.99 17.21 17.50 4854454 85233720.00
2025/08/08 17.38 17.86 17.18 17.61 2851448 49894092.00
2025/08/11 17.80 19.03 17.59 18.58 6341732 116755416.00
2025/08/12 19.12 20.40 18.60 19.36 8781492 171529632.00
2025/08/13 19.75 19.75 18.06 18.61 6218436 116611288.00
2025/08/14 18.85 19.89 18.06 18.24 6054018 113515176.00
2025/08/15 18.23 18.38 17.72 18.33 3635954 65939844.00
2025/08/18 18.18 18.90 17.90 18.22 5798074 106531168.00
2025/08/19 18.21 18.36 17.87 17.88 3529404 63729160.00
2025/08/20 17.85 18.16 17.58 17.76 2829624 50542696.00
2025/08/21 18.08 19.29 18.08 18.59 6828993 127880248.00
2025/08/22 18.58 18.58 18.03 18.52 5088802 92901904.00
2025/08/25 18.20 18.58 17.60 17.75 7660575 137800624.00
2025/08/26 17.61 21.30 17.52 20.51 22430548 455142848.00
2025/08/27 20.30 20.70 19.19 19.23 14472823 288543456.00
2025/08/28 19.23 20.60 18.30 18.74 9885880 191467104.00
2025/08/29 18.99 19.94 18.41 19.67 7586423 146975008.00
2025/09/01 19.47 21.18 19.47 20.81 8368319 172598048.00
2025/09/02 21.29 21.30 19.86 20.12 7597796 155058752.00
2025/09/03 20.13 20.48 19.43 20.30 5030584 100815128.00
2025/09/04 20.10 21.27 19.90 20.40 6612017 137179696.00
2025/09/05 20.25 21.38 19.81 21.17 6651981 137603936.00
2025/09/08 21.22 21.65 20.65 21.59 3537031 74991200.00
2025/09/09 21.48 22.42 19.94 20.16 7216048 151330848.00
2025/09/10 20.13 20.65 19.84 20.05 3271255 65870660.00
2025/09/11 19.99 20.36 19.60 19.84 4211630 83590592.00
2025/09/12 19.85 20.22 19.18 19.70 4344085 85200784.00
2025/09/15 19.68 20.00 19.36 19.53 3097831 60530008.00
2025/09/16 19.53 20.66 19.33 19.62 7019748 140489104.00
2025/09/17 19.60 19.93 19.32 19.43 3309486 64922280.00
2025/09/18 19.30 19.62 18.60 18.81 3844869 73802640.00
2025/09/19 18.89 18.95 18.20 18.51 2844270 52627648.00
2025/09/22 18.60 19.20 18.20 19.00 3598316 67040952.00
2025/09/23 18.91 18.98 18.00 18.86 4291573 79537088.00
2025/09/24 18.88 19.96 18.88 19.67 5312313 104013824.00
2025/09/25 19.68 20.08 19.38 19.64 3826758 75631504.00
2025/09/26 19.39 20.34 19.39 19.75 3646330 72372968.00
2025/09/29 19.65 20.01 18.99 19.91 2665514 52260480.00
2025/09/30 20.30 20.67 19.89 20.05 2559566 51681188.00
2025/10/09 19.90 20.11 19.11 19.17 4420112 86040624.00
2025/10/10 19.06 19.35 18.83 19.00 2150450 41103088.00
2025/10/13 18.51 19.86 18.06 19.45 4287727 82551752.00
2025/10/14 19.57 19.73 18.75 18.75 3733025 71791832.00
2025/10/15 19.28 21.00 18.82 21.00 9624045 195342256.00
2025/10/16 20.98 21.29 20.50 20.79 5348523 111753408.00
2025/10/17 21.00 21.06 20.00 20.07 3417976 69850640.00
2025/10/20 20.39 20.48 19.54 19.75 2971752 59268884.00
2025/10/21 20.18 21.70 19.75 21.02 5530704 115413768.00
2025/10/22 21.00 21.26 20.74 20.88 2751441 57620616.00
2025/10/23 21.19 21.19 20.00 20.62 2960021 60509572.00
2025/10/24 20.72 21.07 20.45 20.90 1949364 40540456.00
2025/10/27 20.88 21.44 20.71 21.03 2329132 48818324.00
2025/10/28 21.03 21.03 19.73 19.88 5230847 105148480.00
2025/10/29 19.80 20.01 19.08 19.24 3402706 65884852.00
2025/10/30 19.28 19.33 18.76 18.97 2881463 54901088.00
2025/10/31 19.09 19.37 19.00 19.33 2925086 56238872.00
2025/11/03 19.36 19.75 19.15 19.47 4177634 80957840.00
2025/11/04 19.56 19.59 18.44 18.55 4411941 82937056.00
2025/11/05 18.25 18.64 17.44 18.48 3874444 70090800.00
2025/11/06 18.41 18.66 17.99 18.37 3602638 66038912.00
2025/11/07 18.25 18.36 16.97 16.99 5521519 97370880.00
2025/11/10 17.09 17.45 16.88 17.37 3946945 67744336.00
2025/11/11 17.50 17.53 17.06 17.13 2461376 42519688.00
2025/11/12 16.90 17.53 16.68 16.80 3473160 58998996.00
2025/11/13 16.78 17.05 16.65 16.71 2602388 43765488.00
2025/11/14 16.90 16.93 16.49 16.55 4437291 74168720.00
2025/11/17 16.76 16.87 16.27 16.50 2976989 49013928.00
2025/11/18 16.54 16.57 16.26 16.32 2354939 38612148.00
2025/11/19 16.42 16.60 15.95 15.96 1889305 30497056.00
2025/11/20 15.92 16.21 15.77 15.94 1690044 26971328.00
2025/11/21 15.90 15.99 15.05 15.20 3021680 46776940.00
2025/11/24 15.16 15.68 15.16 15.48 3951132 60960772.00
2025/11/25 15.80 15.89 15.49 15.61 3020604 47473732.00
2025/11/26 15.60 16.06 15.58 16.02 3412223 54008804.00
2025/11/27 16.04 16.85 16.03 16.79 6008275 100054216.00
2025/11/28 16.66 16.70 15.68 16.03 6845872 109569384.00
2025/12/01 16.28 16.28 15.55 15.61 4210377 66332824.00
2025/12/02 15.65 15.72 14.94 15.02 5140367 77646816.00
2025/12/03 15.20 15.38 14.71 15.14 4328224 64757956.00
2025/12/04 15.15 15.23 14.60 14.90 2901151 43320368.00
2025/12/05 15.05 15.23 14.61 15.21 3290184 49380400.00
2025/12/08 15.38 15.43 15.12 15.14 2773542 42312688.00
2025/12/09 15.19 15.32 14.90 15.01 2313498 34890184.00
2025/12/10 14.91 15.23 14.77 14.93 2130309 31912438.00
2025/12/11 14.84 15.05 14.00 14.23 5970761 86014992.00
2025/12/12 14.29 14.48 14.14 14.23 2877364 41210604.00
2025/12/15 14.78 14.98 14.31 14.64 3954854 58023024.00
2025/12/16 14.73 14.83 14.43 14.56 2964597 43322332.00
2025/12/17 14.50 14.76 14.18 14.71 2534093 36630824.00
2025/12/18 14.77 15.05 14.65 14.78 2842076 42346240.00
2025/12/19 14.72 15.20 14.72 15.16 2443916 36686168.00
2025/12/22 15.20 15.35 14.91 15.12 3835619 58199344.00
2025/12/23 15.27 15.78 15.04 15.11 2853581 43566124.00
2025/12/24 14.81 15.45 14.81 15.35 2521619 38595728.00
2025/12/25 15.53 15.85 15.11 15.72 3419008 53015788.00
2025/12/26 15.72 15.98 15.43 15.47 2434413 38001212.00
2025/12/29 15.74 15.74 15.20 15.53 3006280 46277056.00
2025/12/30 15.35 15.80 15.25 15.56 3764036 58525408.00
2025/12/31 15.56 15.69 15.08 15.33 2675763 40929792.00
2026/01/05 15.41 16.32 15.34 15.94 4529141 71766912.00
2026/01/06 16.00 16.04 15.74 15.90 3181242 50420172.00
2026/01/07 15.80 15.94 15.62 15.83 2369200 37397696.00
2026/01/08 15.76 16.14 15.76 15.95 2275311 36357556.00
2026/01/09 15.96 16.16 15.74 16.13 2659899 42527876.00
2026/01/12 16.29 16.32 15.90 16.15 4095002 65884176.00
2026/01/13 16.20 16.45 16.04 16.07 3480966 56584720.00
2026/01/14 16.13 16.40 15.68 15.95 5441893 87327752.00
2026/01/15 15.88 16.07 15.70 15.90 2963285 46997436.00
2026/01/16 16.04 16.28 15.73 16.15 2652409 42506160.00
2026/01/19 16.10 16.36 16.06 16.25 2396542 38881064.00
2026/01/20 16.27 16.72 16.17 16.26 3464280 56879032.00
2026/01/21 16.14 16.72 16.14 16.51 2471412 40739504.00
2026/01/22 16.48 16.66 16.25 16.34 2244729 36791132.00
2026/01/23 16.35 16.53 16.30 16.52 1912800 31426020.00
2026/01/26 16.65 16.68 15.95 16.26 3232492 52254852.00
2026/01/27 17.00 18.00 16.45 16.73 14531942 246766912.00
2026/01/28 16.59 16.97 16.37 16.38 8401402 139663568.00
2026/01/29 16.60 16.89 15.99 16.04 5959291 97732904.00
2026/01/30 16.06 16.38 15.87 16.30 3662598 59214292.00
2026/02/02 16.38 16.90 16.32 16.40 5703582 95093736.00
2026/02/03 16.48 16.75 16.42 16.68 2606793 43232444.00
2026/02/04 16.71 16.85 16.48 16.74 2505630 41854252.00
2026/02/05 16.72 16.97 16.56 16.75 2206470 37096260.00
2026/02/06 16.74 17.85 16.54 17.39 6513332 113310184.00
2026/02/09 17.42 17.79 17.17 17.70 4756238 83018472.00
2026/02/10 17.80 18.20 17.45 17.45 2812626 49885644.00
2026/02/11 17.56 17.74 17.38 17.55 2128378 37411444.00
2026/02/12 17.54 17.67 17.16 17.49 2188989 38252056.00
2026/02/13 17.40 17.76 17.32 17.43 2014624 35342416.00
2026/02/24 17.62 18.16 17.28 17.81 3790800 67682992.00
2026/02/25 17.93 17.98 17.70 17.83 1722250 30723684.00
#Ъ§ОнРДдД:ЭЈДяаХ
