600158 жаЬхВњвЕ ШеЯп ЧАИДШЈ
      ШеЦк	    ПЊХЬ	    зюИп	    зюЕЭ	    ЪеХЬ	    ГЩНЛСП	    ГЩНЛЖю
2021/08/02 10.44 10.71 10.22 10.53 11164618 117474240.00
2021/08/03 10.51 11.10 10.46 10.86 13680909 148379136.00
2021/08/04 11.95 11.95 11.95 11.95 9475548 113801328.00
2021/08/05 12.44 12.89 11.64 11.74 68685752 850199488.00
2021/08/06 11.54 11.55 11.13 11.41 34285669 389184864.00
2021/08/09 11.22 11.51 11.13 11.25 19867842 225322112.00
2021/08/10 11.24 11.79 11.15 11.56 25659481 296424800.00
2021/08/11 11.48 11.53 11.31 11.32 14167642 162073936.00
2021/08/12 11.29 11.41 11.24 11.27 9506030 108139200.00
2021/08/13 11.19 11.27 10.99 11.12 12099423 135439840.00
2021/08/16 11.19 11.41 11.19 11.24 10538313 119689480.00
2021/08/17 11.17 11.31 11.00 11.04 10005157 112040232.00
2021/08/18 11.05 11.17 11.03 11.15 6933867 77376336.00
2021/08/19 11.18 11.58 11.16 11.40 15989274 183435088.00
2021/08/20 11.38 11.38 11.01 11.19 11126977 124809656.00
2021/08/23 11.19 11.36 11.17 11.21 9852074 111461384.00
2021/08/24 11.20 11.25 11.06 11.11 9216146 102990528.00
2021/08/25 11.09 11.18 11.03 11.13 6885170 76938496.00
2021/08/26 11.13 11.25 11.06 11.12 8537857 95589096.00
2021/08/27 11.12 11.24 11.03 11.13 7783623 87025536.00
2021/08/30 11.15 11.23 10.72 10.84 14865179 164303536.00
2021/08/31 10.64 11.34 10.53 11.23 18685657 207441760.00
2021/09/01 11.20 11.81 11.13 11.47 24254433 280607968.00
2021/09/02 11.37 11.63 11.34 11.48 13359821 153670608.00
2021/09/03 11.49 12.22 11.40 11.88 32057244 381916032.00
2021/09/06 11.78 12.05 11.74 11.93 17625361 210730480.00
2021/09/07 11.84 12.22 11.82 12.11 20412408 247715168.00
2021/09/08 12.06 12.82 12.05 12.39 26972537 337454976.00
2021/09/09 12.38 12.68 12.24 12.54 18515163 232459648.00
2021/09/10 12.64 13.03 12.33 12.46 27218812 343989760.00
2021/09/13 12.22 12.64 12.20 12.47 18732940 234375520.00
2021/09/14 12.54 12.97 12.50 12.62 23670389 302979168.00
2021/09/15 12.56 12.86 12.46 12.61 17531787 222784880.00
2021/09/16 12.54 12.79 12.28 12.34 24439424 306051392.00
2021/09/17 12.28 12.41 12.03 12.21 13592698 166625968.00
2021/09/22 12.13 12.82 12.11 12.61 18288480 231241840.00
2021/09/23 12.68 12.77 12.52 12.61 15206925 193164064.00
2021/09/24 12.61 12.83 12.51 12.59 17387845 221400096.00
2021/09/27 12.61 12.69 12.10 12.33 18582764 229774464.00
2021/09/28 12.34 12.51 12.19 12.25 10716401 132860576.00
2021/09/29 12.18 12.25 11.76 11.88 18462914 222105904.00
2021/09/30 11.91 12.08 11.82 12.02 10710379 128700024.00
2021/10/08 12.17 13.23 12.15 13.23 24902605 326466240.00
2021/10/11 13.44 13.70 13.07 13.15 43914746 586563648.00
2021/10/12 13.17 13.48 13.11 13.19 29757407 397048672.00
2021/10/13 13.19 14.03 13.18 13.28 32150817 435914144.00
2021/10/14 13.48 13.82 13.29 13.53 28070088 381477568.00
2021/10/15 13.46 13.58 13.13 13.19 22687849 302544736.00
2021/10/18 13.24 13.46 12.89 13.13 27277964 361228288.00
2021/10/19 13.08 13.32 12.78 12.81 25072318 326720096.00
2021/10/20 12.75 12.94 12.59 12.60 18309399 234022400.00
2021/10/21 12.60 12.86 12.59 12.77 16058283 205639456.00
2021/10/22 12.84 12.98 12.13 12.33 26422427 330982240.00
2021/10/25 12.14 12.43 12.02 12.39 12342379 151881504.00
2021/10/26 12.34 12.53 12.19 12.23 12188834 150665088.00
2021/10/27 12.32 12.41 11.33 11.41 31469279 371869088.00
2021/10/28 11.38 11.51 11.18 11.26 14945728 169665296.00
2021/10/29 11.22 11.69 11.22 11.65 18629867 215327952.00
2021/11/01 11.64 11.80 11.52 11.61 19126823 223947680.00
2021/11/02 11.63 11.71 11.17 11.39 16930841 194273184.00
2021/11/03 11.40 11.55 11.33 11.43 10584904 121449040.00
2021/11/04 11.49 11.73 11.37 11.65 12332468 143461024.00
2021/11/05 11.66 11.86 11.54 11.59 11924109 139953984.00
2021/11/08 11.62 12.11 11.60 11.97 16904937 202137472.00
2021/11/09 11.89 12.06 11.89 12.00 10699463 128788216.00
2021/11/10 12.01 12.10 11.88 12.01 10665943 128487136.00
2021/11/11 12.03 12.17 11.96 12.07 12025073 146055152.00
2021/11/12 12.07 12.31 11.86 12.27 17762092 215793968.00
2021/11/15 12.34 12.76 12.29 12.52 21481657 270598464.00
2021/11/16 12.47 12.83 12.44 12.58 19984087 254353392.00
2021/11/17 12.58 12.70 12.44 12.68 16654247 210585648.00
2021/11/18 12.59 12.65 12.40 12.40 15024138 188588912.00
2021/11/19 12.34 12.49 12.33 12.39 11615200 144733584.00
2021/11/22 12.39 12.50 12.31 12.33 11809585 147037664.00
2021/11/23 12.27 12.45 12.10 12.34 17561545 216115232.00
2021/11/24 12.32 12.43 12.20 12.27 10329258 127801128.00
2021/11/25 12.33 12.48 12.11 12.14 15426059 190931360.00
2021/11/26 12.21 12.22 11.73 11.89 20160615 241944272.00
2021/11/29 11.64 11.69 11.44 11.49 17349020 201232432.00
2021/11/30 11.51 11.65 11.50 11.56 12420692 144557392.00
2021/12/01 11.59 11.63 11.40 11.61 9261601 107420864.00
2021/12/02 11.58 11.64 11.38 11.40 12267822 141735312.00
2021/12/03 11.41 11.85 11.41 11.78 17823391 209492096.00
2021/12/06 11.76 11.82 11.59 11.61 11714912 137595936.00
2021/12/07 11.60 11.78 11.55 11.64 12103773 141757792.00
2021/12/08 11.70 11.81 11.63 11.74 11773216 138968976.00
2021/12/09 11.77 12.23 11.76 11.97 24554438 296040544.00
2021/12/10 11.97 12.16 11.87 12.16 15979891 193056608.00
2021/12/13 12.25 12.46 11.98 12.02 22439662 274320960.00
2021/12/14 11.99 12.44 11.95 12.34 23899982 294370848.00
2021/12/15 12.34 13.58 12.21 13.09 66235460 865796544.00
2021/12/16 12.92 13.92 12.76 13.51 66182824 883742592.00
2021/12/17 14.12 14.34 13.24 13.61 64780991 891807872.00
2021/12/20 13.54 14.04 13.42 13.63 39638091 546740416.00
2021/12/21 13.57 13.78 13.24 13.27 35038741 470929280.00
2021/12/22 13.40 13.86 13.19 13.52 39912529 542183296.00
2021/12/23 13.39 14.08 13.39 13.73 37637639 519658752.00
2021/12/24 13.90 14.08 13.65 13.85 40538312 565174912.00
2021/12/27 13.79 13.79 12.89 13.50 40711713 548390144.00
2021/12/28 13.44 14.32 13.39 13.98 42656036 596589760.00
2021/12/29 13.84 13.95 13.60 13.74 27609897 382572288.00
2021/12/30 13.64 14.27 13.63 14.09 37355389 526610016.00
2021/12/31 13.98 15.34 13.90 15.06 58471359 865964544.00
2022/01/04 15.06 15.84 14.89 15.47 58603305 900988928.00
2022/01/05 15.34 15.64 14.74 15.34 51212695 782100736.00
2022/01/06 15.19 15.78 15.14 15.35 44836912 695259968.00
2022/01/07 15.34 15.34 13.81 13.81 76780952 1106363520.00
2022/01/10 13.14 13.29 12.64 12.97 61182140 797330368.00
2022/01/11 12.94 13.12 12.53 12.89 48965110 630280768.00
2022/01/12 12.74 12.97 12.69 12.85 26452126 341472832.00
2022/01/13 12.86 13.13 12.64 12.69 29879254 386912960.00
2022/01/14 12.64 13.02 12.46 12.82 25861237 330603200.00
2022/01/17 12.84 13.42 12.77 13.11 34404888 454202240.00
2022/01/18 13.04 13.13 12.61 12.67 24761021 318118336.00
2022/01/19 12.59 12.75 12.25 12.32 26513019 331205056.00
2022/01/20 12.34 12.47 12.06 12.07 24325189 298939296.00
2022/01/21 11.99 12.30 11.96 12.23 19557703 238577808.00
2022/01/24 12.14 12.38 12.02 12.19 12951846 159007840.00
2022/01/25 12.10 12.26 11.44 11.45 27818580 327898976.00
2022/01/26 11.47 11.69 11.33 11.56 15568381 180284944.00
2022/01/27 11.66 11.67 11.19 11.21 15575744 178800720.00
2022/01/28 11.37 11.39 10.85 10.88 33946688 377978048.00
2022/02/07 11.44 11.46 10.52 10.68 33434222 368072768.00
2022/02/08 10.66 11.22 10.62 11.11 31500066 347903488.00
2022/02/09 11.12 11.20 11.01 11.18 19968345 223648928.00
2022/02/10 11.24 11.24 10.90 11.11 19046838 211356400.00
2022/02/11 11.04 11.05 10.69 10.71 19599535 213305680.00
2022/02/14 10.60 10.86 10.56 10.78 11525167 124724080.00
2022/02/15 10.73 10.81 10.64 10.69 10692412 115170696.00
2022/02/16 10.79 11.05 10.73 10.89 15275708 167236912.00
2022/02/17 10.83 10.89 10.59 10.62 14856392 159857104.00
2022/02/18 10.53 10.69 10.52 10.68 8844328 94563992.00
2022/02/21 10.67 10.72 10.54 10.64 14814848 157934432.00
2022/02/22 10.56 10.57 10.02 10.13 26382778 270618112.00
2022/02/23 10.13 10.29 10.10 10.26 12608244 129381248.00
2022/02/24 10.19 10.23 9.48 9.65 30318148 299534848.00
2022/02/25 9.71 10.03 9.71 9.84 17523162 174305824.00
2022/02/28 9.80 9.84 9.58 9.73 11362584 110927360.00
2022/03/01 9.72 9.83 9.67 9.77 10843038 106296096.00
2022/03/02 9.73 9.90 9.69 9.84 9394980 92908944.00
2022/03/03 9.93 10.00 9.81 9.86 12131337 120474368.00
2022/03/04 9.82 9.90 9.44 9.52 32886815 319051968.00
2022/03/07 9.60 9.62 9.32 9.37 16838305 159984688.00
2022/03/08 9.37 9.43 8.91 8.95 21578422 198420496.00
2022/03/09 9.00 9.04 8.24 8.66 25693296 224475728.00
2022/03/10 8.79 8.89 8.52 8.56 24492031 214351568.00
2022/03/11 8.49 8.65 8.23 8.60 32046198 271613760.00
2022/03/14 8.56 8.67 8.34 8.35 25804790 221233312.00
2022/03/15 8.39 8.40 7.82 7.83 24636958 201459616.00
2022/03/16 8.12 8.54 7.87 8.54 32869293 271111392.00
2022/03/17 8.59 8.76 8.50 8.57 22919300 198915824.00
2022/03/18 8.52 8.94 8.50 8.87 27553304 243340592.00
2022/03/21 8.89 9.16 8.81 9.07 28874423 261448720.00
2022/03/22 9.04 9.11 8.88 9.07 15722036 142516832.00
2022/03/23 9.04 9.98 9.03 9.83 72580323 710096576.00
2022/03/24 9.42 9.42 8.84 8.84 65543813 590215872.00
2022/03/25 8.64 8.76 8.58 8.62 33035141 287348416.00
2022/03/28 8.61 8.81 8.45 8.73 19976811 174014336.00
2022/03/29 8.74 8.84 8.64 8.72 16217025 142279648.00
2022/03/30 8.74 8.98 8.72 8.95 20979450 187616128.00
2022/03/31 8.90 9.39 8.86 9.07 30905939 283590304.00
2022/04/01 8.96 9.06 8.84 8.98 18061908 163184624.00
2022/04/06 8.95 9.04 8.89 8.92 15234638 137323888.00
2022/04/07 8.95 9.26 8.80 8.80 21478648 193925616.00
2022/04/08 8.81 9.09 8.57 8.78 23459376 207963568.00
2022/04/11 8.70 8.72 8.33 8.37 16745366 143045952.00
2022/04/12 8.35 8.82 8.34 8.79 19555668 169611552.00
2022/04/13 8.72 8.73 8.39 8.42 17498600 149962976.00
2022/04/14 8.46 8.64 8.44 8.55 15710730 135020560.00
2022/04/15 8.49 8.50 8.25 8.31 14567743 122154776.00
2022/04/18 8.25 8.29 8.04 8.16 13365799 109526840.00
2022/04/19 8.16 8.39 8.11 8.34 15241500 127044024.00
2022/04/20 8.33 8.48 8.20 8.28 13084269 110007328.00
2022/04/21 8.18 8.27 7.84 7.89 18553649 149623504.00
2022/04/22 7.90 7.93 7.69 7.82 10747377 84503864.00
2022/04/25 7.72 7.73 7.14 7.15 21116439 158480496.00
2022/04/26 7.13 7.33 6.81 6.81 16637337 118507512.00
2022/04/27 6.68 7.15 6.61 7.12 17573297 121904200.00
2022/04/28 7.00 7.08 6.86 7.01 13785054 96884792.00
2022/04/29 7.11 7.55 7.09 7.49 17863701 132134152.00
2022/05/05 7.43 7.45 7.29 7.34 12157023 90476592.00
2022/05/06 7.17 7.30 7.09 7.17 12008377 86768536.00
2022/05/09 7.22 7.32 7.06 7.14 11338465 81924888.00
2022/05/10 7.02 7.25 6.98 7.21 12771189 91918816.00
2022/05/11 7.24 7.52 7.19 7.36 17742149 132571016.00
2022/05/12 7.35 7.44 7.18 7.29 12316359 90628416.00
2022/05/13 7.33 7.40 7.21 7.39 9164691 67567272.00
2022/05/16 7.39 7.44 7.29 7.37 12166943 90481920.00
2022/05/17 7.38 7.39 7.14 7.24 13115496 95620368.00
2022/05/18 7.24 7.41 7.21 7.31 10784061 79568096.00
2022/05/19 7.20 7.39 7.18 7.33 11581438 85365176.00
2022/05/20 7.34 7.51 7.31 7.46 15874883 118597560.00
2022/05/23 7.47 7.64 7.44 7.53 12587977 95391496.00
2022/05/24 7.53 7.57 7.12 7.12 14705688 108822256.00
2022/05/25 7.14 7.39 7.14 7.36 12153480 89359424.00
2022/05/26 7.37 7.45 7.26 7.42 9000267 66867416.00
2022/05/27 7.42 7.69 7.42 7.53 14227775 108103456.00
2022/05/30 7.53 8.09 7.48 7.98 37032424 293508288.00
2022/05/31 7.85 8.18 7.78 8.01 30436262 243533360.00
2022/06/01 8.29 8.82 8.13 8.82 32261540 279575552.00
2022/06/02 8.59 8.64 8.14 8.19 59542144 497842528.00
2022/06/06 7.98 8.09 7.94 8.05 29456670 237737360.00
2022/06/07 8.04 8.05 7.89 7.99 19547627 156848192.00
2022/06/08 7.99 8.02 7.81 7.94 17178514 137072960.00
2022/06/09 7.91 7.98 7.79 7.83 12498516 99182800.00
2022/06/10 7.77 8.02 7.75 7.99 16642201 133059160.00
2022/06/13 7.92 8.01 7.84 7.97 12668915 101250064.00
2022/06/14 7.92 7.98 7.73 7.96 15820761 125346032.00
2022/06/15 7.95 8.10 7.95 8.00 19232715 155880192.00
2022/06/16 7.97 8.21 7.97 8.13 18771450 153215408.00
2022/06/17 8.03 8.08 7.88 8.05 16078457 129659648.00
2022/06/20 8.03 8.18 8.02 8.11 13641324 111400408.00
2022/06/21 8.11 8.21 7.98 8.04 13751740 112065288.00
2022/06/22 8.05 8.13 7.87 7.87 13379954 107434960.00
2022/06/23 7.85 8.01 7.81 8.00 10089373 80501248.00
2022/06/24 8.03 8.37 7.98 8.26 24761090 204633840.00
2022/06/27 8.26 8.30 8.13 8.19 16774957 138573696.00
2022/06/28 8.15 8.38 8.13 8.37 21495885 179455392.00
2022/06/29 8.34 8.36 8.17 8.18 14906732 124145688.00
2022/06/30 8.23 8.32 8.17 8.18 12996518 107794968.00
2022/07/01 8.20 8.31 8.09 8.20 11326653 93538552.00
2022/07/04 8.12 8.20 8.06 8.15 8935655 73029088.00
2022/07/05 8.14 8.23 8.03 8.12 10925494 89255968.00
2022/07/06 8.10 8.10 7.85 7.91 11301260 90433344.00
2022/07/07 7.89 8.25 7.88 8.16 17021450 139112592.00
2022/07/08 8.11 8.24 8.09 8.11 11618319 95413768.00
2022/07/11 8.08 8.11 7.87 7.94 12333801 98551200.00
2022/07/12 7.90 7.97 7.77 7.80 9452883 74611008.00
2022/07/13 7.76 7.87 7.76 7.84 5745718 45239900.00
2022/07/14 7.82 7.91 7.78 7.85 5804870 45891944.00
2022/07/15 7.80 7.85 7.59 7.60 10430500 80417768.00
2022/07/18 7.62 7.79 7.61 7.77 6116800 47549560.00
2022/07/19 7.76 7.89 7.74 7.88 7275125 57350976.00
2022/07/20 7.94 8.18 7.92 8.16 19007866 154648672.00
2022/07/21 8.14 8.23 8.09 8.15 11010000 90394672.00
2022/07/22 8.15 8.22 8.06 8.14 8969236 73462296.00
2022/07/25 8.12 8.20 8.02 8.07 6725603 54792060.00
2022/07/26 8.09 8.19 8.07 8.18 7583586 62139852.00
2022/07/27 8.18 8.22 8.11 8.19 8920308 73339976.00
2022/07/28 8.20 8.26 8.13 8.14 10121816 83457872.00
2022/07/29 8.17 8.18 8.05 8.09 8401979 68575552.00
2022/08/01 8.08 8.30 8.02 8.15 11542731 94532168.00
2022/08/02 8.06 8.09 7.63 7.77 20881030 163751360.00
2022/08/03 7.75 7.94 7.62 7.64 12890902 101059296.00
2022/08/04 7.70 7.79 7.57 7.79 9315483 72032200.00
2022/08/05 7.79 8.01 7.76 7.99 12806196 102368160.00
2022/08/08 8.08 8.09 7.91 8.00 7921763 63546444.00
2022/08/09 7.98 8.04 7.93 8.04 7927105 63670312.00
2022/08/10 8.03 8.03 7.94 7.99 6537754 52435276.00
2022/08/11 8.03 8.15 8.01 8.14 13283603 108560496.00
2022/08/12 8.14 8.17 8.06 8.11 10252761 83704464.00
2022/08/15 8.08 8.12 7.95 7.99 11471137 92475344.00
2022/08/16 8.01 8.04 7.95 7.97 6847431 55042516.00
2022/08/17 7.97 8.10 7.97 8.08 10260548 83160040.00
2022/08/18 8.07 8.08 7.95 7.97 9257336 74412288.00
2022/08/19 8.00 8.07 7.95 7.97 8785971 70752112.00
2022/08/22 7.91 8.07 7.80 8.00 8796791 70536008.00
2022/08/23 7.98 8.14 7.94 8.03 9441992 76415192.00
2022/08/24 8.03 8.12 7.85 7.88 11688096 93734288.00
2022/08/25 7.87 7.98 7.76 7.94 10551678 83604920.00
2022/08/26 7.97 8.24 7.93 8.08 23095295 189044336.00
2022/08/29 8.00 8.05 7.89 8.01 11411132 91494104.00
2022/08/30 8.05 8.41 8.05 8.29 24955879 207470336.00
2022/08/31 8.34 8.46 8.20 8.20 22861290 191363440.00
2022/09/01 8.26 8.42 8.16 8.27 19662810 164742064.00
2022/09/02 8.30 8.40 8.20 8.34 22273568 186236704.00
2022/09/05 8.31 8.43 8.28 8.36 16810882 141127536.00
2022/09/06 8.38 8.52 8.35 8.44 16808069 142766240.00
2022/09/07 8.45 8.47 8.28 8.33 16608509 139393408.00
2022/09/08 8.34 8.41 8.23 8.26 10293952 85966712.00
2022/09/09 8.26 8.32 8.21 8.31 8650338 71976720.00
2022/09/13 8.32 8.53 8.31 8.40 15979294 135671200.00
2022/09/14 8.32 8.58 8.28 8.44 17176461 146075616.00
2022/09/15 8.49 8.56 8.29 8.40 18976133 160929984.00
2022/09/16 8.40 8.58 8.29 8.30 22239879 188748768.00
2022/09/19 8.36 8.59 8.20 8.43 20722651 175225936.00
2022/09/20 8.43 8.56 8.31 8.37 18779234 159048848.00
2022/09/21 8.33 8.50 8.25 8.45 19715000 166192464.00
2022/09/22 8.39 8.47 8.21 8.22 20084838 168131584.00
2022/09/23 8.20 8.40 8.11 8.12 19033542 157365728.00
2022/09/26 8.10 8.19 7.94 7.97 15008950 121843064.00
2022/09/27 7.97 8.51 7.96 8.43 29530107 245809152.00
2022/09/28 8.40 8.57 8.34 8.44 32190257 274481472.00
2022/09/29 8.47 8.54 8.19 8.28 23656515 198712016.00
2022/09/30 8.25 8.48 8.22 8.25 18995751 158956368.00
2022/10/10 8.37 8.58 8.31 8.33 27554703 233998496.00
2022/10/11 8.28 8.80 8.18 8.67 41414182 356492384.00
2022/10/12 8.60 8.80 8.50 8.79 32962903 286832096.00
2022/10/13 8.77 9.10 8.63 8.97 44777119 401432384.00
2022/10/14 8.98 9.08 8.90 9.04 32673356 295384160.00
2022/10/17 8.95 9.39 8.92 9.14 35427544 327546336.00
2022/10/18 9.07 9.14 8.79 8.85 45562241 408653888.00
2022/10/19 8.86 9.14 8.72 8.85 34179154 307177440.00
2022/10/20 8.90 9.18 8.84 8.96 36248465 328798656.00
2022/10/21 8.92 9.12 8.76 8.92 30121758 270007936.00
2022/10/24 8.87 9.07 8.65 8.73 27406777 244041504.00
2022/10/25 8.70 8.75 8.30 8.49 28388205 243001360.00
2022/10/26 8.56 8.78 8.51 8.72 25807828 225186784.00
2022/10/27 8.71 8.80 8.64 8.69 15185981 133057816.00
2022/10/28 8.66 8.67 8.19 8.29 24557686 208070592.00
2022/10/31 8.28 8.60 8.28 8.55 21921607 187425072.00
2022/11/01 8.55 8.80 8.50 8.78 19804353 173299232.00
2022/11/02 8.75 9.05 8.73 8.85 31006411 277853056.00
2022/11/03 8.80 9.12 8.79 9.05 32201673 291550752.00
2022/11/04 8.98 9.15 8.98 9.05 30367382 276497888.00
2022/11/07 9.15 9.96 9.05 9.96 106207251 1017422272.00
2022/11/08 10.31 10.93 9.90 10.21 154089080 1600509312.00
2022/11/09 10.09 10.55 9.91 10.21 92324086 946367040.00
2022/11/10 10.07 11.17 9.98 10.75 113709099 1204817280.00
2022/11/11 10.85 11.41 10.25 10.47 116074603 1267564288.00
2022/11/14 10.40 10.65 10.05 10.06 78135137 806317760.00
2022/11/15 10.16 10.44 9.97 10.44 68881147 705889472.00
2022/11/16 10.30 11.14 10.24 10.74 84576795 904013952.00
2022/11/17 10.52 10.66 10.35 10.38 58507356 615014144.00
2022/11/18 10.41 11.10 10.15 10.75 81577361 865618304.00
2022/11/21 11.12 11.73 10.20 10.57 102217024 1133995008.00
2022/11/22 10.20 10.66 9.96 10.27 72461595 747068288.00
2022/11/23 10.27 10.28 9.58 9.64 67441883 665141184.00
2022/11/24 9.63 9.82 9.29 9.34 56136740 534716480.00
2022/11/25 9.37 9.42 9.17 9.22 32535577 302420064.00
2022/11/28 9.02 9.14 8.92 9.06 33237108 301523776.00
2022/11/29 9.15 9.29 9.00 9.19 38825461 356609280.00
2022/11/30 9.17 9.18 8.96 9.01 35008660 318641664.00
2022/12/01 9.11 9.34 9.06 9.12 36656628 337606208.00
2022/12/02 9.05 9.21 9.03 9.07 25018438 229043120.00
2022/12/05 9.17 9.31 9.12 9.24 36497049 338110656.00
2022/12/06 9.25 9.31 9.11 9.14 29599708 273621696.00
2022/12/07 9.09 9.18 8.95 9.08 30480228 276978816.00
2022/12/08 9.03 9.06 8.77 8.89 31361285 280887072.00
2022/12/09 8.88 8.97 8.72 8.76 24799103 219465504.00
2022/12/12 8.75 8.88 8.70 8.79 15993348 141434976.00
2022/12/13 8.78 8.81 8.62 8.66 18983760 166322208.00
2022/12/14 8.71 8.84 8.63 8.73 16051562 141093888.00
2022/12/15 8.75 8.92 8.72 8.86 22035410 195050048.00
2022/12/16 8.80 8.83 8.62 8.64 18413784 161134784.00
2022/12/19 8.63 8.67 8.43 8.48 17431290 149385440.00
2022/12/20 8.47 8.55 8.34 8.49 13141201 111761456.00
2022/12/21 8.46 8.48 8.28 8.34 13296848 111958128.00
2022/12/22 8.40 8.50 8.29 8.32 15455046 130731504.00
2022/12/23 8.26 8.47 8.24 8.35 11904392 100277856.00
2022/12/26 8.38 8.50 8.31 8.44 11943601 101276472.00
2022/12/27 8.49 8.70 8.38 8.68 25503846 219615328.00
2022/12/28 8.60 8.72 8.53 8.65 15864110 137698160.00
2022/12/29 8.58 8.59 8.36 8.37 15295257 130439248.00
2022/12/30 8.38 8.68 8.38 8.68 23653709 204522192.00
2023/01/03 8.65 8.68 8.53 8.65 17073870 147820880.00
2023/01/04 8.65 8.74 8.58 8.64 15158258 132028504.00
2023/01/05 8.63 8.68 8.54 8.64 14574908 126312848.00
2023/01/06 8.61 8.64 8.44 8.45 16219571 139044368.00
2023/01/09 8.46 8.51 8.39 8.41 12652948 107425640.00
2023/01/10 8.40 8.43 8.34 8.35 9855205 83022776.00
2023/01/11 8.36 8.38 8.21 8.22 11502769 95883792.00
2023/01/12 8.25 8.27 8.09 8.14 11017509 90482456.00
2023/01/13 8.16 8.20 8.10 8.20 8793445 72162640.00
2023/01/16 8.20 8.29 8.17 8.26 10884750 90288488.00
2023/01/17 8.27 8.28 8.16 8.21 8912641 73501832.00
2023/01/18 8.21 8.26 8.19 8.22 5979256 49478144.00
2023/01/19 8.22 8.28 8.18 8.27 8349339 69315976.00
2023/01/20 8.30 8.38 8.29 8.36 9783048 82032184.00
2023/01/30 8.50 8.60 8.43 8.57 20678751 177449776.00
2023/01/31 8.55 8.62 8.48 8.60 10543738 90910072.00
2023/02/01 8.60 8.68 8.58 8.67 15143117 131638000.00
2023/02/02 8.69 8.74 8.62 8.68 13841904 120814336.00
2023/02/03 8.69 8.79 8.64 8.71 17052902 149381280.00
2023/02/06 8.69 8.74 8.63 8.68 12918351 112837192.00
2023/02/07 8.70 8.83 8.66 8.80 17175974 151295616.00
2023/02/08 8.83 8.84 8.66 8.68 10925782 95777120.00
2023/02/09 8.68 8.81 8.63 8.80 12956949 113693680.00
2023/02/10 8.76 8.88 8.73 8.85 13540598 120222552.00
2023/02/13 8.85 8.93 8.83 8.92 14219631 127020952.00
2023/02/14 8.90 9.04 8.88 8.93 15868245 142934256.00
2023/02/15 8.95 9.11 8.95 9.03 19080339 173264432.00
2023/02/16 9.01 9.34 8.91 9.05 42212594 386780512.00
2023/02/17 9.08 9.10 8.84 8.87 22255505 199951696.00
2023/02/20 8.92 9.03 8.84 9.00 16530284 149005952.00
2023/02/21 8.98 9.08 8.92 8.99 14029895 126837912.00
2023/02/22 8.94 9.02 8.89 9.01 11792808 106252304.00
2023/02/23 9.00 9.08 8.95 8.98 14914960 135158656.00
2023/02/24 8.95 9.05 8.94 9.01 9994594 90409000.00
2023/02/27 8.96 9.01 8.87 8.89 10658662 95716128.00
2023/02/28 8.94 8.96 8.84 8.93 8104807 72534728.00
2023/03/01 8.91 8.99 8.88 8.99 12815866 115336384.00
2023/03/02 8.96 9.18 8.96 9.10 19446535 177069072.00
2023/03/03 9.10 9.26 9.10 9.21 21440325 198358544.00
2023/03/06 9.21 9.31 9.13 9.16 23891879 221143488.00
2023/03/07 9.15 9.25 8.98 9.00 19848974 181552192.00
2023/03/08 8.96 9.10 8.95 9.04 11850324 107366184.00
2023/03/09 9.20 9.25 9.05 9.14 19459966 178766480.00
2023/03/10 9.01 9.11 8.92 8.99 18441880 167082640.00
2023/03/13 8.95 8.98 8.73 8.96 20337451 181342992.00
2023/03/14 8.94 9.19 8.92 9.01 22976484 209852064.00
2023/03/15 9.04 9.21 9.02 9.14 16104531 147812624.00
2023/03/16 9.10 9.13 8.99 9.00 14190317 129161136.00
2023/03/17 9.05 9.13 9.04 9.11 14905847 136369696.00
2023/03/20 9.14 9.21 9.08 9.10 15999589 147180048.00
2023/03/21 9.10 9.27 9.07 9.25 17791503 164870528.00
2023/03/22 9.24 9.31 9.20 9.28 14667373 136413984.00
2023/03/23 9.27 9.27 9.16 9.23 12646280 117177896.00
2023/03/24 9.24 9.43 9.20 9.42 24641414 231437952.00
2023/03/27 9.45 9.54 9.31 9.45 20760716 196705680.00
2023/03/28 9.43 9.48 9.31 9.32 15504356 146290656.00
2023/03/29 9.32 9.53 9.24 9.45 20090512 190026384.00
2023/03/30 9.41 9.45 9.22 9.27 16949205 158559136.00
2023/03/31 9.29 9.49 9.25 9.48 21947946 207430688.00
2023/04/03 9.50 9.63 9.43 9.45 19117457 182571472.00
2023/04/04 9.50 9.56 9.40 9.44 19758193 188241072.00
2023/04/06 9.45 9.45 9.24 9.30 17698668 165563168.00
2023/04/07 9.26 9.72 9.26 9.59 28190487 269817504.00
2023/04/10 9.60 9.83 9.47 9.48 26606022 259081344.00
2023/04/11 9.49 9.89 9.48 9.82 31960290 312993472.00
2023/04/12 9.81 9.83 9.67 9.76 22083193 216271392.00
2023/04/13 9.73 10.04 9.73 9.93 33186577 330278208.00
2023/04/14 9.87 10.00 9.73 9.89 24044441 237980176.00
2023/04/17 9.89 9.89 9.70 9.79 19683643 193258016.00
2023/04/18 9.81 9.86 9.66 9.80 16876601 165748608.00
2023/04/19 9.76 10.02 9.73 9.81 15937986 157678528.00
2023/04/20 9.77 9.97 9.71 9.87 18757011 185716496.00
2023/04/21 9.85 9.97 9.60 9.66 23634578 232362048.00
2023/04/24 9.54 9.80 9.49 9.70 21565392 209103728.00
2023/04/25 9.63 9.68 9.06 9.17 35862683 336403712.00
2023/04/26 9.15 9.29 9.02 9.17 18841362 173402768.00
2023/04/27 9.16 9.41 9.09 9.15 19613215 181965760.00
2023/04/28 9.17 9.58 9.17 9.55 24154227 229248048.00
2023/05/04 9.58 9.86 9.53 9.85 24205553 236784800.00
2023/05/05 9.84 9.87 9.60 9.76 19095617 186644592.00
2023/05/08 9.81 10.03 9.66 9.94 23887780 237272128.00
2023/05/09 9.94 10.45 9.90 10.06 44998884 461306432.00
2023/05/10 9.99 10.34 9.90 10.13 29914069 305121984.00
2023/05/11 10.13 11.15 10.13 10.89 79847267 863871040.00
2023/05/12 10.70 10.83 10.26 10.35 60709201 641298816.00
2023/05/15 10.37 10.51 9.97 10.24 40641990 418059136.00
2023/05/16 10.24 10.26 9.80 9.81 32181978 322088960.00
2023/05/17 9.75 9.91 9.63 9.75 21669784 212430288.00
2023/05/18 9.76 10.27 9.75 10.18 32766327 332298432.00
2023/05/19 10.12 10.33 9.89 10.14 25740519 261895728.00
2023/05/22 10.10 10.49 10.03 10.18 23287774 239650320.00
2023/05/23 10.19 10.35 10.06 10.09 19470183 199431792.00
2023/05/24 9.99 10.08 9.81 9.87 20941655 209008864.00
2023/05/25 9.88 10.23 9.73 9.91 30197195 300680960.00
2023/05/26 9.94 10.19 9.86 10.12 22381919 226163056.00
2023/05/29 10.19 10.45 10.09 10.11 23571334 242916272.00
2023/05/30 10.09 10.29 10.05 10.24 17556693 179644496.00
2023/05/31 10.17 11.27 10.14 11.27 94290855 1039919744.00
2023/06/01 11.50 12.40 11.49 12.40 64942871 788564992.00
2023/06/02 12.44 12.44 11.16 11.16 124751957 1449031808.00
2023/06/05 10.95 11.81 10.95 11.45 88822913 1021503424.00
2023/06/06 11.47 11.61 11.06 11.10 58095961 661378368.00
2023/06/07 11.08 11.48 11.03 11.33 41433770 471221120.00
2023/06/08 11.65 11.88 11.26 11.42 49910407 575787200.00
2023/06/09 11.35 11.52 11.18 11.40 38341236 436997792.00
2023/06/12 11.38 11.85 11.25 11.50 46685161 543777984.00
2023/06/13 11.41 11.75 11.36 11.45 42486359 492544864.00
2023/06/14 11.47 11.58 11.22 11.27 36368794 415221664.00
2023/06/15 11.27 11.38 11.10 11.16 26928668 303094528.00
2023/06/16 11.11 11.29 11.05 11.18 18688425 210141312.00
2023/06/19 11.14 11.34 11.08 11.13 22696284 254585536.00
2023/06/20 11.09 11.14 10.80 10.80 31674494 347883392.00
2023/06/21 10.83 10.84 10.34 10.35 30398978 321146496.00
2023/06/26 10.32 10.37 9.68 9.72 33819248 338707968.00
2023/06/27 9.82 10.19 9.75 10.12 25631552 257439488.00
2023/06/28 10.07 10.11 9.73 9.97 18508600 184029056.00
2023/06/29 9.96 10.11 9.92 10.04 13353504 134176304.00
2023/06/30 10.01 10.18 9.96 10.12 12535021 126850688.00
2023/07/03 10.22 10.34 10.06 10.30 23159275 237982592.00
2023/07/04 10.26 10.51 10.19 10.29 19188099 198646896.00
2023/07/05 10.23 10.54 10.22 10.30 20977884 218534992.00
2023/07/06 10.26 10.36 10.15 10.20 15186801 155960256.00
2023/07/07 10.13 10.28 9.98 10.21 16334773 166043376.00
2023/07/10 10.18 10.40 10.17 10.38 16380274 170051184.00
2023/07/11 10.36 10.37 10.09 10.17 19470933 199541232.00
2023/07/12 10.15 10.17 9.89 9.93 17343878 174159504.00
2023/07/13 9.99 10.11 9.93 10.07 10483112 105358632.00
2023/07/14 10.03 10.23 10.03 10.10 11725650 119413312.00
2023/07/17 10.02 10.09 9.91 10.05 8999959 90428104.00
2023/07/18 10.06 10.09 9.63 9.76 24510908 241293360.00
2023/07/19 9.74 9.87 9.71 9.85 11295702 111234312.00
2023/07/20 9.86 9.89 9.66 9.74 11386035 111954480.00
2023/07/21 9.71 9.90 9.69 9.77 11385623 111789616.00
2023/07/24 9.86 10.06 9.82 9.93 18318474 183074352.00
2023/07/25 10.06 10.63 10.06 10.32 44425063 463689952.00
2023/07/26 10.33 10.38 10.01 10.09 21073099 214490016.00
2023/07/27 10.13 10.18 9.95 9.97 15631597 157810016.00
2023/07/28 10.00 10.03 9.78 10.00 17562366 174851312.00
2023/07/31 9.99 10.51 9.92 10.34 31757489 327487008.00
2023/08/01 10.26 10.34 10.11 10.14 15964953 163271504.00
2023/08/02 10.08 10.09 9.89 9.92 17793958 178119168.00
2023/08/03 9.90 9.91 9.73 9.85 15233531 150097520.00
2023/08/04 9.95 10.26 9.92 10.06 24800467 251909472.00
2023/08/07 10.07 10.16 10.01 10.11 16028913 162251760.00
2023/08/08 10.12 10.22 10.08 10.16 13666504 139192016.00
2023/08/09 10.08 10.13 9.83 9.87 17661210 176433536.00
2023/08/10 9.87 9.92 9.83 9.88 8508786 84299936.00
2023/08/11 9.91 9.91 9.57 9.59 15759409 153971104.00
2023/08/14 9.53 9.69 9.39 9.67 11689628 112213368.00
2023/08/15 9.63 9.68 9.38 9.48 11492700 109515960.00
2023/08/16 9.41 9.55 9.39 9.44 6336482 60207112.00
2023/08/17 9.41 9.58 9.32 9.54 8128157 77329472.00
2023/08/18 9.53 9.57 9.17 9.18 16537460 154801408.00
2023/08/21 9.16 9.30 9.09 9.11 9659316 89082352.00
2023/08/22 9.14 9.26 9.04 9.25 10078388 92812200.00
2023/08/23 9.24 9.33 9.11 9.18 9296609 86120976.00
2023/08/24 9.23 9.33 9.18 9.25 8411783 78199968.00
2023/08/25 9.21 9.24 8.98 9.05 10946520 100194072.00
2023/08/28 9.55 9.56 9.07 9.10 15926642 148952960.00
2023/08/29 9.10 9.51 9.08 9.46 16181224 152336160.00
2023/08/30 9.47 9.55 9.42 9.49 10378386 98905784.00
2023/08/31 9.46 9.49 9.27 9.36 10085050 94675256.00
2023/09/01 9.36 9.84 9.32 9.61 24718674 238826032.00
2023/09/04 9.63 9.79 9.57 9.65 18963918 183689360.00
2023/09/05 9.57 9.69 9.54 9.60 15418713 148562368.00
2023/09/06 9.55 9.58 9.47 9.51 12220809 116834264.00
2023/09/07 9.51 9.78 9.51 9.61 22533685 218284336.00
2023/09/08 9.64 9.64 9.37 9.47 14035115 133280576.00
2023/09/11 9.54 9.73 9.51 9.66 16699592 161671504.00
2023/09/12 9.67 9.67 9.52 9.57 10010958 96246696.00
2023/09/13 9.56 9.64 9.42 9.50 10699466 102445536.00
2023/09/14 9.47 9.51 9.28 9.35 10315601 96983920.00
2023/09/15 9.39 9.50 9.35 9.40 10156411 95989592.00
2023/09/18 9.41 9.71 9.37 9.60 18252472 175921568.00
2023/09/19 9.57 9.61 9.18 9.26 18163301 171079760.00
2023/09/20 9.21 9.24 8.95 8.95 16721187 151771664.00
2023/09/21 8.90 9.18 8.79 9.07 13997921 126864552.00
2023/09/22 9.01 9.10 8.87 9.06 12558100 113524960.00
2023/09/25 9.06 9.06 8.64 8.68 21913210 192738016.00
2023/09/26 8.63 8.77 8.58 8.62 9939892 86406048.00
2023/09/27 8.67 8.80 8.64 8.68 8586806 75130608.00
2023/09/28 8.71 8.83 8.67 8.76 10780220 94852904.00
2023/10/09 8.75 8.79 8.46 8.51 12691908 109034888.00
2023/10/10 8.56 8.65 8.50 8.52 7956852 68455024.00
2023/10/11 8.57 8.62 8.47 8.52 8384276 71995328.00
2023/10/12 8.61 8.64 8.53 8.60 7352150 63515160.00
2023/10/13 8.56 8.59 8.45 8.49 6644721 56781568.00
2023/10/16 8.47 8.48 8.36 8.41 6664202 56338984.00
2023/10/17 8.43 8.45 8.34 8.43 6547001 55289516.00
2023/10/18 8.43 8.43 8.19 8.21 8259265 68555576.00
2023/10/19 8.16 8.29 8.14 8.15 6883055 56864280.00
2023/10/20 8.17 8.19 8.06 8.08 7973847 65009560.00
2023/10/23 8.03 8.10 7.81 7.85 10901680 86936944.00
2023/10/24 7.90 8.17 7.89 8.11 10305661 83478216.00
2023/10/25 8.17 8.28 8.14 8.24 9317936 76875632.00
2023/10/26 8.18 8.28 8.16 8.25 6248700 51624896.00
2023/10/27 8.21 8.38 8.15 8.33 8825024 73323920.00
2023/10/30 8.30 8.35 8.23 8.31 8311212 69346264.00
2023/10/31 8.34 8.39 8.24 8.29 7397109 61629016.00
2023/11/01 8.31 8.37 8.26 8.29 5756061 48067580.00
2023/11/02 8.30 8.39 8.25 8.28 7094002 59265840.00
2023/11/03 8.31 8.41 8.28 8.36 7851692 65960844.00
2023/11/06 8.34 8.53 8.34 8.49 11605560 98834544.00
2023/11/07 8.54 8.55 8.40 8.48 9649701 82008864.00
2023/11/08 8.50 8.55 8.43 8.49 9408993 80225696.00
2023/11/09 8.47 8.51 8.36 8.38 7891325 66774872.00
2023/11/10 8.36 8.38 8.21 8.26 7171624 59570196.00
2023/11/13 8.29 8.41 8.28 8.37 7056488 59305288.00
2023/11/14 8.35 8.46 8.35 8.44 7189488 60773460.00
2023/11/15 8.50 8.54 8.40 8.40 7094624 60266888.00
2023/11/16 8.39 8.44 8.35 8.39 5831905 49259856.00
2023/11/17 8.44 8.51 8.32 8.50 8652098 73248552.00
2023/11/20 8.51 8.57 8.42 8.57 9002801 77011584.00
2023/11/21 8.56 8.70 8.55 8.57 11128568 96254296.00
2023/11/22 8.55 8.66 8.54 8.55 9555128 82623064.00
2023/11/23 8.59 8.59 8.41 8.50 7929467 67476192.00
2023/11/24 8.51 8.56 8.37 8.41 7742305 65668612.00
2023/11/27 8.41 8.41 8.22 8.30 9389608 78179656.00
2023/11/28 8.33 8.50 8.23 8.46 10256189 86730720.00
2023/11/29 8.44 8.48 8.31 8.33 6100272 51292204.00
2023/11/30 8.35 8.39 8.24 8.29 6240070 52016832.00
2023/12/01 8.29 8.51 8.27 8.49 14085681 119118640.00
2023/12/04 8.48 8.56 8.46 8.49 8565300 73185864.00
2023/12/05 8.57 8.95 8.45 8.63 39337065 344100384.00
2023/12/06 8.55 8.73 8.34 8.61 25560026 219402144.00
2023/12/07 8.56 8.71 8.53 8.65 17704949 153321200.00
2023/12/08 8.65 8.65 8.37 8.41 17957144 152630656.00
2023/12/11 8.36 8.47 8.28 8.46 13036723 109633784.00
2023/12/12 8.46 8.60 8.44 8.60 13498550 115739264.00
2023/12/13 8.59 8.64 8.51 8.51 13361600 115149824.00
2023/12/14 8.55 8.75 8.55 8.59 15756802 136844080.00
2023/12/15 8.58 8.68 8.47 8.52 12991255 111689824.00
2023/12/18 8.49 8.50 8.25 8.26 12694425 106643952.00
2023/12/19 8.26 8.42 8.21 8.31 8256600 68868008.00
2023/12/20 8.31 8.34 8.06 8.06 11080817 90661864.00
2023/12/21 8.01 8.08 7.91 8.07 10373107 83505680.00
2023/12/22 8.04 8.06 7.76 7.78 16166800 127841992.00
2023/12/25 7.77 7.79 7.54 7.58 14618291 111938920.00
2023/12/26 7.60 7.65 7.44 7.47 11324055 85832000.00
2023/12/27 7.47 7.55 7.45 7.48 10779133 81175024.00
2023/12/28 7.49 7.73 7.39 7.68 10912322 83499160.00
2023/12/29 7.64 7.80 7.63 7.74 7923629 61688912.00
2024/01/02 7.76 7.91 7.76 7.82 9887158 78011608.00
2024/01/03 7.76 7.90 7.76 7.87 7401128 58300752.00
2024/01/04 7.87 7.94 7.82 7.91 8096603 64160432.00
2024/01/05 7.89 8.01 7.74 7.79 7447417 58954732.00
2024/01/08 7.75 7.85 7.66 7.66 7414821 57705152.00
2024/01/09 7.71 7.83 7.64 7.73 12101271 94204032.00
2024/01/10 7.73 8.05 7.53 7.67 22336741 173382560.00
2024/01/11 7.66 7.68 7.49 7.61 18501441 140973952.00
2024/01/12 7.59 7.67 7.47 7.47 11090086 84364384.00
2024/01/15 7.44 7.56 7.39 7.49 7573964 57061940.00
2024/01/16 7.49 7.49 7.22 7.34 15516789 114291520.00
2024/01/17 7.67 7.81 7.46 7.46 43397477 332877024.00
2024/01/18 7.44 7.60 7.27 7.57 27893419 209124880.00
2024/01/19 7.51 7.55 7.34 7.38 17915499 134011232.00
2024/01/22 7.37 7.40 6.94 6.98 15473022 111438320.00
2024/01/23 6.98 7.21 6.90 7.17 12485863 88652912.00
2024/01/24 7.19 7.47 7.19 7.46 18287797 134814128.00
2024/01/25 7.45 8.13 7.42 8.05 36514950 288826880.00
2024/01/26 8.02 8.14 7.96 8.04 26684045 215812384.00
2024/01/29 8.08 8.19 7.86 7.90 25754776 207391776.00
2024/01/30 7.76 7.88 7.56 7.62 17466880 135587872.00
2024/01/31 7.57 8.01 7.38 7.67 34179490 263986448.00
2024/02/01 7.58 7.67 7.26 7.34 27038929 201931856.00
2024/02/02 7.41 7.86 7.08 7.33 29388730 221849584.00
2024/02/05 7.16 7.25 6.59 6.59 39275219 266492848.00
2024/02/06 6.29 7.17 6.21 7.04 27646448 188150384.00
2024/02/07 7.05 7.31 6.97 7.23 24181612 175446880.00
2024/02/08 7.29 7.61 7.25 7.46 21024987 158284352.00
2024/02/19 7.55 7.72 7.48 7.56 20520688 156769200.00
2024/02/20 7.55 7.66 7.49 7.63 15380817 117427720.00
2024/02/21 7.59 8.03 7.56 7.80 24336728 191296480.00
2024/02/22 7.84 7.93 7.75 7.82 16885969 132627784.00
2024/02/23 7.85 8.08 7.76 8.07 22205353 177005296.00
2024/02/26 8.06 8.10 7.93 7.97 16857598 135693856.00
2024/02/27 7.94 8.14 7.91 8.14 13784182 111687424.00
2024/02/28 8.14 8.30 7.79 7.79 24186530 196239792.00
2024/02/29 7.83 8.04 7.79 8.03 14237282 113789752.00
2024/03/01 8.06 8.13 7.95 8.06 11969462 96650808.00
2024/03/04 8.11 8.14 7.89 8.06 13164145 106073376.00
2024/03/05 8.04 8.06 7.94 8.01 10036090 80729280.00
2024/03/06 7.97 8.06 7.90 7.98 9832952 78895016.00
2024/03/07 7.97 8.03 7.85 7.87 11236041 89648160.00
2024/03/08 7.85 7.90 7.77 7.88 8897220 70133544.00
2024/03/11 7.89 7.96 7.81 7.95 9585230 76008088.00
2024/03/12 7.97 8.22 7.96 8.13 17494302 142249904.00
2024/03/13 8.19 8.24 8.08 8.20 14570657 119465912.00
2024/03/14 8.21 8.21 8.04 8.14 10346632 84495608.00
2024/03/15 8.11 8.22 8.09 8.22 8523894 69863440.00
2024/03/18 8.24 8.31 8.19 8.30 12497734 103528824.00
2024/03/19 8.27 8.31 8.19 8.19 9651713 79944456.00
2024/03/20 8.19 8.48 8.17 8.42 15831150 132826656.00
2024/03/21 8.41 8.53 8.35 8.46 11499167 97564896.00
2024/03/22 8.43 8.60 8.32 8.52 15784810 134197024.00
2024/03/25 8.53 8.59 8.33 8.36 13659710 116286192.00
2024/03/26 8.35 8.40 8.16 8.25 12071697 100415696.00
2024/03/27 8.25 8.27 7.93 7.95 13676263 110926872.00
2024/03/28 8.00 8.18 7.96 8.08 11273317 91703632.00
2024/03/29 8.05 8.26 7.98 8.25 10331453 84214608.00
2024/04/01 8.29 8.47 8.29 8.44 12414451 104750776.00
2024/04/02 8.47 8.48 8.32 8.46 8882292 75123240.00
2024/04/03 8.46 8.47 8.25 8.35 11228349 94018080.00
2024/04/08 8.38 8.44 8.27 8.28 10224732 85735872.00
2024/04/09 8.29 8.36 8.18 8.31 8173800 68011992.00
2024/04/10 8.31 8.76 8.24 8.35 31950376 271701760.00
2024/04/11 8.39 8.49 8.19 8.46 23574030 197686512.00
2024/04/12 8.40 8.43 8.13 8.14 19856556 164484368.00
2024/04/15 8.11 8.34 7.84 8.24 23091288 188907520.00
2024/04/16 8.16 8.29 7.87 7.88 18938780 153222352.00
2024/04/17 7.95 8.30 7.93 8.29 15689629 128752960.00
2024/04/18 8.30 8.51 8.22 8.36 15775902 132513672.00
2024/04/19 8.31 8.49 8.24 8.29 12859413 107786928.00
2024/04/22 8.22 8.46 8.15 8.33 15538410 129693944.00
2024/04/23 8.36 8.67 8.34 8.54 22737928 195065696.00
2024/04/24 8.52 8.64 8.44 8.59 17028148 146188176.00
2024/04/25 8.59 8.65 8.51 8.53 11969548 103157952.00
2024/04/26 8.49 8.61 8.47 8.57 15818100 135998000.00
2024/04/29 8.64 8.99 8.62 8.96 30971712 276090656.00
2024/04/30 8.95 9.14 8.89 9.02 25014262 226975664.00
2024/05/06 9.13 9.24 8.91 9.02 24796130 225126272.00
2024/05/07 8.94 9.36 8.94 9.24 25395080 234912784.00
2024/05/08 9.17 9.38 9.08 9.09 29218906 269978880.00
2024/05/09 9.01 9.13 9.01 9.03 17891338 162708880.00
2024/05/10 9.04 9.16 8.96 9.10 17875864 162747696.00
2024/05/13 9.02 9.16 8.94 9.06 11394778 103580192.00
2024/05/14 9.06 9.31 9.03 9.20 19778336 182296704.00
2024/05/15 9.20 9.29 9.12 9.22 20417196 188568160.00
2024/05/16 9.16 9.27 9.05 9.10 16678506 153312336.00
2024/05/17 9.16 9.40 9.08 9.39 27151524 253283424.00
2024/05/20 9.36 9.45 9.19 9.23 23587600 220251936.00
2024/05/21 9.19 9.25 9.10 9.14 12028124 110676064.00
2024/05/22 9.11 9.21 9.06 9.09 12220543 112064152.00
2024/05/23 9.08 9.08 8.80 8.84 18768622 168006720.00
2024/05/24 8.84 9.11 8.84 8.92 14260450 128243760.00
2024/05/27 8.95 9.26 8.91 9.01 16388080 148666576.00
2024/05/28 8.99 9.11 8.87 8.91 12372501 111468976.00
2024/05/29 8.93 8.96 8.79 8.84 11779100 104828984.00
2024/05/30 8.78 8.89 8.71 8.77 10023101 88662320.00
2024/05/31 8.80 9.26 8.80 9.07 24843248 226060336.00
2024/06/03 9.06 9.15 8.89 9.08 18260232 165598752.00
2024/06/04 9.13 9.14 8.90 9.06 16212978 146438976.00
2024/06/05 9.00 9.01 8.73 8.79 16070583 142959584.00
2024/06/06 8.81 8.84 8.42 8.61 24142824 208463904.00
2024/06/07 8.65 8.77 8.53 8.73 15634943 136160016.00
2024/06/11 8.69 8.75 8.52 8.73 11672233 101512792.00
2024/06/12 8.73 8.91 8.71 8.78 12283500 108554536.00
2024/06/13 8.75 8.84 8.53 8.57 15117555 131670896.00
2024/06/14 8.61 8.66 8.23 8.23 30323188 255792080.00
2024/06/17 8.16 8.29 8.03 8.15 17432848 143102192.00
2024/06/18 8.16 8.29 8.12 8.17 12952403 106686688.00
2024/06/19 8.21 8.21 7.93 7.94 15049410 121577816.00
2024/06/20 7.94 7.96 7.69 7.71 16801084 131467480.00
2024/06/21 7.68 7.81 7.64 7.71 9984208 77568048.00
2024/06/24 7.66 7.69 7.36 7.40 14225971 106932360.00
2024/06/25 7.40 7.49 7.35 7.40 10589852 78884288.00
2024/06/26 7.43 7.84 7.38 7.82 17094004 130824640.00
2024/06/27 7.80 7.82 7.63 7.63 11605127 89784096.00
2024/06/28 7.64 7.78 7.61 7.65 9971230 77222128.00
2024/07/01 7.66 7.71 7.59 7.62 13717422 105444064.00
2024/07/02 7.62 7.68 7.58 7.65 9649918 74145048.00
2024/07/03 7.66 7.80 7.63 7.68 11481387 88889392.00
2024/07/04 7.69 7.69 7.31 7.35 17231136 128816688.00
2024/07/05 7.35 7.50 7.29 7.49 10253500 76516760.00
2024/07/08 7.51 7.52 7.13 7.16 14713103 107173200.00
2024/07/09 7.19 7.31 7.00 7.28 12689500 91481528.00
2024/07/10 7.30 7.37 7.19 7.25 10020485 73297976.00
2024/07/11 7.35 7.46 7.31 7.45 12369264 92086672.00
2024/07/12 7.45 7.54 7.42 7.48 8578395 64541128.00
2024/07/15 7.49 7.60 7.47 7.50 11788801 89220256.00
2024/07/16 7.49 7.51 7.38 7.42 8673120 64841136.00
2024/07/17 7.42 7.46 7.33 7.39 8750361 64960384.00
2024/07/18 7.34 7.54 7.27 7.43 16694611 124276520.00
2024/07/19 7.42 7.60 7.38 7.55 13881695 104251536.00
2024/07/22 7.53 7.72 7.50 7.67 14067118 107798184.00
2024/07/23 7.63 7.63 7.37 7.37 14627500 110050192.00
2024/07/24 7.36 7.41 7.23 7.25 10922981 79963272.00
2024/07/25 7.21 7.48 7.19 7.39 12582375 92596648.00
2024/07/26 7.39 7.50 7.36 7.48 11392415 84869656.00
2024/07/29 7.44 7.47 7.20 7.30 13679525 100245288.00
2024/07/30 7.29 7.36 7.21 7.35 8600794 63033284.00
2024/07/31 7.35 7.63 7.33 7.61 18071548 136820064.00
2024/08/01 7.62 7.66 7.44 7.50 12409352 93576200.00
2024/08/02 7.47 7.53 7.39 7.39 10006438 74812480.00
2024/08/05 7.57 7.63 7.30 7.31 22523900 168941680.00
2024/08/06 7.35 7.49 7.34 7.48 14844142 110302184.00
2024/08/07 7.47 7.47 7.36 7.37 10467108 77585640.00
2024/08/08 7.33 7.43 7.27 7.37 10249000 75525208.00
2024/08/09 7.40 7.47 7.33 7.34 9399800 69799792.00
2024/08/12 7.37 7.37 7.02 7.06 15466300 110568696.00
2024/08/13 7.03 7.09 6.96 7.06 7342400 51626680.00
2024/08/14 7.06 7.13 7.03 7.07 6612405 46973184.00
2024/08/15 7.07 7.25 7.01 7.17 10481000 75331816.00
2024/08/16 7.18 7.20 7.07 7.08 7034200 50327264.00
2024/08/19 7.07 7.14 7.03 7.06 7118935 50566808.00
2024/08/20 7.04 7.08 6.90 6.95 8949300 62551972.00
2024/08/21 6.94 7.03 6.92 6.92 5112900 35689536.00
2024/08/22 6.94 6.96 6.73 6.77 8146728 55713156.00
2024/08/23 6.75 6.80 6.67 6.77 6576600 44506616.00
2024/08/26 6.76 6.86 6.74 6.78 6345401 43219164.00
2024/08/27 6.78 6.79 6.48 6.53 14048932 92675536.00
2024/08/28 6.54 6.65 6.48 6.56 7738314 50974012.00
2024/08/29 6.53 6.66 6.51 6.64 6203035 41147060.00
2024/08/30 6.64 6.87 6.64 6.77 11527148 78295856.00
2024/09/02 6.74 6.78 6.64 6.65 7826500 52733512.00
2024/09/03 6.64 6.77 6.64 6.68 6509900 43746428.00
2024/09/04 6.68 6.70 6.59 6.61 4750794 31637992.00
2024/09/05 6.65 6.77 6.64 6.72 6915062 46533228.00
2024/09/06 6.71 6.73 6.62 6.62 5363970 35847072.00
2024/09/09 6.58 6.68 6.54 6.61 6333033 42018436.00
2024/09/10 6.63 6.66 6.46 6.63 8620294 56667532.00
2024/09/11 6.63 6.64 6.52 6.58 5419374 35795808.00
2024/09/12 6.60 6.66 6.55 6.56 5298478 35045772.00
2024/09/13 6.57 6.61 6.53 6.56 4975901 32814890.00
2024/09/18 6.57 6.57 6.42 6.54 6776213 44104528.00
2024/09/19 6.53 6.78 6.53 6.70 11474053 76894088.00
2024/09/20 6.73 6.74 6.65 6.72 6371148 42805984.00
2024/09/23 6.71 6.78 6.69 6.73 6077800 41106300.00
2024/09/24 6.78 6.95 6.75 6.94 13335702 91900024.00
2024/09/25 7.03 7.18 7.02 7.02 14877996 105972792.00
2024/09/26 7.06 7.31 7.02 7.30 17904940 128801712.00
2024/09/27 7.38 7.58 7.31 7.57 18225788 136433232.00
2024/09/30 7.84 8.21 7.68 8.14 43476020 348742048.00
2024/10/08 8.91 8.96 8.08 8.46 49134096 420780224.00
2024/10/09 8.34 8.34 7.75 7.77 33473192 269237280.00
2024/10/10 7.81 8.26 7.65 8.03 33292900 267383568.00
2024/10/11 7.98 8.16 7.69 7.80 19359548 153366128.00
2024/10/14 7.82 7.85 7.62 7.78 17447576 135696608.00
2024/10/15 7.80 7.81 7.50 7.52 26924196 206821248.00
2024/10/16 7.48 7.72 7.45 7.62 15978231 121818936.00
2024/10/17 7.64 7.67 7.42 7.42 15481915 116851384.00
2024/10/18 7.41 7.70 7.34 7.56 23269160 175781648.00
2024/10/21 7.57 7.69 7.52 7.58 17679236 134820416.00
2024/10/22 7.60 7.81 7.55 7.71 24617234 189462832.00
2024/10/23 7.74 7.80 7.63 7.68 18402212 142054496.00
2024/10/24 7.62 7.69 7.61 7.68 10068754 77189712.00
2024/10/25 7.66 7.90 7.66 7.89 21873780 171393200.00
2024/10/28 7.96 8.21 7.89 8.20 28326220 229972912.00
2024/10/29 8.21 8.23 7.86 7.90 27975316 223873728.00
2024/10/30 7.84 8.13 7.83 8.13 25457548 204315168.00
2024/10/31 8.06 8.20 8.02 8.17 18932142 154103424.00
2024/11/01 8.13 8.18 7.89 7.97 18489724 148400288.00
2024/11/04 8.01 8.09 7.93 8.09 11853560 95370504.00
2024/11/05 8.10 8.28 8.04 8.25 23104496 189743824.00
2024/11/06 8.22 8.52 8.14 8.33 28322120 236235664.00
2024/11/07 8.27 8.63 8.25 8.57 28906312 247031616.00
2024/11/08 8.68 8.76 8.40 8.43 30876680 264465312.00
2024/11/11 8.38 8.74 8.38 8.58 29131238 249839120.00
2024/11/12 8.56 8.59 8.29 8.36 25529404 216201520.00
2024/11/13 8.32 8.43 8.22 8.38 17779340 148740064.00
2024/11/14 8.37 8.41 8.05 8.08 23109364 189667136.00
2024/11/15 8.08 8.26 8.02 8.02 22428652 183084096.00
2024/11/18 8.04 8.18 7.86 7.96 22267166 178909360.00
2024/11/19 7.96 8.07 7.87 8.06 14571858 116510312.00
2024/11/20 8.05 8.13 8.00 8.11 16131729 130303696.00
2024/11/21 8.08 8.12 8.02 8.07 12334567 99829616.00
2024/11/22 8.07 8.36 7.91 7.92 25926520 212217184.00
2024/11/25 7.91 8.05 7.82 8.03 16633011 132476552.00
2024/11/26 8.03 8.45 8.00 8.12 28136844 231847696.00
2024/11/27 8.15 8.29 7.93 8.28 25912868 211397776.00
2024/11/28 8.26 8.51 8.24 8.37 25624516 215503680.00
2024/11/29 8.35 8.48 8.24 8.39 22493624 188439200.00
2024/12/02 8.39 8.66 8.38 8.57 26828512 230128560.00
2024/12/03 8.58 8.74 8.43 8.60 26064292 224195808.00
2024/12/04 8.56 8.59 8.34 8.40 20977472 177868064.00
2024/12/05 8.40 8.76 8.33 8.70 34401892 297378528.00
2024/12/06 8.73 8.86 8.57 8.67 30710872 267300976.00
2024/12/09 8.65 8.73 8.46 8.54 20808660 178823232.00
2024/12/10 8.74 8.75 8.52 8.54 21027340 182063840.00
2024/12/11 8.54 8.99 8.52 8.89 45087304 396275008.00
2024/12/12 8.88 9.00 8.73 8.99 31566640 280695168.00
2024/12/13 9.04 9.28 8.96 8.98 68237024 623800576.00
2024/12/16 9.21 9.88 9.02 9.88 85002128 805433344.00
2024/12/17 10.87 10.87 10.08 10.12 212159008 2247910656.00
2024/12/18 9.78 10.45 9.50 9.71 130768856 1281218688.00
2024/12/19 9.49 9.63 9.03 9.16 108670504 1003743360.00
2024/12/20 9.23 9.38 8.98 9.02 61538160 565202304.00
2024/12/23 8.99 9.03 8.57 8.58 54931096 479580960.00
2024/12/24 8.58 8.69 8.46 8.58 34499188 296440736.00
2024/12/25 8.61 8.64 8.33 8.40 29581936 250110432.00
2024/12/26 8.42 8.91 8.41 8.64 44649736 387899552.00
2024/12/27 8.64 8.77 8.50 8.59 27376212 237079424.00
2024/12/30 8.52 8.54 8.28 8.33 34796540 292189568.00
2024/12/31 8.37 8.51 8.25 8.25 27740504 233000784.00
2025/01/02 8.21 8.50 8.05 8.12 33811488 280237152.00
2025/01/03 8.17 8.20 7.70 7.74 36837800 291665952.00
2025/01/06 7.76 7.78 7.56 7.65 20761424 159211120.00
2025/01/07 7.67 7.71 7.60 7.71 14240200 109326688.00
2025/01/08 7.68 7.71 7.41 7.58 24598832 186622160.00
2025/01/09 7.57 7.64 7.51 7.56 14586653 110780672.00
2025/01/10 7.55 7.61 7.28 7.28 18244000 135860976.00
2025/01/13 7.22 7.30 7.14 7.27 13518635 98061152.00
2025/01/14 7.46 7.61 7.31 7.59 29557096 221948224.00
2025/01/15 7.55 7.63 7.48 7.55 17433776 131847608.00
2025/01/16 7.59 7.75 7.53 7.59 19547304 149590016.00
2025/01/17 7.60 7.70 7.48 7.64 16975684 129297848.00
2025/01/20 7.75 7.83 7.70 7.72 18922020 147344592.00
2025/01/21 7.76 7.81 7.63 7.68 12899110 99487128.00
2025/01/22 7.66 7.66 7.55 7.58 10455405 79617184.00
2025/01/23 7.68 7.78 7.60 7.60 14554803 112331616.00
2025/01/24 7.72 7.82 7.61 7.76 20312420 157344016.00
2025/01/27 7.72 7.86 7.72 7.78 19061526 149295360.00
2025/02/05 7.80 7.87 7.76 7.83 16582673 129954232.00
2025/02/06 7.81 8.02 7.76 7.98 24268332 192627376.00
2025/02/07 8.00 8.23 7.95 8.14 32003628 259867152.00
2025/02/10 8.11 8.26 8.05 8.10 37079532 301718528.00
2025/02/11 8.13 8.14 7.94 8.04 23952772 192520464.00
2025/02/12 8.02 8.15 8.00 8.05 22579234 182896096.00
2025/02/13 8.07 8.13 7.99 8.03 25976932 209801664.00
2025/02/14 8.00 8.08 7.96 8.01 20669000 166243120.00
2025/02/17 8.03 8.08 7.96 8.01 26519328 212951856.00
2025/02/18 8.01 8.01 7.73 7.75 26493242 208291808.00
2025/02/19 7.75 7.88 7.70 7.86 19408100 151202848.00
2025/02/20 7.83 7.93 7.81 7.91 15492713 122326248.00
2025/02/21 7.88 7.96 7.80 7.93 19515964 154488448.00
2025/02/24 7.89 8.53 7.83 8.31 73359728 604899200.00
2025/02/25 8.09 8.18 8.00 8.03 48901976 394830208.00
2025/02/26 8.05 8.10 8.00 8.04 23881608 192470928.00
2025/02/27 8.05 8.08 7.88 7.99 28206548 225702464.00
2025/02/28 7.94 8.04 7.84 7.87 22297402 176979376.00
2025/03/03 7.86 7.97 7.84 7.85 15437000 122192008.00
2025/03/04 7.81 7.93 7.77 7.91 13792510 108647872.00
2025/03/05 7.89 8.03 7.83 7.91 20434140 162096832.00
2025/03/06 7.91 8.10 7.86 8.03 31821744 255669776.00
2025/03/07 8.04 8.21 7.96 8.13 39929032 323839008.00
2025/03/10 8.13 8.19 8.06 8.12 21019944 171118128.00
2025/03/11 8.03 8.21 7.99 8.18 20181446 164947312.00
2025/03/12 8.31 8.33 8.15 8.16 32986436 272264160.00
2025/03/13 8.16 8.18 8.03 8.13 20356350 164980736.00
2025/03/14 8.14 8.26 8.10 8.24 21645832 177848080.00
2025/03/17 8.31 8.43 8.27 8.28 29240312 244453648.00
2025/03/18 8.28 8.32 8.22 8.25 15410889 127645864.00
2025/03/19 8.25 8.28 8.17 8.20 13729406 113023136.00
2025/03/20 8.18 8.27 8.18 8.23 14036716 115729448.00
2025/03/21 8.14 8.18 8.07 8.09 15667927 127431168.00
2025/03/24 8.13 8.53 8.08 8.26 44597728 370662176.00
2025/03/25 8.25 8.36 8.09 8.30 30795812 253841408.00
2025/03/26 8.21 8.40 8.20 8.32 23739992 197391728.00
2025/03/27 8.38 8.48 8.28 8.31 23320020 195183792.00
2025/03/28 8.31 8.32 8.12 8.14 21138352 173541408.00
2025/03/31 8.08 8.12 7.96 8.04 20317216 163569280.00
2025/04/01 8.05 8.14 8.04 8.08 10917111 88646400.00
2025/04/02 8.11 8.38 8.07 8.20 26295870 217461136.00
2025/04/03 8.14 8.29 8.11 8.25 16376645 135129648.00
2025/04/07 7.91 7.96 7.42 7.42 37385432 288176384.00
2025/04/08 7.40 7.61 7.36 7.49 29204212 219263248.00
2025/04/09 7.36 7.79 7.18 7.74 30765116 232681072.00
2025/04/10 7.96 8.04 7.84 7.95 25436424 203210096.00
2025/04/11 7.84 8.18 7.83 8.03 23249200 186747296.00
2025/04/14 8.48 8.84 8.32 8.34 86442624 741625344.00
2025/04/15 8.30 8.71 8.28 8.37 61542752 522580704.00
2025/04/16 8.28 8.58 8.24 8.32 37850776 317417504.00
2025/04/17 8.32 8.86 8.24 8.56 59242724 507191296.00
2025/04/18 8.55 8.65 8.35 8.44 37741376 321297312.00
2025/04/21 8.42 8.45 8.32 8.35 22538972 188971680.00
2025/04/22 8.29 8.39 8.26 8.32 19461910 161897824.00
2025/04/23 8.37 8.43 8.26 8.26 18368518 153020112.00
2025/04/24 8.26 8.29 8.13 8.15 17065776 140128224.00
2025/04/25 8.14 8.26 8.14 8.15 13247301 108761592.00
2025/04/28 8.14 8.17 7.93 7.94 18082446 145133360.00
2025/04/29 7.80 7.91 7.64 7.88 20683020 161537456.00
2025/04/30 7.90 7.97 7.83 7.91 16203554 128340344.00
2025/05/06 8.06 8.10 7.96 7.99 15390305 123414848.00
2025/05/07 8.06 8.20 8.00 8.17 21580620 175205712.00
2025/05/08 8.13 8.18 8.08 8.13 13498431 109944000.00
2025/05/09 8.13 8.16 8.00 8.04 10467155 84637272.00
2025/05/12 8.09 8.09 7.99 8.03 10794513 86830136.00
2025/05/13 8.06 8.10 7.99 8.01 13480900 108760240.00
2025/05/14 7.98 8.05 7.93 8.02 10566451 84555248.00
2025/05/15 8.03 8.03 7.95 7.97 7275601 58171284.00
2025/05/16 7.95 8.01 7.93 7.99 6849602 54760996.00
2025/05/19 7.99 8.13 7.94 8.07 11909527 95955944.00
2025/05/20 8.08 8.28 8.06 8.17 15835865 129649984.00
2025/05/21 8.12 8.18 8.09 8.13 11197464 91249616.00
2025/05/22 8.11 8.17 7.94 7.98 13331810 107588320.00
2025/05/23 7.98 8.05 7.91 7.92 10808314 86325888.00
2025/05/26 7.91 7.97 7.89 7.96 6493145 51644960.00
2025/05/27 7.96 7.98 7.91 7.96 5557846 44289072.00
2025/05/28 7.92 8.06 7.92 7.96 7115208 56926692.00
2025/05/29 7.95 8.10 7.94 8.08 11918572 96098568.00
2025/05/30 8.07 8.38 8.05 8.20 31498408 259887648.00
2025/06/03 8.23 8.63 8.23 8.51 52881240 449826752.00
2025/06/04 8.48 8.62 8.39 8.51 38112936 325138400.00
2025/06/05 8.43 9.12 8.43 8.68 83134720 732759808.00
2025/06/06 8.59 8.64 8.27 8.45 57443484 484848160.00
2025/06/09 8.48 9.30 8.48 9.00 119924696 1090534144.00
2025/06/10 8.93 9.21 8.79 8.83 108734656 980052160.00
2025/06/11 8.78 8.96 8.61 8.79 55277840 487045408.00
2025/06/12 8.73 9.04 8.68 8.78 42571428 374948416.00
2025/06/13 8.78 9.24 8.69 8.89 78773392 707808832.00
2025/06/16 8.80 8.85 8.60 8.74 40184148 351065696.00
2025/06/17 8.73 8.75 8.44 8.52 36490448 312231840.00
2025/06/18 8.48 8.55 8.38 8.47 20072680 169818384.00
2025/06/19 8.44 8.50 8.32 8.38 18336550 154048256.00
2025/06/20 8.33 8.39 8.25 8.27 14687317 122162720.00
2025/06/23 8.19 8.38 8.16 8.36 16225047 134513968.00
2025/06/24 8.36 8.56 8.35 8.48 15547871 131571392.00
2025/06/25 8.49 8.55 8.41 8.50 16174301 137005104.00
2025/06/26 8.48 8.49 8.35 8.44 17954772 151220144.00
2025/06/27 8.46 8.51 8.40 8.40 13367400 112943032.00
2025/06/30 8.44 8.51 8.41 8.43 14442310 121954776.00
2025/07/01 8.45 8.46 8.36 8.42 10979997 92359664.00
2025/07/02 8.41 8.46 8.36 8.42 12400942 104342584.00
2025/07/03 8.40 8.46 8.37 8.40 10337000 86867792.00
2025/07/04 8.38 8.40 8.28 8.30 13643850 113818408.00
2025/07/07 8.28 8.45 8.27 8.41 13426072 112666544.00
2025/07/08 8.41 8.45 8.34 8.41 13455992 112852704.00
2025/07/09 8.41 8.50 8.39 8.44 17171232 145077808.00
2025/07/10 8.43 8.56 8.43 8.50 19540722 166237872.00
2025/07/11 8.55 8.55 8.40 8.47 15994890 135310464.00
2025/07/14 8.42 8.57 8.38 8.42 23231176 196526000.00
2025/07/15 8.41 8.43 8.17 8.21 27990520 230947616.00
2025/07/16 8.20 8.30 8.20 8.26 9996187 82541744.00
2025/07/17 8.29 8.32 8.24 8.28 9355408 77428128.00
2025/07/18 8.27 8.48 8.27 8.37 16851230 140934080.00
2025/07/21 8.32 8.61 8.32 8.52 23885008 202472864.00
2025/07/22 8.49 8.57 8.46 8.50 19469896 165434512.00
2025/07/23 8.50 8.72 8.47 8.56 26171084 225163936.00
2025/07/24 8.55 8.89 8.54 8.84 39836744 349562400.00
2025/07/25 8.84 8.91 8.78 8.79 23381992 206429360.00
2025/07/28 8.93 9.01 8.81 8.92 35269904 314986784.00
2025/07/29 8.87 9.45 8.85 9.30 75017560 686090560.00
2025/07/30 9.24 9.47 9.09 9.27 56070472 519715328.00
2025/07/31 9.21 9.36 9.13 9.22 36012216 331930016.00
2025/08/01 8.96 9.01 8.60 8.77 50806436 445994592.00
2025/08/04 8.74 8.83 8.64 8.70 25478060 221967280.00
2025/08/05 8.72 8.77 8.65 8.75 17514904 152511888.00
2025/08/06 8.75 8.78 8.64 8.68 18824060 163362464.00
2025/08/07 8.68 8.69 8.55 8.56 23714194 203523872.00
2025/08/08 8.56 8.60 8.52 8.56 12005602 102832520.00
2025/08/11 8.55 8.66 8.51 8.63 19774838 169939824.00
2025/08/12 8.63 8.69 8.59 8.66 18215188 157459040.00
2025/08/13 8.68 8.75 8.60 8.69 18452682 159810192.00
2025/08/14 8.67 9.02 8.67 8.86 48526400 429950592.00
2025/08/15 8.83 8.96 8.74 8.96 25790996 229024144.00
2025/08/18 8.96 9.05 8.85 8.95 29539708 265053792.00
2025/08/19 8.97 9.25 8.93 9.02 35383532 321593056.00
2025/08/20 8.97 9.02 8.90 8.99 20160372 180587424.00
2025/08/21 8.99 9.35 8.95 9.14 36533104 335056224.00
2025/08/22 9.11 9.32 9.02 9.30 32065728 293864448.00
2025/08/25 9.48 9.48 8.94 8.98 77305824 701377280.00
2025/08/26 8.93 9.33 8.91 9.10 53092172 486858400.00
2025/08/27 9.03 9.11 8.78 8.80 38432692 343960384.00
2025/08/28 8.80 8.96 8.70 8.95 29672516 262455440.00
2025/08/29 8.95 9.06 8.85 8.89 21629990 193531760.00
2025/09/01 8.83 9.24 8.75 9.13 38603240 350344160.00
2025/09/02 9.09 9.14 8.90 8.98 24752510 222579168.00
2025/09/03 9.05 9.12 8.76 8.80 25366522 226238112.00
2025/09/04 8.80 8.92 8.70 8.81 20994460 185190480.00
2025/09/05 9.63 9.63 9.04 9.18 107455264 997845888.00
2025/09/08 9.05 10.10 9.05 10.10 156363536 1542211968.00
2025/09/09 9.78 9.99 9.62 9.63 100188664 974318720.00
2025/09/10 9.68 9.96 9.64 9.77 80762520 791936256.00
2025/09/11 9.66 9.73 9.35 9.52 78772920 745236096.00
2025/09/12 9.48 9.61 9.38 9.42 44430688 419623200.00
2025/09/15 9.38 9.57 9.36 9.50 42484864 402328448.00
2025/09/16 9.50 9.56 9.33 9.47 33884808 319831904.00
2025/09/17 9.56 9.76 9.48 9.56 64940976 625506752.00
2025/09/18 9.49 9.54 9.14 9.24 53874412 504082016.00
2025/09/19 9.18 9.28 9.09 9.26 28653564 262909200.00
2025/09/22 9.23 9.28 9.08 9.16 21373560 195890896.00
2025/09/23 9.11 9.15 8.87 9.00 27062116 242316352.00
2025/09/24 8.95 9.10 8.93 9.10 16694085 150949552.00
2025/09/25 9.09 9.14 9.01 9.08 16087801 145985808.00
2025/09/26 9.03 9.18 8.96 9.08 18645300 169366288.00
2025/09/29 9.06 9.16 8.93 9.16 20293460 184030416.00
2025/09/30 9.16 9.20 9.11 9.13 16032897 146705088.00
2025/10/09 9.15 9.15 8.99 9.05 19274784 174337632.00
2025/10/10 9.04 9.20 9.02 9.18 25528236 233475728.00
2025/10/13 8.97 9.11 8.90 9.10 20645500 186623360.00
2025/10/14 9.13 9.24 9.09 9.13 22077208 202319952.00
2025/10/15 9.13 9.36 9.13 9.33 25567932 237604832.00
2025/10/16 9.31 9.38 9.19 9.24 22500748 208992480.00
2025/10/17 9.23 9.36 9.19 9.22 23740132 220450416.00
2025/10/20 9.30 9.55 9.22 9.46 39637864 372298336.00
2025/10/21 9.43 9.51 9.35 9.49 24791900 234192608.00
2025/10/22 9.46 9.63 9.43 9.52 29625624 283001728.00
2025/10/23 9.49 9.53 9.35 9.48 24235848 228850320.00
2025/10/24 9.45 9.53 9.41 9.42 19889290 188034512.00
2025/10/27 9.35 9.39 9.12 9.21 33715368 310914720.00
2025/10/28 9.20 9.33 9.16 9.26 19836200 183137232.00
2025/10/29 9.19 9.31 9.05 9.22 20955284 192059568.00
2025/10/30 9.21 9.46 9.17 9.20 25082920 232458816.00
2025/10/31 9.19 9.33 9.17 9.30 21714716 201741520.00
2025/11/03 9.33 9.42 9.27 9.37 21233300 198398432.00
2025/11/04 9.35 9.48 9.30 9.44 23344940 219461184.00
2025/11/05 9.40 9.61 9.36 9.57 32306188 308327008.00
2025/11/06 9.56 9.56 9.25 9.29 33064064 308823264.00
2025/11/07 9.29 9.37 9.25 9.25 20798714 193372608.00
2025/11/10 9.29 9.48 9.23 9.33 31097298 291406560.00
2025/11/11 9.28 9.33 9.17 9.24 24023154 222424128.00
2025/11/12 9.24 9.27 8.98 8.99 32415284 294317408.00
2025/11/13 8.99 9.04 8.84 9.04 22977068 205509632.00
2025/11/14 8.99 9.20 8.98 9.01 20443040 185971440.00
2025/11/17 9.00 9.10 8.93 9.08 19436768 175258128.00
2025/11/18 9.05 9.15 8.93 9.11 22908340 207402352.00
2025/11/19 9.05 9.14 8.93 8.97 18105614 163303280.00
2025/11/20 8.95 8.99 8.75 8.78 22604472 199806880.00
2025/11/21 8.76 8.80 8.46 8.46 27731872 237999760.00
2025/11/24 8.46 8.56 8.39 8.51 19635848 166298768.00
2025/11/25 8.53 8.62 8.50 8.56 13131131 112640536.00
2025/11/26 8.56 8.61 8.45 8.46 12889100 109784960.00
2025/11/27 8.49 8.61 8.44 8.53 13216105 112867272.00
2025/11/28 8.51 8.57 8.47 8.56 9027785 77008136.00
2025/12/01 8.60 8.84 8.59 8.74 20034260 174706784.00
2025/12/02 8.71 8.73 8.61 8.67 10085600 87358992.00
2025/12/03 8.68 8.72 8.53 8.57 10950864 94238560.00
2025/12/04 8.59 8.88 8.51 8.70 34000708 295788768.00
2025/12/05 8.65 9.01 8.61 8.89 35236816 311564576.00
2025/12/08 8.86 8.96 8.80 8.86 30285812 268599808.00
2025/12/09 8.87 9.01 8.83 8.90 20908324 185971936.00
2025/12/10 8.88 9.12 8.79 8.95 31944050 285771488.00
2025/12/11 8.89 8.92 8.72 8.74 23536566 206753696.00
2025/12/12 8.74 8.76 8.61 8.62 22972306 199222752.00
2025/12/15 8.51 8.57 8.38 8.52 20163220 171124656.00
2025/12/16 8.49 8.58 8.41 8.44 13665035 115761440.00
2025/12/17 8.48 8.61 8.41 8.61 19222560 163720096.00
2025/12/18 8.54 8.73 8.53 8.60 16913932 146134112.00
2025/12/19 8.61 8.87 8.59 8.86 24269464 212668528.00
2025/12/22 8.86 9.22 8.85 9.12 40535152 367525824.00
2025/12/23 9.01 9.04 8.72 8.78 33436336 296126752.00
2025/12/24 8.75 8.77 8.66 8.73 17832080 155585952.00
2025/12/25 8.75 8.93 8.73 8.87 18504166 163910624.00
2025/12/26 8.85 8.91 8.76 8.80 14180398 125048856.00
2025/12/29 8.76 8.82 8.67 8.69 14732551 128399776.00
2025/12/30 8.67 8.77 8.61 8.69 13909460 120946056.00
2025/12/31 8.69 8.76 8.64 8.73 11304876 98448880.00
2026/01/05 8.73 8.87 8.72 8.78 18515800 162851984.00
2026/01/06 8.76 8.84 8.75 8.82 21640396 190478048.00
2026/01/07 8.81 8.88 8.74 8.75 18995804 167025472.00
2026/01/08 8.72 8.79 8.71 8.76 11831105 103522448.00
2026/01/09 8.75 8.90 8.74 8.90 27552168 242982480.00
2026/01/12 8.89 9.15 8.88 9.10 35379964 319494560.00
2026/01/13 9.11 9.16 8.96 8.99 28711852 259805152.00
2026/01/14 8.99 9.10 8.90 9.02 31525072 284428000.00
2026/01/15 9.03 9.05 8.88 8.91 18016124 161135136.00
2026/01/16 8.95 8.97 8.81 8.83 19976992 177160624.00
2026/01/19 8.90 9.15 8.90 9.12 39306928 356469152.00
2026/01/20 9.10 9.25 9.04 9.18 32915212 301519168.00
2026/01/21 9.53 9.95 9.27 9.71 102829200 987938112.00
2026/01/22 9.70 9.86 9.58 9.82 63772712 620153472.00
2026/01/23 9.82 10.03 9.71 9.86 59103984 582511808.00
2026/01/26 9.39 9.58 9.05 9.16 72123128 665932224.00
2026/01/27 9.11 9.20 8.91 8.94 37462840 336971904.00
2026/01/28 8.93 9.07 8.92 9.00 23776798 213730416.00
2026/01/29 8.95 9.90 8.84 9.60 128356064 1234553856.00
2026/01/30 9.60 9.76 9.46 9.52 88195560 846371648.00
2026/02/02 9.39 9.95 9.39 9.51 56421980 545941568.00
2026/02/03 9.52 9.83 9.52 9.63 31462138 303984704.00
2026/02/04 9.61 9.70 9.51 9.61 26823890 257480240.00
2026/02/05 9.57 9.97 9.52 9.83 40701484 399134400.00
2026/02/06 9.71 9.86 9.62 9.71 29507580 287314624.00
2026/02/09 9.81 9.97 9.78 9.91 28656672 283148512.00
2026/02/10 9.91 10.03 9.86 9.93 25698390 255284448.00
2026/02/11 9.91 9.95 9.76 9.78 26515250 260390272.00
2026/02/12 9.75 9.78 9.62 9.69 19328860 187262256.00
2026/02/13 9.69 9.97 9.64 9.77 30140170 296333280.00
2026/02/24 10.04 10.55 9.95 10.37 54140388 559433472.00
2026/02/25 10.30 10.63 10.29 10.35 35484752 369245248.00
#Ъ§ОнРДдД:ЭЈДяаХ
