600825 аТЛЊДЋУН ШеЯп ЧАИДШЈ
      ШеЦк	    ПЊХЬ	    зюИп	    зюЕЭ	    ЪеХЬ	    ГЩНЛСП	    ГЩНЛЖю
2021/08/02 4.00 4.06 3.92 4.01 3829215 15460402.00
2021/08/03 4.01 4.25 4.00 4.14 10226606 42644792.00
2021/08/04 4.14 4.14 4.04 4.06 5004895 20556360.00
2021/08/05 4.05 4.11 4.03 4.05 2932595 11984060.00
2021/08/06 4.07 4.07 3.96 3.99 4307200 17334572.00
2021/08/09 3.99 4.06 3.96 4.05 3147770 12782448.00
2021/08/10 4.05 4.07 4.03 4.06 3003788 12274334.00
2021/08/11 4.08 4.08 4.03 4.06 3676299 14996201.00
2021/08/12 4.05 4.14 4.04 4.09 3137113 12930772.00
2021/08/13 4.10 4.10 4.01 4.03 2973400 12096329.00
2021/08/16 4.03 4.08 4.02 4.06 2784637 11377635.00
2021/08/17 4.06 4.07 3.98 3.98 3322168 13466444.00
2021/08/18 3.98 4.01 3.95 3.99 3833601 15365653.00
2021/08/19 3.99 4.01 3.97 3.99 3082700 12409358.00
2021/08/20 4.00 4.00 3.90 3.95 4302301 17101514.00
2021/08/23 3.96 4.01 3.95 3.96 5163100 20678274.00
2021/08/24 3.97 3.98 3.94 3.95 3872400 15414027.00
2021/08/25 3.95 4.01 3.94 3.97 4690254 18799754.00
2021/08/26 3.98 4.00 3.94 3.97 3993758 16000987.00
2021/08/27 3.97 3.99 3.94 3.95 3280820 13081445.00
2021/08/30 3.97 4.01 3.95 3.99 4443169 17832472.00
2021/08/31 4.01 4.35 4.01 4.26 21652845 91164112.00
2021/09/01 4.23 4.35 4.20 4.29 11446307 49235352.00
2021/09/02 4.30 4.35 4.22 4.30 9466158 40834208.00
2021/09/03 4.34 4.37 4.25 4.30 8626200 37303148.00
2021/09/06 4.28 4.31 4.24 4.26 7551320 32488374.00
2021/09/07 4.26 4.34 4.26 4.34 8017124 34747052.00
2021/09/08 4.31 4.49 4.31 4.48 15076457 67082216.00
2021/09/09 4.47 4.52 4.42 4.46 8136556 36535880.00
2021/09/10 4.45 4.49 4.40 4.42 7957201 35619264.00
2021/09/13 4.42 4.47 4.38 4.45 6344700 28280662.00
2021/09/14 4.45 4.48 4.25 4.30 9887740 43409104.00
2021/09/15 4.26 4.40 4.25 4.37 6074688 26672016.00
2021/09/16 4.37 4.43 4.25 4.25 6310212 27440782.00
2021/09/17 4.30 4.30 4.13 4.17 8194270 34517696.00
2021/09/22 4.15 4.19 4.10 4.17 4241991 17723692.00
2021/09/23 4.20 4.35 4.17 4.27 13387415 57275172.00
2021/09/24 4.27 4.31 4.15 4.17 10265600 43459196.00
2021/09/27 4.18 4.20 3.98 4.01 11637900 47620356.00
2021/09/28 4.01 4.05 3.97 4.01 7962958 32109744.00
2021/09/29 3.99 4.01 3.90 3.91 7910453 31369412.00
2021/09/30 3.91 4.01 3.90 3.99 7001839 27946306.00
2021/10/08 3.99 4.14 3.98 4.13 9727132 40124888.00
2021/10/11 4.22 4.33 4.17 4.20 11047523 47008664.00
2021/10/12 4.13 4.20 4.06 4.10 6075541 25261564.00
2021/10/13 4.13 4.15 4.01 4.05 4555023 18642476.00
2021/10/14 4.05 4.11 4.03 4.07 3395203 13899979.00
2021/10/15 4.06 4.07 4.01 4.01 4126137 16754383.00
2021/10/18 4.01 4.06 3.98 4.04 3244672 13163266.00
2021/10/19 4.05 4.09 3.98 4.00 5279250 21376448.00
2021/10/20 4.01 4.01 3.96 3.99 4252042 17073072.00
2021/10/21 3.98 4.01 3.96 3.98 4564701 18336782.00
2021/10/22 3.98 4.01 3.96 3.98 5215581 20964634.00
2021/10/25 3.99 4.01 3.94 3.99 3941426 15809675.00
2021/10/26 4.00 4.02 3.95 3.95 5387871 21603614.00
2021/10/27 3.95 3.97 3.85 3.87 5646300 22135578.00
2021/10/28 3.87 3.92 3.82 3.88 4344300 16909556.00
2021/10/29 3.86 4.01 3.86 3.97 4918418 19571272.00
2021/11/01 3.97 3.99 3.94 3.95 2897700 11574551.00
2021/11/02 3.95 3.98 3.85 3.88 3787920 14915808.00
2021/11/03 3.90 3.92 3.87 3.90 2369920 9290585.00
2021/11/04 3.88 3.91 3.85 3.91 3222549 12635165.00
2021/11/05 3.93 4.03 3.90 4.01 7892650 31610780.00
2021/11/08 4.01 4.24 3.95 4.09 13397373 55378100.00
2021/11/09 4.05 4.10 4.02 4.04 8391801 34208672.00
2021/11/10 4.01 4.09 4.00 4.07 5582405 22768140.00
2021/11/11 4.08 4.10 4.04 4.05 7112581 29171744.00
2021/11/12 4.05 4.11 4.03 4.07 5587840 22922612.00
2021/11/15 4.07 4.14 4.06 4.12 5517674 22820806.00
2021/11/16 4.12 4.18 4.07 4.08 5545535 23008648.00
2021/11/17 4.07 4.17 4.06 4.14 4602801 19116656.00
2021/11/18 4.14 4.15 4.04 4.06 5681396 23369864.00
2021/11/19 4.03 4.08 4.01 4.06 4540346 18517800.00
2021/11/22 4.08 4.08 4.00 4.02 5277300 21388156.00
2021/11/23 4.01 4.05 3.99 4.02 4937044 19972452.00
2021/11/24 4.01 4.08 3.99 4.05 5395200 21942616.00
2021/11/25 4.06 4.06 4.01 4.01 3852574 15619939.00
2021/11/26 4.01 4.01 3.97 3.99 4178681 16804776.00
2021/11/29 3.96 3.97 3.92 3.94 5054200 20042970.00
2021/11/30 3.95 4.01 3.94 3.97 4583831 18416958.00
2021/12/01 3.97 4.03 3.97 4.01 4025501 16246625.00
2021/12/02 4.00 4.03 3.99 4.00 4581075 18511884.00
2021/12/03 4.03 4.03 3.99 4.02 3318400 13398122.00
2021/12/06 4.02 4.03 3.98 3.98 3871082 15614964.00
2021/12/07 4.01 4.01 3.95 3.97 4045100 16202880.00
2021/12/08 3.97 4.02 3.96 4.02 4164926 16765413.00
2021/12/09 4.01 4.06 4.00 4.03 4920231 19998044.00
2021/12/10 4.03 4.10 4.00 4.07 4915758 20078418.00
2021/12/13 4.09 4.14 4.06 4.11 8042351 33250864.00
2021/12/14 4.08 4.23 4.07 4.21 16519873 69652888.00
2021/12/15 4.25 4.36 4.18 4.28 21833276 93864248.00
2021/12/16 4.29 4.40 4.23 4.37 19609424 86029712.00
2021/12/17 4.36 4.42 4.31 4.41 16450318 72601656.00
2021/12/20 4.38 4.46 4.33 4.39 15761306 69718568.00
2021/12/21 4.33 4.49 4.32 4.46 15073245 67156816.00
2021/12/22 4.48 4.59 4.42 4.58 19311067 87804816.00
2021/12/23 4.55 4.56 4.39 4.44 18574712 83178496.00
2021/12/24 4.41 4.49 4.35 4.40 17842356 79639832.00
2021/12/27 4.44 4.44 4.28 4.38 12392461 54482196.00
2021/12/28 4.40 4.43 4.35 4.39 10101600 44623952.00
2021/12/29 4.39 4.43 4.30 4.36 10112000 44455964.00
2021/12/30 4.39 4.74 4.34 4.62 29022579 133620296.00
2021/12/31 4.62 4.73 4.52 4.69 20769926 96972928.00
2022/01/04 4.69 4.87 4.63 4.75 21299604 101705560.00
2022/01/05 4.73 4.93 4.66 4.79 20652782 99452336.00
2022/01/06 4.80 4.84 4.70 4.74 17166580 82287176.00
2022/01/07 4.74 4.87 4.57 4.61 18746910 88777712.00
2022/01/10 4.63 4.64 4.49 4.57 12403600 56971188.00
2022/01/11 4.59 4.64 4.50 4.53 13606170 62518980.00
2022/01/12 4.56 4.66 4.51 4.62 17310400 80153272.00
2022/01/13 4.57 4.71 4.57 4.61 12562137 58738892.00
2022/01/14 4.59 4.63 4.44 4.46 15963540 72669088.00
2022/01/17 4.51 4.63 4.46 4.61 15394140 70778880.00
2022/01/18 4.64 4.69 4.46 4.48 17513801 80692160.00
2022/01/19 4.51 4.62 4.49 4.58 12901801 59151576.00
2022/01/20 4.65 4.65 4.33 4.37 16013138 71525440.00
2022/01/21 4.37 4.55 4.32 4.40 14652575 65188416.00
2022/01/24 4.37 4.43 4.28 4.32 9457330 41402280.00
2022/01/25 4.30 4.36 3.99 3.99 17350778 71997352.00
2022/01/26 4.02 4.10 3.99 4.08 10928933 44601936.00
2022/01/27 4.10 4.11 3.94 3.94 10807710 43381596.00
2022/01/28 4.05 4.13 3.96 4.06 7644563 31151508.00
2022/02/07 4.12 4.14 4.04 4.06 8848964 36285508.00
2022/02/08 4.07 4.19 4.04 4.18 10142096 42231148.00
2022/02/09 4.18 4.41 4.17 4.39 13025940 56612992.00
2022/02/10 4.39 4.47 4.30 4.45 13349580 59131076.00
2022/02/11 4.44 4.47 4.33 4.35 9646600 42697828.00
2022/02/14 4.33 4.48 4.33 4.42 10266450 45697776.00
2022/02/15 4.44 4.54 4.37 4.45 10168275 45662092.00
2022/02/16 4.45 4.50 4.40 4.47 7581790 34011060.00
2022/02/17 4.49 4.58 4.41 4.44 9603127 43374756.00
2022/02/18 4.42 4.49 4.39 4.46 7252809 32370306.00
2022/02/21 4.44 4.57 4.44 4.55 11792314 53852912.00
2022/02/22 4.52 4.54 4.42 4.44 10980208 49408388.00
2022/02/23 4.45 4.51 4.41 4.44 8122320 36522608.00
2022/02/24 4.43 4.45 4.19 4.24 14752143 64245548.00
2022/02/25 4.27 4.38 4.27 4.29 9360315 40769960.00
2022/02/28 4.30 4.32 4.20 4.26 5834087 24956988.00
2022/03/01 4.27 4.32 4.23 4.28 6603724 28424454.00
2022/03/02 4.26 4.34 4.25 4.29 6403141 27647152.00
2022/03/03 4.30 4.35 4.27 4.31 6235001 27073540.00
2022/03/04 4.29 4.33 4.22 4.25 7023964 30141000.00
2022/03/07 4.24 4.31 4.19 4.21 6247812 26723070.00
2022/03/08 4.21 4.23 4.07 4.09 9117504 37945464.00
2022/03/09 4.09 4.16 3.87 4.04 12056756 48892828.00
2022/03/10 4.09 4.17 4.08 4.11 7461111 31010320.00
2022/03/11 4.07 4.16 3.98 4.14 7221863 29567484.00
2022/03/14 4.12 4.17 4.05 4.05 5838529 24187122.00
2022/03/15 4.01 4.06 3.84 3.86 9537920 37956828.00
2022/03/16 3.93 4.03 3.83 4.02 8470040 33660776.00
2022/03/17 4.08 4.16 4.03 4.12 8631211 35717600.00
2022/03/18 4.10 4.19 4.08 4.14 6201666 25914024.00
2022/03/21 4.15 4.19 4.10 4.17 7173785 29969808.00
2022/03/22 4.17 4.27 4.12 4.24 7283099 30882698.00
2022/03/23 4.24 4.26 4.15 4.18 6322294 26687380.00
2022/03/24 4.18 4.18 4.06 4.10 7820278 32427428.00
2022/03/25 4.12 4.29 4.10 4.22 11062220 46922992.00
2022/03/28 4.20 4.35 4.17 4.27 12198013 52678648.00
2022/03/29 4.25 4.36 4.25 4.32 9968013 43266652.00
2022/03/30 4.31 4.34 4.25 4.33 8267050 35839056.00
2022/03/31 4.31 4.38 4.29 4.33 8369496 36562428.00
2022/04/01 4.32 4.42 4.30 4.39 9097806 40068608.00
2022/04/06 4.38 4.57 4.36 4.53 14242500 64802192.00
2022/04/07 4.50 4.60 4.45 4.46 11322920 51518404.00
2022/04/08 4.49 4.52 4.33 4.39 9811141 43304992.00
2022/04/11 4.39 4.41 4.22 4.23 7720831 33412076.00
2022/04/12 4.21 4.33 4.14 4.33 8192400 34968708.00
2022/04/13 4.30 4.30 4.19 4.19 7766248 33194660.00
2022/04/14 4.22 4.32 4.18 4.30 7016221 30206784.00
2022/04/15 4.28 4.28 4.11 4.12 7163595 30104002.00
2022/04/18 4.12 4.18 4.02 4.17 6357800 26388156.00
2022/04/19 4.16 4.26 4.14 4.25 5724500 24208184.00
2022/04/20 4.25 4.38 4.22 4.30 10400900 45307600.00
2022/04/21 4.29 4.32 4.06 4.07 8800434 36964992.00
2022/04/22 4.07 4.10 3.98 4.01 8814233 35744920.00
2022/04/25 3.97 3.97 3.69 3.72 13526626 52223744.00
2022/04/26 3.69 3.72 3.43 3.47 12470951 45149540.00
2022/04/27 3.45 3.64 3.35 3.64 9415227 33077540.00
2022/04/28 3.63 3.68 3.49 3.57 5710587 20597746.00
2022/04/29 3.59 3.72 3.57 3.69 7144672 26363046.00
2022/05/05 3.67 3.75 3.62 3.73 8116416 30106096.00
2022/05/06 3.66 3.69 3.57 3.69 9823134 35859456.00
2022/05/09 3.60 3.67 3.53 3.63 11188388 40840668.00
2022/05/10 3.57 3.67 3.53 3.65 8363418 30301326.00
2022/05/11 3.62 3.71 3.60 3.61 10725372 39646512.00
2022/05/12 3.58 3.67 3.57 3.65 6530535 23855416.00
2022/05/13 3.64 3.74 3.64 3.72 9009468 33564512.00
2022/05/16 3.71 3.80 3.69 3.77 8275879 31282740.00
2022/05/17 3.76 3.80 3.67 3.70 6511407 24315700.00
2022/05/18 3.72 3.76 3.69 3.72 6715826 25246236.00
2022/05/19 3.67 3.75 3.66 3.74 5988200 22408396.00
2022/05/20 3.74 3.80 3.73 3.78 6071897 23079432.00
2022/05/23 3.87 4.06 3.83 3.89 12317141 48603368.00
2022/05/24 3.84 3.93 3.70 3.72 10522000 40563444.00
2022/05/25 3.72 3.87 3.69 3.86 7100661 27212182.00
2022/05/26 3.91 3.91 3.76 3.89 6515095 25107556.00
2022/05/27 3.86 4.21 3.84 4.13 24283094 99133120.00
2022/05/30 4.05 4.16 4.00 4.14 29814213 122355536.00
2022/05/31 4.09 4.32 4.05 4.17 26545685 112259504.00
2022/06/01 4.18 4.38 4.16 4.35 28870663 125037944.00
2022/06/02 4.33 4.33 4.16 4.19 18562023 78817080.00
2022/06/06 4.16 4.18 4.09 4.13 12548407 52083528.00
2022/06/07 4.10 4.13 4.05 4.11 11524700 47429472.00
2022/06/08 4.09 4.14 3.96 4.08 14529801 59098372.00
2022/06/09 4.06 4.06 3.98 4.02 7316950 29663904.00
2022/06/10 3.99 4.05 3.99 4.03 8097900 32816848.00
2022/06/13 4.00 4.03 3.93 3.98 9565372 38274572.00
2022/06/14 3.93 3.97 3.85 3.96 7420140 29267804.00
2022/06/15 3.95 4.01 3.95 3.99 7916820 31814606.00
2022/06/16 3.98 4.06 3.97 4.06 10743801 43618576.00
2022/06/17 4.02 4.06 3.91 3.98 8396197 33637388.00
2022/06/20 3.98 3.98 3.91 3.95 8135650 32373088.00
2022/06/21 3.95 4.00 3.92 3.99 7292894 29005804.00
2022/06/22 3.99 4.01 3.89 3.90 6944393 27529772.00
2022/06/23 3.88 3.96 3.87 3.95 5756194 22660820.00
2022/06/24 3.95 4.01 3.89 3.97 6202201 24669036.00
2022/06/27 3.98 4.06 3.94 3.97 9193267 36848308.00
2022/06/28 3.96 4.04 3.95 4.01 7197753 28938330.00
2022/06/29 4.00 4.03 3.94 3.95 6081322 24331524.00
2022/06/30 3.94 4.04 3.92 3.95 12448231 49807660.00
2022/07/01 3.96 4.00 3.91 3.94 6885382 27354098.00
2022/07/04 3.94 3.95 3.90 3.91 6033167 23747644.00
2022/07/05 3.92 3.93 3.82 3.88 7248451 28214636.00
2022/07/06 3.88 3.88 3.76 3.79 6645725 25376844.00
2022/07/07 3.79 3.82 3.78 3.79 4449200 16973148.00
2022/07/08 3.79 3.85 3.78 3.83 5526038 21225740.00
2022/07/11 3.81 3.83 3.77 3.80 4094900 15651533.00
2022/07/12 3.78 3.82 3.78 3.78 4118545 15715935.00
2022/07/13 3.79 3.82 3.77 3.81 5753400 21942320.00
2022/07/14 3.80 3.82 3.76 3.77 5053700 19279700.00
2022/07/15 3.77 3.78 3.64 3.64 8449560 31259140.00
2022/07/18 3.65 3.79 3.65 3.79 8451910 31883768.00
2022/07/19 3.79 3.85 3.77 3.84 5161560 19808820.00
2022/07/20 3.83 3.88 3.82 3.85 4966313 19255964.00
2022/07/21 3.86 3.90 3.83 3.85 4609955 17898556.00
2022/07/22 3.84 3.88 3.81 3.84 4126645 15943371.00
2022/07/25 3.85 3.88 3.81 3.82 3079028 11893533.00
2022/07/26 3.83 3.86 3.80 3.86 3713122 14315204.00
2022/07/27 3.85 3.88 3.83 3.86 2778073 10771203.00
2022/07/28 3.86 3.91 3.85 3.87 4289819 16686322.00
2022/07/29 3.86 3.88 3.81 3.81 3228651 12440072.00
2022/08/01 3.82 3.84 3.78 3.79 3497097 13339423.00
2022/08/02 3.78 3.79 3.57 3.63 9980900 36464820.00
2022/08/03 3.63 3.71 3.59 3.60 4854538 17843624.00
2022/08/04 3.62 3.68 3.60 3.67 3575740 13090785.00
2022/08/05 3.68 3.75 3.66 3.73 3890531 14487665.00
2022/08/08 3.73 3.78 3.72 3.74 3299503 12431693.00
2022/08/09 3.75 3.78 3.69 3.73 2730274 10226545.00
2022/08/10 3.73 3.76 3.71 3.76 2812528 10574553.00
2022/08/11 3.77 3.82 3.76 3.81 3551771 13563461.00
2022/08/12 3.82 3.84 3.79 3.82 2873067 11042961.00
2022/08/15 3.82 3.86 3.77 3.84 5267689 20248796.00
2022/08/16 3.86 3.86 3.82 3.85 3601478 13912468.00
2022/08/17 3.85 3.88 3.84 3.86 2931399 11383688.00
2022/08/18 3.86 3.86 3.80 3.82 3244767 12446904.00
2022/08/19 3.84 3.87 3.81 3.81 4014811 15522446.00
2022/08/22 3.82 3.86 3.79 3.85 4094708 15816457.00
2022/08/23 3.85 3.88 3.82 3.84 2933300 11355150.00
2022/08/24 3.82 3.87 3.76 3.79 6124470 23548140.00
2022/08/25 3.80 3.85 3.74 3.84 7030812 26913510.00
2022/08/26 3.84 3.94 3.82 3.90 10472947 41051816.00
2022/08/29 3.86 3.91 3.83 3.91 6950365 27048892.00
2022/08/30 3.89 4.00 3.89 3.99 9565547 38195832.00
2022/08/31 4.00 4.05 3.92 3.95 10381012 41578712.00
2022/09/01 3.93 3.98 3.87 3.89 7903627 31078740.00
2022/09/02 3.89 4.00 3.89 3.98 10735362 42747832.00
2022/09/05 3.97 4.00 3.92 3.96 5366888 21301440.00
2022/09/06 3.98 3.99 3.92 3.96 5346406 21164316.00
2022/09/07 3.95 3.95 3.86 3.88 6655530 26065548.00
2022/09/08 3.91 3.92 3.86 3.87 4084959 15959709.00
2022/09/09 3.87 3.90 3.84 3.86 3674571 14255507.00
2022/09/13 3.86 3.90 3.84 3.86 3936834 15303151.00
2022/09/14 3.81 3.84 3.76 3.81 3949100 15117278.00
2022/09/15 3.82 3.87 3.74 3.78 5430210 20760922.00
2022/09/16 3.73 3.80 3.68 3.68 4518900 16965056.00
2022/09/19 3.69 3.72 3.60 3.65 5179045 18917016.00
2022/09/20 3.65 3.72 3.64 3.66 4713113 17404404.00
2022/09/21 3.63 3.73 3.58 3.70 5791343 21333464.00
2022/09/22 3.70 3.72 3.63 3.63 4293296 15827028.00
2022/09/23 3.65 3.65 3.56 3.58 4202458 15221685.00
2022/09/26 3.59 3.59 3.46 3.47 5916057 20920216.00
2022/09/27 3.50 3.59 3.48 3.59 4091694 14562434.00
2022/09/28 3.58 3.61 3.53 3.53 3519100 12631921.00
2022/09/29 3.56 3.58 3.43 3.45 4791194 16816148.00
2022/09/30 3.47 3.48 3.43 3.45 2984831 10391019.00
2022/10/10 3.47 3.48 3.38 3.40 3565284 12284900.00
2022/10/11 3.40 3.45 3.35 3.40 4535132 15433326.00
2022/10/12 3.40 3.48 3.37 3.47 4233214 14545048.00
2022/10/13 3.47 3.52 3.44 3.49 4445405 15559767.00
2022/10/14 3.50 3.56 3.50 3.53 4332400 15375292.00
2022/10/17 3.52 3.58 3.49 3.57 5644401 20108760.00
2022/10/18 3.57 3.58 3.54 3.55 3147681 11259393.00
2022/10/19 3.54 3.55 3.48 3.49 3053600 10788332.00
2022/10/20 3.49 3.53 3.46 3.50 4034528 14163987.00
2022/10/21 3.49 3.52 3.47 3.49 3562812 12534317.00
2022/10/24 3.51 3.53 3.39 3.41 4556320 15854401.00
2022/10/25 3.42 3.42 3.33 3.35 5393479 18225704.00
2022/10/26 3.37 3.41 3.35 3.38 4935300 16764780.00
2022/10/27 3.37 3.45 3.36 3.45 5523082 18987032.00
2022/10/28 3.43 3.43 3.30 3.31 6412182 21649852.00
2022/10/31 3.31 3.41 3.30 3.37 5073001 17136416.00
2022/11/01 3.37 3.51 3.37 3.50 7559343 26232434.00
2022/11/02 3.52 3.59 3.51 3.52 5750272 20491652.00
2022/11/03 3.52 3.55 3.46 3.49 3857171 13538992.00
2022/11/04 3.51 3.56 3.49 3.55 4242145 15046839.00
2022/11/07 3.51 3.67 3.51 3.62 6429996 23247126.00
2022/11/08 3.63 3.65 3.58 3.65 4182765 15226045.00
2022/11/09 3.64 3.65 3.60 3.63 2513220 9172343.00
2022/11/10 3.60 3.68 3.58 3.64 3930271 14397196.00
2022/11/11 3.70 3.72 3.65 3.67 5307925 19672836.00
2022/11/14 3.67 3.73 3.65 3.68 5795553 21506472.00
2022/11/15 3.70 3.72 3.66 3.69 4057831 15024773.00
2022/11/16 3.68 3.76 3.68 3.73 5478260 20526460.00
2022/11/17 3.75 3.84 3.73 3.81 10619026 40475400.00
2022/11/18 3.81 3.90 3.76 3.81 10293456 39638300.00
2022/11/21 3.75 3.80 3.67 3.69 7766700 29102252.00
2022/11/22 3.69 3.86 3.66 3.76 10030314 38067688.00
2022/11/23 3.78 3.82 3.69 3.78 7937554 29994650.00
2022/11/24 3.77 3.79 3.68 3.70 5328270 19945840.00
2022/11/25 3.71 3.87 3.69 3.87 13621750 52174700.00
2022/11/28 3.78 3.96 3.75 3.89 20676408 79941776.00
2022/11/29 3.86 3.92 3.80 3.89 14888190 57961252.00
2022/11/30 3.88 3.91 3.83 3.85 9474800 36813496.00
2022/12/01 3.89 3.91 3.83 3.85 9218877 35778364.00
2022/12/02 3.86 3.94 3.85 3.90 8308560 32561660.00
2022/12/05 3.92 4.01 3.89 4.00 11833067 46874284.00
2022/12/06 3.99 4.00 3.87 3.89 9492684 37349052.00
2022/12/07 3.89 3.92 3.82 3.90 6924965 26913004.00
2022/12/08 3.90 3.92 3.83 3.87 5624760 21852132.00
2022/12/09 3.87 3.88 3.78 3.81 6356901 24318792.00
2022/12/12 3.81 3.83 3.76 3.78 5421600 20664672.00
2022/12/13 3.79 3.95 3.76 3.85 8143709 31614272.00
2022/12/14 3.85 3.94 3.83 3.91 7475224 29280720.00
2022/12/15 3.93 3.93 3.82 3.84 5401468 21019728.00
2022/12/16 3.80 3.86 3.77 3.80 4246393 16218712.00
2022/12/19 3.80 3.83 3.69 3.71 4552800 17088394.00
2022/12/20 3.72 3.76 3.67 3.69 4900103 18307716.00
2022/12/21 3.69 3.89 3.68 3.80 8976790 34370376.00
2022/12/22 3.81 3.86 3.71 3.72 4900001 18677908.00
2022/12/23 3.73 3.89 3.72 3.82 7591449 29172704.00
2022/12/26 3.83 3.87 3.77 3.79 6356781 24394444.00
2022/12/27 3.80 3.84 3.76 3.77 4771811 18153444.00
2022/12/28 3.76 3.82 3.72 3.78 5421541 20589604.00
2022/12/29 3.81 3.85 3.75 3.77 6675170 25524376.00
2022/12/30 3.79 3.96 3.73 3.95 12083234 47428176.00
2023/01/03 3.94 4.02 3.89 3.98 10774331 42939512.00
2023/01/04 3.98 4.06 3.95 4.01 9824865 39667736.00
2023/01/05 4.01 4.02 3.92 3.94 6599222 26255780.00
2023/01/06 3.95 3.96 3.81 3.83 8419308 32707594.00
2023/01/09 3.86 3.86 3.78 3.80 5995339 22973612.00
2023/01/10 3.82 3.82 3.75 3.79 5581402 21202182.00
2023/01/11 3.79 3.80 3.68 3.71 7059714 26573020.00
2023/01/12 3.70 3.77 3.67 3.72 6368726 23800130.00
2023/01/13 3.75 3.77 3.71 3.75 4170315 15683298.00
2023/01/16 3.78 3.80 3.73 3.74 6625500 25074732.00
2023/01/17 3.72 3.77 3.69 3.72 5043800 18883132.00
2023/01/18 3.71 3.78 3.71 3.76 4321300 16300322.00
2023/01/19 3.75 3.84 3.73 3.84 5997200 22877652.00
2023/01/20 3.82 3.88 3.82 3.85 4494000 17405788.00
2023/01/30 3.89 3.90 3.85 3.87 6283176 24446252.00
2023/01/31 3.87 3.92 3.84 3.91 5744726 22419060.00
2023/02/01 3.91 3.95 3.86 3.95 6580958 25840532.00
2023/02/02 3.95 4.01 3.93 3.97 6846351 27381326.00
2023/02/03 3.96 4.02 3.92 3.97 7033007 28049916.00
2023/02/06 3.97 4.01 3.94 3.96 5235700 20924612.00
2023/02/07 3.98 4.04 3.96 4.02 5831338 23424946.00
2023/02/08 4.03 4.05 3.94 3.99 6980120 28045148.00
2023/02/09 3.98 4.03 3.97 4.02 5163548 20803526.00
2023/02/10 4.03 4.08 4.01 4.04 5550513 22571148.00
2023/02/13 4.02 4.05 4.00 4.02 4541610 18339194.00
2023/02/14 4.04 4.42 4.01 4.42 51454968 225285104.00
2023/02/15 4.59 4.86 4.59 4.86 66587654 321054720.00
2023/02/16 5.35 5.35 4.82 5.01 172540091 887885312.00
2023/02/17 4.78 4.82 4.51 4.53 118048356 545744640.00
2023/02/20 4.50 4.61 4.38 4.56 69289864 312686176.00
2023/02/21 4.48 4.58 4.44 4.55 49477477 224631952.00
2023/02/22 4.50 4.52 4.40 4.44 39721437 177224080.00
2023/02/23 4.43 4.45 4.30 4.33 40031462 174693968.00
2023/02/24 4.33 4.37 4.30 4.36 24193650 105617736.00
2023/02/27 4.34 4.35 4.27 4.28 20252200 87528664.00
2023/02/28 4.32 4.36 4.28 4.34 16510081 71680408.00
2023/03/01 4.35 4.40 4.31 4.39 31829228 139587536.00
2023/03/02 4.40 4.53 4.39 4.47 45911038 205675872.00
2023/03/03 4.43 4.52 4.40 4.43 29347937 130906000.00
2023/03/06 4.44 4.51 4.42 4.45 25529516 114477008.00
2023/03/07 4.45 4.47 4.31 4.33 24124012 106270176.00
2023/03/08 4.35 4.44 4.32 4.42 16782776 74126376.00
2023/03/09 4.44 4.44 4.35 4.38 10578032 46599712.00
2023/03/10 4.40 4.60 4.35 4.51 51579485 232841360.00
2023/03/13 4.40 4.46 4.30 4.44 43614442 191445712.00
2023/03/14 4.43 4.50 4.40 4.42 29524557 131764584.00
2023/03/15 4.45 4.45 4.35 4.42 19295787 85276968.00
2023/03/16 4.38 4.43 4.28 4.33 20044554 88004968.00
2023/03/17 4.34 4.50 4.34 4.47 29933656 133822152.00
2023/03/20 4.45 4.54 4.41 4.42 18572416 83105400.00
2023/03/21 4.45 4.49 4.38 4.48 14778515 66071616.00
2023/03/22 4.48 4.53 4.43 4.53 17152540 77222864.00
2023/03/23 4.52 4.52 4.41 4.47 16028140 71641872.00
2023/03/24 4.48 4.52 4.42 4.50 19370093 87073040.00
2023/03/27 4.48 4.52 4.39 4.47 15797158 70649904.00
2023/03/28 4.49 4.57 4.40 4.47 21073560 95163208.00
2023/03/29 4.47 4.50 4.38 4.43 15470000 68873056.00
2023/03/30 4.43 4.43 4.29 4.31 14553201 63544544.00
2023/03/31 4.28 4.53 4.28 4.52 25384591 113318104.00
2023/04/03 4.51 4.60 4.48 4.58 19270010 88177256.00
2023/04/04 4.61 4.67 4.52 4.55 20470777 94241528.00
2023/04/06 4.51 4.54 4.33 4.36 20377602 90165328.00
2023/04/07 4.36 4.47 4.26 4.43 22928100 100614616.00
2023/04/10 4.40 4.49 4.32 4.33 18111180 80027392.00
2023/04/11 4.39 4.77 4.29 4.77 30611765 140651600.00
2023/04/12 5.03 5.03 4.76 4.83 91346412 445628032.00
2023/04/13 4.86 5.17 4.84 4.94 89319944 445287040.00
2023/04/14 4.86 4.97 4.68 4.76 60155050 289555936.00
2023/04/17 4.75 4.75 4.61 4.66 29313600 137301360.00
2023/04/18 4.67 4.67 4.53 4.61 24412050 112632888.00
2023/04/19 4.61 4.81 4.61 4.72 41357678 196725616.00
2023/04/20 4.70 4.90 4.65 4.89 48066820 232090192.00
2023/04/21 4.83 5.13 4.75 4.86 59002996 290958464.00
2023/04/24 4.85 5.34 4.77 5.25 94550178 479842464.00
2023/04/25 5.08 5.10 4.81 4.99 76139276 380265056.00
2023/04/26 4.90 5.49 4.73 5.30 113171673 586617024.00
2023/04/27 5.18 5.51 4.98 5.08 104275527 548871296.00
2023/04/28 5.01 5.58 4.93 5.48 108726212 586148672.00
2023/05/04 5.47 6.03 5.39 6.03 127165196 737249792.00
2023/05/05 5.86 6.44 5.63 6.19 129767238 779963264.00
2023/05/08 5.99 6.40 5.71 6.00 105399946 635445184.00
2023/05/09 5.84 6.04 5.40 5.47 93530374 532042048.00
2023/05/10 5.45 5.62 5.25 5.36 53825226 293486464.00
2023/05/11 5.36 5.90 5.31 5.90 66750492 379400896.00
2023/05/12 5.92 5.92 5.50 5.56 72399148 411583232.00
2023/05/15 5.48 6.12 5.39 6.12 115368992 683631872.00
2023/05/16 6.21 6.72 5.84 6.33 181431052 1137861632.00
2023/05/17 5.94 6.34 5.70 5.70 133966903 800369344.00
2023/05/18 5.56 5.61 5.24 5.36 87428205 472220640.00
2023/05/19 5.25 5.32 4.98 5.00 72061367 366887328.00
2023/05/22 4.98 5.00 4.83 4.89 45687860 224144368.00
2023/05/23 4.87 4.88 4.67 4.69 37845418 180170784.00
2023/05/24 4.67 4.79 4.61 4.69 35966116 169922976.00
2023/05/25 4.66 4.70 4.47 4.54 43442016 198716304.00
2023/05/26 4.53 4.65 4.45 4.58 34644728 158726496.00
2023/05/29 4.58 4.66 4.57 4.62 35156050 162898576.00
2023/05/30 4.63 4.77 4.49 4.76 42124653 196339648.00
2023/05/31 4.70 4.82 4.68 4.73 34545867 164804112.00
2023/06/01 4.73 5.00 4.67 4.94 59927990 294750176.00
2023/06/02 4.91 5.00 4.84 4.93 39773394 196491872.00
2023/06/05 4.90 5.16 4.88 5.13 54592109 278555968.00
2023/06/06 5.11 5.26 5.02 5.05 60979766 315797536.00
2023/06/07 5.09 5.54 4.95 5.42 85488883 451683168.00
2023/06/08 5.35 5.36 5.16 5.20 59179009 311327744.00
2023/06/09 5.21 5.72 5.17 5.72 131547930 741865472.00
2023/06/12 5.72 5.76 5.54 5.68 92268729 522567904.00
2023/06/13 5.63 5.79 5.51 5.57 78679480 443611328.00
2023/06/14 5.53 5.70 5.47 5.54 53404925 298926080.00
2023/06/15 5.52 5.65 5.45 5.47 47382609 263216976.00
2023/06/16 5.44 5.53 5.30 5.42 37390245 203456528.00
2023/06/19 5.43 5.45 5.30 5.34 33109240 178031792.00
2023/06/20 5.35 5.50 5.29 5.34 43492912 234872880.00
2023/06/21 5.36 5.43 5.03 5.05 44882167 232612096.00
2023/06/26 5.10 5.19 4.72 4.75 39084268 192535056.00
2023/06/27 4.77 4.93 4.72 4.88 27085392 131567328.00
2023/06/28 4.89 4.90 4.61 4.79 32428400 153428192.00
2023/06/29 4.78 4.86 4.73 4.83 21344110 102976624.00
2023/06/30 4.81 4.85 4.71 4.81 23135654 111107784.00
2023/07/03 4.82 4.83 4.66 4.73 22960391 108980784.00
2023/07/04 4.70 4.75 4.63 4.72 21760836 102377632.00
2023/07/05 4.73 4.74 4.63 4.63 15972692 74852672.00
2023/07/06 4.63 4.73 4.61 4.62 18589352 86864336.00
2023/07/07 4.62 4.66 4.50 4.61 17350736 79760824.00
2023/07/10 4.61 4.67 4.59 4.67 13118826 61172256.00
2023/07/11 4.67 4.69 4.58 4.63 12745910 59206976.00
2023/07/12 4.63 4.67 4.51 4.53 16773404 77176416.00
2023/07/13 4.53 4.73 4.52 4.70 26155704 121713992.00
2023/07/14 4.67 4.82 4.64 4.76 29422786 140666736.00
2023/07/17 4.76 4.79 4.64 4.68 20113042 94514320.00
2023/07/18 4.67 4.68 4.56 4.58 15654420 72072016.00
2023/07/19 4.57 4.69 4.55 4.66 23386300 108386944.00
2023/07/20 4.66 4.72 4.61 4.62 20277300 94898800.00
2023/07/21 4.63 4.73 4.58 4.65 18129722 84640792.00
2023/07/24 4.62 4.87 4.60 4.76 30305491 145414112.00
2023/07/25 4.74 4.82 4.71 4.80 20654774 99112264.00
2023/07/26 4.78 4.78 4.66 4.71 18599712 87731176.00
2023/07/27 4.68 4.72 4.61 4.62 13102560 61246560.00
2023/07/28 4.61 4.63 4.53 4.62 13625083 62626344.00
2023/07/31 4.59 4.72 4.57 4.72 23718860 111058568.00
2023/08/01 4.71 4.75 4.68 4.73 17217800 81510928.00
2023/08/02 4.73 4.73 4.65 4.68 11595300 54460404.00
2023/08/03 4.68 4.71 4.64 4.66 8810874 41276228.00
2023/08/04 4.67 4.75 4.66 4.72 19750970 93664608.00
2023/08/07 4.72 4.82 4.70 4.76 21455867 102768624.00
2023/08/08 4.77 5.23 4.74 5.06 73655677 370443392.00
2023/08/09 4.95 4.99 4.79 4.84 43914992 215217040.00
2023/08/10 4.84 4.90 4.76 4.83 23491998 113557648.00
2023/08/11 4.79 4.84 4.66 4.66 20833790 99134032.00
2023/08/14 4.57 4.75 4.53 4.73 19809320 92577104.00
2023/08/15 4.75 4.77 4.58 4.59 17694364 82299912.00
2023/08/16 4.59 4.59 4.43 4.46 18689755 84310880.00
2023/08/17 4.46 4.52 4.39 4.51 12568856 56354768.00
2023/08/18 4.49 4.54 4.38 4.39 12728300 56902360.00
2023/08/21 4.39 4.46 4.37 4.38 8165800 36164068.00
2023/08/22 4.41 4.50 4.38 4.50 15628279 69803136.00
2023/08/23 4.47 4.51 4.41 4.43 12487600 55998136.00
2023/08/24 4.47 4.63 4.44 4.57 24295615 111070608.00
2023/08/25 4.63 4.78 4.56 4.67 35555471 166878032.00
2023/08/28 4.86 4.86 4.67 4.68 30649178 145462512.00
2023/08/29 4.63 4.86 4.63 4.84 30714675 147845856.00
2023/08/30 4.86 4.88 4.76 4.85 23865048 115562704.00
2023/08/31 4.85 4.85 4.75 4.79 16928854 81601584.00
2023/09/01 4.82 4.82 4.72 4.75 14942516 71463936.00
2023/09/04 4.77 4.78 4.70 4.76 14081400 66999112.00
2023/09/05 4.74 4.74 4.59 4.64 16272890 75846512.00
2023/09/06 4.62 4.64 4.56 4.58 9311600 42835504.00
2023/09/07 4.56 4.64 4.52 4.53 12887000 59128704.00
2023/09/08 4.49 4.53 4.42 4.48 11476119 51470568.00
2023/09/11 4.46 4.54 4.44 4.51 11544110 52077916.00
2023/09/12 4.50 4.51 4.47 4.50 6951710 31367420.00
2023/09/13 4.49 4.51 4.40 4.43 12379515 55198784.00
2023/09/14 4.41 4.44 4.37 4.41 8182400 36184392.00
2023/09/15 4.42 4.46 4.40 4.43 8907900 39644228.00
2023/09/18 4.42 4.48 4.38 4.46 8493458 37848056.00
2023/09/19 4.46 4.50 4.41 4.42 9403264 42071248.00
2023/09/20 4.41 4.47 4.39 4.39 8983700 39947520.00
2023/09/21 4.40 4.42 4.33 4.35 7356500 32273680.00
2023/09/22 4.35 4.45 4.32 4.45 10437685 46223784.00
2023/09/25 4.47 4.47 4.38 4.40 10063865 44622696.00
2023/09/26 4.39 4.48 4.38 4.43 8378865 37336828.00
2023/09/27 4.44 4.48 4.41 4.45 7973100 35673404.00
2023/09/28 4.47 4.50 4.43 4.49 9606986 43125168.00
2023/10/09 4.45 4.47 4.38 4.42 10255807 45401344.00
2023/10/10 4.42 4.47 4.41 4.41 8026610 35782256.00
2023/10/11 4.42 4.55 4.40 4.46 15208560 68553024.00
2023/10/12 4.51 4.53 4.41 4.42 10080400 44981916.00
2023/10/13 4.39 4.46 4.34 4.35 10553413 46552904.00
2023/10/16 4.35 4.39 4.29 4.36 10683737 46478656.00
2023/10/17 4.37 4.38 4.28 4.29 8134101 35252568.00
2023/10/18 4.27 4.28 4.18 4.19 9214000 38938660.00
2023/10/19 4.18 4.23 4.15 4.17 8125206 34234348.00
2023/10/20 4.17 4.20 4.11 4.12 6049415 25195540.00
2023/10/23 4.12 4.14 4.00 4.04 8720600 35623140.00
2023/10/24 4.05 4.19 4.03 4.16 9304200 38681800.00
2023/10/25 4.17 4.23 4.16 4.20 8442300 35651960.00
2023/10/26 4.18 4.25 4.17 4.24 7203000 30501528.00
2023/10/27 4.21 4.21 4.10 4.15 18165001 75811560.00
2023/10/30 4.14 4.20 4.08 4.18 15908872 66169480.00
2023/10/31 4.16 4.25 4.13 4.18 12672537 53378856.00
2023/11/01 4.18 4.26 4.14 4.21 11012884 46700204.00
2023/11/02 4.21 4.37 4.19 4.30 24251733 105124960.00
2023/11/03 4.32 4.34 4.24 4.30 13193721 56770628.00
2023/11/06 4.32 4.71 4.31 4.63 44229920 201550304.00
2023/11/07 4.49 4.61 4.45 4.59 36118248 164531776.00
2023/11/08 4.55 4.73 4.53 4.69 32070119 150386464.00
2023/11/09 4.69 4.70 4.54 4.57 20922800 96761048.00
2023/11/10 4.56 4.58 4.44 4.47 14574542 65660124.00
2023/11/13 4.49 4.61 4.49 4.58 13656700 62496724.00
2023/11/14 4.56 4.60 4.54 4.56 11198615 51340324.00
2023/11/15 4.58 4.60 4.52 4.54 9708100 44369616.00
2023/11/16 4.50 4.63 4.49 4.59 15974015 73757040.00
2023/11/17 4.57 4.65 4.56 4.62 12944000 59909304.00
2023/11/20 4.62 4.70 4.60 4.68 14583900 68298928.00
2023/11/21 4.65 4.79 4.65 4.74 17499309 83075864.00
2023/11/22 4.73 4.90 4.70 4.81 28665470 138439664.00
2023/11/23 4.89 4.90 4.72 4.76 24759401 118521792.00
2023/11/24 4.74 4.85 4.68 4.71 21083000 100849224.00
2023/11/27 4.69 4.75 4.66 4.69 17846433 84167952.00
2023/11/28 4.69 4.70 4.61 4.66 11556000 53901628.00
2023/11/29 4.66 4.68 4.58 4.60 10479929 48499280.00
2023/11/30 4.63 4.66 4.57 4.59 9792920 45316692.00
2023/12/01 4.63 4.78 4.58 4.77 16387920 77500400.00
2023/12/04 4.77 4.90 4.77 4.80 16253600 78849008.00
2023/12/05 4.80 4.86 4.74 4.76 14640816 70363912.00
2023/12/06 4.73 4.91 4.66 4.87 20359380 98803168.00
2023/12/07 4.88 5.02 4.85 4.97 32068945 159223504.00
2023/12/08 4.97 4.97 4.83 4.86 23328933 114608368.00
2023/12/11 4.83 5.13 4.79 5.07 36299100 182002752.00
2023/12/12 5.03 5.36 4.99 5.19 55222031 284280480.00
2023/12/13 5.13 5.24 5.04 5.16 46688110 241752912.00
2023/12/14 5.12 5.55 5.12 5.28 83875702 448989536.00
2023/12/15 5.27 5.51 5.20 5.50 89356897 481862144.00
2023/12/18 5.56 5.56 5.21 5.25 69475932 372147328.00
2023/12/19 5.21 5.37 5.11 5.17 51952233 271714688.00
2023/12/20 5.18 5.22 4.98 5.02 39711328 201192976.00
2023/12/21 4.96 4.98 4.81 4.94 31391346 154762528.00
2023/12/22 4.93 4.94 4.54 4.59 37931103 178877600.00
2023/12/25 4.56 4.68 4.44 4.51 22472814 101765176.00
2023/12/26 4.51 4.51 4.38 4.42 15605619 69511776.00
2023/12/27 4.44 4.46 4.38 4.40 11969590 53042620.00
2023/12/28 4.39 4.43 4.31 4.38 17762700 78245424.00
2023/12/29 4.35 4.53 4.35 4.45 20643040 92302056.00
2024/01/02 4.47 4.56 4.46 4.48 15405141 69698088.00
2024/01/03 4.48 4.93 4.45 4.93 26435426 126070792.00
2024/01/04 5.07 5.08 4.77 4.81 64100625 313660416.00
2024/01/05 4.81 4.83 4.61 4.64 35327235 165902352.00
2024/01/08 4.64 5.11 4.63 5.11 26772143 135260224.00
2024/01/09 5.37 5.62 5.09 5.18 155973716 846151168.00
2024/01/10 4.94 5.06 4.78 4.87 104073946 510923872.00
2024/01/11 4.76 4.91 4.72 4.83 61446981 298448960.00
2024/01/12 4.78 4.87 4.67 4.70 45708841 216448448.00
2024/01/15 4.70 4.77 4.59 4.63 34345811 161487040.00
2024/01/16 4.62 4.62 4.41 4.50 32403042 145802912.00
2024/01/17 4.48 4.48 4.36 4.38 19521100 86810672.00
2024/01/18 4.33 4.41 4.17 4.33 28161150 120777232.00
2024/01/19 4.31 4.46 4.28 4.36 29543750 129934256.00
2024/01/22 4.35 4.50 4.00 4.04 29441974 125169696.00
2024/01/23 4.08 4.22 3.97 4.15 27910484 114266288.00
2024/01/24 4.16 4.57 4.16 4.49 71277252 317459040.00
2024/01/25 4.48 4.94 4.41 4.94 91883017 434090368.00
2024/01/26 4.98 5.22 4.87 5.05 106265742 536467488.00
2024/01/29 4.98 5.08 4.83 4.90 59744360 296593728.00
2024/01/30 4.83 4.86 4.62 4.69 50957262 242122800.00
2024/01/31 4.66 5.16 4.60 5.16 43468186 216439280.00
2024/02/01 5.36 5.38 4.74 4.93 108859261 544858304.00
2024/02/02 4.88 5.43 4.88 5.01 133375424 686556352.00
2024/02/05 4.51 4.51 4.51 4.51 8292600 37565480.00
2024/02/06 4.06 4.40 4.06 4.18 102179789 422973216.00
2024/02/07 4.08 4.25 3.76 3.87 82407403 332964224.00
2024/02/08 3.85 4.07 3.48 4.00 69306015 264765632.00
2024/02/19 4.00 4.21 3.98 4.21 65606986 270988192.00
2024/02/20 4.17 4.37 4.05 4.26 65581002 278466272.00
2024/02/21 4.18 4.41 4.11 4.29 68423462 295266272.00
2024/02/22 4.29 4.42 4.26 4.37 45000091 196114032.00
2024/02/23 4.37 4.62 4.30 4.60 70762811 317888768.00
2024/02/26 4.56 4.56 4.40 4.50 50128382 225650576.00
2024/02/27 4.48 4.61 4.40 4.60 43247228 196449472.00
2024/02/28 4.61 4.73 4.30 4.32 59599186 272579968.00
2024/02/29 4.28 4.48 4.24 4.45 33334078 147070256.00
2024/03/01 4.45 4.50 4.33 4.49 36255453 161244880.00
2024/03/04 4.51 4.51 4.31 4.48 28808735 128043232.00
2024/03/05 4.44 4.73 4.36 4.54 53136446 242391296.00
2024/03/06 4.51 4.62 4.41 4.50 31051982 140288352.00
2024/03/07 4.51 4.53 4.36 4.39 28248482 126338224.00
2024/03/08 4.37 4.56 4.37 4.49 28859332 129829184.00
2024/03/11 4.47 4.50 4.42 4.50 19469982 87378632.00
2024/03/12 4.50 4.54 4.46 4.52 21492614 97146456.00
2024/03/13 4.51 4.68 4.48 4.65 42868880 197807088.00
2024/03/14 4.61 4.63 4.47 4.54 28305400 129488664.00
2024/03/15 4.59 4.63 4.50 4.57 23829357 109307608.00
2024/03/18 4.56 4.67 4.55 4.66 31825525 147443328.00
2024/03/19 4.63 4.82 4.63 4.65 32519279 153665024.00
2024/03/20 4.62 4.85 4.62 4.82 35527071 170153760.00
2024/03/21 4.87 5.22 4.84 5.21 63755085 319841152.00
2024/03/22 5.28 5.73 5.13 5.73 117263284 657062144.00
2024/03/25 6.31 6.31 5.72 5.79 221838799 1373256448.00
2024/03/26 5.71 5.92 5.21 5.30 163604241 898557312.00
2024/03/27 5.17 5.35 4.90 4.99 105471365 537203904.00
2024/03/28 4.99 5.30 4.99 5.17 91355357 475504288.00
2024/03/29 5.14 5.22 4.97 5.02 62292084 315761984.00
2024/04/01 5.03 5.23 5.00 5.17 68883537 352386656.00
2024/04/02 5.15 5.20 4.96 5.00 53756622 271929824.00
2024/04/03 4.98 4.99 4.76 4.81 38287040 185448672.00
2024/04/08 4.81 4.89 4.68 4.83 30313165 146124352.00
2024/04/09 4.83 4.92 4.71 4.88 29279200 142001344.00
2024/04/10 4.84 4.92 4.77 4.82 30039744 145750832.00
2024/04/11 4.78 5.04 4.76 5.01 58397885 290958016.00
2024/04/12 4.98 4.98 4.70 4.71 45760793 221573440.00
2024/04/15 4.70 4.73 4.43 4.52 43912903 201122208.00
2024/04/16 4.46 4.51 4.15 4.15 43503437 185557984.00
2024/04/17 4.21 4.42 4.21 4.39 30615248 133770192.00
2024/04/18 4.39 4.41 4.28 4.31 23334236 101848584.00
2024/04/19 4.29 4.36 4.22 4.25 18169700 78040152.00
2024/04/22 4.20 4.26 4.11 4.19 16543300 69613984.00
2024/04/23 4.20 4.28 4.20 4.26 16553029 70642056.00
2024/04/24 4.25 4.40 4.21 4.39 20819901 90509528.00
2024/04/25 4.36 4.40 4.30 4.34 15263781 66713184.00
2024/04/26 4.29 4.47 4.26 4.43 23010374 101505832.00
2024/04/29 4.47 4.57 4.45 4.53 20956008 95101680.00
2024/04/30 4.53 4.55 4.37 4.44 20931723 93442560.00
2024/05/06 4.51 4.54 4.48 4.53 18499948 83732976.00
2024/05/07 4.53 4.62 4.48 4.51 21347616 97492040.00
2024/05/08 4.47 4.47 4.36 4.37 18830000 83235528.00
2024/05/09 4.37 4.44 4.37 4.41 11718791 51971380.00
2024/05/10 4.41 4.45 4.31 4.35 14702500 64398640.00
2024/05/13 4.32 4.32 4.18 4.22 15928129 67921392.00
2024/05/14 4.27 4.33 4.21 4.28 12518228 53659108.00
2024/05/15 4.29 4.34 4.25 4.27 12480900 53863028.00
2024/05/16 4.27 4.37 4.27 4.35 14166994 61704628.00
2024/05/17 4.35 4.36 4.25 4.32 16242926 70021432.00
2024/05/20 4.28 4.36 4.26 4.30 16001794 69337896.00
2024/05/21 4.32 4.38 4.28 4.33 17381500 75636232.00
2024/05/22 4.32 4.42 4.28 4.39 20439740 89796872.00
2024/05/23 4.39 4.40 4.22 4.23 19838188 85162904.00
2024/05/24 4.22 4.27 4.20 4.20 10501200 44583656.00
2024/05/27 4.22 4.24 4.13 4.21 10330460 43284460.00
2024/05/28 4.21 4.21 4.14 4.14 7944700 33212012.00
2024/05/29 4.15 4.17 4.06 4.09 12907739 53382700.00
2024/05/30 4.07 4.15 4.01 4.11 9663992 39800352.00
2024/05/31 4.12 4.15 4.08 4.11 9270370 38325192.00
2024/06/03 4.08 4.10 3.95 3.99 17194000 69376640.00
2024/06/04 4.00 4.01 3.91 3.99 11246321 44723412.00
2024/06/05 3.96 3.99 3.88 3.89 12560746 49623184.00
2024/06/06 3.89 3.92 3.74 3.77 15447106 59037076.00
2024/06/07 3.79 3.92 3.78 3.90 11433951 44113668.00
2024/06/11 3.89 3.96 3.84 3.94 9143106 35759156.00
2024/06/12 3.94 4.05 3.90 4.03 13013860 52276880.00
2024/06/13 4.00 4.05 3.95 3.97 9150701 36562740.00
2024/06/14 3.96 4.03 3.95 3.99 7798167 31163112.00
2024/06/17 3.96 3.98 3.87 3.88 9808200 38529976.00
2024/06/18 3.88 3.93 3.87 3.91 6581070 25776966.00
2024/06/19 3.91 3.93 3.86 3.90 6940501 27113242.00
2024/06/20 3.88 3.89 3.78 3.78 7951310 30455518.00
2024/06/21 3.76 3.81 3.74 3.77 7061001 26738000.00
2024/06/24 3.72 3.72 3.59 3.61 10463901 38266768.00
2024/06/25 3.60 3.68 3.60 3.62 5644083 20548648.00
2024/06/26 3.62 3.89 3.59 3.86 19591900 74091976.00
2024/06/27 3.85 4.02 3.83 3.85 21562000 84676864.00
2024/06/28 3.89 3.92 3.77 3.78 13991701 53592572.00
2024/07/01 3.75 3.85 3.69 3.84 11550600 43706840.00
2024/07/02 3.86 3.92 3.84 3.88 10622729 41346324.00
2024/07/03 3.88 3.90 3.81 3.82 9251201 35768824.00
2024/07/04 3.82 3.86 3.67 3.70 9608600 36010556.00
2024/07/05 3.72 3.78 3.65 3.76 7566041 28319596.00
2024/07/08 3.75 3.76 3.62 3.62 8878550 32623248.00
2024/07/09 3.61 3.70 3.56 3.69 8556360 31176278.00
2024/07/10 3.67 3.69 3.61 3.62 7124000 26062056.00
2024/07/11 3.68 3.73 3.65 3.71 8665400 32066946.00
2024/07/12 3.69 3.75 3.69 3.73 8393100 31331678.00
2024/07/15 3.74 3.74 3.67 3.69 6148020 22762470.00
2024/07/16 3.66 3.69 3.63 3.66 5756900 21063304.00
2024/07/17 3.67 3.87 3.66 3.78 21155720 80196752.00
2024/07/18 3.74 3.74 3.64 3.70 14617552 53916652.00
2024/07/19 3.69 3.78 3.67 3.72 10140500 37887172.00
2024/07/22 3.69 3.74 3.66 3.71 6874810 25496888.00
2024/07/23 3.71 3.74 3.65 3.65 8585400 31896216.00
2024/07/24 3.65 3.71 3.62 3.64 10170630 37358344.00
2024/07/25 3.63 3.76 3.58 3.73 14982900 55429592.00
2024/07/26 3.74 3.82 3.71 3.81 13665708 51650508.00
2024/07/29 3.80 3.86 3.74 3.83 11748600 44836008.00
2024/07/30 3.79 3.92 3.79 3.90 14276200 55362996.00
2024/07/31 3.91 4.02 3.90 4.00 18231700 72769000.00
2024/08/01 4.00 4.04 3.95 3.97 11390547 45504772.00
2024/08/02 3.94 4.02 3.91 3.95 10274669 40951168.00
2024/08/05 3.94 4.02 3.84 3.85 12822901 50594096.00
2024/08/06 3.89 3.93 3.86 3.92 8655500 33755008.00
2024/08/07 3.94 3.95 3.89 3.91 6722800 26431266.00
2024/08/08 3.91 3.93 3.86 3.92 9347400 36527240.00
2024/08/09 3.90 3.94 3.83 3.84 9244000 35975548.00
2024/08/12 3.82 3.87 3.77 3.80 7528301 28753900.00
2024/08/13 3.78 3.81 3.71 3.75 8651515 32500728.00
2024/08/14 3.74 3.80 3.73 3.77 6663800 25203704.00
2024/08/15 3.76 3.87 3.72 3.85 9220300 35248368.00
2024/08/16 3.85 3.87 3.80 3.81 5911500 22694392.00
2024/08/19 3.80 3.89 3.79 3.86 7018400 27034536.00
2024/08/20 3.84 3.90 3.81 3.87 8837200 34112284.00
2024/08/21 3.86 3.90 3.77 3.79 8480700 32608334.00
2024/08/22 3.80 3.82 3.64 3.65 9691120 36022512.00
2024/08/23 3.65 3.67 3.58 3.60 7676200 27783104.00
2024/08/26 3.60 3.65 3.56 3.63 5557800 20130676.00
2024/08/27 3.61 3.66 3.58 3.59 5767488 20876678.00
2024/08/28 3.57 3.66 3.55 3.64 7066353 25586020.00
2024/08/29 3.61 3.67 3.60 3.65 4856446 17726690.00
2024/08/30 3.64 3.81 3.64 3.78 13531800 51085896.00
2024/09/02 3.77 3.81 3.70 3.72 7844300 29598172.00
2024/09/03 3.73 3.78 3.71 3.77 5884800 22119932.00
2024/09/04 3.71 3.80 3.71 3.75 6070200 22873488.00
2024/09/05 3.73 3.84 3.73 3.82 7529220 28675912.00
2024/09/06 3.82 3.85 3.79 3.80 6385056 24452202.00
2024/09/09 3.79 3.84 3.74 3.80 5525653 21044990.00
2024/09/10 3.84 3.89 3.78 3.87 9818389 37728252.00
2024/09/11 3.85 3.87 3.80 3.82 6657700 25601572.00
2024/09/12 3.80 3.87 3.80 3.82 5979600 22969196.00
2024/09/13 3.81 3.85 3.74 3.80 5488756 20965200.00
2024/09/18 3.83 3.84 3.69 3.76 5111747 19232020.00
2024/09/19 3.75 3.90 3.75 3.90 10414300 40124616.00
2024/09/20 3.87 4.27 3.85 4.13 56804444 232566784.00
2024/09/23 4.08 4.27 4.02 4.15 54587452 225879120.00
2024/09/24 4.18 4.57 4.11 4.48 89877680 395833824.00
2024/09/25 4.68 4.89 4.42 4.43 103839512 478958208.00
2024/09/26 4.39 4.53 4.39 4.52 57801740 259178080.00
2024/09/27 4.59 4.68 4.53 4.62 37916032 174527904.00
2024/09/30 4.72 5.04 4.57 4.95 80202664 388353760.00
2024/10/08 5.45 5.45 4.86 5.19 90869488 466411200.00
2024/10/09 4.99 5.04 4.67 4.67 52641092 253727392.00
2024/10/10 4.67 4.88 4.54 4.69 35978400 169418912.00
2024/10/11 4.68 4.72 4.44 4.49 30232928 138930832.00
2024/10/14 4.58 4.67 4.49 4.64 23445440 108014120.00
2024/10/15 4.65 4.73 4.58 4.62 23776414 110936320.00
2024/10/16 4.50 4.71 4.50 4.67 16411400 76211288.00
2024/10/17 4.68 4.74 4.62 4.66 20077560 94112088.00
2024/10/18 4.62 5.13 4.60 5.13 65477904 327826560.00
2024/10/21 5.33 5.64 5.14 5.64 112185688 614284352.00
2024/10/22 5.64 6.21 5.47 6.21 159459504 961195584.00
2024/10/23 6.21 6.29 5.59 5.68 157403024 924472512.00
2024/10/24 5.47 5.61 5.41 5.48 73770912 406055456.00
2024/10/25 5.48 6.03 5.47 6.03 107442688 637234048.00
2024/10/28 6.29 6.63 6.16 6.63 103517592 667352640.00
2024/10/29 7.29 7.29 6.50 6.51 86858264 602766144.00
2024/10/30 6.82 7.16 6.65 6.89 166630640 1154751616.00
2024/10/31 6.65 7.54 6.56 7.04 144844512 1023583488.00
2024/11/01 6.84 6.99 6.34 6.34 92121440 603489344.00
2024/11/04 5.99 6.36 5.98 6.25 57803604 360385824.00
2024/11/05 6.23 6.38 6.19 6.29 52501888 329822688.00
2024/11/06 6.28 6.92 6.28 6.92 89281760 609450880.00
2024/11/07 6.99 7.43 6.86 7.03 109209520 773875392.00
2024/11/08 6.99 7.29 6.81 6.82 71777624 501670624.00
2024/11/11 6.65 6.98 6.65 6.91 51064560 349525152.00
2024/11/12 6.89 6.94 6.52 6.61 43404640 291691712.00
2024/11/13 6.94 7.27 6.77 6.87 123951576 877541760.00
2024/11/14 6.61 6.75 6.34 6.36 76862800 501033856.00
2024/11/15 6.42 6.53 6.21 6.21 43596636 278588256.00
2024/11/18 6.31 6.37 5.69 5.92 45294032 267701296.00
2024/11/19 5.87 5.97 5.74 5.97 28302910 166040064.00
2024/11/20 5.97 6.55 5.93 6.30 52616928 330217600.00
2024/11/21 6.24 6.61 6.14 6.34 48830672 310496384.00
2024/11/22 6.31 6.53 6.03 6.08 39674384 250677424.00
2024/11/25 6.08 6.12 5.84 6.04 26087700 155595088.00
2024/11/26 6.03 6.40 5.98 6.02 28164208 172996976.00
2024/11/27 5.99 6.10 5.72 6.09 24899336 147367328.00
2024/11/28 6.10 6.42 6.10 6.13 28280892 176774832.00
2024/11/29 6.09 6.30 6.04 6.24 25753514 159510944.00
2024/12/02 6.22 6.87 6.22 6.87 54183040 367006784.00
2024/12/03 7.12 7.56 6.91 7.56 102089152 739665280.00
2024/12/04 7.75 7.88 6.92 7.32 140578704 1028012800.00
2024/12/05 7.67 7.84 7.14 7.36 106492512 789034496.00
2024/12/06 7.24 8.10 7.02 7.71 154518208 1172721152.00
2024/12/09 7.73 7.78 7.21 7.49 104444064 777094208.00
2024/12/10 7.52 8.24 7.37 8.24 156432016 1246958976.00
2024/12/11 8.24 9.07 8.07 8.70 189088320 1631036800.00
2024/12/12 8.35 8.48 8.10 8.35 111348008 927041536.00
2024/12/13 8.24 8.69 7.94 7.95 104925568 878297792.00
2024/12/16 7.92 8.26 7.44 7.70 80458304 624630848.00
2024/12/17 7.61 7.79 7.34 7.55 55007420 414584608.00
2024/12/18 7.49 7.95 7.42 7.71 57919220 449352800.00
2024/12/19 7.50 7.73 7.45 7.58 35897388 271914496.00
2024/12/20 7.64 7.81 7.50 7.67 42838584 329152416.00
2024/12/23 7.59 7.67 6.99 7.04 49112752 355913568.00
2024/12/24 6.99 7.12 6.82 7.05 29320170 204671184.00
2024/12/25 6.99 6.99 6.62 6.73 31615582 213536624.00
2024/12/26 6.77 6.86 6.69 6.72 23149610 157167984.00
2024/12/27 6.72 7.04 6.70 6.84 30061830 207831744.00
2024/12/30 6.86 6.88 6.62 6.79 20388620 137438944.00
2024/12/31 6.78 6.84 6.50 6.54 21104134 140130368.00
2025/01/02 6.49 6.66 6.38 6.48 20168400 131620184.00
2025/01/03 6.50 6.53 5.93 5.97 36848620 226766624.00
2025/01/06 5.92 5.96 5.69 5.78 24434010 141817088.00
2025/01/07 5.78 5.93 5.78 5.93 19005100 111666656.00
2025/01/08 5.93 6.00 5.68 5.93 21820060 128478344.00
2025/01/09 5.90 6.03 5.85 6.00 18847900 112867496.00
2025/01/10 5.96 6.10 5.72 5.72 23076100 136644880.00
2025/01/13 5.70 5.80 5.50 5.76 17476800 99698504.00
2025/01/14 5.80 6.14 5.80 6.14 33832300 203952000.00
2025/01/15 6.13 6.20 6.01 6.11 33153588 203288304.00
2025/01/16 6.09 6.31 6.05 6.15 26468960 163553808.00
2025/01/17 6.10 6.12 6.00 6.08 14670280 89104832.00
2025/01/20 6.16 6.18 6.04 6.07 16867600 103046096.00
2025/01/21 6.10 6.17 5.97 6.05 15673400 95006696.00
2025/01/22 6.02 6.02 5.90 5.91 13213600 78742704.00
2025/01/23 5.97 6.11 5.96 5.96 17689400 107121696.00
2025/01/24 5.96 6.10 5.89 6.10 19470300 117319632.00
2025/01/27 6.17 6.25 5.90 5.90 28040500 170097040.00
2025/02/05 6.01 6.15 6.01 6.14 22630600 137634112.00
2025/02/06 6.08 6.23 6.06 6.22 23952820 147898544.00
2025/02/07 6.21 6.60 6.21 6.55 47228128 305645248.00
2025/02/10 6.55 6.73 6.51 6.64 32766852 217489168.00
2025/02/11 6.67 6.71 6.48 6.67 30931960 204250016.00
2025/02/12 6.62 6.85 6.59 6.85 33962600 230342000.00
2025/02/13 6.86 6.93 6.70 6.76 31591800 215601792.00
2025/02/14 6.77 6.78 6.55 6.66 29956800 199344000.00
2025/02/17 6.66 6.83 6.56 6.81 30821428 206806160.00
2025/02/18 6.83 6.83 6.38 6.44 33141020 219064768.00
2025/02/19 6.38 6.56 6.37 6.54 25492910 165172656.00
2025/02/20 6.51 7.07 6.49 6.73 45431632 308544224.00
2025/02/21 6.67 7.40 6.64 7.40 79309440 569475456.00
2025/02/24 8.14 8.14 8.14 8.14 10492400 85513056.00
2025/02/25 8.06 8.55 7.62 7.79 189486400 1549546752.00
2025/02/26 7.44 8.12 7.19 7.80 135980944 1019077312.00
2025/02/27 7.49 7.61 7.30 7.32 81753184 609265344.00
2025/02/28 7.22 7.27 6.86 6.91 50005412 351045984.00
2025/03/03 6.87 6.99 6.70 6.79 34514072 236437344.00
2025/03/04 6.70 6.82 6.67 6.81 23348418 158289360.00
2025/03/05 6.82 6.93 6.65 6.92 34766440 236596576.00
2025/03/06 6.94 7.07 6.90 7.06 39144908 275122592.00
2025/03/07 7.03 7.20 6.92 7.07 37972700 267587936.00
2025/03/10 6.97 7.78 6.82 7.78 79374984 584197888.00
2025/03/11 7.50 7.92 7.40 7.60 87481536 667442496.00
2025/03/12 7.52 7.63 7.45 7.47 54784928 412978752.00
2025/03/13 7.43 7.50 7.18 7.28 36241600 264547664.00
2025/03/14 7.28 7.41 7.21 7.40 33147986 244247344.00
2025/03/17 7.37 7.49 7.28 7.47 30651000 226770448.00
2025/03/18 7.50 7.54 7.33 7.35 27951586 207581648.00
2025/03/19 7.35 7.79 7.19 7.63 65249208 488558880.00
2025/03/20 7.56 7.73 7.47 7.61 50191836 381250400.00
2025/03/21 7.61 8.09 7.57 7.57 68452128 532612032.00
2025/03/24 7.58 7.61 6.96 7.18 54347624 391338048.00
2025/03/25 7.02 7.09 6.78 6.79 34569800 238945072.00
2025/03/26 6.80 6.93 6.80 6.88 15815700 108893368.00
2025/03/27 6.92 6.96 6.75 6.85 15749502 108369344.00
2025/03/28 6.84 7.02 6.81 6.88 18392000 127275368.00
2025/03/31 6.77 6.77 6.34 6.40 31163800 202560864.00
2025/04/01 6.41 6.46 6.35 6.39 12824500 82216792.00
2025/04/02 6.35 6.66 6.35 6.51 18142244 118303144.00
2025/04/03 6.39 6.61 6.38 6.51 15023062 97986432.00
2025/04/07 6.00 6.14 5.86 5.86 17260400 102338232.00
2025/04/08 5.66 5.91 5.51 5.68 22156600 126684056.00
2025/04/09 5.59 5.96 5.21 5.90 27208428 154659136.00
2025/04/10 5.97 6.13 5.96 5.98 20466400 123944096.00
2025/04/11 5.91 6.15 5.91 6.08 14947501 90743536.00
2025/04/14 6.15 6.26 6.11 6.16 12492011 77215160.00
2025/04/15 6.16 6.28 6.13 6.17 11668601 72351184.00
2025/04/16 6.23 6.32 6.01 6.08 18753912 115455568.00
2025/04/17 6.11 6.18 6.00 6.07 12290311 75219744.00
2025/04/18 6.05 6.09 6.00 6.07 9207600 55711920.00
2025/04/21 6.05 6.21 6.01 6.20 11329700 69868480.00
2025/04/22 6.20 6.23 6.11 6.14 8650817 53294096.00
2025/04/23 6.19 6.23 6.12 6.21 11609400 72067376.00
2025/04/24 6.17 6.21 6.06 6.06 10042700 61383264.00
2025/04/25 6.12 6.34 6.10 6.21 22663606 141450928.00
2025/04/28 6.23 6.27 6.09 6.10 12270900 75702264.00
2025/04/29 6.10 6.31 6.01 6.19 15489506 96014496.00
2025/04/30 6.27 6.34 6.19 6.29 17961620 113120264.00
2025/05/06 6.29 6.44 6.29 6.44 14302700 91409440.00
2025/05/07 6.61 6.61 6.42 6.55 19542100 127252304.00
2025/05/08 6.54 6.73 6.48 6.67 20488600 136394752.00
2025/05/09 6.65 6.87 6.60 6.66 26766400 180399712.00
2025/05/12 6.68 6.88 6.65 6.73 17428050 117921680.00
2025/05/13 6.76 6.83 6.67 6.68 15434406 104066744.00
2025/05/14 6.65 6.79 6.58 6.70 19440252 130120080.00
2025/05/15 6.70 6.81 6.64 6.76 14850600 100096872.00
2025/05/16 6.71 6.75 6.64 6.67 10643300 71173568.00
2025/05/19 6.74 7.01 6.72 6.97 30625200 211938032.00
2025/05/20 6.99 7.08 6.92 7.05 19972790 140368944.00
2025/05/21 7.06 7.11 6.88 6.91 16041900 111660280.00
2025/05/22 6.84 7.09 6.80 6.87 16967412 117702840.00
2025/05/23 6.92 6.92 6.65 6.66 16207100 109949576.00
2025/05/26 6.68 6.78 6.65 6.72 9906506 66536632.00
2025/05/27 6.75 6.75 6.62 6.71 7693203 51440600.00
2025/05/28 6.72 6.75 6.61 6.64 7952900 52935748.00
2025/05/29 6.65 6.89 6.61 6.77 16522523 111941048.00
2025/05/30 6.75 6.77 6.59 6.62 12075200 80533840.00
2025/06/03 6.59 6.90 6.57 6.79 18216204 123799120.00
2025/06/04 6.73 6.94 6.72 6.80 13054101 89270816.00
2025/06/05 6.78 6.86 6.76 6.82 10715839 73108312.00
2025/06/06 6.86 6.86 6.72 6.76 8378363 56758908.00
2025/06/09 6.75 6.93 6.74 6.88 13972790 96051176.00
2025/06/10 6.88 7.02 6.80 7.00 22995896 159442080.00
2025/06/11 7.00 7.14 6.91 6.96 16232442 113734696.00
2025/06/12 6.95 7.02 6.91 6.97 11079811 77137880.00
2025/06/13 6.95 7.12 6.78 6.97 27420568 189513504.00
2025/06/16 6.89 7.10 6.87 7.09 18855300 131897008.00
2025/06/17 7.08 7.13 6.91 6.95 12575121 88017568.00
2025/06/18 6.90 6.96 6.77 6.83 9996700 68164944.00
2025/06/19 6.80 7.51 6.69 7.17 52539264 377479488.00
2025/06/20 7.17 7.20 6.76 6.78 32673864 225716368.00
2025/06/23 6.57 6.78 6.56 6.76 15723638 105451352.00
2025/06/24 6.79 6.88 6.76 6.84 13015908 88830840.00
2025/06/25 6.82 6.87 6.73 6.83 15661301 106347752.00
2025/06/26 6.83 6.92 6.72 6.81 16083773 109897520.00
2025/06/27 6.78 6.87 6.76 6.79 10711818 72925272.00
2025/06/30 6.79 6.83 6.76 6.80 10649600 72369688.00
2025/07/01 6.78 6.79 6.70 6.72 10520336 70810752.00
2025/07/02 6.71 6.71 6.61 6.64 8841520 58835960.00
2025/07/03 6.62 6.73 6.62 6.71 7367847 49241076.00
2025/07/04 6.70 6.94 6.66 6.81 22228736 151791408.00
2025/07/07 6.82 7.15 6.79 7.07 28465800 200417456.00
2025/07/08 7.03 7.11 7.01 7.08 14333543 101215960.00
2025/07/09 7.08 7.23 7.06 7.12 19351022 138324544.00
2025/07/10 7.09 7.11 6.99 7.05 16419950 115655600.00
2025/07/11 7.11 7.50 7.02 7.35 42557108 310539072.00
2025/07/14 7.21 7.28 7.01 7.03 27460902 194235744.00
2025/07/15 7.02 7.06 6.87 6.95 16770999 116405624.00
2025/07/16 6.95 7.08 6.95 6.98 11199414 78379144.00
2025/07/17 6.97 7.02 6.94 6.97 10400400 72418744.00
2025/07/18 6.96 7.02 6.94 6.98 9017700 62845376.00
2025/07/21 6.95 7.05 6.94 7.03 9478755 66492940.00
2025/07/22 7.03 7.19 6.99 7.02 15301093 108111432.00
2025/07/23 7.05 7.25 7.04 7.25 32783700 234208256.00
2025/07/24 7.20 7.41 7.16 7.32 38241992 277828576.00
2025/07/25 8.05 8.05 7.80 8.05 66070632 530569440.00
2025/07/28 7.97 7.97 7.44 7.56 94119344 717996096.00
2025/07/29 7.41 7.55 7.30 7.44 48888764 362260192.00
2025/07/30 7.40 7.57 7.33 7.34 39147476 290298912.00
2025/07/31 7.35 7.39 7.18 7.20 25608464 186387088.00
2025/08/01 7.20 7.41 7.19 7.28 23944900 174363616.00
2025/08/04 7.21 7.25 7.10 7.25 20000400 143667568.00
2025/08/05 7.26 7.38 7.23 7.34 25316332 185058480.00
2025/08/06 7.29 7.33 7.23 7.31 16844652 122634064.00
2025/08/07 7.34 7.38 7.26 7.27 17801800 129953992.00
2025/08/08 7.24 7.27 7.15 7.17 17576300 126384832.00
2025/08/11 7.21 7.34 7.18 7.32 18079444 131502368.00
2025/08/12 7.28 7.37 7.24 7.27 17848484 130154504.00
2025/08/13 7.30 7.35 7.26 7.32 19410724 141726864.00
2025/08/14 7.30 7.31 7.08 7.08 24783100 177939264.00
2025/08/15 7.02 7.12 6.92 7.09 33727172 236301120.00
2025/08/18 7.15 7.30 7.10 7.20 26712296 192914496.00
2025/08/19 7.19 7.22 7.10 7.14 18987158 135920288.00
2025/08/20 7.11 7.17 7.07 7.15 18485052 131634392.00
2025/08/21 7.15 7.23 7.10 7.15 19535364 139945200.00
2025/08/22 7.15 7.24 7.14 7.19 16440940 118104480.00
2025/08/25 7.22 7.28 7.12 7.22 23890234 172015440.00
2025/08/26 7.23 7.39 7.18 7.37 35266140 258307072.00
2025/08/27 7.39 7.45 7.12 7.13 29461400 214874960.00
2025/08/28 7.10 7.19 6.89 7.08 24510648 173108208.00
2025/08/29 7.10 7.20 7.00 7.04 17771500 126060272.00
2025/09/01 7.05 7.06 6.96 7.04 13858141 97321448.00
2025/09/02 7.02 7.04 6.81 6.94 18529554 127978224.00
2025/09/03 6.95 7.02 6.75 6.77 13342631 91816576.00
2025/09/04 6.66 6.85 6.61 6.70 17115232 115347144.00
2025/09/05 6.75 6.81 6.60 6.81 14529010 97701056.00
2025/09/08 6.77 6.88 6.77 6.88 13281526 90838824.00
2025/09/09 7.10 7.15 6.89 6.94 22947376 160356592.00
2025/09/10 6.86 7.05 6.86 6.99 16062443 112255568.00
2025/09/11 6.98 6.98 6.84 6.97 15103654 104305464.00
2025/09/12 6.98 7.00 6.91 6.94 12943982 89940840.00
2025/09/15 6.92 6.93 6.84 6.87 9814728 67511216.00
2025/09/16 6.88 6.93 6.86 6.91 11480513 79215624.00
2025/09/17 6.90 6.90 6.84 6.87 9738509 66858980.00
2025/09/18 6.86 6.90 6.65 6.69 18771332 127209816.00
2025/09/19 6.71 6.82 6.65 6.82 11382559 76447952.00
2025/09/22 6.75 6.84 6.66 6.75 13054345 87886488.00
2025/09/23 6.75 6.76 6.47 6.64 15537443 102312056.00
2025/09/24 6.64 6.80 6.56 6.73 12677745 84805080.00
2025/09/25 6.68 6.78 6.65 6.73 10964609 73783688.00
2025/09/26 6.72 6.80 6.62 6.73 12195845 82101120.00
2025/09/29 6.70 6.76 6.64 6.69 8762646 58627992.00
2025/09/30 6.79 6.88 6.70 6.76 13096462 89159024.00
2025/10/09 6.76 6.79 6.66 6.74 11835642 79346472.00
2025/10/10 6.73 6.80 6.67 6.79 11360344 76624656.00
2025/10/13 6.57 6.63 6.50 6.61 13642845 89678936.00
2025/10/14 6.61 6.67 6.53 6.55 11027673 72704136.00
2025/10/15 6.57 6.59 6.51 6.59 6611568 43338956.00
2025/10/16 6.58 6.63 6.55 6.60 8632648 56802808.00
2025/10/17 6.60 6.62 6.43 6.44 10847100 70786136.00
2025/10/20 6.46 6.66 6.44 6.59 11909450 78273120.00
2025/10/21 6.62 6.70 6.60 6.69 11317801 75453024.00
2025/10/22 6.69 7.05 6.66 6.85 30265100 209041680.00
2025/10/23 6.86 7.00 6.85 6.90 16364320 113157656.00
2025/10/24 6.85 6.94 6.85 6.87 11488662 79145688.00
2025/10/27 6.88 6.89 6.75 6.79 13021100 88458288.00
2025/10/28 6.81 6.84 6.74 6.80 8882449 60463964.00
2025/10/29 6.82 6.82 6.74 6.81 9382200 63546592.00
2025/10/30 6.81 6.86 6.74 6.74 8845600 60031408.00
2025/10/31 6.76 6.88 6.75 6.85 15857916 108233808.00
2025/11/03 6.93 6.99 6.87 6.99 16737330 116100992.00
2025/11/04 6.97 7.11 6.92 7.01 16733370 117066040.00
2025/11/05 6.91 7.20 6.90 7.05 23823696 167748288.00
2025/11/06 7.00 7.05 6.90 6.93 14552737 100827488.00
2025/11/07 6.88 6.97 6.85 6.88 9385888 64822896.00
2025/11/10 6.89 6.96 6.84 6.93 10187936 70270176.00
2025/11/11 6.92 6.93 6.87 6.89 7729100 53290580.00
2025/11/12 6.89 6.91 6.84 6.86 8095900 55585360.00
2025/11/13 6.86 6.91 6.83 6.90 8814200 60640092.00
2025/11/14 6.86 7.00 6.86 6.93 12681573 88282696.00
2025/11/17 6.96 6.98 6.90 6.98 8348809 58063200.00
2025/11/18 6.96 7.01 6.92 6.97 11283483 78680816.00
2025/11/19 7.00 7.05 6.82 6.86 13274838 91468072.00
2025/11/20 6.83 6.93 6.80 6.81 8464500 58011344.00
2025/11/21 6.80 6.91 6.60 6.65 14828510 99524192.00
2025/11/24 6.69 6.83 6.64 6.80 12164059 82008608.00
2025/11/25 6.82 6.97 6.79 6.94 16766289 116220224.00
2025/11/26 6.95 6.99 6.88 6.96 11514475 79721032.00
2025/11/27 6.98 6.99 6.87 6.88 9839100 68180512.00
2025/11/28 6.90 6.96 6.83 6.88 11439773 78723392.00
2025/12/01 6.87 7.05 6.85 7.00 24622220 171018112.00
2025/12/02 6.88 6.92 6.76 6.78 20578588 140211568.00
2025/12/03 6.78 6.79 6.60 6.63 12569121 83644080.00
2025/12/04 6.63 6.65 6.55 6.58 6831200 45050032.00
2025/12/05 6.62 6.64 6.51 6.63 7096051 46735832.00
2025/12/08 6.64 6.64 6.57 6.59 7765600 51256312.00
2025/12/09 6.58 6.61 6.52 6.54 6401953 41998744.00
2025/12/10 6.51 6.57 6.50 6.56 5912700 38666552.00
2025/12/11 6.57 6.57 6.45 6.45 6846600 44461584.00
2025/12/12 6.48 6.50 6.42 6.43 4940458 31803798.00
2025/12/15 6.35 6.38 6.26 6.27 8838011 55803008.00
2025/12/16 6.30 6.30 6.14 6.16 6959900 43067380.00
2025/12/17 6.15 6.19 6.06 6.15 6694361 40974680.00
2025/12/18 6.16 6.23 6.13 6.17 5315464 32855592.00
2025/12/19 6.16 6.25 6.13 6.24 6675759 41436224.00
2025/12/22 6.20 6.25 6.20 6.21 4353000 27109200.00
2025/12/23 6.22 6.24 6.14 6.15 5488800 33893992.00
2025/12/24 6.13 6.18 6.11 6.16 4754604 29246336.00
2025/12/25 6.16 6.21 6.14 6.20 4559406 28201480.00
2025/12/26 6.20 6.23 6.13 6.15 8309316 51361708.00
2025/12/29 6.15 6.18 6.12 6.15 5069243 31206036.00
2025/12/30 6.13 6.20 6.11 6.12 8572904 52745572.00
2025/12/31 6.14 6.20 6.09 6.18 8429372 51930752.00
2026/01/05 6.18 6.27 6.15 6.27 9982366 62108280.00
2026/01/06 6.24 6.35 6.24 6.31 10029338 63264428.00
2026/01/07 6.28 6.54 6.27 6.41 20322908 130353008.00
2026/01/08 6.41 6.87 6.36 6.69 30501666 202657360.00
2026/01/09 6.63 6.95 6.62 6.91 40979080 279181056.00
2026/01/12 7.09 7.39 6.91 7.29 67201040 479693952.00
2026/01/13 7.29 7.29 6.92 6.93 50040332 354828000.00
2026/01/14 6.88 7.62 6.88 7.43 98403744 727844160.00
2026/01/15 7.13 7.40 7.07 7.17 63941688 461276320.00
2026/01/16 7.16 7.22 6.85 6.88 42033944 293773024.00
2026/01/19 6.83 7.43 6.73 6.94 37083396 259687408.00
2026/01/20 7.09 7.15 6.85 6.90 27543704 191366208.00
2026/01/21 6.83 6.92 6.77 6.77 20177190 137774816.00
2026/01/22 6.80 7.23 6.76 6.94 34839100 242732640.00
2026/01/23 6.98 7.03 6.89 6.99 25810744 180139168.00
2026/01/26 7.00 7.02 6.82 6.97 21520248 148959728.00
2026/01/27 6.93 7.00 6.81 6.90 16624431 114332168.00
2026/01/28 6.90 7.01 6.85 6.88 15270216 105480848.00
2026/01/29 6.85 7.17 6.80 7.03 40817416 288130336.00
2026/01/30 7.00 7.05 6.88 6.92 21111012 146832064.00
2026/02/02 6.90 7.07 6.85 6.85 24579880 171360688.00
2026/02/03 6.94 7.02 6.90 6.98 18964702 132117728.00
2026/02/04 6.95 7.00 6.78 6.85 20959368 143741664.00
2026/02/05 6.80 6.96 6.79 6.90 16552919 114385240.00
2026/02/06 6.86 6.91 6.68 6.79 19364122 132041864.00
2026/02/09 6.92 7.00 6.88 6.92 22778590 157868048.00
2026/02/10 6.97 7.25 6.96 7.22 61766728 441049536.00
2026/02/11 7.14 7.14 6.87 6.93 42813288 297811360.00
2026/02/12 6.87 6.92 6.74 6.76 24112180 163712288.00
2026/02/13 6.77 6.81 6.60 6.61 20396492 136706544.00
2026/02/24 6.66 6.67 6.39 6.46 16003093 103235176.00
2026/02/25 6.45 6.48 6.40 6.44 17463140 112644840.00
#Ъ§ОнРДдД:ЭЈДяаХ
