688338 ШќПЦЯЃЕТ ШеЯп ЧАИДШЈ
      ШеЦк	    ПЊХЬ	    зюИп	    зюЕЭ	    ЪеХЬ	    ГЩНЛСП	    ГЩНЛЖю
2021/08/02 38.71 39.39 38.26 38.86 384176 19879696.00
2021/08/03 38.86 39.76 38.36 39.21 513232 26902886.00
2021/08/04 39.01 39.75 38.48 39.67 519858 27265524.00
2021/08/05 39.69 39.81 38.36 38.95 470250 24420374.00
2021/08/06 39.02 39.02 37.41 37.66 527500 26723846.00
2021/08/09 37.19 38.22 37.19 37.88 554964 28027904.00
2021/08/10 37.48 37.48 36.33 36.71 761917 37309056.00
2021/08/11 36.56 36.96 36.26 36.56 397580 19415600.00
2021/08/12 36.83 37.29 36.50 36.66 497256 24424030.00
2021/08/13 36.66 36.89 36.40 36.55 328416 16027031.00
2021/08/16 36.56 37.35 36.40 37.13 390287 19292858.00
2021/08/17 36.83 36.92 36.53 36.56 257715 12602961.00
2021/08/18 36.71 36.71 35.86 36.06 479434 23083968.00
2021/08/19 35.79 36.28 35.79 35.88 229543 11045945.00
2021/08/20 35.99 36.16 35.03 35.34 353433 16704284.00
2021/08/23 35.48 36.31 35.19 36.17 327957 15701462.00
2021/08/24 36.18 36.39 35.76 36.16 337636 16230437.00
2021/08/25 36.17 37.16 35.96 36.66 526561 25794162.00
2021/08/26 36.65 36.65 35.33 35.62 536543 25632882.00
2021/08/27 35.60 35.60 35.16 35.33 189754 8951157.00
2021/08/30 35.19 35.43 34.98 35.02 240463 11272608.00
2021/08/31 35.01 35.29 34.63 34.75 223624 10420203.00
2021/09/01 34.63 35.00 34.31 34.89 278116 12887434.00
2021/09/02 34.54 34.99 34.54 34.88 205368 9553971.00
2021/09/03 34.67 35.17 34.67 35.08 244262 11431404.00
2021/09/06 34.97 35.70 34.95 35.56 363958 17204772.00
2021/09/07 35.63 35.63 35.22 35.40 294591 13909098.00
2021/09/08 35.79 35.79 35.16 35.26 257413 12131400.00
2021/09/09 35.39 35.39 34.81 34.94 281642 13178009.00
2021/09/10 35.14 35.24 34.67 34.93 274558 12789962.00
2021/09/13 35.09 35.17 34.63 34.94 140609 6559606.00
2021/09/14 34.85 35.75 34.84 35.53 463219 21885956.00
2021/09/15 35.53 37.48 35.39 36.62 946869 46506344.00
2021/09/16 36.62 36.90 35.60 35.86 513211 24662144.00
2021/09/17 35.64 36.01 34.71 35.14 481654 22613876.00
2021/09/22 34.85 35.40 34.81 34.81 217773 10195148.00
2021/09/23 34.93 35.09 34.75 34.85 283268 13203644.00
2021/09/24 35.09 35.09 34.24 34.25 371292 17069438.00
2021/09/27 34.40 34.40 33.46 33.59 279347 12575516.00
2021/09/28 33.36 33.78 33.36 33.44 122639 5498449.00
2021/09/29 33.48 33.48 32.87 32.95 183846 8139005.00
2021/09/30 33.31 33.31 32.95 33.12 114910 5095768.00
2021/10/08 33.56 33.75 33.33 33.66 121059 5443962.00
2021/10/11 33.94 33.94 33.54 33.66 94991 4281204.00
2021/10/12 33.89 33.89 32.95 33.25 141645 6299623.00
2021/10/13 33.04 33.49 32.94 33.38 116062 5167907.00
2021/10/14 33.62 33.62 33.26 33.44 111478 4993230.00
2021/10/15 33.62 33.63 33.16 33.25 123040 5484916.00
2021/10/18 33.60 33.61 33.02 33.23 99460 4413451.00
2021/10/19 33.24 33.57 33.22 33.36 153081 6832974.00
2021/10/20 33.09 33.37 33.09 33.19 100570 4473244.00
2021/10/21 33.59 33.59 33.06 33.06 126255 5606918.00
2021/10/22 32.99 33.21 32.91 33.01 127916 5655581.00
2021/10/25 33.02 33.13 32.84 33.09 178898 7901887.00
2021/10/26 33.20 33.35 32.80 33.30 259904 11487144.00
2021/10/27 33.43 33.94 32.90 32.95 342718 15335769.00
2021/10/28 32.88 32.90 31.20 31.31 432685 18354410.00
2021/10/29 31.31 31.70 30.96 31.46 228706 9626513.00
2021/11/01 31.46 31.69 31.15 31.63 207571 8767804.00
2021/11/02 31.63 31.95 31.09 31.14 343511 14525229.00
2021/11/03 31.16 31.69 31.16 31.65 438482 18525064.00
2021/11/04 31.68 32.09 31.48 31.93 261335 11162144.00
2021/11/05 31.99 32.47 31.84 32.33 298710 12910305.00
2021/11/08 32.33 32.36 31.53 31.69 188508 8016709.00
2021/11/09 31.69 31.99 31.69 31.90 178187 7613449.00
2021/11/10 31.80 32.29 31.63 32.23 249923 10717660.00
2021/11/11 32.21 32.62 32.09 32.52 263555 11438002.00
2021/11/12 32.71 32.71 32.10 32.50 230921 10009411.00
2021/11/15 32.50 33.59 32.48 33.19 444561 19688024.00
2021/11/16 33.12 33.45 32.83 32.83 307222 13582094.00
2021/11/17 32.65 33.39 32.65 33.36 196886 8726340.00
2021/11/18 33.15 33.35 32.76 32.79 287534 12660427.00
2021/11/19 33.09 33.31 32.48 33.19 319812 14095401.00
2021/11/22 33.20 33.53 32.93 33.17 194566 8626601.00
2021/11/23 33.16 33.76 32.99 33.63 362741 16217220.00
2021/11/24 33.54 34.70 33.36 34.18 634791 28984896.00
2021/11/25 34.40 34.59 34.03 34.36 491795 22598440.00
2021/11/26 34.35 34.53 33.75 34.25 421615 19186880.00
2021/11/29 34.09 34.83 34.08 34.46 402598 18520292.00
2021/11/30 34.46 35.03 34.31 34.88 522211 24213574.00
2021/12/01 34.74 34.93 34.51 34.78 350449 16230333.00
2021/12/02 34.69 34.78 33.77 33.78 467453 21380120.00
2021/12/03 33.78 34.48 33.78 34.16 311343 14270982.00
2021/12/06 34.30 34.39 32.95 33.10 404412 18028672.00
2021/12/07 32.96 33.40 32.59 32.63 258398 11360946.00
2021/12/08 32.72 33.03 32.56 32.79 143741 6322312.00
2021/12/09 32.80 33.09 32.79 33.03 175025 7730094.00
2021/12/10 33.10 33.22 32.77 32.83 210052 9243576.00
2021/12/13 32.83 33.09 32.65 32.88 219606 9641025.00
2021/12/14 32.88 33.43 32.88 33.27 239446 10630055.00
2021/12/15 33.04 33.87 33.03 33.35 397419 17796268.00
2021/12/16 33.36 33.53 33.13 33.42 231156 10311203.00
2021/12/17 33.47 33.47 33.07 33.09 209320 9306796.00
2021/12/20 33.09 33.63 33.09 33.35 263244 11772516.00
2021/12/21 33.25 33.48 32.95 33.40 286135 12739515.00
2021/12/22 33.25 33.98 33.23 33.84 436197 19712486.00
2021/12/23 33.79 33.79 33.12 33.16 340108 15179619.00
2021/12/24 33.16 33.16 32.19 32.33 369862 16118719.00
2021/12/27 32.48 32.75 32.23 32.72 187694 8176103.00
2021/12/28 32.75 33.00 32.52 32.86 140795 6180389.00
2021/12/29 32.51 33.08 32.51 32.83 201030 8862487.00
2021/12/30 32.99 33.39 32.85 33.23 280913 12474322.00
2021/12/31 33.29 33.59 33.02 33.35 374408 16725329.00
2022/01/04 33.63 33.74 33.40 33.66 479810 21541328.00
2022/01/05 33.65 33.77 33.09 33.41 422440 18848422.00
2022/01/06 33.18 33.85 33.16 33.77 375632 16892364.00
2022/01/07 33.83 34.32 33.63 33.80 606211 27640252.00
2022/01/10 33.79 34.86 33.48 34.72 803400 37082184.00
2022/01/11 34.79 36.62 34.21 35.96 1618211 76816000.00
2022/01/12 35.54 36.16 35.17 35.82 1043654 49583852.00
2022/01/13 35.63 36.33 35.17 35.18 811027 38559120.00
2022/01/14 35.18 37.00 34.56 36.36 1733520 83819240.00
2022/01/17 36.13 36.60 35.63 35.90 1066763 51305680.00
2022/01/18 35.94 35.95 34.48 34.57 1124156 52466088.00
2022/01/19 34.52 34.93 34.36 34.41 473872 21905248.00
2022/01/20 34.41 34.59 33.69 33.73 608811 27728432.00
2022/01/21 33.63 33.98 33.02 33.05 523107 23323792.00
2022/01/24 33.39 33.39 32.40 32.48 422967 18515770.00
2022/01/25 32.41 32.49 30.58 30.83 704724 29670922.00
2022/01/26 31.09 31.09 30.63 30.79 287982 11912876.00
2022/01/27 30.79 30.97 29.83 29.99 349648 14188766.00
2022/01/28 29.99 30.33 29.73 29.84 295325 11918282.00
2022/02/07 30.17 30.66 29.93 30.22 255875 10413928.00
2022/02/08 30.36 30.70 30.34 30.66 206962 8472274.00
2022/02/09 30.67 30.94 30.56 30.87 245115 10126477.00
2022/02/10 30.85 30.99 30.80 30.87 211843 8772235.00
2022/02/11 30.86 30.87 30.16 30.25 300354 12252325.00
2022/02/14 30.13 30.25 29.83 29.93 247450 9968630.00
2022/02/15 30.11 30.11 29.81 30.05 188691 7591741.00
2022/02/16 30.09 30.71 30.09 30.70 253986 10392771.00
2022/02/17 30.86 30.86 30.43 30.46 216624 8888268.00
2022/02/18 30.32 30.67 30.03 30.67 176760 7213799.00
2022/02/21 30.93 31.72 30.84 31.60 463262 19453204.00
2022/02/22 31.33 31.47 31.00 31.19 221785 9268592.00
2022/02/23 31.03 31.71 31.03 31.56 203076 8568953.00
2022/02/24 31.54 31.63 30.12 30.51 473273 19600116.00
2022/02/25 30.56 31.20 30.56 31.02 301377 12532888.00
2022/02/28 30.89 31.06 30.39 30.77 236373 9731151.00
2022/03/01 30.79 31.32 30.77 30.89 199737 8292102.00
2022/03/02 30.76 31.21 30.76 31.14 206118 8578555.00
2022/03/03 31.30 31.45 30.89 31.02 180649 7525207.00
2022/03/04 30.90 31.53 30.76 30.79 255382 10672296.00
2022/03/07 30.69 30.89 29.95 30.17 301812 12256113.00
2022/03/08 30.17 30.24 29.06 29.20 325388 12907238.00
2022/03/09 29.31 29.55 28.06 28.59 363108 13992470.00
2022/03/10 29.01 29.36 28.86 29.05 243791 9536599.00
2022/03/11 28.89 30.26 28.65 30.18 448490 17836740.00
2022/03/14 30.55 30.98 29.71 29.71 335827 13658263.00
2022/03/15 29.62 29.79 28.25 28.34 273080 10733185.00
2022/03/16 28.53 28.89 27.91 28.77 292474 11164218.00
2022/03/17 28.87 29.78 28.79 29.30 241668 9538059.00
2022/03/18 29.31 29.91 28.89 29.65 214211 8462219.00
2022/03/21 29.60 30.14 29.40 29.90 236630 9470107.00
2022/03/22 29.97 30.26 29.04 29.58 181279 7205572.00
2022/03/23 29.70 29.77 29.38 29.61 172217 6840064.00
2022/03/24 29.48 29.53 29.07 29.19 195278 7694803.00
2022/03/25 29.19 29.68 29.09 29.11 180923 7129449.00
2022/03/28 29.11 29.36 28.56 28.93 164831 6410474.00
2022/03/29 28.93 29.36 28.81 28.91 193375 7564961.00
2022/03/30 28.95 29.25 28.79 29.24 190340 7431878.00
2022/03/31 28.99 29.86 28.99 29.48 248523 9873225.00
2022/04/01 29.37 29.39 29.03 29.23 151980 5966857.00
2022/04/06 29.13 29.67 29.04 29.30 145007 5732091.00
2022/04/07 29.29 29.29 28.39 28.40 223384 8656138.00
2022/04/08 28.38 28.55 27.71 27.89 243150 9181425.00
2022/04/11 27.86 27.86 26.70 26.74 285016 10419576.00
2022/04/12 27.25 27.53 26.83 27.47 151842 5570197.00
2022/04/13 27.43 27.68 27.05 27.17 154984 5699517.00
2022/04/14 27.43 27.76 27.24 27.53 154794 5739295.00
2022/04/15 27.60 27.79 27.05 27.56 261837 9679961.00
2022/04/18 27.36 27.42 26.93 27.29 246438 9030881.00
2022/04/19 27.13 27.42 26.54 26.85 208693 7603151.00
2022/04/20 27.08 27.47 26.75 27.31 261010 9581794.00
2022/04/21 27.13 27.26 26.13 26.26 342692 12296589.00
2022/04/22 26.16 26.19 24.83 24.99 573176 19546752.00
2022/04/25 24.96 25.07 23.66 23.73 415293 13610196.00
2022/04/26 23.91 24.01 22.66 22.77 253724 8015131.00
2022/04/27 22.71 22.83 21.71 22.82 455350 13747416.00
2022/04/28 22.80 22.80 22.02 22.11 303141 9184279.00
2022/04/29 22.11 23.24 22.08 23.09 348368 10755559.00
2022/05/05 22.97 23.56 22.71 23.32 331753 10475062.00
2022/05/06 22.83 23.64 22.79 23.33 297694 9402825.00
2022/05/09 23.16 24.78 23.16 24.54 511109 16786578.00
2022/05/10 24.31 24.64 24.10 24.39 282588 9332178.00
2022/05/11 24.37 24.77 24.33 24.33 359095 11951954.00
2022/05/12 23.40 24.70 23.40 24.49 235103 7773893.00
2022/05/13 24.53 24.87 24.38 24.48 157444 5237230.00
2022/05/16 24.54 24.66 24.02 24.13 201079 6620707.00
2022/05/17 24.36 24.36 23.66 23.79 151141 4882735.00
2022/05/18 23.71 24.14 23.69 23.80 149351 4841360.00
2022/05/19 23.73 24.48 23.48 24.38 252005 8239497.00
2022/05/20 24.60 24.63 24.17 24.39 175716 5793191.00
2022/05/23 24.51 24.92 24.50 24.63 180587 6029406.00
2022/05/24 24.66 24.86 23.30 23.38 281132 9143012.00
2022/05/25 23.34 23.67 23.16 23.56 167446 5323226.00
2022/05/26 23.88 23.94 23.12 23.59 142308 4519860.00
2022/05/27 23.59 23.83 23.04 23.15 180526 5694265.00
2022/05/30 23.25 23.36 22.99 23.33 314202 9841317.00
2022/05/31 23.32 23.74 22.68 23.67 461781 14569675.00
2022/06/01 23.60 24.39 23.50 24.29 518048 16897520.00
2022/06/02 24.33 25.67 24.04 25.53 755718 25535252.00
2022/06/06 25.34 27.03 25.22 26.33 1188276 42186384.00
2022/06/07 26.26 26.26 25.46 25.69 541141 18808836.00
2022/06/08 25.56 26.00 25.08 25.42 608672 20886890.00
2022/06/09 25.45 25.63 24.40 24.58 471318 15754953.00
2022/06/10 24.57 24.80 24.42 24.79 367862 12249526.00
2022/06/13 24.56 24.77 24.40 24.53 319575 10596135.00
2022/06/14 24.40 24.40 23.52 24.06 398203 12886253.00
2022/06/15 24.06 24.36 23.83 24.05 476011 15519844.00
2022/06/16 23.92 24.79 23.92 24.47 415987 13754009.00
2022/06/17 24.41 24.83 24.33 24.72 439189 14621976.00
2022/06/20 24.57 24.93 24.57 24.82 272715 9119542.00
2022/06/21 24.64 24.99 24.16 24.44 370427 12335746.00
2022/06/22 24.44 24.54 23.86 23.86 250464 8194967.00
2022/06/23 24.02 24.43 23.75 24.39 315245 10255857.00
2022/06/24 24.38 24.96 24.09 24.86 394518 13218447.00
2022/06/27 25.06 25.06 24.58 24.84 340000 11397957.00
2022/06/28 24.86 25.09 24.49 25.09 328849 11067568.00
2022/06/29 25.09 25.23 24.60 24.61 391049 13174610.00
2022/06/30 24.53 24.89 24.49 24.73 256846 8572100.00
2022/07/01 24.96 24.96 24.48 24.66 212458 7086909.00
2022/07/04 24.79 25.51 24.48 25.36 457802 15532838.00
2022/07/05 25.36 25.38 24.71 24.86 313967 10605758.00
2022/07/06 24.71 25.07 24.56 24.85 283722 9513742.00
2022/07/07 24.83 24.83 24.14 24.28 279178 9134051.00
2022/07/08 24.28 24.81 24.28 24.63 209792 6914341.00
2022/07/11 24.58 24.99 24.33 24.45 175134 5783654.00
2022/07/12 24.57 24.59 23.67 23.67 262545 8419354.00
2022/07/13 23.68 23.99 23.26 23.65 250520 7909827.00
2022/07/14 23.77 24.42 23.56 24.23 335313 10863396.00
2022/07/15 24.22 24.22 23.53 23.58 316179 10111979.00
2022/07/18 23.58 24.23 23.51 24.11 233103 7525385.00
2022/07/19 24.11 24.44 24.03 24.44 211377 6884816.00
2022/07/20 24.50 24.86 24.46 24.76 235936 7821974.00
2022/07/21 24.81 25.01 24.56 24.79 250508 8361539.00
2022/07/22 24.72 24.94 24.38 24.57 316915 10485027.00
2022/07/25 24.63 25.05 24.63 24.93 238765 7968533.00
2022/07/26 24.83 25.25 24.59 24.82 245569 8150218.00
2022/07/27 24.82 25.02 24.71 24.86 176124 5870455.00
2022/07/28 24.86 25.25 24.79 25.17 283719 9561089.00
2022/07/29 25.33 25.33 24.75 24.77 290068 9735301.00
2022/08/01 24.75 24.92 24.46 24.84 216788 7187289.00
2022/08/02 24.93 24.93 23.33 23.67 466131 14917099.00
2022/08/03 23.49 24.50 23.49 23.89 314146 10171836.00
2022/08/04 24.16 24.41 23.72 24.08 196265 6334348.00
2022/08/05 24.16 24.82 23.89 24.82 448220 14809592.00
2022/08/08 24.82 25.16 24.60 25.06 351329 11770394.00
2022/08/09 25.04 25.21 24.70 25.09 341695 11433193.00
2022/08/10 24.95 25.33 24.84 25.29 384070 12964045.00
2022/08/11 25.12 26.02 25.12 25.86 805450 27765510.00
2022/08/12 25.86 25.86 25.46 25.54 506892 17381022.00
2022/08/15 25.54 25.54 25.15 25.20 327558 11097071.00
2022/08/16 25.20 25.43 25.09 25.25 250997 8490647.00
2022/08/17 25.21 25.39 24.98 25.28 304674 10282829.00
2022/08/18 25.29 25.49 24.88 25.46 459458 15541860.00
2022/08/19 25.49 25.64 24.76 24.83 451747 15240090.00
2022/08/22 24.78 24.90 24.54 24.65 240405 7965806.00
2022/08/23 24.75 24.79 24.47 24.69 220265 7289409.00
2022/08/24 24.62 24.71 23.94 23.96 430364 13989269.00
2022/08/25 24.03 24.67 23.75 24.01 557394 18061456.00
2022/08/26 24.16 24.62 23.90 24.09 360136 11780352.00
2022/08/29 24.02 24.17 23.76 24.08 272923 8804874.00
2022/08/30 24.07 24.71 24.00 24.62 413441 13578802.00
2022/08/31 24.45 24.66 24.05 24.29 350836 11411100.00
2022/09/01 24.29 24.59 23.86 23.93 343838 11166001.00
2022/09/02 24.01 24.33 23.97 24.13 216293 7017009.00
2022/09/05 24.16 24.73 24.07 24.23 281570 9189435.00
2022/09/06 24.29 24.34 24.11 24.21 267244 8682992.00
2022/09/07 24.13 24.24 23.77 23.98 293963 9455021.00
2022/09/08 24.00 24.00 23.67 23.67 236780 7554429.00
2022/09/09 23.79 24.03 23.53 23.89 181891 5830103.00
2022/09/13 24.01 24.06 23.83 23.84 198861 6393833.00
2022/09/14 23.58 23.75 23.49 23.64 283020 8967484.00
2022/09/15 23.62 24.26 23.36 23.63 379878 12102908.00
2022/09/16 23.41 23.58 22.81 22.85 326255 10151679.00
2022/09/19 22.90 22.90 22.20 22.27 246124 7415885.00
2022/09/20 22.46 22.58 22.29 22.45 130944 3955821.00
2022/09/21 22.42 22.71 22.07 22.69 259765 7854139.00
2022/09/22 22.56 22.65 22.34 22.38 141799 4292988.00
2022/09/23 22.59 22.59 21.60 21.61 346747 10273069.00
2022/09/26 21.60 21.60 21.04 21.07 316545 9058011.00
2022/09/27 21.09 21.90 21.09 21.83 388953 11332206.00
2022/09/28 21.69 22.71 21.63 21.63 315158 9351048.00
2022/09/29 21.79 22.36 21.72 21.80 334491 9923644.00
2022/09/30 21.98 22.32 21.63 21.94 317209 9409638.00
2022/10/10 22.09 22.23 21.46 21.63 327355 9636123.00
2022/10/11 21.74 22.16 21.21 21.59 241751 6979382.00
2022/10/12 21.33 21.98 21.01 21.90 252153 7287268.00
2022/10/13 21.90 22.66 21.69 22.34 511982 15394124.00
2022/10/14 22.59 24.03 22.53 23.96 1288779 40890992.00
2022/10/17 23.93 24.89 23.83 24.33 1353384 44368940.00
2022/10/18 24.48 25.61 24.11 25.16 1660679 55877664.00
2022/10/19 25.04 25.04 24.21 24.40 1044253 34397808.00
2022/10/20 24.29 25.09 24.29 24.62 1113510 37038768.00
2022/10/21 24.62 25.02 24.25 24.90 704895 23289084.00
2022/10/24 24.98 25.10 24.14 24.20 677678 22268212.00
2022/10/25 24.36 24.40 23.29 23.52 631880 20088684.00
2022/10/26 23.73 25.26 23.57 24.99 1099406 36477000.00
2022/10/27 25.08 25.19 24.62 24.93 706468 23594358.00
2022/10/28 25.06 25.89 24.60 24.69 1067444 36064824.00
2022/10/31 24.86 25.82 24.59 25.45 1283032 43623880.00
2022/11/01 25.58 26.27 25.10 25.83 1487481 51119016.00
2022/11/02 25.63 27.36 25.44 26.62 2044930 73499736.00
2022/11/03 26.46 26.93 26.06 26.72 1005742 35707912.00
2022/11/04 26.70 26.95 26.27 26.56 955711 33909764.00
2022/11/07 26.40 26.51 25.97 26.13 860129 30110704.00
2022/11/08 26.06 26.33 25.67 26.28 579959 20289172.00
2022/11/09 26.28 26.59 25.97 26.17 491907 17339946.00
2022/11/10 26.09 27.00 26.09 26.54 932885 33271046.00
2022/11/11 27.17 29.46 26.93 27.76 2769707 103950696.00
2022/11/14 27.98 28.20 27.29 28.06 1458533 54322064.00
2022/11/15 28.06 28.42 27.75 28.18 842645 31617078.00
2022/11/16 28.43 28.43 27.27 27.36 775457 28749348.00
2022/11/17 27.30 27.64 27.06 27.45 752979 27575180.00
2022/11/18 27.46 28.26 27.41 27.41 872686 32431674.00
2022/11/21 27.41 28.10 27.03 28.03 768603 28443578.00
2022/11/22 28.19 28.31 26.56 26.71 1058288 38492720.00
2022/11/23 26.71 26.81 25.47 25.67 898388 31140550.00
2022/11/24 25.90 26.36 25.67 26.15 589951 20580900.00
2022/11/25 26.20 26.44 25.67 25.74 412775 14294270.00
2022/11/28 25.68 25.93 25.12 25.33 573065 19485828.00
2022/11/29 25.25 26.53 25.22 26.20 684946 23947664.00
2022/11/30 26.36 26.71 25.79 25.79 405857 14203513.00
2022/12/01 25.79 26.22 25.58 25.92 475427 16501371.00
2022/12/02 25.92 26.26 25.65 25.90 379086 13203672.00
2022/12/05 26.12 26.40 25.83 25.94 396673 13810529.00
2022/12/06 25.94 26.23 25.39 25.50 395346 13649688.00
2022/12/07 25.56 25.88 25.23 25.76 281220 9651369.00
2022/12/08 26.06 26.27 25.53 25.95 489006 16946120.00
2022/12/09 25.53 26.36 25.42 26.20 603457 21059588.00
2022/12/12 26.09 27.39 26.06 27.20 1215947 44047992.00
2022/12/13 27.04 27.47 26.62 26.93 678157 24412688.00
2022/12/14 26.96 27.51 26.07 26.08 526189 18617570.00
2022/12/15 26.07 26.43 25.98 26.19 295703 10384769.00
2022/12/16 26.36 26.36 25.79 25.94 305578 10655489.00
2022/12/19 25.75 26.15 25.06 25.36 452788 15357662.00
2022/12/20 25.10 25.33 24.64 24.86 413273 13738667.00
2022/12/21 24.86 25.36 24.60 24.79 320805 10667253.00
2022/12/22 24.85 24.98 24.45 24.56 325759 10811002.00
2022/12/23 24.57 24.57 24.15 24.27 310221 10135445.00
2022/12/26 24.33 24.50 24.21 24.31 223750 7301353.00
2022/12/27 24.41 24.41 23.63 24.10 263088 8453828.00
2022/12/28 24.10 24.10 23.64 23.78 223412 7144485.00
2022/12/29 23.60 24.40 23.33 24.02 227077 7315067.00
2022/12/30 24.02 24.59 23.71 24.59 258993 8343498.00
2023/01/03 24.35 25.01 24.13 24.99 512662 16945316.00
2023/01/04 24.76 25.17 24.45 24.76 356977 11904216.00
2023/01/05 24.93 25.03 24.59 24.83 379342 12636180.00
2023/01/06 24.69 24.90 24.53 24.67 328149 10873245.00
2023/01/09 24.75 26.35 24.67 26.19 1175121 40343368.00
2023/01/10 26.19 27.56 25.90 26.79 1431885 51322376.00
2023/01/11 26.86 27.42 26.64 26.66 725385 26216664.00
2023/01/12 26.66 27.25 26.50 26.72 478091 17167632.00
2023/01/13 26.91 31.90 26.79 31.36 4394968 175304976.00
2023/01/16 31.99 35.93 31.99 35.06 6569135 301013088.00
2023/01/17 34.59 35.76 32.89 33.90 3530992 161149552.00
2023/01/18 33.67 35.75 33.52 34.88 2081257 96471760.00
2023/01/19 35.38 35.56 34.00 34.76 1285163 59417208.00
2023/01/20 34.67 35.36 34.19 34.19 894205 41267976.00
2023/01/30 35.36 35.36 33.06 33.60 1339450 59999712.00
2023/01/31 33.77 33.77 32.77 33.13 1090520 48103856.00
2023/02/01 33.49 34.09 32.99 33.76 882798 39383268.00
2023/02/02 34.21 35.79 33.44 34.55 1454104 67343760.00
2023/02/03 34.64 35.09 34.09 34.98 873039 40002612.00
2023/02/06 35.36 38.94 35.36 38.34 4273402 214456400.00
2023/02/07 37.86 37.99 36.13 36.91 2439358 120022520.00
2023/02/08 36.89 37.52 35.44 35.50 1893457 91037648.00
2023/02/09 35.40 35.74 34.81 35.56 1279203 60118352.00
2023/02/10 35.74 36.43 34.87 34.96 1066128 50141808.00
2023/02/13 35.03 35.14 34.29 34.44 1117288 51361552.00
2023/02/14 34.46 35.08 34.46 34.79 669264 30935238.00
2023/02/15 35.02 35.09 33.86 34.56 707024 32250744.00
2023/02/16 34.56 34.98 32.76 33.00 1392920 62257000.00
2023/02/17 33.04 35.48 32.85 34.76 2226258 102544848.00
2023/02/20 34.66 35.25 33.75 34.93 1440787 66025424.00
2023/02/21 34.93 36.49 34.17 36.10 1501520 70993536.00
2023/02/22 35.90 38.36 35.36 37.56 1693647 84563240.00
2023/02/23 37.36 38.43 36.99 37.36 918322 45870384.00
2023/02/24 37.21 39.38 37.08 37.74 1062049 54121452.00
2023/02/27 38.27 39.79 38.02 38.63 1422302 73768272.00
2023/02/28 38.63 39.86 38.43 39.19 1138800 59269692.00
2023/03/01 39.12 39.17 37.59 38.83 1614933 82060520.00
2023/03/02 39.21 39.21 38.06 38.08 485800 24862520.00
2023/03/03 38.69 38.83 37.21 37.51 664965 33252658.00
2023/03/06 37.51 38.93 36.93 38.83 1738237 87652768.00
2023/03/07 38.84 39.07 36.75 37.11 881550 43824412.00
2023/03/08 36.89 37.82 36.82 37.52 685598 33971328.00
2023/03/09 37.67 38.40 37.06 37.81 450607 22625420.00
2023/03/10 37.79 38.42 36.32 37.59 1089631 54112524.00
2023/03/13 37.34 37.67 36.50 37.11 464040 22773684.00
2023/03/14 37.27 37.27 36.52 36.69 307703 15052792.00
2023/03/15 37.02 37.66 36.79 37.09 628349 31005892.00
2023/03/16 37.09 37.64 36.56 36.66 716618 35173980.00
2023/03/17 36.56 39.46 36.56 38.88 1937400 99425216.00
2023/03/20 38.51 38.97 37.53 38.40 803699 40933824.00
2023/03/21 38.27 38.97 37.83 38.27 807081 40919120.00
2023/03/22 37.99 38.57 37.92 38.09 392920 19907800.00
2023/03/23 38.39 38.73 37.37 38.68 860075 43503008.00
2023/03/24 38.68 39.05 37.34 37.46 459423 23065594.00
2023/03/27 37.66 38.52 37.29 37.81 368488 18540324.00
2023/03/28 37.81 39.53 37.54 38.44 678637 34842572.00
2023/03/29 38.13 38.83 36.99 37.56 683036 33990356.00
2023/03/30 37.56 37.99 36.82 36.87 394969 19476476.00
2023/03/31 36.55 37.25 36.26 36.87 393786 19181184.00
2023/04/03 36.70 37.36 36.22 36.45 697027 33864584.00
2023/04/04 36.82 38.19 36.72 37.49 689576 34435980.00
2023/04/06 37.32 39.03 37.32 38.44 527683 26785742.00
2023/04/07 38.38 43.20 38.36 42.73 2243236 125012256.00
2023/04/10 42.47 42.83 41.52 42.61 1268226 70953392.00
2023/04/11 43.06 43.43 41.24 41.47 911645 50683160.00
2023/04/12 41.52 41.94 40.34 41.34 1254290 68404224.00
2023/04/13 41.13 42.16 40.93 40.96 534199 29387496.00
2023/04/14 41.42 42.27 40.23 40.77 529543 28845300.00
2023/04/17 41.00 42.12 40.40 41.79 815261 44489160.00
2023/04/18 41.79 41.83 40.44 40.67 365525 19777452.00
2023/04/19 40.42 41.06 40.23 40.52 305182 16402857.00
2023/04/20 40.19 41.11 39.67 40.98 545904 29252124.00
2023/04/21 42.26 43.21 39.75 42.90 2106299 116821152.00
2023/04/24 43.05 43.81 40.90 40.90 773260 43037356.00
2023/04/25 40.83 41.50 40.10 40.75 610882 32994012.00
2023/04/26 39.76 40.55 37.96 38.52 1724273 88861144.00
2023/04/27 39.06 43.04 38.90 42.63 1569703 86088320.00
2023/04/28 41.91 44.59 41.16 43.83 1221208 69445504.00
2023/05/04 44.05 44.35 42.72 43.43 546016 31344408.00
2023/05/05 42.91 43.24 41.63 42.49 430364 24132740.00
2023/05/08 41.99 42.29 40.87 40.98 570910 31306556.00
2023/05/09 40.90 41.97 40.32 40.54 355702 19287936.00
2023/05/10 40.98 40.98 39.13 39.83 535203 28080316.00
2023/05/11 39.81 41.79 39.56 41.48 467509 25525978.00
2023/05/12 41.44 42.14 40.06 40.06 359538 19505366.00
2023/05/15 40.05 40.99 39.63 40.75 345073 18469572.00
2023/05/16 40.29 41.88 40.29 41.27 266535 14590465.00
2023/05/17 41.36 41.96 39.98 40.28 478041 25701792.00
2023/05/18 40.55 40.95 39.59 40.57 584472 31178424.00
2023/05/19 40.59 41.43 40.22 40.86 423268 22955420.00
2023/05/22 40.76 42.83 40.76 40.79 575013 31511606.00
2023/05/23 41.06 42.83 40.79 41.32 481048 26643752.00
2023/05/24 41.52 41.59 39.24 40.74 933226 49966288.00
2023/05/25 41.47 41.47 40.09 40.46 317851 17127358.00
2023/05/26 40.94 41.81 40.21 41.44 277938 15148594.00
2023/05/29 41.33 41.75 39.35 39.89 1169079 62066232.00
2023/05/30 40.43 40.64 39.22 39.48 466507 24627810.00
2023/05/31 39.59 40.72 39.21 39.46 482606 25344760.00
2023/06/01 39.66 40.21 39.25 39.33 391655 20573416.00
2023/06/02 39.75 39.84 38.76 39.10 391507 20399340.00
2023/06/05 39.10 41.88 39.06 41.10 817116 44323916.00
2023/06/06 41.25 41.25 38.20 38.31 1107789 57301184.00
2023/06/07 38.31 39.73 38.31 38.73 506599 26215388.00
2023/06/08 38.59 39.23 38.33 38.43 509024 26176990.00
2023/06/09 38.54 39.64 38.22 38.89 308012 15955358.00
2023/06/12 39.08 39.08 37.72 38.06 393054 19881010.00
2023/06/13 38.06 38.66 37.46 38.26 345902 17514608.00
2023/06/14 38.63 39.33 38.06 39.18 420928 21620180.00
2023/06/15 39.06 39.26 38.29 38.69 210196 10824736.00
2023/06/16 38.46 39.17 37.53 38.58 360744 18278492.00
2023/06/19 38.59 41.13 38.14 40.21 1591528 84721088.00
2023/06/20 41.02 41.02 39.88 40.56 576623 31012044.00
2023/06/21 40.83 41.03 40.02 40.21 357897 19203000.00
2023/06/26 40.19 40.51 38.98 39.59 401107 21127636.00
2023/06/27 39.31 41.96 39.31 41.75 1030334 56413952.00
2023/06/28 41.43 42.13 41.14 41.49 279634 15398923.00
2023/06/29 41.43 42.31 41.06 41.73 288389 16040359.00
2023/06/30 41.73 42.60 41.69 41.86 260687 14568322.00
2023/07/03 41.98 42.67 40.99 42.23 357247 19907424.00
2023/07/04 42.40 43.05 41.47 42.76 420665 23623866.00
2023/07/05 42.65 43.59 42.07 43.28 807969 46298044.00
2023/07/06 43.32 43.33 42.07 42.79 605484 34209152.00
2023/07/07 42.38 42.78 41.50 42.18 333937 14201171.00
2023/07/10 42.13 42.30 41.26 42.18 618575 26128290.00
2023/07/11 42.26 42.26 39.14 39.45 1766704 72239104.00
2023/07/12 39.47 39.60 34.81 35.41 3558413 132554056.00
2023/07/13 35.59 36.39 35.42 35.64 1392737 50753624.00
2023/07/14 36.21 36.21 34.45 34.53 767158 27161408.00
2023/07/17 35.02 35.19 34.12 34.70 976708 34527904.00
2023/07/18 34.81 34.88 34.15 34.21 645634 22624542.00
2023/07/19 34.16 34.51 33.58 33.86 397685 13741542.00
2023/07/20 34.03 34.71 33.61 33.62 512088 17722352.00
2023/07/21 33.71 35.79 33.38 34.75 1246937 43786448.00
2023/07/24 35.38 36.59 34.61 36.08 1221027 44504636.00
2023/07/25 36.06 36.90 35.42 36.85 1256821 46549432.00
2023/07/26 36.52 37.02 36.31 36.39 590842 21954140.00
2023/07/27 36.39 36.47 35.55 35.80 395533 14411440.00
2023/07/28 35.62 36.22 35.31 35.89 678960 24612232.00
2023/07/31 35.14 36.06 34.63 35.09 858274 30563804.00
2023/08/01 34.89 35.39 34.06 34.22 614087 21586732.00
2023/08/02 34.39 34.62 33.41 34.08 724555 25025640.00
2023/08/03 33.88 33.88 32.83 32.96 711435 24035018.00
2023/08/04 33.11 33.49 32.77 33.10 713475 23921512.00
2023/08/07 33.09 33.09 30.70 31.16 2813131 89362192.00
2023/08/08 31.14 31.46 30.61 30.92 876801 27752344.00
2023/08/09 31.10 32.30 30.95 31.82 1512193 49026116.00
2023/08/10 31.71 32.49 31.41 31.91 890597 28898164.00
2023/08/11 31.92 32.74 31.83 32.29 750443 24785418.00
2023/08/14 32.54 32.54 31.41 32.09 469906 15222374.00
2023/08/15 31.92 32.59 31.59 32.36 430527 14106713.00
2023/08/16 32.09 32.78 31.84 31.90 655495 21513472.00
2023/08/17 31.81 32.49 31.69 32.10 397650 12972161.00
2023/08/18 32.44 32.81 31.41 31.91 1064617 34779104.00
2023/08/21 31.56 31.84 31.01 31.20 466805 14898923.00
2023/08/22 31.20 31.55 30.48 31.32 628660 19870794.00
2023/08/23 31.55 31.55 30.21 30.21 493304 15331283.00
2023/08/24 30.39 30.99 30.08 30.69 541966 16883828.00
2023/08/25 30.41 30.69 29.41 29.82 611601 18729124.00
2023/08/28 32.29 32.29 29.99 30.18 771895 24217556.00
2023/08/29 30.63 32.36 29.96 32.31 895502 28759640.00
2023/08/30 32.15 33.07 32.15 32.37 804058 26649988.00
2023/08/31 32.38 32.88 31.98 32.31 552305 18156700.00
2023/09/01 32.05 32.50 31.86 32.27 494749 16168897.00
2023/09/04 32.27 32.45 31.02 31.55 744845 23900960.00
2023/09/05 31.76 31.88 30.73 30.99 532535 16917360.00
2023/09/06 31.11 31.25 30.58 30.72 384749 12074108.00
2023/09/07 31.15 31.18 30.10 30.12 463904 14457758.00
2023/09/08 30.41 31.02 30.08 30.63 386182 12102513.00
2023/09/11 30.73 32.35 30.59 32.21 839364 27255134.00
2023/09/12 32.27 32.39 31.64 31.99 551209 17920152.00
2023/09/13 32.21 32.21 31.13 31.60 326719 10480916.00
2023/09/14 31.32 31.70 30.91 31.45 336653 10730926.00
2023/09/15 31.45 32.57 31.16 32.11 557067 18167092.00
2023/09/18 32.04 33.11 31.95 32.88 810114 26921844.00
2023/09/19 32.53 33.07 32.12 32.28 577177 19082804.00
2023/09/20 32.41 32.75 32.02 32.09 385212 12684485.00
2023/09/21 31.96 32.16 31.61 31.67 459476 14913720.00
2023/09/22 32.15 32.52 31.31 32.34 416739 13546669.00
2023/09/25 32.27 33.07 32.27 32.86 431979 14378060.00
2023/09/26 32.73 33.29 32.41 32.79 477575 15949215.00
2023/09/27 32.49 33.23 32.48 33.01 669714 22437100.00
2023/09/28 32.98 33.26 32.71 32.97 643154 21541748.00
2023/10/09 32.38 33.66 32.38 33.31 842505 28504800.00
2023/10/10 33.41 33.41 32.17 32.21 620959 20555060.00
2023/10/11 32.22 33.66 32.02 32.61 1830811 61064820.00
2023/10/12 32.61 33.08 32.39 32.96 700562 23334804.00
2023/10/13 32.44 33.04 31.99 32.43 1382264 45471336.00
2023/10/16 32.43 32.71 31.43 31.61 734588 23778498.00
2023/10/17 31.84 31.84 30.94 31.33 531799 16939176.00
2023/10/18 31.33 31.40 30.54 30.61 785123 24679128.00
2023/10/19 30.56 30.76 29.96 30.09 686417 21197476.00
2023/10/20 29.96 30.47 29.61 29.73 508878 15548975.00
2023/10/23 29.73 29.81 28.95 29.06 906717 26979522.00
2023/10/24 29.34 29.92 28.86 29.88 695782 20925532.00
2023/10/25 29.99 30.37 29.80 29.87 411452 12598692.00
2023/10/26 29.82 30.01 28.71 29.33 875383 26088124.00
2023/10/27 28.97 30.34 28.60 30.19 1427218 42977896.00
2023/10/30 29.92 30.89 29.56 30.62 1259758 38837992.00
2023/10/31 30.62 31.59 30.47 31.39 1936135 61506960.00
2023/11/01 31.21 31.90 30.45 31.52 1468986 47021232.00
2023/11/02 31.49 31.49 30.66 30.78 631774 19949182.00
2023/11/03 30.74 31.53 30.56 31.24 506122 16088663.00
2023/11/06 31.41 32.58 31.32 32.31 801963 26236670.00
2023/11/07 32.14 32.90 32.13 32.59 665119 22068062.00
2023/11/08 32.66 33.17 32.31 32.82 417559 13986040.00
2023/11/09 32.89 33.14 32.09 32.21 413503 13658929.00
2023/11/10 32.24 32.59 31.84 32.42 380976 12524842.00
2023/11/13 31.93 32.60 31.93 32.20 505555 16533762.00
2023/11/14 32.14 32.23 31.56 32.00 501404 16317883.00
2023/11/15 32.07 32.46 31.92 32.19 366274 11982012.00
2023/11/16 32.16 32.31 31.90 31.97 202645 6609821.00
2023/11/17 31.91 32.63 31.71 32.35 451712 14844375.00
2023/11/20 32.69 33.16 32.25 33.06 497625 16582873.00
2023/11/21 33.20 33.38 32.67 32.71 303912 10206963.00
2023/11/22 32.50 33.01 32.11 32.11 227898 7561113.00
2023/11/23 32.25 33.34 32.16 32.94 638322 21473612.00
2023/11/24 33.27 33.38 32.50 32.97 471571 15744402.00
2023/11/27 32.90 33.17 32.41 32.78 373281 12461568.00
2023/11/28 32.70 33.50 32.43 33.06 506440 17070708.00
2023/11/29 32.96 33.61 32.34 32.45 880683 29509404.00
2023/11/30 32.51 34.89 32.50 34.40 2464797 84393456.00
2023/12/01 34.21 34.40 33.66 34.14 1256347 43506956.00
2023/12/04 34.33 34.33 32.61 32.90 1190788 40082888.00
2023/12/05 32.52 32.97 31.89 32.49 896183 29638102.00
2023/12/06 32.49 33.50 32.11 32.54 513387 17074660.00
2023/12/07 32.55 32.57 31.91 32.12 577140 18930264.00
2023/12/08 32.12 35.79 31.91 34.10 2109264 73352992.00
2023/12/11 33.99 33.99 31.91 32.95 1224635 40847976.00
2023/12/12 33.10 33.59 32.29 33.41 1285610 43297864.00
2023/12/13 33.31 34.21 32.71 33.51 1290671 44047472.00
2023/12/14 33.60 33.60 32.27 32.48 797446 26533724.00
2023/12/15 32.43 32.67 31.64 31.87 931063 30455372.00
2023/12/18 32.05 33.58 31.82 33.28 1103861 37320844.00
2023/12/19 33.62 33.62 32.47 32.76 432337 14417190.00
2023/12/20 32.61 32.88 32.23 32.35 304779 10098624.00
2023/12/21 32.16 32.61 31.61 32.35 373924 12193965.00
2023/12/22 31.95 32.41 31.61 32.01 336658 10969206.00
2023/12/25 31.61 31.97 31.45 31.68 273803 8836789.00
2023/12/26 31.68 31.85 30.84 30.91 262670 8350636.00
2023/12/27 30.91 31.30 30.63 31.29 166662 5275152.00
2023/12/28 31.20 32.73 30.86 32.67 406132 13278066.00
2023/12/29 32.68 33.37 32.22 33.01 546390 18297506.00
2024/01/02 32.99 33.64 32.31 33.06 666384 22370976.00
2024/01/03 33.05 33.56 32.26 32.49 477988 15990492.00
2024/01/04 32.73 33.57 32.11 33.16 752733 25116792.00
2024/01/05 33.13 33.29 31.95 32.06 789535 26102704.00
2024/01/08 32.27 32.27 30.48 30.52 551167 17518500.00
2024/01/09 30.52 31.63 30.52 31.20 368787 11693376.00
2024/01/10 30.92 31.36 30.72 31.11 316437 10021724.00
2024/01/11 31.21 31.85 31.02 31.67 223951 7181158.00
2024/01/12 31.83 31.83 30.71 30.96 254828 8075363.00
2024/01/15 30.66 30.80 30.29 30.59 228583 7111871.00
2024/01/16 30.67 31.07 30.13 30.55 249128 7742652.00
2024/01/17 30.56 31.05 29.54 29.54 530796 16371551.00
2024/01/18 29.81 29.81 27.52 28.40 1113491 32011804.00
2024/01/19 28.29 28.61 27.09 27.31 994356 28078066.00
2024/01/22 27.31 27.48 25.41 25.65 828549 22294190.00
2024/01/23 25.74 25.76 24.85 25.17 662709 17067408.00
2024/01/24 25.36 25.47 23.94 24.76 625774 15739709.00
2024/01/25 24.86 25.99 24.64 25.89 724075 18893462.00
2024/01/26 25.88 26.40 24.91 25.11 841797 21968222.00
2024/01/29 25.35 25.41 23.74 23.98 862099 21426540.00
2024/01/30 23.98 24.28 23.56 23.56 494115 12151783.00
2024/01/31 23.56 23.70 21.91 21.99 919441 21236022.00
2024/02/01 21.99 22.61 21.13 22.12 942227 21222612.00
2024/02/02 21.99 22.38 19.80 20.86 985300 21253528.00
2024/02/05 20.68 20.68 18.47 19.00 1340739 26557218.00
2024/02/06 19.00 21.61 17.90 20.45 1307036 26326716.00
2024/02/07 20.44 20.65 19.52 20.41 1189391 24605424.00
2024/02/08 19.91 23.25 19.91 22.61 1729550 38905416.00
2024/02/19 23.01 25.71 22.46 23.93 2016802 50351000.00
2024/02/20 23.89 24.81 23.29 24.44 1036548 25722862.00
2024/02/21 24.32 25.27 23.85 24.29 732937 18454158.00
2024/02/22 24.22 24.74 24.01 24.42 409782 10240387.00
2024/02/23 24.54 24.75 23.83 24.69 679264 16906962.00
2024/02/26 24.69 25.85 24.67 25.15 769724 19817692.00
2024/02/27 24.91 25.62 24.91 25.54 534268 13860414.00
2024/02/28 25.91 26.31 23.82 23.82 1073763 27535504.00
2024/02/29 24.01 24.52 23.63 24.30 573445 14168961.00
2024/03/01 24.50 24.88 24.22 24.55 456483 11473363.00
2024/03/04 24.51 24.89 24.08 24.47 711410 17770376.00
2024/03/05 24.47 24.52 23.75 23.78 737904 18220922.00
2024/03/06 23.78 24.21 23.37 23.88 520977 12656013.00
2024/03/07 23.88 24.01 23.37 23.42 492563 11965032.00
2024/03/08 23.52 23.85 23.29 23.76 390317 9420233.00
2024/03/11 23.65 24.81 23.63 24.69 640971 15967314.00
2024/03/12 24.72 25.14 24.55 24.76 571714 14503875.00
2024/03/13 24.92 25.16 24.67 24.96 446934 11392864.00
2024/03/14 25.09 25.35 24.48 24.96 495279 12670912.00
2024/03/15 24.63 25.15 24.53 25.14 296180 7553910.00
2024/03/18 25.11 25.84 24.83 25.66 697960 18140702.00
2024/03/19 25.66 26.18 25.59 25.77 577941 15295199.00
2024/03/20 25.67 26.19 25.64 26.11 605259 16050910.00
2024/03/21 26.11 26.30 25.65 26.04 602866 16021242.00
2024/03/22 25.91 26.05 24.92 24.99 543195 14022287.00
2024/03/25 24.97 24.97 23.79 23.79 680820 16956164.00
2024/03/26 24.07 24.25 23.64 24.05 610564 14959364.00
2024/03/27 24.06 24.39 23.59 23.59 332485 8175481.00
2024/03/28 23.59 24.61 23.49 24.38 437479 10847456.00
2024/03/29 24.29 24.69 24.14 24.44 467476 11688974.00
2024/04/01 24.71 24.76 24.46 24.71 438347 11046281.00
2024/04/02 24.75 24.75 24.07 24.34 673604 16797476.00
2024/04/03 24.38 24.53 23.92 24.09 463872 11472180.00
2024/04/08 24.16 24.16 22.82 22.85 696510 16583955.00
2024/04/09 22.91 23.40 22.67 23.40 531704 12580470.00
2024/04/10 23.39 23.40 22.64 22.79 472019 11081082.00
2024/04/11 22.68 23.22 22.61 22.83 395675 9308222.00
2024/04/12 22.85 23.10 22.32 22.32 410839 9518925.00
2024/04/15 22.40 23.00 21.06 21.39 830679 18504278.00
2024/04/16 21.09 21.41 19.87 19.87 975724 20473496.00
2024/04/17 20.16 21.41 20.16 21.07 722845 15571542.00
2024/04/18 21.17 21.60 20.80 21.04 467181 10192811.00
2024/04/19 21.04 21.37 20.70 21.28 547418 11864766.00
2024/04/22 21.29 21.58 20.75 21.07 562450 12250952.00
2024/04/23 20.88 21.66 20.85 21.46 656591 14363698.00
2024/04/24 21.59 21.86 21.23 21.81 581476 12897874.00
2024/04/25 22.81 23.79 22.29 23.46 1705296 40398120.00
2024/04/26 23.42 23.55 23.07 23.45 1024282 24483800.00
2024/04/29 23.21 24.05 23.21 23.75 897779 21885062.00
2024/04/30 23.82 24.48 23.47 24.39 1256999 30891822.00
2024/05/06 24.91 24.96 24.07 24.58 1436556 36009140.00
2024/05/07 24.58 24.86 24.42 24.83 792448 20054344.00
2024/05/08 24.82 25.11 24.68 24.86 782466 19950952.00
2024/05/09 24.86 25.22 24.67 25.14 513877 13183276.00
2024/05/10 25.14 25.34 24.41 24.55 669742 16886258.00
2024/05/13 24.41 24.71 24.06 24.33 509880 12698708.00
2024/05/14 24.30 24.52 24.05 24.06 425167 10558021.00
2024/05/15 24.04 24.19 23.80 23.86 400995 9860841.00
2024/05/16 24.00 24.24 23.75 23.90 451996 11122088.00
2024/05/17 23.98 24.21 23.64 24.07 538576 13226254.00
2024/05/20 23.98 24.47 23.75 24.35 672190 16627679.00
2024/05/21 24.12 24.32 23.29 23.52 696853 17004330.00
2024/05/22 23.69 23.89 23.42 23.80 458490 11130590.00
2024/05/23 23.76 23.80 23.30 23.45 392486 9442864.00
2024/05/24 23.33 23.61 23.03 23.27 408150 9722801.00
2024/05/27 23.47 23.52 22.74 23.43 518770 12274374.00
2024/05/28 23.26 23.40 22.79 22.83 464010 10950899.00
2024/05/29 22.79 23.41 22.74 23.12 407153 9677861.00
2024/05/30 23.06 23.26 22.71 22.91 343542 8101507.00
2024/05/31 22.86 23.52 22.86 23.40 555079 13229830.00
2024/06/03 23.39 23.39 22.16 22.38 677623 15754225.00
2024/06/04 22.60 22.60 21.90 22.15 642500 14604460.00
2024/06/05 22.21 22.21 21.68 21.73 526737 11800358.00
2024/06/06 21.74 21.85 20.49 20.72 750982 15971061.00
2024/06/07 20.86 21.41 20.75 21.24 439382 9402601.00
2024/06/11 21.24 21.77 20.71 21.71 445725 9657840.00
2024/06/12 21.54 22.35 21.54 22.14 504909 11322742.00
2024/06/13 22.10 22.80 21.77 22.49 520984 11829900.00
2024/06/14 22.37 22.37 21.67 22.00 480265 10701235.00
2024/06/17 21.92 22.05 21.52 21.64 520658 11496161.00
2024/06/18 21.86 21.86 21.33 21.51 561870 12265956.00
2024/06/19 21.54 21.87 21.33 21.49 286372 6264696.00
2024/06/20 21.56 22.23 21.35 21.72 662168 14701454.00
2024/06/21 21.82 22.05 21.38 21.62 422713 9288648.00
2024/06/24 21.49 21.67 20.93 21.09 539303 11638021.00
2024/06/25 21.09 21.28 20.54 20.67 531917 11256984.00
2024/06/26 20.35 21.40 20.35 21.35 640749 13680288.00
2024/06/27 21.15 21.46 20.74 20.76 429113 9168257.00
2024/06/28 20.78 21.72 20.76 21.32 599161 13001272.00
2024/07/01 21.29 22.16 20.78 22.06 1071295 23393142.00
2024/07/02 22.12 22.65 21.74 21.95 689216 15512679.00
2024/07/03 22.23 22.23 21.57 21.64 362852 8003469.00
2024/07/04 21.71 21.97 20.89 20.97 346870 7494232.50
2024/07/05 20.95 21.61 20.76 21.40 488476 10518902.00
2024/07/08 21.30 21.40 20.70 20.74 329637 7009299.50
2024/07/09 20.74 21.07 20.39 20.87 562316 11859034.00
2024/07/10 20.86 21.03 20.41 20.53 463690 9759674.00
2024/07/11 20.87 21.95 20.73 21.70 965726 21026106.00
2024/07/12 21.70 22.12 21.55 21.67 423443 9354417.00
2024/07/15 21.56 21.66 20.97 21.02 416934 8985728.00
2024/07/16 20.69 21.07 20.69 20.81 378440 8013240.00
2024/07/17 20.85 21.09 20.58 20.80 427623 9048098.00
2024/07/18 20.67 20.95 20.45 20.89 342320 7203127.00
2024/07/19 20.81 21.58 20.77 21.41 612653 13250284.00
2024/07/22 21.63 21.63 21.17 21.38 334129 7253198.50
2024/07/23 21.41 21.55 20.87 20.89 339701 7320272.00
2024/07/24 20.57 21.15 20.57 20.59 443914 9345362.00
2024/07/25 20.49 20.77 20.29 20.38 561243 11704192.00
2024/07/26 20.49 21.01 20.49 20.72 516739 10920365.00
2024/07/29 20.65 20.94 20.57 20.81 337328 7122057.00
2024/07/30 20.89 21.62 20.50 21.37 701931 15165506.00
2024/07/31 21.43 21.91 21.03 21.86 668280 14687384.00
2024/08/01 21.86 22.15 21.74 21.85 623872 13905103.00
2024/08/02 21.77 22.34 21.67 21.77 787216 17602378.00
2024/08/05 21.77 22.03 21.18 21.25 596415 13074780.00
2024/08/06 21.54 21.83 21.36 21.80 304635 6685185.00
2024/08/07 22.00 22.04 21.65 21.74 528001 11695324.00
2024/08/08 21.56 21.98 21.56 21.79 354663 7842659.50
2024/08/09 21.83 22.07 21.74 21.80 317809 7053802.00
2024/08/12 21.73 22.64 21.59 22.21 675937 15265304.00
2024/08/13 22.16 22.47 22.08 22.46 397226 8991042.00
2024/08/14 22.51 22.51 22.23 22.32 205768 4666764.00
2024/08/15 22.22 22.62 22.17 22.52 345155 7878171.00
2024/08/16 22.66 23.52 22.44 23.24 765518 17900178.00
2024/08/19 23.24 23.44 22.79 23.01 586461 13703979.00
2024/08/20 22.97 22.97 22.44 22.70 362394 8330340.50
2024/08/21 22.56 22.77 22.50 22.55 227623 5214932.50
2024/08/22 22.52 22.52 21.76 22.07 640068 14334292.00
2024/08/23 21.87 22.19 21.67 21.83 338482 7508310.50
2024/08/26 21.68 22.14 21.64 21.89 225154 5001852.00
2024/08/27 21.89 22.13 21.57 21.71 414513 9195070.00
2024/08/28 21.56 21.98 21.44 21.77 287362 6334340.50
2024/08/29 22.00 22.11 21.68 21.96 347834 7739095.00
2024/08/30 21.96 22.43 21.85 22.29 397674 8997238.00
2024/09/02 22.08 22.45 21.48 21.57 647282 14334597.00
2024/09/03 21.48 21.95 21.27 21.63 332306 7313433.00
2024/09/04 21.63 21.85 21.33 21.35 351774 7692401.00
2024/09/05 21.44 21.58 20.95 21.17 623566 13409511.00
2024/09/06 21.06 21.20 20.42 20.45 578107 12160095.00
2024/09/09 20.45 20.85 20.27 20.42 429147 8950975.00
2024/09/10 20.43 20.77 20.14 20.64 523431 10865496.00
2024/09/11 20.63 20.83 20.49 20.66 223716 4690813.50
2024/09/12 20.52 20.92 20.32 20.33 396663 8295638.00
2024/09/13 20.28 20.35 19.77 19.78 366000 7445706.00
2024/09/18 19.90 20.00 19.58 19.79 354735 7125334.50
2024/09/19 19.93 20.22 19.87 20.01 558161 11376772.00
2024/09/20 20.02 20.02 19.66 19.75 296004 5952572.50
2024/09/23 19.68 19.88 19.61 19.68 357571 7168104.00
2024/09/24 19.68 20.32 19.68 20.29 673946 13804666.00
2024/09/25 20.37 20.77 20.37 20.42 937633 19587518.00
2024/09/26 20.41 21.08 20.29 21.08 922086 19361920.00
2024/09/27 21.67 22.15 21.40 22.09 527424 11631242.00
2024/09/30 22.97 25.61 22.82 25.14 2941761 71859616.00
2024/10/08 29.77 29.77 26.55 27.87 3433208 97187240.00
2024/10/09 26.69 27.65 25.51 25.72 1951852 52406232.00
2024/10/10 25.88 26.36 25.04 25.30 1370922 35617232.00
2024/10/11 25.40 25.40 23.45 23.69 1149876 28329870.00
2024/10/14 23.69 24.35 23.37 24.26 774656 18787580.00
2024/10/15 24.26 24.47 23.78 23.80 453163 11125083.00
2024/10/16 23.65 24.05 23.52 23.61 440346 10600185.00
2024/10/17 23.84 24.15 23.60 23.62 621859 15049624.00
2024/10/18 23.44 24.66 23.44 24.35 997157 24421022.00
2024/10/21 24.64 24.92 24.08 24.42 1540814 38224560.00
2024/10/22 24.53 25.03 24.29 24.82 866624 21666772.00
2024/10/23 24.85 25.17 24.55 24.59 968155 24318564.00
2024/10/24 24.62 24.69 24.22 24.56 629870 15672259.00
2024/10/25 24.57 25.06 24.46 24.90 802436 20188112.00
2024/10/28 25.13 25.55 24.70 25.51 1233388 31506334.00
2024/10/29 25.51 25.66 24.92 25.16 973926 24967858.00
2024/10/30 24.64 24.81 24.07 24.42 1344048 33369850.00
2024/10/31 24.37 25.06 24.17 24.93 828944 20807346.00
2024/11/01 24.92 25.27 24.59 24.67 1159131 29253802.00
2024/11/04 24.73 26.00 24.66 25.93 1894684 49302000.00
2024/11/05 26.23 26.67 25.77 26.67 1538989 40915812.00
2024/11/06 26.79 27.34 26.27 26.78 1431348 38913980.00
2024/11/07 26.72 27.49 26.57 27.22 1023090 28081310.00
2024/11/08 27.44 29.30 27.07 28.61 3055614 87893552.00
2024/11/11 28.66 30.07 28.18 30.06 2844719 84045656.00
2024/11/12 29.69 30.16 29.05 30.12 2625834 78691584.00
2024/11/13 29.99 30.87 29.18 30.44 1564337 47620964.00
2024/11/14 30.29 30.47 28.13 28.23 1663428 48996164.00
2024/11/15 28.11 28.33 27.07 27.33 1141864 32046054.00
2024/11/18 27.37 27.99 26.78 26.97 848375 23429386.00
2024/11/19 26.96 27.78 26.96 27.70 676936 18839602.00
2024/11/20 27.70 28.49 27.27 28.47 1202864 34056720.00
2024/11/21 28.23 28.84 28.23 28.63 748284 21586016.00
2024/11/22 28.52 28.52 27.28 27.32 653995 18467112.00
2024/11/25 27.17 28.26 27.17 28.22 708921 19819840.00
2024/11/26 27.96 28.48 26.97 27.04 809098 22637684.00
2024/11/27 26.89 27.56 26.45 26.82 865663 23450462.00
2024/11/28 26.99 27.44 26.78 27.04 709020 19420782.00
2024/11/29 26.90 27.67 26.70 27.51 765120 21115568.00
2024/12/02 27.27 27.79 27.19 27.62 1104025 30756992.00
2024/12/03 27.86 27.87 27.17 27.65 886200 24597888.00
2024/12/04 27.63 27.70 27.15 27.18 434564 12061584.00
2024/12/05 27.18 27.52 26.66 27.26 596681 16445876.00
2024/12/06 27.30 27.45 26.70 27.23 945206 25851760.00
2024/12/09 27.23 27.49 26.80 26.94 613829 16875328.00
2024/12/10 27.52 27.95 26.15 26.35 2112224 57675300.00
2024/12/11 26.34 26.62 26.28 26.61 801526 21451068.00
2024/12/12 26.60 26.83 26.44 26.73 621171 16770270.00
2024/12/13 26.74 26.74 25.78 26.00 1016101 26942684.00
2024/12/16 25.87 27.05 25.86 26.50 992167 26540384.00
2024/12/17 26.42 26.42 25.22 25.27 1001095 26013806.00
2024/12/18 25.49 25.49 24.92 25.10 725553 18470088.00
2024/12/19 24.93 25.11 24.51 24.91 885446 22233222.00
2024/12/20 24.98 25.56 24.95 25.42 484062 12425901.00
2024/12/23 25.55 25.55 24.61 24.68 475761 12010983.00
2024/12/24 24.86 25.05 24.69 24.87 456041 11479063.00
2024/12/25 25.08 25.21 24.47 24.60 462109 11586487.00
2024/12/26 24.72 25.00 24.56 24.89 267313 6721769.00
2024/12/27 24.90 25.06 24.73 24.77 500847 12630488.00
2024/12/30 24.97 24.97 24.40 24.46 379945 9459344.00
2024/12/31 24.51 24.55 23.84 23.86 449627 11012912.00
2025/01/02 24.03 24.11 22.95 23.15 847952 20292764.00
2025/01/03 23.03 23.96 22.59 22.71 1091667 25829750.00
2025/01/06 23.17 23.17 22.56 22.83 444018 10317917.00
2025/01/07 22.74 23.03 22.67 22.96 451950 10482805.00
2025/01/08 22.96 23.12 22.39 22.80 332849 7684872.00
2025/01/09 22.68 23.23 22.57 22.88 389051 9028817.00
2025/01/10 22.90 23.07 22.35 22.42 425470 9782008.00
2025/01/13 22.35 23.47 22.02 23.11 826345 19121250.00
2025/01/14 22.95 23.79 22.90 23.62 625796 14900050.00
2025/01/15 23.48 23.60 23.24 23.27 417385 9884911.00
2025/01/16 23.38 23.64 22.96 23.06 571363 13457480.00
2025/01/17 23.15 23.24 22.90 23.02 489940 11459428.00
2025/01/20 23.13 23.44 23.02 23.23 517413 12198968.00
2025/01/21 23.37 23.37 22.57 22.75 899552 20831298.00
2025/01/22 22.81 22.81 22.47 22.56 457941 10483070.00
2025/01/23 22.66 23.12 22.66 22.76 523081 12170638.00
2025/01/24 22.76 22.84 22.51 22.68 656320 15062295.00
2025/01/27 22.77 22.96 22.50 22.65 439727 10163686.00
2025/02/05 22.78 23.17 22.68 23.00 572880 13336546.00
2025/02/06 23.00 23.82 22.86 23.76 829040 19726722.00
2025/02/07 23.87 24.18 23.62 24.00 760448 18464482.00
2025/02/10 23.96 24.41 23.85 24.33 701565 17229344.00
2025/02/11 24.33 24.45 23.80 24.32 891169 21814978.00
2025/02/12 24.22 24.26 23.67 24.05 823082 19992720.00
2025/02/13 23.87 24.07 23.73 23.78 571618 13836025.00
2025/02/14 23.72 24.82 23.72 24.51 1263817 31380850.00
2025/02/17 24.50 25.27 24.47 24.85 1372318 34613764.00
2025/02/18 24.85 25.04 23.83 23.96 945475 23289700.00
2025/02/19 23.89 24.12 23.80 24.02 1299948 31585898.00
2025/02/20 24.05 25.06 24.05 24.75 1562641 39141688.00
2025/02/21 24.74 25.71 24.37 25.41 1597700 40705536.00
2025/02/24 25.36 25.50 24.89 25.21 1109635 28182850.00
2025/02/25 24.94 25.10 24.73 24.80 1118375 28238556.00
2025/02/26 24.85 25.21 24.74 25.14 882479 22341512.00
2025/02/27 25.16 25.37 24.85 25.24 881968 22430882.00
2025/02/28 25.26 25.35 24.52 24.53 899131 22667394.00
2025/03/03 24.61 25.19 24.61 24.90 772253 19525108.00
2025/03/04 24.88 25.30 24.86 25.26 800966 20414438.00
2025/03/05 25.35 25.40 24.74 24.88 904230 22816382.00
2025/03/06 25.11 25.86 24.92 25.57 1282343 32968638.00
2025/03/07 25.47 25.66 25.12 25.27 789764 20296712.00
2025/03/10 25.40 25.66 24.97 25.09 1232124 31473924.00
2025/03/11 25.02 25.02 24.57 24.95 876030 21987020.00
2025/03/12 25.02 25.07 24.81 24.89 625059 15805741.00
2025/03/13 24.95 24.95 24.29 24.61 727714 18108538.00
2025/03/14 24.60 25.36 24.48 25.36 1201727 30521582.00
2025/03/17 25.43 25.43 25.23 25.41 541311 13900734.00
2025/03/18 25.45 25.72 25.32 25.59 679712 17596228.00
2025/03/19 25.40 25.67 25.30 25.43 732143 18905410.00
2025/03/20 25.42 25.55 25.00 25.07 1220052 31075840.00
2025/03/21 25.07 25.13 24.55 24.64 881732 22189364.00
2025/03/24 24.57 24.87 24.08 24.41 769301 19064600.00
2025/03/25 24.55 24.55 24.19 24.50 505183 12497144.00
2025/03/26 24.54 24.92 24.37 24.76 779318 19482172.00
2025/03/27 24.74 25.04 24.28 24.81 735052 18399220.00
2025/03/28 24.63 25.27 24.62 24.86 1105115 28011456.00
2025/03/31 24.59 24.73 24.29 24.60 767407 19050546.00
2025/04/01 24.57 25.72 24.52 25.34 1879385 48332588.00
2025/04/02 25.18 25.64 25.16 25.46 1040061 26802000.00
2025/04/03 25.27 25.76 25.18 25.42 1055860 27255744.00
2025/04/07 24.75 24.75 21.45 21.78 2058684 47922232.00
2025/04/08 21.97 22.74 21.85 22.33 1171876 26423234.00
2025/04/09 21.98 22.68 20.95 22.54 1352449 30030172.00
2025/04/10 22.82 23.45 22.82 22.96 1060965 24912106.00
2025/04/11 23.03 23.35 22.74 23.23 717879 16862898.00
2025/04/14 23.45 23.55 23.26 23.35 661300 15700025.00
2025/04/15 23.36 23.49 23.13 23.36 480554 11354114.00
2025/04/16 23.36 23.36 22.56 22.94 693384 16145155.00
2025/04/17 22.67 23.34 22.67 23.10 574778 13499654.00
2025/04/18 23.06 23.37 22.97 23.15 579166 13607414.00
2025/04/21 23.00 23.55 22.96 23.53 664029 15770035.00
2025/04/22 23.38 23.70 23.33 23.62 578974 13836040.00
2025/04/23 23.75 23.86 23.58 23.83 658275 15836898.00
2025/04/24 23.82 24.05 23.49 23.85 616084 14874545.00
2025/04/25 23.37 23.40 22.71 23.01 1112811 26026864.00
2025/04/28 22.78 22.95 22.72 22.81 558106 12918879.00
2025/04/29 22.73 23.15 22.71 23.08 545372 12709340.00
2025/04/30 23.15 23.39 23.03 23.28 465840 10990163.00
2025/05/06 23.40 23.74 23.29 23.59 673205 16095754.00
2025/05/07 23.67 23.95 23.49 23.64 829323 19982458.00
2025/05/08 23.57 24.10 23.49 23.85 789851 19138186.00
2025/05/09 23.73 23.89 23.52 23.62 703819 16900824.00
2025/05/12 23.81 23.91 23.58 23.85 696205 16802208.00
2025/05/13 23.98 24.11 23.83 23.87 692535 16822476.00
2025/05/14 23.87 23.97 23.59 23.67 493193 11862996.00
2025/05/15 23.67 23.69 23.32 23.54 479335 11433227.00
2025/05/16 23.63 23.84 23.43 23.78 628931 15133832.00
2025/05/19 23.84 23.87 23.60 23.85 520073 12530650.00
2025/05/20 23.84 24.12 23.69 24.12 770934 18766522.00
2025/05/21 24.12 24.22 23.97 23.98 559755 13666137.00
2025/05/22 23.97 24.12 23.57 23.58 669942 16175284.00
2025/05/23 23.59 24.11 23.49 23.56 908083 21949166.00
2025/05/26 23.47 23.54 23.13 23.46 724174 17167426.00
2025/05/27 23.47 23.61 23.33 23.44 590099 14037493.00
2025/05/28 23.47 23.66 23.20 23.31 610998 14522022.00
2025/05/29 23.36 23.91 23.29 23.90 904524 21774814.00
2025/05/30 23.72 24.12 23.72 23.79 620611 15030995.00
2025/06/03 23.85 24.13 23.68 24.11 824891 20073416.00
2025/06/04 24.13 24.31 24.04 24.26 794274 19438332.00
2025/06/05 24.31 24.45 24.15 24.32 839399 20665444.00
2025/06/06 24.27 24.39 23.97 24.18 822225 20158316.00
2025/06/09 24.15 24.45 24.15 24.37 950784 23472030.00
2025/06/10 24.37 24.52 23.95 24.17 950740 23378226.00
2025/06/11 24.35 24.37 24.19 24.27 575037 14142715.00
2025/06/12 24.24 24.40 24.13 24.33 692982 16829660.00
2025/06/13 24.26 24.44 23.98 24.02 711297 17168810.00
2025/06/16 24.20 25.21 24.04 24.78 1731907 42920312.00
2025/06/17 24.89 25.17 24.46 24.61 1284693 31831426.00
2025/06/18 24.68 24.68 24.13 24.26 803657 19526034.00
2025/06/19 24.21 24.33 23.82 23.89 705000 16967584.00
2025/06/20 23.97 24.03 23.58 23.58 651494 15525877.00
2025/06/23 23.60 24.07 23.40 24.01 534751 12735334.00
2025/06/24 24.39 24.75 24.06 24.70 865045 21146066.00
2025/06/25 24.63 24.85 24.35 24.77 948235 23354848.00
2025/06/26 24.76 24.99 24.58 24.98 1057276 26296258.00
2025/06/27 24.88 25.13 24.76 24.88 861104 21420872.00
2025/06/30 24.90 25.23 24.74 25.18 864597 21671334.00
2025/07/01 25.26 25.35 25.04 25.28 891624 22456512.00
2025/07/02 25.30 25.33 24.91 25.00 813514 20424924.00
2025/07/03 25.11 25.15 24.86 24.96 1043613 26079812.00
2025/07/04 25.00 25.20 24.86 25.03 847812 21225656.00
2025/07/07 25.15 25.43 24.92 25.03 1177460 29600178.00
2025/07/08 25.07 25.44 24.98 25.31 1058064 26766036.00
2025/07/09 25.43 25.48 25.20 25.35 909205 23011758.00
2025/07/10 25.49 25.81 25.22 25.55 2091949 53540800.00
2025/07/11 25.50 25.57 25.23 25.50 1219034 30969358.00
2025/07/14 25.45 25.87 25.37 25.85 1213447 31083928.00
2025/07/15 25.70 26.46 25.49 26.23 2203768 57303204.00
2025/07/16 26.22 26.82 25.93 26.79 2328716 61537824.00
2025/07/17 26.80 26.83 26.54 26.70 1273510 33976852.00
2025/07/18 26.87 26.93 26.34 26.60 1345666 35656372.00
2025/07/21 26.57 26.82 26.46 26.66 969927 25855240.00
2025/07/22 26.66 26.92 26.41 26.53 1554403 41364668.00
2025/07/23 26.49 26.75 26.49 26.56 956793 25468198.00
2025/07/24 26.51 27.23 26.51 26.97 1492582 40065512.00
2025/07/25 27.08 27.75 26.90 27.57 1855003 50826544.00
2025/07/28 27.88 27.88 27.26 27.31 1259329 34501312.00
2025/07/29 27.20 27.60 26.91 27.30 1413485 38364920.00
2025/07/30 27.38 27.38 26.65 26.89 1597595 43162408.00
2025/07/31 27.00 27.44 26.54 26.65 1776817 48003464.00
2025/08/01 26.78 27.31 26.66 27.01 1434357 38850028.00
2025/08/04 26.90 27.59 26.66 27.48 1490934 40531704.00
2025/08/05 27.48 27.80 27.14 27.43 1353987 37120608.00
2025/08/06 27.42 27.80 27.12 27.31 1710670 46780940.00
2025/08/07 27.25 27.87 27.22 27.44 2111994 58111292.00
2025/08/08 27.40 27.98 27.11 27.73 1982554 54708664.00
2025/08/11 27.89 28.34 27.57 28.30 1845001 51755916.00
2025/08/12 28.39 28.70 28.10 28.38 2054043 58284932.00
2025/08/13 28.58 28.58 27.82 28.18 1365853 38332372.00
2025/08/14 28.15 28.36 27.10 27.15 2081876 57265616.00
2025/08/15 27.06 28.06 27.06 27.80 1956926 54176560.00
2025/08/18 28.00 28.18 27.85 28.01 1500466 42045104.00
2025/08/19 28.09 28.45 27.81 28.19 1414319 39713848.00
2025/08/20 28.13 28.13 27.66 27.96 1140819 31812718.00
2025/08/21 28.00 28.10 27.66 27.75 1121579 31275956.00
2025/08/22 27.85 27.98 27.50 27.93 1353033 37613552.00
2025/08/25 28.12 28.38 27.78 28.06 1853498 52031548.00
2025/08/26 27.92 28.95 27.92 28.58 2319288 66131416.00
2025/08/27 28.70 28.71 27.39 27.39 2709356 76398256.00
2025/08/28 27.39 27.89 26.06 27.00 2496196 67220712.00
2025/08/29 26.90 27.19 26.32 26.99 1121204 30186444.00
2025/09/01 27.01 27.36 26.91 27.03 1214438 32952168.00
2025/09/02 27.15 27.15 26.15 26.38 1471180 38915876.00
2025/09/03 26.38 26.70 26.00 26.00 1064225 27985110.00
2025/09/04 26.04 26.38 25.67 25.96 1002791 26127128.00
2025/09/05 26.08 26.48 25.88 26.48 898853 23621674.00
2025/09/08 26.50 27.68 26.48 27.28 1505473 40805748.00
2025/09/09 27.28 27.48 26.75 26.83 1065600 28817562.00
2025/09/10 26.83 27.17 26.68 26.82 759986 20429586.00
2025/09/11 26.80 27.07 26.29 26.99 1056394 28198010.00
2025/09/12 27.06 27.37 26.75 27.07 1260170 34097796.00
2025/09/15 26.96 27.34 26.95 27.25 712604 19368982.00
2025/09/16 27.24 27.41 26.80 27.32 1108306 30136484.00
2025/09/17 27.30 27.58 27.18 27.45 765367 20948490.00
2025/09/18 27.43 27.57 26.61 26.82 1493207 40524808.00
2025/09/19 26.80 27.00 26.20 26.31 1071509 28417904.00
2025/09/22 26.50 26.54 25.95 26.15 838013 21916452.00
2025/09/23 26.20 26.20 25.10 25.91 1248465 31745058.00
2025/09/24 25.70 26.57 25.59 26.45 1033019 27032366.00
2025/09/25 26.44 26.49 26.00 26.16 783855 20562260.00
2025/09/26 26.00 26.41 25.87 26.20 646611 16906274.00
2025/09/29 26.20 26.65 25.88 26.46 1040851 27340954.00
2025/09/30 26.46 26.69 26.30 26.52 730442 19377766.00
2025/10/09 26.52 26.64 26.14 26.52 971308 25665006.00
2025/10/10 26.48 26.69 26.32 26.45 1113234 29471626.00
2025/10/13 25.89 26.39 25.52 26.27 1013893 26451586.00
2025/10/14 26.27 26.65 26.12 26.18 992422 26197488.00
2025/10/15 26.02 26.48 25.90 26.30 1107774 29106370.00
2025/10/16 26.30 26.59 26.04 26.26 894533 23481406.00
2025/10/17 26.26 26.39 25.70 25.79 858194 22345084.00
2025/10/20 25.99 26.53 25.89 26.30 1163898 30550140.00
2025/10/21 26.30 26.80 26.30 26.74 953041 25314804.00
2025/10/22 26.71 26.87 26.55 26.61 669129 17840604.00
2025/10/23 26.69 26.95 26.31 26.91 1031600 27432298.00
2025/10/24 26.93 27.05 26.65 27.05 972540 26172128.00
2025/10/27 27.18 27.37 26.90 27.25 1149353 31217180.00
2025/10/28 27.35 27.56 27.20 27.34 1022533 28006414.00
2025/10/29 27.50 27.50 26.84 27.05 965434 26121314.00
2025/10/30 26.98 26.98 26.54 26.63 873491 23333674.00
2025/10/31 26.63 27.09 26.61 27.01 940597 25330830.00
2025/11/03 27.20 27.28 26.91 27.22 633964 17216194.00
2025/11/04 27.23 27.29 26.68 27.00 720428 19394848.00
2025/11/05 27.00 27.25 26.85 27.19 741764 20093972.00
2025/11/06 27.30 27.30 26.98 27.25 545744 14818301.00
2025/11/07 27.33 27.33 27.00 27.28 635231 17258240.00
2025/11/10 27.24 27.56 27.24 27.47 865941 23714722.00
2025/11/11 27.42 27.72 27.32 27.67 743823 20500756.00
2025/11/12 27.69 27.79 27.53 27.59 634289 17531408.00
2025/11/13 27.60 27.77 27.44 27.70 720983 19924262.00
2025/11/14 27.47 27.98 27.47 27.80 1251716 34848964.00
2025/11/17 27.79 27.85 27.17 27.44 976799 26763492.00
2025/11/18 27.49 27.49 27.19 27.30 856756 23376660.00
2025/11/19 27.26 27.45 26.85 26.94 1024735 27745420.00
2025/11/20 26.97 27.06 26.57 26.74 647513 17334112.00
2025/11/21 26.70 26.78 25.60 25.65 1180267 30639382.00
2025/11/24 25.88 26.18 25.61 26.07 698556 18127382.00
2025/11/25 26.33 26.57 26.08 26.40 560142 14791654.00
2025/11/26 26.30 26.89 26.26 26.33 812261 21616532.00
2025/11/27 26.31 26.46 26.11 26.24 529923 13943053.00
2025/11/28 26.17 26.78 26.17 26.73 483066 12787764.00
2025/12/01 26.94 26.94 26.61 26.72 540991 14489381.00
2025/12/02 26.80 26.80 26.32 26.35 421413 11151285.00
2025/12/03 26.52 26.52 26.10 26.25 524369 13751568.00
2025/12/04 26.15 26.24 25.80 26.00 638548 16612916.00
2025/12/05 25.90 26.16 25.70 26.16 488301 12663417.00
2025/12/08 26.17 26.58 26.17 26.40 558176 14751271.00
2025/12/09 26.58 26.58 26.18 26.18 453500 11967809.00
2025/12/10 26.18 26.30 25.93 26.21 434554 11356243.00
2025/12/11 26.20 26.26 25.76 25.83 423868 10987905.00
2025/12/12 25.78 25.95 25.50 25.57 521116 13373809.00
2025/12/15 25.50 25.73 25.31 25.58 375313 9584975.00
2025/12/16 25.58 25.69 25.27 25.33 445011 11303199.00
2025/12/17 25.33 25.60 25.04 25.51 616774 15593295.00
2025/12/18 25.48 26.07 25.45 26.00 736169 19035452.00
2025/12/19 25.99 26.26 25.81 26.16 488520 12753019.00
2025/12/22 26.15 26.39 25.84 25.89 486511 12689639.00
2025/12/23 25.83 26.02 25.75 25.80 319376 8255887.00
2025/12/24 25.94 26.13 25.72 26.03 342178 8884195.00
2025/12/25 26.03 26.39 25.99 26.33 366436 9604070.00
2025/12/26 26.33 26.57 26.09 26.18 377584 9909057.00
2025/12/29 26.19 26.21 25.95 26.03 422821 11008795.00
2025/12/30 26.05 26.09 25.79 25.98 402877 10445366.00
2025/12/31 26.02 26.07 25.75 25.88 406165 10493554.00
2026/01/05 25.90 26.64 25.89 26.61 1056462 27870988.00
2026/01/06 26.68 26.91 26.48 26.52 744654 19841170.00
2026/01/07 26.59 26.70 26.41 26.55 555915 14773180.00
2026/01/08 26.42 27.05 26.42 26.99 784145 21057060.00
2026/01/09 27.00 27.14 26.80 27.13 726207 19599976.00
2026/01/12 27.10 27.76 27.03 27.46 1817981 49910188.00
2026/01/13 27.46 27.97 27.23 27.74 2020513 56072172.00
2026/01/14 27.74 28.59 27.50 27.90 2862179 80356888.00
2026/01/15 27.80 27.95 27.52 27.67 1027552 28475212.00
2026/01/16 27.80 27.98 27.60 27.75 1229862 34179252.00
2026/01/19 27.50 28.50 27.50 28.30 1468537 41190740.00
2026/01/20 28.10 28.76 28.10 28.23 1443967 41008856.00
2026/01/21 28.23 29.48 28.11 28.87 2648351 76430800.00
2026/01/22 28.77 29.27 28.71 29.03 1561734 45236736.00
2026/01/23 29.07 29.20 28.80 28.99 1169615 33850040.00
2026/01/26 29.00 30.10 28.67 29.70 2496285 73595640.00
2026/01/27 29.70 29.70 28.50 29.59 2358636 68793648.00
2026/01/28 29.43 30.27 28.99 29.20 2278228 67086684.00
2026/01/29 29.02 29.89 28.57 29.11 2040483 59943296.00
2026/01/30 28.95 29.41 28.56 29.04 1130915 32768962.00
2026/02/02 29.12 29.36 28.39 28.48 1395205 40287992.00
2026/02/03 28.80 29.20 28.57 29.15 1097831 31714368.00
2026/02/04 29.17 32.80 29.10 32.11 6361841 197308128.00
2026/02/05 31.83 33.03 31.00 32.91 5470278 174939232.00
2026/02/06 32.64 34.86 32.00 33.25 7891263 264921952.00
2026/02/09 33.80 33.80 32.15 32.55 3724376 121430240.00
2026/02/10 32.55 34.57 31.60 33.89 5781402 190496000.00
2026/02/11 33.38 34.00 32.51 32.51 2534405 83877056.00
2026/02/12 32.39 33.66 32.23 33.15 2463272 81428584.00
2026/02/13 33.15 33.65 32.40 32.55 2296435 75476144.00
2026/02/24 32.66 33.67 32.12 33.63 2737846 90555400.00
2026/02/25 33.59 33.86 32.71 33.33 2164013 71525864.00
#Ъ§ОнРДдД:ЭЈДяаХ
