605008 ГЄКшИпПЦ ШеЯп ЧАИДШЈ
      ШеЦк	    ПЊХЬ	    зюИп	    зюЕЭ	    ЪеХЬ	    ГЩНЛСП	    ГЩНЛЖю
2021/08/02 17.19 17.65 16.84 17.56 1822946 32258076.00
2021/08/03 17.67 18.27 17.56 17.72 2316280 42229756.00
2021/08/04 17.75 17.95 17.50 17.74 1483300 26680938.00
2021/08/05 17.74 17.99 17.51 17.67 1258800 22540360.00
2021/08/06 17.72 17.81 17.50 17.63 1106743 19788552.00
2021/08/09 17.64 17.73 17.39 17.62 1028971 18371020.00
2021/08/10 17.63 18.16 17.53 17.95 1264880 23062794.00
2021/08/11 18.07 18.32 17.72 18.09 2229758 40894260.00
2021/08/12 18.38 18.38 17.82 17.90 1735579 31758336.00
2021/08/13 17.90 17.97 17.70 17.75 1478780 26759902.00
2021/08/16 17.47 17.74 16.69 17.46 2091819 36935184.00
2021/08/17 17.46 17.57 16.84 16.93 2412209 41848624.00
2021/08/18 16.71 16.93 15.82 15.95 4161024 68826128.00
2021/08/19 15.95 16.21 15.79 16.03 1530090 25024730.00
2021/08/20 16.14 16.14 15.09 15.56 2566620 40774432.00
2021/08/23 15.59 16.96 15.59 16.55 4220764 70395296.00
2021/08/24 16.57 17.76 16.57 16.85 4396149 77083352.00
2021/08/25 16.87 17.14 16.39 16.48 3030582 51070804.00
2021/08/26 16.48 16.59 16.11 16.14 1901488 31527746.00
2021/08/27 16.09 16.31 15.69 16.01 2127240 34642268.00
2021/08/30 16.47 16.47 15.58 15.64 3260040 52692352.00
2021/08/31 15.39 15.64 14.79 14.93 3908342 60224072.00
2021/09/01 14.98 15.00 14.53 14.57 4146305 62056420.00
2021/09/02 14.59 14.59 14.14 14.23 3640660 53110704.00
2021/09/03 14.14 14.68 14.06 14.18 4547548 66418148.00
2021/09/06 14.21 14.34 14.14 14.29 3867920 56205220.00
2021/09/07 14.44 14.97 14.39 14.96 8168947 123293672.00
2021/09/08 14.91 14.91 14.54 14.76 5347240 80201944.00
2021/09/09 14.65 14.88 14.60 14.76 2973705 44717276.00
2021/09/10 14.76 15.25 14.64 15.15 4551200 69647944.00
2021/09/13 15.34 15.47 15.02 15.08 3779160 58624208.00
2021/09/14 15.10 15.13 14.70 14.75 2974089 45034944.00
2021/09/15 14.83 15.10 14.76 15.05 2601464 39694036.00
2021/09/16 15.11 15.92 15.11 15.26 5367860 84953248.00
2021/09/17 15.27 15.27 14.61 14.91 3547436 53812640.00
2021/09/22 14.69 14.89 14.57 14.67 1772380 26584262.00
2021/09/23 14.83 14.94 14.69 14.73 1512300 22815164.00
2021/09/24 14.73 14.75 14.53 14.56 1695380 25259914.00
2021/09/27 14.29 14.54 14.12 14.22 2247510 32830256.00
2021/09/28 14.21 14.22 13.95 14.00 1783828 25664056.00
2021/09/29 14.00 14.04 13.49 13.49 1915840 26678104.00
2021/09/30 13.48 13.59 13.37 13.51 1718480 23665954.00
2021/10/08 13.66 13.94 13.59 13.81 1657820 23299412.00
2021/10/11 13.86 13.94 13.69 13.84 1210889 17098060.00
2021/10/12 13.81 13.83 13.29 13.69 2048300 28413074.00
2021/10/13 13.68 13.75 13.52 13.69 862520 12023018.00
2021/10/14 13.76 13.78 13.61 13.63 1127600 15775018.00
2021/10/15 13.68 13.94 13.39 13.94 1759920 24697350.00
2021/10/18 13.95 14.24 13.94 13.95 1625240 23324172.00
2021/10/19 13.94 14.14 13.85 13.96 1204700 17229850.00
2021/10/20 14.13 14.16 13.90 14.07 1345562 19293916.00
2021/10/21 14.12 14.46 14.12 14.20 1842322 26844888.00
2021/10/22 14.32 14.34 14.00 14.13 1520700 21970626.00
2021/10/25 14.14 14.34 14.14 14.20 1584000 23044132.00
2021/10/26 14.20 14.27 13.83 13.92 1549960 22173028.00
2021/10/27 13.92 13.93 13.54 13.68 1393280 19487552.00
2021/10/28 13.66 13.75 13.29 13.33 1397635 19197624.00
2021/10/29 13.34 13.95 13.34 13.75 1779740 24986816.00
2021/11/01 13.94 14.89 13.84 14.61 5051320 74804376.00
2021/11/02 14.61 14.70 14.33 14.55 2520200 37353556.00
2021/11/03 14.54 15.15 14.49 14.96 3519860 53526780.00
2021/11/04 14.96 15.11 14.78 14.90 1952680 29686136.00
2021/11/05 14.92 15.09 14.77 14.90 2419860 36851452.00
2021/11/08 14.90 14.95 14.54 14.62 1765325 26407232.00
2021/11/09 14.69 14.92 14.44 14.79 2065360 30938124.00
2021/11/10 14.80 15.17 14.69 14.90 2430440 37138212.00
2021/11/11 15.10 15.10 14.67 14.74 1659460 25119700.00
2021/11/12 14.34 14.64 14.00 14.54 3512391 51402064.00
2021/11/15 14.44 15.06 14.41 15.00 3902446 59103128.00
2021/11/16 15.19 15.19 14.80 14.84 2072020 31611532.00
2021/11/17 14.69 15.00 14.68 14.90 1445260 21908882.00
2021/11/18 14.86 15.41 14.86 15.10 2929580 45309772.00
2021/11/19 15.10 16.59 15.05 16.45 8855848 144658000.00
2021/11/22 16.51 16.64 16.14 16.47 5473076 91525320.00
2021/11/23 16.36 17.19 16.35 16.60 7060568 120317824.00
2021/11/24 16.60 16.77 16.35 16.57 2897579 48692704.00
2021/11/25 16.56 16.56 16.25 16.37 1775600 29692856.00
2021/11/26 16.29 16.44 15.92 16.10 2498780 41053824.00
2021/11/29 15.97 16.12 15.35 16.11 3076580 49642244.00
2021/11/30 16.17 16.34 15.70 15.88 2271760 36960356.00
2021/12/01 15.89 16.12 15.63 16.04 2273960 36764648.00
2021/12/02 15.99 16.23 15.62 15.62 3024254 48734064.00
2021/12/03 15.62 16.10 15.59 15.86 4488385 72746320.00
2021/12/06 15.73 16.07 15.65 15.65 3075560 49721592.00
2021/12/07 15.74 15.88 15.06 15.31 2914000 45622036.00
2021/12/08 15.35 15.67 15.19 15.48 2138360 33664864.00
2021/12/09 15.57 15.57 15.32 15.36 1813520 28541172.00
2021/12/10 15.44 15.50 15.24 15.25 1362660 21338290.00
2021/12/13 15.26 15.47 14.94 15.00 2260120 34683528.00
2021/12/14 15.00 15.19 14.90 15.02 1096120 16856460.00
2021/12/15 15.02 15.47 14.94 15.28 2274300 35441668.00
2021/12/16 15.33 15.41 15.02 15.40 2264840 35228524.00
2021/12/17 15.41 15.64 15.20 15.24 2518515 39442780.00
2021/12/20 15.24 15.25 14.49 14.49 3848059 57829036.00
2021/12/21 14.45 14.80 14.34 14.69 1352460 20202266.00
2021/12/22 14.69 14.84 14.51 14.74 1342100 20108568.00
2021/12/23 14.44 14.75 14.38 14.60 1729626 25766476.00
2021/12/24 14.54 14.74 14.35 14.50 2486260 36837152.00
2021/12/27 14.46 14.46 14.16 14.22 1740500 25328852.00
2021/12/28 14.20 14.74 13.69 14.36 1614720 23664926.00
2021/12/29 14.35 14.57 14.10 14.44 1441260 21143756.00
2021/12/30 14.50 14.50 14.25 14.27 1305600 19107508.00
2021/12/31 14.30 14.51 14.21 14.46 1141798 16791730.00
2022/01/04 14.55 14.79 14.41 14.65 1990979 29692348.00
2022/01/05 14.66 14.77 14.20 14.33 1819540 26840028.00
2022/01/06 14.38 14.82 14.34 14.71 2473760 36985064.00
2022/01/07 14.88 15.02 14.59 14.63 1970920 29788312.00
2022/01/10 14.64 14.82 14.52 14.78 1443360 21697010.00
2022/01/11 14.78 15.17 14.78 14.98 2253260 34511216.00
2022/01/12 14.98 15.34 14.91 15.24 2465160 38079872.00
2022/01/13 15.25 15.78 15.15 15.47 3730360 59016568.00
2022/01/14 15.39 15.68 15.30 15.39 2312700 36545408.00
2022/01/17 15.35 15.97 15.29 15.80 3390440 54411816.00
2022/01/18 15.89 15.89 15.28 15.40 3095340 48904404.00
2022/01/19 15.20 15.53 15.12 15.33 1735880 27149524.00
2022/01/20 15.33 15.45 14.84 14.87 1940140 29790454.00
2022/01/21 14.95 14.95 14.50 14.58 1288960 19312064.00
2022/01/24 14.58 14.72 14.29 14.32 1418780 20890102.00
2022/01/25 14.37 14.42 13.69 13.75 2040861 29209572.00
2022/01/26 13.94 14.03 13.60 13.75 1416960 19964662.00
2022/01/27 13.75 13.95 13.09 13.19 1725760 23718228.00
2022/01/28 13.25 13.62 13.09 13.58 1612780 22133728.00
2022/02/07 13.69 14.12 13.69 14.07 1379320 19770744.00
2022/02/08 14.07 14.51 13.94 14.38 1977161 28780660.00
2022/02/09 14.54 14.58 14.19 14.31 1039120 15260336.00
2022/02/10 14.24 14.38 14.10 14.20 965300 14048755.00
2022/02/11 14.35 14.35 13.97 14.17 1027840 14826729.00
2022/02/14 14.01 14.32 13.99 14.24 791540 11470741.00
2022/02/15 13.80 14.07 12.99 13.52 4290830 58945304.00
2022/02/16 13.52 13.89 13.36 13.57 1937920 26969252.00
2022/02/17 13.57 13.58 13.30 13.36 2091764 28713504.00
2022/02/18 13.41 13.46 13.22 13.45 1027789 14045391.00
2022/02/21 13.40 13.54 13.39 13.52 1015820 13989611.00
2022/02/22 13.41 13.54 13.04 13.08 2512522 33842972.00
2022/02/23 13.21 13.34 13.00 13.34 1737599 23441384.00
2022/02/24 13.29 14.18 13.10 13.45 4612405 64187640.00
2022/02/25 13.46 13.57 13.21 13.35 2488625 34075888.00
2022/02/28 13.35 13.35 12.97 13.11 1510114 20216796.00
2022/03/01 13.13 13.33 13.02 13.15 1053180 14136395.00
2022/03/02 13.15 13.17 13.01 13.14 876365 11749788.00
2022/03/03 13.19 13.89 13.06 13.47 3508744 48600840.00
2022/03/04 13.29 13.81 13.28 13.56 3426739 47379768.00
2022/03/07 13.57 13.66 13.07 13.19 2099180 28658624.00
2022/03/08 13.19 13.24 12.34 12.37 2398528 31303820.00
2022/03/09 12.29 12.48 11.72 12.00 2484092 30822738.00
2022/03/10 12.29 12.44 11.91 11.99 1526194 18954460.00
2022/03/11 11.69 11.82 11.30 11.74 3004667 35724012.00
2022/03/14 11.68 11.79 11.40 11.42 1505802 17899880.00
2022/03/15 11.38 11.38 10.48 10.48 2764041 30933022.00
2022/03/16 10.50 11.07 10.39 11.00 2684453 29581296.00
2022/03/17 11.09 11.36 11.05 11.16 1782860 20548312.00
2022/03/18 11.20 11.29 11.07 11.21 1068920 12294496.00
2022/03/21 11.27 11.33 11.16 11.30 1148980 13271038.00
2022/03/22 11.30 11.30 11.09 11.18 807889 9278559.00
2022/03/23 11.22 11.47 11.09 11.36 1523508 17759306.00
2022/03/24 11.28 11.47 11.12 11.12 991580 11393627.00
2022/03/25 11.07 11.30 11.00 11.16 748068 8616538.00
2022/03/28 11.04 11.19 10.77 11.03 917900 10319691.00
2022/03/29 11.04 11.09 10.79 10.80 879820 9861169.00
2022/03/30 10.99 11.15 10.85 11.11 1246540 14092307.00
2022/03/31 11.12 11.27 11.03 11.04 1283468 14727145.00
2022/04/01 10.97 11.09 10.84 11.07 1013560 11391378.00
2022/04/06 10.93 11.25 10.93 11.06 1020040 11640917.00
2022/04/07 11.06 11.19 10.92 10.94 1109840 12537446.00
2022/04/08 10.97 11.28 10.82 11.16 1619940 18361416.00
2022/04/11 11.20 11.24 10.68 10.79 1469100 16581165.00
2022/04/12 10.80 11.05 10.42 11.05 1578580 17471598.00
2022/04/13 10.97 11.14 10.75 10.87 1183400 13350742.00
2022/04/14 10.96 11.10 10.77 10.84 1357800 15130236.00
2022/04/15 10.83 10.83 10.39 10.41 1632240 17807968.00
2022/04/18 10.42 10.58 10.09 10.51 1227380 13085937.00
2022/04/19 10.52 10.73 10.49 10.57 852020 9310210.00
2022/04/20 10.57 10.82 10.41 10.47 1266680 13868631.00
2022/04/21 10.46 10.59 10.01 10.09 1152180 12207090.00
2022/04/22 9.99 10.38 9.78 9.89 1015740 10436615.00
2022/04/25 9.81 9.87 8.87 8.91 2057077 19623288.00
2022/04/26 8.91 8.93 8.29 8.33 1457140 13083342.00
2022/04/27 8.30 8.88 8.16 8.82 2089142 18465288.00
2022/04/28 9.11 9.22 8.82 8.95 1844915 17153608.00
2022/04/29 9.14 9.56 8.98 9.51 1824540 17563956.00
2022/05/05 9.54 10.19 9.45 9.98 2306506 23688420.00
2022/05/06 9.77 10.24 9.65 10.22 2048506 21243446.00
2022/05/09 10.22 10.79 10.08 10.65 2031357 21937002.00
2022/05/10 10.64 11.00 10.48 10.92 1816060 20175236.00
2022/05/11 11.02 11.27 10.89 10.89 2271082 25784940.00
2022/05/12 10.85 11.48 10.80 11.43 3205660 36830592.00
2022/05/13 11.45 11.68 11.19 11.45 2043540 23961700.00
2022/05/16 11.59 11.65 11.24 11.41 1478968 17317786.00
2022/05/17 11.41 11.42 11.07 11.42 1647540 19048930.00
2022/05/18 11.29 11.37 11.03 11.06 1319027 15122077.00
2022/05/19 10.93 11.12 10.86 11.08 1648637 18545900.00
2022/05/20 10.98 11.24 10.95 11.22 1227980 14073195.00
2022/05/23 11.23 11.36 11.16 11.30 885819 10245075.00
2022/05/24 11.33 11.41 10.76 10.79 1128856 12833770.00
2022/05/25 10.83 11.09 10.79 11.06 903460 10136029.00
2022/05/26 11.03 11.12 10.73 10.91 853080 9562854.00
2022/05/27 10.79 11.04 10.64 10.78 1292760 14389739.00
2022/05/30 10.84 11.18 10.80 11.10 1535189 17324520.00
2022/05/31 11.19 11.22 10.87 11.14 1179009 13406688.00
2022/06/01 11.13 11.35 10.99 11.20 1959400 22436936.00
2022/06/02 11.20 11.37 11.12 11.31 1420296 16458622.00
2022/06/06 11.38 11.76 11.32 11.67 2154760 25509248.00
2022/06/07 11.76 11.81 11.58 11.64 1491380 17882436.00
2022/06/08 11.63 11.91 11.56 11.86 2377020 28706906.00
2022/06/09 11.86 11.99 11.67 11.71 2194260 26604780.00
2022/06/10 11.63 11.90 11.51 11.83 1258590 15217771.00
2022/06/13 11.84 13.04 11.75 12.78 5991880 77327168.00
2022/06/14 12.82 13.67 12.76 13.28 7399712 99976696.00
2022/06/15 13.35 13.44 12.65 13.29 4679977 63422544.00
2022/06/16 13.30 13.84 13.30 13.59 3903700 54433240.00
2022/06/17 13.79 14.18 13.49 13.89 4462920 63233060.00
2022/06/20 13.95 14.53 13.92 14.48 5834679 85661256.00
2022/06/21 14.49 14.81 14.04 14.35 5190280 76630424.00
2022/06/22 14.35 14.69 14.29 14.37 3171460 46889544.00
2022/06/23 14.51 14.64 14.29 14.44 2241629 33035772.00
2022/06/24 14.45 14.83 14.30 14.65 3843594 57316000.00
2022/06/27 14.84 14.84 14.45 14.52 3018640 44940336.00
2022/06/28 14.52 14.63 14.02 14.15 4690485 68433480.00
2022/06/29 14.15 14.15 13.38 13.56 3799216 52891680.00
2022/06/30 13.56 13.94 13.42 13.71 3096237 43526188.00
2022/07/01 13.71 13.85 13.59 13.78 1771780 24909486.00
2022/07/04 13.78 13.92 13.65 13.81 1577360 22263012.00
2022/07/05 13.90 13.96 13.69 13.84 2417500 34098132.00
2022/07/06 13.78 13.87 13.57 13.67 1428775 19934310.00
2022/07/07 13.57 13.83 13.57 13.77 1547500 21701140.00
2022/07/08 13.69 14.17 13.55 13.63 3520040 49647376.00
2022/07/11 13.60 13.81 13.29 13.65 3764480 52217092.00
2022/07/12 13.77 14.78 13.57 14.47 6531540 95730528.00
2022/07/13 14.39 15.94 14.39 15.68 8626832 135560352.00
2022/07/14 15.67 16.34 15.53 16.18 6638300 108841272.00
2022/07/15 16.31 17.35 16.14 16.60 8817342 151398672.00
2022/07/18 16.81 17.17 16.34 16.69 4801441 81407152.00
2022/07/19 16.73 16.98 16.61 16.66 2915954 49874848.00
2022/07/20 16.78 16.92 16.53 16.88 2995700 51125952.00
2022/07/21 16.89 17.14 16.75 16.91 2743515 47412152.00
2022/07/22 17.00 17.63 16.84 17.33 5522678 97293264.00
2022/07/25 17.35 17.98 16.89 17.31 4968056 87603776.00
2022/07/26 17.19 17.30 16.84 17.02 3224476 55822904.00
2022/07/27 17.03 17.62 17.03 17.21 3830046 67279232.00
2022/07/28 17.29 17.46 16.95 17.20 4109780 71619056.00
2022/07/29 17.23 17.45 17.07 17.26 2668821 46957276.00
2022/08/01 17.26 18.04 17.25 17.87 5287336 95842872.00
2022/08/02 17.84 18.09 16.87 16.94 5792380 102001000.00
2022/08/03 16.89 17.68 16.54 16.68 4972080 86643400.00
2022/08/04 16.70 17.17 16.57 16.88 2851063 48933376.00
2022/08/05 16.88 17.52 16.77 17.49 3106640 54649712.00
2022/08/08 17.79 18.09 17.09 17.34 5153341 91916944.00
2022/08/09 17.56 17.63 16.64 16.66 5739836 98838448.00
2022/08/10 16.14 17.56 16.04 17.10 10048829 174597040.00
2022/08/11 17.19 18.13 17.14 17.99 8074810 146499408.00
2022/08/12 17.84 18.20 17.25 17.69 5483506 98863096.00
2022/08/15 17.59 17.59 16.83 16.96 3807806 66183008.00
2022/08/16 17.13 17.26 16.64 16.77 2868700 49248652.00
2022/08/17 16.88 16.88 16.09 16.41 3569319 59634760.00
2022/08/18 16.48 16.74 16.28 16.39 2395240 40258108.00
2022/08/19 16.44 16.84 16.14 16.55 4644500 77999032.00
2022/08/22 16.52 17.44 16.49 16.99 5717963 99561960.00
2022/08/23 17.26 17.52 16.89 17.33 4826540 84440808.00
2022/08/24 17.44 17.68 16.94 17.14 4328728 75832560.00
2022/08/25 17.17 17.34 16.58 16.67 3370960 57947636.00
2022/08/26 16.78 17.74 16.70 17.35 5150340 90771872.00
2022/08/29 17.17 17.26 16.66 16.72 4367389 75014128.00
2022/08/30 16.68 16.79 16.22 16.29 2292520 38335672.00
2022/08/31 17.19 17.63 15.61 15.90 5570543 93755992.00
2022/09/01 15.89 16.33 15.75 16.17 3547046 57917428.00
2022/09/02 16.29 16.39 16.05 16.26 1485059 24540276.00
2022/09/05 16.27 16.36 15.99 16.08 1579960 26034284.00
2022/09/06 16.22 16.24 15.86 15.99 1668078 27203428.00
2022/09/07 16.09 16.58 15.89 16.25 2563680 42521568.00
2022/09/08 16.36 16.47 16.09 16.21 1539860 25521808.00
2022/09/09 16.30 16.34 15.99 16.29 2144980 35396152.00
2022/09/13 16.44 16.44 16.09 16.30 1213640 20087940.00
2022/09/14 16.29 16.29 15.60 16.01 2690080 43452676.00
2022/09/15 16.05 16.19 15.55 15.66 2226360 35986212.00
2022/09/16 15.77 15.99 15.58 15.64 1577100 25246736.00
2022/09/19 15.73 15.83 15.22 15.31 2323180 36792360.00
2022/09/20 15.41 15.42 14.89 15.15 2128799 32831376.00
2022/09/21 15.26 15.37 14.79 15.19 1547919 24049916.00
2022/09/22 15.19 15.36 15.05 15.28 1189620 18443724.00
2022/09/23 15.19 15.25 14.82 15.09 1720000 26336716.00
2022/09/26 15.02 15.07 14.78 14.84 765638 11657871.00
2022/09/27 14.82 14.99 14.49 14.69 2020821 30319876.00
2022/09/28 14.74 14.84 13.99 14.07 1538060 22438320.00
2022/09/29 14.25 15.05 14.11 14.69 2260625 33700272.00
2022/09/30 14.69 14.94 14.45 14.66 1072393 16018164.00
2022/10/10 15.14 15.71 13.21 15.49 3485283 54266688.00
2022/10/11 15.57 15.69 15.21 15.24 1682040 26388480.00
2022/10/12 15.21 15.71 15.08 15.71 1906860 29971696.00
2022/10/13 15.71 15.99 15.71 15.85 1575320 25482950.00
2022/10/14 16.05 16.17 15.85 16.06 1445840 23625680.00
2022/10/17 15.99 16.31 15.87 16.02 1309660 21408284.00
2022/10/18 16.02 16.59 15.89 16.56 2311763 38423288.00
2022/10/19 16.55 16.97 16.30 16.37 2071360 34931320.00
2022/10/20 16.37 16.57 16.17 16.37 1702760 28379470.00
2022/10/21 16.37 16.47 16.05 16.19 940020 15496484.00
2022/10/24 16.41 16.49 15.99 16.19 1531788 25341092.00
2022/10/25 16.19 16.50 16.01 16.25 1762020 29215422.00
2022/10/26 16.41 16.50 15.94 16.22 1768021 29177892.00
2022/10/27 16.24 16.44 16.14 16.29 1281163 21287720.00
2022/10/28 16.27 16.29 15.81 16.14 1172140 19187538.00
2022/10/31 16.11 16.16 15.72 15.99 1343495 21764556.00
2022/11/01 15.99 16.38 15.86 16.18 2184606 35751688.00
2022/11/02 16.34 16.97 16.24 16.68 3066265 51989292.00
2022/11/03 16.69 16.79 16.32 16.35 1597629 26794608.00
2022/11/04 16.49 16.62 16.31 16.46 1934420 32391520.00
2022/11/07 16.59 16.82 16.43 16.47 1821640 30697432.00
2022/11/08 16.53 17.00 16.38 16.81 2294920 39061248.00
2022/11/09 16.89 16.96 16.68 16.81 1080620 18440008.00
2022/11/10 16.79 16.83 16.35 16.49 2071260 34858744.00
2022/11/11 16.77 16.87 16.41 16.44 1744000 29542596.00
2022/11/14 16.49 16.60 16.09 16.17 1651360 27541096.00
2022/11/15 16.29 16.32 16.09 16.23 1458240 24026264.00
2022/11/16 16.27 16.34 16.15 16.18 745000 12318418.00
2022/11/17 16.34 16.36 16.07 16.18 822200 13521208.00
2022/11/18 16.18 16.21 15.79 15.89 1386300 22600856.00
2022/11/21 15.89 16.67 15.75 16.65 2112453 35088224.00
2022/11/22 16.65 17.98 16.56 17.57 6827858 121278560.00
2022/11/23 17.29 17.49 16.71 16.90 4053900 70430112.00
2022/11/24 16.89 18.56 16.89 18.24 9148920 168072656.00
2022/11/25 18.19 18.38 18.00 18.11 4028270 74381328.00
2022/11/28 17.96 18.89 17.78 18.02 6225360 116500392.00
2022/11/29 18.13 18.13 17.51 17.57 5961491 107664200.00
2022/11/30 17.69 18.21 17.35 17.69 3997811 72263016.00
2022/12/01 17.64 18.34 17.54 18.04 4019237 73830328.00
2022/12/02 18.04 18.48 17.74 17.90 2939660 53977760.00
2022/12/05 18.19 18.23 17.69 17.90 1996541 36184260.00
2022/12/06 17.81 18.00 17.68 17.78 1577184 28587394.00
2022/12/07 17.90 18.26 17.77 18.12 2930398 53673264.00
2022/12/08 18.31 18.84 18.16 18.30 4802000 89860112.00
2022/12/09 18.27 18.27 17.74 17.75 2745300 50241756.00
2022/12/12 17.85 18.07 17.58 17.81 1961760 35536028.00
2022/12/13 17.59 17.92 17.57 17.62 1664240 29993064.00
2022/12/14 17.69 18.42 17.69 18.28 3205180 59276020.00
2022/12/15 18.56 18.97 18.27 18.38 5904440 111433936.00
2022/12/16 18.51 18.51 17.55 17.69 3080411 56050984.00
2022/12/19 17.49 17.63 16.92 17.04 2415260 42175868.00
2022/12/20 17.04 17.37 16.97 17.09 1785013 31121056.00
2022/12/21 17.09 17.11 16.70 16.86 1122120 19232384.00
2022/12/22 16.82 17.18 16.50 16.75 1577820 26854022.00
2022/12/23 16.70 16.87 15.96 16.01 1722830 28569032.00
2022/12/26 16.33 16.89 16.12 16.78 3432418 57850956.00
2022/12/27 16.79 16.82 16.54 16.74 1614401 27410980.00
2022/12/28 16.86 16.89 16.42 16.59 1860741 31456886.00
2022/12/29 16.84 16.87 16.11 16.17 2049501 34160248.00
2022/12/30 16.29 16.29 15.82 16.00 2250105 36740104.00
2023/01/03 16.00 16.18 15.49 15.65 2971537 47768756.00
2023/01/04 15.62 15.64 14.94 15.48 3790560 59217120.00
2023/01/05 15.49 15.61 15.22 15.41 2431640 38224624.00
2023/01/06 15.54 15.89 15.44 15.62 2535460 40360628.00
2023/01/09 15.72 15.74 15.34 15.34 2237260 35357120.00
2023/01/10 15.43 15.43 14.87 14.99 2595134 39746236.00
2023/01/11 15.00 15.01 14.76 14.78 1761967 26692228.00
2023/01/12 14.77 14.89 14.64 14.83 1171650 17689636.00
2023/01/13 14.88 14.88 14.66 14.71 1334750 20088960.00
2023/01/16 14.79 15.04 14.76 14.86 2121133 32190598.00
2023/01/17 14.91 14.93 14.74 14.79 898820 13590117.00
2023/01/18 14.87 14.88 14.71 14.83 914240 13818164.00
2023/01/19 14.83 14.86 14.63 14.76 1564900 23530476.00
2023/01/20 14.83 14.97 14.76 14.97 1438560 21887668.00
2023/01/30 14.97 15.33 14.97 15.12 2067477 31973912.00
2023/01/31 15.12 15.26 15.07 15.24 1491960 23125600.00
2023/02/01 15.29 15.55 15.20 15.47 1758852 27499412.00
2023/02/02 15.58 15.58 15.34 15.36 1227880 19300084.00
2023/02/03 15.41 15.47 15.23 15.32 1361100 21268942.00
2023/02/06 15.34 15.49 15.23 15.32 1287300 20141856.00
2023/02/07 15.40 15.45 15.30 15.40 1511932 23716440.00
2023/02/08 15.40 15.51 15.26 15.27 1094040 17162042.00
2023/02/09 15.25 15.50 15.23 15.50 1629962 25601328.00
2023/02/10 15.59 15.60 15.38 15.44 1155470 18221590.00
2023/02/13 15.44 15.91 15.43 15.79 2197260 35155248.00
2023/02/14 15.79 16.05 15.77 15.97 2201638 35770040.00
2023/02/15 15.98 16.01 15.77 15.84 1367779 22115828.00
2023/02/16 15.84 15.85 15.10 15.27 2497380 39622072.00
2023/02/17 15.29 15.61 15.22 15.29 1243489 19486756.00
2023/02/20 15.34 15.39 15.03 15.18 1300480 20093124.00
2023/02/21 15.27 15.44 15.19 15.38 1121502 17568974.00
2023/02/22 15.37 15.44 15.25 15.30 1121550 17520264.00
2023/02/23 15.30 15.43 15.15 15.20 880140 13698952.00
2023/02/24 15.16 15.39 15.14 15.19 791460 12277943.00
2023/02/27 15.20 15.61 15.09 15.35 2038966 32021712.00
2023/02/28 15.35 15.50 15.11 15.21 1564200 24323308.00
2023/03/01 15.27 15.32 15.12 15.16 1065900 16517444.00
2023/03/02 15.23 15.57 15.15 15.52 2532368 39648076.00
2023/03/03 15.50 15.55 15.04 15.10 2708300 41959428.00
2023/03/06 15.07 15.10 14.78 14.99 1532750 23331742.00
2023/03/07 15.02 15.11 14.75 14.84 1635090 24906088.00
2023/03/08 14.84 14.90 14.68 14.74 984640 14807013.00
2023/03/09 14.75 14.97 14.74 14.78 989157 14975820.00
2023/03/10 14.77 14.84 14.62 14.64 1143440 17136766.00
2023/03/13 14.74 14.77 14.62 14.66 833568 12489097.00
2023/03/14 14.68 14.87 14.59 14.67 1169700 17537188.00
2023/03/15 14.76 15.06 14.72 14.77 862680 13072036.00
2023/03/16 14.77 14.84 14.63 14.65 900769 13531924.00
2023/03/17 14.75 14.77 14.59 14.60 1359415 20383400.00
2023/03/20 14.71 15.05 14.56 14.84 1888090 28556954.00
2023/03/21 14.98 15.04 14.87 14.95 1057540 16139836.00
2023/03/22 15.18 15.35 14.98 15.13 1396940 21648444.00
2023/03/23 15.23 15.23 14.84 14.98 1392025 21250840.00
2023/03/24 14.98 15.11 14.95 15.07 1133440 17389840.00
2023/03/27 15.23 15.94 15.08 15.72 4182260 66401236.00
2023/03/28 15.75 16.18 15.72 15.99 3525604 57568856.00
2023/03/29 15.94 15.96 15.60 15.76 2004204 32238148.00
2023/03/30 15.76 15.86 15.59 15.76 1560840 24966416.00
2023/03/31 15.76 15.89 15.42 15.49 1748780 27725916.00
2023/04/03 15.47 15.66 15.14 15.18 2304400 35844564.00
2023/04/04 15.28 15.34 15.04 15.19 1257800 19530824.00
2023/04/06 15.24 15.42 15.17 15.19 1336849 20848838.00
2023/04/07 15.20 15.26 15.02 15.02 1198640 18486436.00
2023/04/10 15.02 15.12 14.88 14.96 1179610 18004746.00
2023/04/11 14.99 15.36 14.91 15.04 831420 12731368.00
2023/04/12 15.07 15.33 15.07 15.24 1221180 18952168.00
2023/04/13 15.24 15.54 15.22 15.37 1332186 20887596.00
2023/04/14 15.40 15.56 15.33 15.37 1342180 21130364.00
2023/04/17 15.43 15.74 15.37 15.53 1202820 19098776.00
2023/04/18 15.54 15.70 15.46 15.53 871400 13821895.00
2023/04/19 15.53 15.55 15.24 15.32 1729699 27109144.00
2023/04/20 15.42 15.48 15.02 15.15 1453940 22472712.00
2023/04/21 15.19 15.27 14.90 14.95 2639062 40546324.00
2023/04/24 14.95 14.95 14.64 14.68 1625940 24456610.00
2023/04/25 14.71 14.87 14.13 14.20 1688246 24833792.00
2023/04/26 14.23 14.63 14.15 14.49 1125810 16589659.00
2023/04/27 14.45 14.74 14.44 14.61 1013706 15085105.00
2023/04/28 14.59 14.77 14.49 14.58 1070166 15980431.00
2023/05/04 14.76 14.89 14.61 14.67 953350 14298561.00
2023/05/05 14.63 14.77 14.37 14.51 1399440 20791078.00
2023/05/08 14.72 14.89 14.50 14.56 1056080 15850919.00
2023/05/09 14.72 14.72 14.39 14.57 801880 11878787.00
2023/05/10 14.53 14.68 14.41 14.57 641238 9511580.00
2023/05/11 14.55 14.64 14.29 14.35 903000 13274007.00
2023/05/12 14.49 14.49 14.09 14.29 832260 12089688.00
2023/05/15 14.29 14.37 14.15 14.25 581230 8451642.00
2023/05/16 14.24 14.25 13.50 13.71 1997800 28078582.00
2023/05/17 13.71 13.86 13.68 13.75 758786 10685513.00
2023/05/18 13.76 13.87 13.65 13.74 588403 8275755.00
2023/05/19 13.83 14.01 13.65 13.95 833180 11832138.00
2023/05/22 13.98 14.33 13.96 14.31 1234500 17927738.00
2023/05/23 14.26 14.57 14.17 14.21 1068840 15663342.00
2023/05/24 14.19 14.28 14.08 14.15 806122 11661642.00
2023/05/25 14.28 14.37 14.04 14.18 888900 12853532.00
2023/05/26 14.19 14.26 13.94 14.18 849000 12253971.00
2023/05/29 14.28 14.59 14.23 14.38 1221603 17997272.00
2023/05/30 14.39 14.49 14.06 14.24 933086 13547389.00
2023/05/31 14.24 14.29 14.02 14.07 566909 8179286.00
2023/06/01 14.62 15.07 13.97 14.02 2371820 34464828.00
2023/06/02 13.96 14.55 13.94 14.07 1388478 20108778.00
2023/06/05 14.06 14.26 13.85 13.94 868940 12400534.00
2023/06/06 13.94 14.02 13.79 13.86 851800 12092430.00
2023/06/07 13.94 14.00 13.84 13.87 682220 9702100.00
2023/06/08 13.87 13.95 13.73 13.73 832460 11755365.00
2023/06/09 13.82 13.89 13.65 13.80 619332 8700986.00
2023/06/12 13.80 13.95 13.73 13.73 807180 11394314.00
2023/06/13 13.79 13.81 13.66 13.72 549080 7707454.00
2023/06/14 13.79 13.88 13.66 13.80 606020 8513751.00
2023/06/15 13.81 13.85 13.69 13.81 661620 9314447.00
2023/06/16 13.81 14.11 13.81 14.09 963006 13734044.00
2023/06/19 14.19 14.35 13.74 13.80 1697226 24225954.00
2023/06/20 13.80 14.34 13.59 13.71 1000064 14035524.00
2023/06/21 13.72 13.87 13.59 13.61 847980 11882213.00
2023/06/26 13.58 13.75 13.49 13.72 998740 13940170.00
2023/06/27 13.79 13.95 13.70 13.83 1041200 14762546.00
2023/06/28 13.92 13.95 13.77 13.86 764540 10835516.00
2023/06/29 13.96 14.04 13.50 13.62 2055300 28795404.00
2023/06/30 13.57 14.02 13.57 13.95 1917366 27234066.00
2023/07/03 13.95 14.21 13.88 13.91 1045280 14952833.00
2023/07/04 13.94 14.07 13.84 13.91 718580 10215577.00
2023/07/05 13.91 14.02 13.91 13.97 585560 8357111.00
2023/07/06 13.97 14.07 13.92 13.96 745201 10646464.00
2023/07/07 13.96 14.35 13.90 14.13 1285040 18530074.00
2023/07/10 14.13 14.85 14.09 14.73 2432020 36165104.00
2023/07/11 14.68 14.98 14.53 14.91 1909000 28908612.00
2023/07/12 14.90 15.08 14.85 14.99 1676332 25628552.00
2023/07/13 14.99 15.09 14.75 14.87 1215620 18418288.00
2023/07/14 14.91 15.04 14.84 14.99 1050773 16032830.00
2023/07/17 14.97 15.11 14.91 15.04 932801 14273627.00
2023/07/18 15.11 15.27 15.02 15.19 1036140 16017704.00
2023/07/19 15.19 15.32 15.06 15.13 720254 11147552.00
2023/07/20 15.13 15.20 14.98 15.02 1058838 16327327.00
2023/07/21 15.13 15.13 14.87 14.94 996660 15235691.00
2023/07/24 15.08 15.08 14.73 14.80 811866 12297999.00
2023/07/25 14.96 14.99 14.60 14.63 1217037 18331334.00
2023/07/26 14.81 14.86 14.61 14.77 958812 14419903.00
2023/07/27 14.75 14.85 14.62 14.65 532900 7999952.00
2023/07/28 14.64 14.83 14.58 14.69 818600 12295007.00
2023/07/31 14.71 15.32 14.52 15.24 3083560 46905512.00
2023/08/01 15.27 15.67 14.79 14.87 4428828 68556272.00
2023/08/02 15.00 15.00 14.78 14.84 1351980 20498788.00
2023/08/03 14.80 14.83 14.53 14.57 961828 14387330.00
2023/08/04 14.57 15.11 14.42 14.99 2079248 31463654.00
2023/08/07 14.94 15.49 14.94 15.26 2510978 39115512.00
2023/08/08 15.30 15.69 14.68 15.33 3531720 54602240.00
2023/08/09 15.34 15.44 14.88 14.99 3049900 46965384.00
2023/08/10 15.07 15.13 14.81 15.06 1484200 22697520.00
2023/08/11 15.18 15.19 14.61 14.64 1177660 17777716.00
2023/08/14 14.69 14.69 14.42 14.61 932800 13839764.00
2023/08/15 14.59 14.83 14.52 14.64 886667 13279120.00
2023/08/16 14.63 14.70 14.46 14.56 861920 12805522.00
2023/08/17 14.64 15.14 14.37 15.13 1838914 27871080.00
2023/08/18 15.14 15.24 14.97 15.01 1276058 19642648.00
2023/08/21 14.99 15.19 14.61 14.61 1079380 16287001.00
2023/08/22 14.64 14.74 14.32 14.45 882640 13046325.00
2023/08/23 14.55 14.55 14.20 14.27 717980 10486012.00
2023/08/24 14.37 14.78 14.30 14.49 904838 13439533.00
2023/08/25 14.49 14.63 14.31 14.35 868900 12824143.00
2023/08/28 14.88 14.99 14.14 14.16 1543300 22893688.00
2023/08/29 14.23 14.84 14.23 14.83 1572557 23557396.00
2023/08/30 14.86 15.14 14.80 15.14 1588262 24385506.00
2023/08/31 15.13 15.23 15.04 15.17 1585320 24506358.00
2023/09/01 15.29 15.52 14.42 14.45 3326640 50072048.00
2023/09/04 14.45 14.59 14.38 14.47 2001197 29546044.00
2023/09/05 14.31 14.54 14.30 14.40 1169937 17223652.00
2023/09/06 14.35 14.89 14.35 14.86 2069717 31024274.00
2023/09/07 14.83 14.96 14.63 14.65 1549440 23371576.00
2023/09/08 14.64 14.83 14.57 14.67 1454800 21831956.00
2023/09/11 14.67 14.81 14.35 14.38 1593199 23562232.00
2023/09/12 14.38 14.48 14.16 14.18 1180300 17217516.00
2023/09/13 14.22 14.28 13.99 14.01 947900 13636073.00
2023/09/14 14.08 14.08 13.69 13.81 1028600 14535339.00
2023/09/15 13.84 14.06 13.81 13.90 989620 14071616.00
2023/09/18 13.90 14.17 13.90 14.02 943940 13559184.00
2023/09/19 14.02 14.11 13.88 13.98 737620 10541875.00
2023/09/20 13.98 14.02 13.84 13.89 494300 7027885.00
2023/09/21 13.89 13.96 13.80 13.85 823200 11677787.00
2023/09/22 13.92 14.03 13.84 14.00 758652 10812643.00
2023/09/25 14.14 14.14 13.70 14.04 1221900 17438440.00
2023/09/26 14.06 14.26 13.98 14.03 1544800 22271670.00
2023/09/27 14.06 14.10 13.78 13.78 975222 13878164.00
2023/09/28 13.85 13.92 13.15 13.33 2690125 37081568.00
2023/10/09 13.33 13.36 12.57 12.65 2499540 32954730.00
2023/10/10 12.71 13.12 12.71 12.95 2394429 31827898.00
2023/10/11 13.02 13.08 12.69 12.86 1182379 15541569.00
2023/10/12 12.87 13.14 12.60 13.14 1609220 21258132.00
2023/10/13 13.09 13.10 12.81 12.89 764220 10082729.00
2023/10/16 12.89 13.00 12.74 12.81 950540 12467793.00
2023/10/17 12.92 13.05 12.82 12.91 971920 12865801.00
2023/10/18 12.95 12.99 12.65 12.72 641302 8389625.00
2023/10/19 12.66 12.83 12.60 12.61 584220 7587844.00
2023/10/20 12.59 12.76 12.48 12.69 698981 9023699.00
2023/10/23 12.65 12.94 12.44 12.69 1976849 25705732.00
2023/10/24 12.69 12.81 12.63 12.68 1304920 16972668.00
2023/10/25 12.68 12.84 12.62 12.74 1158340 15091674.00
2023/10/26 12.74 12.94 12.62 12.94 1251822 16423836.00
2023/10/27 12.93 13.66 12.92 13.59 2046200 28007046.00
2023/10/30 13.59 14.25 13.45 14.19 2041680 29073484.00
2023/10/31 14.29 14.36 14.10 14.15 1780620 25816940.00
2023/11/01 14.18 14.21 13.77 14.05 2087880 29835376.00
2023/11/02 14.04 14.19 13.86 13.93 1423540 20309776.00
2023/11/03 13.93 14.23 13.93 14.17 1315220 18991048.00
2023/11/06 14.28 14.42 14.19 14.40 1419020 20761778.00
2023/11/07 14.44 14.97 14.37 14.85 2115300 31750964.00
2023/11/08 14.92 15.15 14.75 15.09 2061940 31538524.00
2023/11/09 15.18 15.25 15.00 15.13 1276620 19703868.00
2023/11/10 15.14 15.42 15.07 15.24 1887420 29410916.00
2023/11/13 15.28 15.64 15.09 15.64 2785320 43780368.00
2023/11/14 15.64 15.97 15.56 15.95 1909386 30696312.00
2023/11/15 15.97 16.07 15.62 15.75 2069220 33363724.00
2023/11/16 15.73 15.86 15.65 15.68 1383135 22190616.00
2023/11/17 15.68 15.98 15.68 15.93 1433860 23215376.00
2023/11/20 15.94 16.73 15.94 16.68 5055520 84950568.00
2023/11/21 16.69 16.80 16.44 16.47 1971680 33370586.00
2023/11/22 16.49 16.65 16.34 16.41 1597480 26875132.00
2023/11/23 16.42 16.74 16.39 16.65 1417560 23956576.00
2023/11/24 16.68 16.89 16.48 16.67 3049640 51882000.00
2023/11/27 16.58 17.14 16.47 17.06 2783019 47699948.00
2023/11/28 17.01 17.16 16.91 16.98 1259420 21813140.00
2023/11/29 16.98 17.03 16.84 16.97 1164820 20085036.00
2023/11/30 16.94 17.02 16.46 16.59 1981220 33630780.00
2023/12/01 16.57 16.68 16.43 16.53 1797740 30269038.00
2023/12/04 16.58 16.74 16.40 16.55 1228800 20690824.00
2023/12/05 16.69 16.73 16.32 16.46 2668060 44685752.00
2023/12/06 16.42 16.69 16.31 16.49 1893760 31803728.00
2023/12/07 16.62 16.83 16.13 16.16 3172599 53301152.00
2023/12/08 16.24 16.38 16.04 16.07 2685036 44191600.00
2023/12/11 16.04 16.09 15.79 15.87 2728680 44260564.00
2023/12/12 16.16 16.16 15.46 15.66 2454040 39263796.00
2023/12/13 15.73 15.98 15.39 15.50 1883700 29824928.00
2023/12/14 15.50 15.69 15.36 15.44 1811249 28585524.00
2023/12/15 15.59 15.59 15.28 15.39 1414700 22160026.00
2023/12/18 15.40 15.49 15.23 15.35 1470021 23074928.00
2023/12/19 15.32 15.51 15.23 15.44 1120200 17537670.00
2023/12/20 15.56 15.82 15.39 15.58 3865860 61787148.00
2023/12/21 15.54 15.84 15.48 15.81 2548370 40689936.00
2023/12/22 15.82 15.88 15.56 15.63 1751280 28056956.00
2023/12/25 15.80 15.81 15.58 15.63 1311640 20916888.00
2023/12/26 15.63 15.74 15.51 15.57 1190840 18950106.00
2023/12/27 15.58 15.68 15.49 15.66 833860 13274327.00
2023/12/28 15.70 15.72 15.42 15.51 1293959 20492524.00
2023/12/29 15.56 15.58 15.35 15.56 1212801 19193742.00
2024/01/02 15.55 15.72 15.39 15.41 1447920 22955284.00
2024/01/03 15.43 15.58 15.38 15.46 1606760 25375492.00
2024/01/04 15.51 15.51 15.26 15.34 1050061 16426136.00
2024/01/05 15.37 15.54 14.90 15.02 1681860 26064578.00
2024/01/08 15.02 15.42 14.54 14.77 3464597 52669820.00
2024/01/09 14.81 14.99 14.56 14.68 2205820 33149474.00
2024/01/10 14.67 14.94 14.49 14.78 2817040 42261904.00
2024/01/11 14.76 14.86 14.24 14.38 3970780 59128452.00
2024/01/12 14.29 14.61 14.02 14.45 2396352 35136292.00
2024/01/15 14.44 15.59 14.44 15.04 5278575 81021104.00
2024/01/16 15.00 15.28 14.70 14.97 3551640 54341480.00
2024/01/17 14.94 14.94 14.22 14.42 2008815 29752620.00
2024/01/18 14.37 14.38 13.76 14.25 2411717 34483180.00
2024/01/19 14.38 14.55 14.11 14.13 1290476 18889748.00
2024/01/22 14.25 14.25 13.19 13.24 1724860 24052270.00
2024/01/23 13.29 13.69 13.11 13.54 1503250 20590276.00
2024/01/24 13.54 13.99 13.31 13.83 1029010 14361183.00
2024/01/25 13.89 14.48 13.78 14.23 1592440 23147594.00
2024/01/26 14.27 14.30 13.69 13.82 2225680 31595400.00
2024/01/29 13.85 13.97 13.60 13.82 930140 13084366.00
2024/01/30 13.81 13.97 13.39 13.45 1023081 14335069.00
2024/01/31 13.66 13.66 12.80 12.99 1270400 17060036.00
2024/02/01 12.96 13.18 12.35 12.74 2280620 29605774.00
2024/02/02 12.77 13.13 12.27 12.87 3456820 45083648.00
2024/02/05 12.87 12.99 11.55 11.69 6129180 74269640.00
2024/02/06 11.67 12.89 10.78 12.23 3629155 43980764.00
2024/02/07 12.23 12.78 12.12 12.39 4321340 54844388.00
2024/02/08 12.68 12.68 11.43 12.29 3481526 42608736.00
2024/02/19 12.31 13.23 12.31 13.13 2383916 31541172.00
2024/02/20 13.01 13.53 12.85 13.46 2177567 29498752.00
2024/02/21 13.46 14.04 13.04 13.07 6284140 87375008.00
2024/02/22 13.05 13.25 12.69 13.01 2473261 32937698.00
2024/02/23 12.99 13.37 12.78 13.19 2584020 34476760.00
2024/02/26 13.16 13.34 12.97 13.04 2530740 34034856.00
2024/02/27 13.04 13.34 12.93 13.06 3213520 43214284.00
2024/02/28 13.07 13.12 12.32 12.51 3545587 46272500.00
2024/02/29 12.29 12.90 12.29 12.74 2367040 30720820.00
2024/03/01 12.74 13.19 12.46 13.14 4514880 59140456.00
2024/03/04 13.13 13.19 12.80 12.96 1824800 24211682.00
2024/03/05 12.96 12.97 12.63 12.82 1069160 13998972.00
2024/03/06 12.69 12.92 12.59 12.84 954560 12500023.00
2024/03/07 12.84 12.98 12.64 12.84 1041576 13674839.00
2024/03/08 12.84 13.15 12.65 12.69 2086935 27321468.00
2024/03/11 12.66 12.81 12.44 12.74 3683280 47701128.00
2024/03/12 12.65 12.72 12.38 12.51 2276500 29116034.00
2024/03/13 12.45 12.57 12.27 12.38 3140700 40007352.00
2024/03/14 12.40 12.51 12.16 12.31 2176700 27460990.00
2024/03/15 12.24 12.42 12.09 12.35 1335020 16792952.00
2024/03/18 12.34 13.62 12.34 13.62 6250275 84165632.00
2024/03/19 13.78 13.99 13.50 13.58 7921521 111282448.00
2024/03/20 13.51 13.79 13.42 13.63 2772200 38577728.00
2024/03/21 13.62 15.02 13.62 14.35 8568840 126370712.00
2024/03/22 14.38 14.38 13.84 14.10 5255845 75588264.00
2024/03/25 14.04 14.16 13.66 13.69 2701540 38442696.00
2024/03/26 13.82 13.98 13.15 13.30 2036890 27909740.00
2024/03/27 13.30 13.30 12.97 13.06 2672700 35871076.00
2024/03/28 12.99 13.45 12.94 13.04 2848600 38416704.00
2024/03/29 13.14 13.24 12.90 13.23 2038240 27262272.00
2024/04/01 13.23 13.64 13.15 13.64 1664640 22897454.00
2024/04/02 13.64 13.77 13.43 13.57 1442606 20047454.00
2024/04/03 13.59 13.64 13.27 13.47 1126500 15447740.00
2024/04/08 13.50 13.68 13.23 13.38 1605000 22084984.00
2024/04/09 13.38 13.55 13.29 13.51 1155500 15904571.00
2024/04/10 13.50 13.50 13.08 13.40 1808700 24600360.00
2024/04/11 13.34 13.49 13.16 13.26 1520900 20743780.00
2024/04/12 13.26 13.49 13.06 13.45 1700520 23202000.00
2024/04/15 13.45 13.53 12.79 13.18 1962380 26383216.00
2024/04/16 13.31 13.31 12.67 12.72 1814100 23776598.00
2024/04/17 12.83 13.26 12.73 12.89 2664372 35355988.00
2024/04/18 12.87 13.14 12.67 13.03 1448500 19193196.00
2024/04/19 13.03 13.86 12.77 13.81 2798792 38714624.00
2024/04/22 13.89 14.03 13.29 13.44 2153500 29897430.00
2024/04/23 13.39 13.59 13.33 13.56 897600 12400415.00
2024/04/24 13.56 13.66 13.37 13.66 1260200 17443812.00
2024/04/25 13.64 14.09 13.49 14.02 1766660 25159776.00
2024/04/26 14.14 14.14 13.82 14.06 2150900 30671562.00
2024/04/29 14.18 15.45 14.12 15.11 4954645 75180936.00
2024/04/30 14.64 15.11 14.55 15.09 3174940 48246000.00
2024/05/06 15.10 15.64 15.10 15.49 4262147 67097324.00
2024/05/07 15.49 15.88 15.40 15.65 2511280 40167364.00
2024/05/08 15.63 15.67 15.38 15.51 1394220 22026256.00
2024/05/09 15.57 15.57 15.07 15.13 2348920 36537732.00
2024/05/10 15.10 15.19 14.99 15.07 1404620 21626688.00
2024/05/13 14.99 15.19 14.89 15.18 1152260 17685740.00
2024/05/14 15.18 15.58 15.18 15.55 2444460 38530656.00
2024/05/15 15.59 15.67 15.37 15.51 1085513 17167028.00
2024/05/16 15.54 15.94 15.40 15.49 1497200 23880850.00
2024/05/17 15.50 15.60 15.38 15.52 737700 11632138.00
2024/05/20 15.56 15.75 15.29 15.37 2009700 31772858.00
2024/05/21 15.21 15.59 15.21 15.37 897800 14061813.00
2024/05/22 15.44 15.46 15.25 15.32 618900 9677388.00
2024/05/23 15.23 15.29 14.99 15.07 907680 14000061.00
2024/05/24 15.02 15.09 14.85 14.89 1006800 15380554.00
2024/05/27 14.93 14.99 14.62 14.85 1297440 19505196.00
2024/05/28 14.79 15.09 14.59 14.82 1717880 26092472.00
2024/05/29 14.87 15.18 14.69 15.14 2427520 37156064.00
2024/05/30 15.26 15.26 14.92 15.07 809020 12418772.00
2024/05/31 15.08 15.10 14.84 14.92 984700 14996187.00
2024/06/03 14.87 14.94 14.73 14.84 850320 12860066.00
2024/06/04 15.01 15.01 14.37 14.48 1977500 29409174.00
2024/06/05 14.59 14.59 14.21 14.31 1286080 18897524.00
2024/06/06 14.22 14.33 13.79 13.91 1412720 20152292.00
2024/06/07 13.99 14.50 13.95 14.32 1480120 21476946.00
2024/06/11 14.32 14.32 13.84 14.17 1490489 21408132.00
2024/06/12 14.17 14.24 14.00 14.18 1467080 21122112.00
2024/06/13 14.10 14.19 13.89 14.05 1327380 19018256.00
2024/06/14 14.16 14.18 13.69 14.08 1486940 20631520.00
2024/06/17 14.08 14.50 13.96 14.07 1345800 19074752.00
2024/06/18 14.01 14.25 13.79 14.00 1831720 25590664.00
2024/06/19 14.48 14.48 13.85 13.86 1293000 18100448.00
2024/06/20 13.99 14.01 13.70 13.75 977740 13537489.00
2024/06/21 13.79 14.09 13.53 13.96 1024440 14251111.00
2024/06/24 13.91 13.99 13.41 13.49 1580080 21671766.00
2024/06/25 13.21 13.61 13.21 13.34 825460 11029891.00
2024/06/26 13.35 13.64 13.21 13.63 750600 10109571.00
2024/06/27 13.56 13.65 13.32 13.37 619200 8320909.00
2024/06/28 13.27 13.47 12.97 13.10 1190100 15660531.00
2024/07/01 13.66 13.66 13.05 13.24 1075129 14199266.00
2024/07/02 13.15 13.38 13.03 13.06 673960 8860903.00
2024/07/03 12.96 13.13 12.88 12.94 706700 9165532.00
2024/07/04 12.88 12.98 12.57 12.64 779860 9949140.00
2024/07/05 12.61 12.71 12.42 12.62 1277780 16036529.00
2024/07/08 12.62 12.62 11.97 12.05 1137180 13844414.00
2024/07/09 12.08 12.25 11.82 12.20 797502 9613821.00
2024/07/10 12.15 12.48 11.98 12.18 747900 9205421.00
2024/07/11 12.44 12.60 12.34 12.48 714340 8913777.00
2024/07/12 12.38 12.58 12.35 12.37 443170 5496103.00
2024/07/15 12.34 12.39 12.09 12.17 711680 8655277.00
2024/07/16 12.07 12.27 12.03 12.09 726998 8817971.00
2024/07/17 12.12 12.24 12.00 12.04 690900 8337683.00
2024/07/18 12.05 12.19 11.86 12.11 842280 10075892.00
2024/07/19 12.08 12.16 11.97 12.07 761626 9186243.00
2024/07/22 11.99 12.11 11.07 11.47 4175660 48084652.00
2024/07/23 11.67 11.89 11.45 11.56 2405840 28168324.00
2024/07/24 11.48 11.66 11.22 11.30 1203280 13729613.00
2024/07/25 11.43 11.58 11.18 11.40 809345 9237615.00
2024/07/26 11.40 11.56 11.30 11.49 1221500 13948258.00
2024/07/29 11.55 11.55 11.11 11.16 1943500 21843140.00
2024/07/30 11.12 12.28 11.08 12.28 2710785 32140424.00
2024/07/31 12.56 12.70 11.97 12.23 5434830 66154092.00
2024/08/01 12.13 12.23 12.04 12.18 2293855 27823976.00
2024/08/02 12.10 12.23 12.00 12.00 1654000 20030740.00
2024/08/05 11.88 12.03 11.60 11.65 1574320 18592632.00
2024/08/06 11.65 11.84 11.59 11.76 1131020 13272354.00
2024/08/07 11.75 11.87 11.59 11.62 948810 11069871.00
2024/08/08 11.62 11.93 11.45 11.89 1129040 13227536.00
2024/08/09 11.89 11.95 11.61 11.63 818540 9594815.00
2024/08/12 11.56 11.74 11.49 11.73 1096200 12772616.00
2024/08/13 12.00 12.10 11.53 11.70 702200 8168222.00
2024/08/14 11.75 11.78 11.59 11.65 430000 5014368.00
2024/08/15 11.56 11.86 11.55 11.74 1145800 13435467.00
2024/08/16 11.74 11.77 11.57 11.67 774340 9012849.00
2024/08/19 11.58 11.78 11.56 11.61 568500 6622993.00
2024/08/20 11.57 11.62 11.37 11.41 549420 6286613.00
2024/08/21 11.33 11.39 11.26 11.28 363000 4107169.00
2024/08/22 11.40 11.40 11.17 11.21 388740 4387959.00
2024/08/23 11.19 11.46 10.93 11.40 1364840 15345662.00
2024/08/26 11.31 11.52 11.31 11.52 536640 6131714.00
2024/08/27 11.46 11.51 11.28 11.35 448000 5092304.00
2024/08/28 11.24 11.57 11.19 11.48 652400 7470497.00
2024/08/29 11.48 11.71 11.42 11.68 1119000 12985226.00
2024/08/30 11.76 12.04 11.57 11.66 1747905 20507742.00
2024/09/02 11.92 12.22 11.67 11.70 2076830 24626304.00
2024/09/03 11.59 12.02 11.59 11.85 1390200 16513359.00
2024/09/04 11.72 11.97 11.72 11.83 769250 9118446.00
2024/09/05 11.85 11.92 11.79 11.85 760240 9009410.00
2024/09/06 11.73 11.88 11.66 11.72 541400 6357663.00
2024/09/09 11.68 11.81 11.56 11.65 632560 7391139.00
2024/09/10 11.65 11.75 11.45 11.66 503120 5831247.00
2024/09/11 11.56 11.78 11.46 11.57 755900 8775336.00
2024/09/12 11.79 11.79 11.38 11.57 940140 10920144.00
2024/09/13 11.52 11.56 11.28 11.29 748050 8511347.00
2024/09/18 11.27 11.35 11.02 11.24 736210 8208788.00
2024/09/19 11.41 11.60 11.25 11.52 934600 10723642.00
2024/09/20 11.60 11.64 11.36 11.48 694245 7949792.00
2024/09/23 11.36 11.48 11.34 11.37 477000 5437966.00
2024/09/24 11.53 11.70 11.11 11.68 935600 10847414.00
2024/09/25 11.98 11.98 11.61 11.68 1120403 13208393.00
2024/09/26 11.67 12.04 11.63 11.97 1355380 16088098.00
2024/09/27 12.02 12.39 12.02 12.37 1692427 20649812.00
2024/09/30 12.65 13.55 12.50 13.38 4654287 60621728.00
2024/10/08 14.70 14.70 12.90 13.50 7581980 102929368.00
2024/10/09 13.42 13.42 12.15 12.17 4862239 60761184.00
2024/10/10 12.00 12.51 11.92 12.14 3447820 42045924.00
2024/10/11 12.22 12.32 11.88 11.98 2401020 28985904.00
2024/10/14 11.98 12.19 11.87 12.11 2338260 28172582.00
2024/10/15 12.13 12.13 11.80 11.80 2415680 28945558.00
2024/10/16 11.59 12.07 11.53 11.95 2209760 26262884.00
2024/10/17 12.00 12.25 11.92 11.93 2327500 28087958.00
2024/10/18 11.90 12.17 11.79 12.05 2647593 31681624.00
2024/10/21 12.05 12.16 11.90 11.99 2952279 35458200.00
2024/10/22 11.88 12.19 11.88 12.09 2628280 31756004.00
2024/10/23 12.09 12.27 12.06 12.13 2069460 25142504.00
2024/10/24 12.10 12.25 12.04 12.13 1483480 17959288.00
2024/10/25 12.13 12.45 12.13 12.40 3069754 37862192.00
2024/10/28 12.44 12.69 12.30 12.54 2837920 35428352.00
2024/10/29 12.65 12.66 12.22 12.33 2398500 29654616.00
2024/10/30 12.22 12.39 12.08 12.20 2011880 24554824.00
2024/10/31 12.35 12.51 12.08 12.21 3998975 49296136.00
2024/11/01 12.11 12.17 11.75 11.77 3617400 43042992.00
2024/11/04 11.68 12.20 11.67 12.09 3332660 40035600.00
2024/11/05 12.10 12.53 11.94 12.36 4719880 57501316.00
2024/11/06 12.30 12.40 12.18 12.40 3369541 41517160.00
2024/11/07 12.18 12.67 12.18 12.64 4121260 51442456.00
2024/11/08 12.76 12.86 12.43 12.54 3466773 43672016.00
2024/11/11 12.44 13.19 12.40 12.90 6379629 81861472.00
2024/11/12 12.94 13.16 12.63 12.76 3886360 49880980.00
2024/11/13 12.75 12.93 12.48 12.72 2998170 38017528.00
2024/11/14 12.71 12.75 12.37 12.45 2293960 28720180.00
2024/11/15 12.40 12.64 12.34 12.41 2445489 30562396.00
2024/11/18 12.54 12.55 12.10 12.31 2257589 27800794.00
2024/11/19 12.32 12.54 12.25 12.54 2384285 29604376.00
2024/11/20 12.61 12.77 12.50 12.76 3279160 41584620.00
2024/11/21 12.85 13.02 12.69 12.76 3287919 42135664.00
2024/11/22 12.81 12.85 12.14 12.15 3363680 41884884.00
2024/11/25 12.40 12.62 12.22 12.41 3271060 40676864.00
2024/11/26 12.42 12.50 12.17 12.19 1978760 24387712.00
2024/11/27 12.29 12.30 11.83 12.30 2720252 32782652.00
2024/11/28 12.30 12.43 12.16 12.35 3084600 38042000.00
2024/11/29 12.37 12.59 12.28 12.49 3756039 46800060.00
2024/12/02 12.53 12.83 12.51 12.76 4616340 58407760.00
2024/12/03 12.75 12.84 12.64 12.76 2761680 35194192.00
2024/12/04 12.76 12.83 12.46 12.56 3352720 42471884.00
2024/12/05 12.56 12.71 12.51 12.66 2468400 31213680.00
2024/12/06 12.68 12.72 12.53 12.70 3291100 41613540.00
2024/12/09 12.69 13.03 12.61 12.72 5651480 72163024.00
2024/12/10 12.96 13.45 12.75 12.80 9245763 120128800.00
2024/12/11 12.74 12.79 12.33 12.48 7949153 99302280.00
2024/12/12 12.44 12.63 12.35 12.60 4664229 58180984.00
2024/12/13 12.57 12.69 12.41 12.47 5090100 63776636.00
2024/12/16 12.59 12.73 12.47 12.52 3823400 48130008.00
2024/12/17 12.50 12.51 12.10 12.11 3860800 47266972.00
2024/12/18 12.16 12.24 11.98 12.02 2295680 27728708.00
2024/12/19 11.94 12.02 11.77 11.97 2247220 26762908.00
2024/12/20 11.95 12.09 11.95 12.05 1437260 17286332.00
2024/12/23 12.02 12.14 11.87 11.90 2297560 27524874.00
2024/12/24 11.90 12.08 11.87 12.06 1622900 19443276.00
2024/12/25 12.07 12.17 11.85 12.05 2447626 29418926.00
2024/12/26 11.99 12.14 11.91 12.07 1742926 21017592.00
2024/12/27 12.01 12.35 12.00 12.25 3237380 39647288.00
2024/12/30 12.25 12.26 12.10 12.19 1582299 19265440.00
2024/12/31 12.20 12.20 11.90 11.94 2437509 29286644.00
2025/01/02 11.95 11.99 11.48 11.59 3408459 39887156.00
2025/01/03 11.62 11.75 11.36 11.42 2358449 27274842.00
2025/01/06 11.42 11.59 11.22 11.44 1540600 17585198.00
2025/01/07 11.44 11.75 11.39 11.67 1894100 21865784.00
2025/01/08 11.63 11.65 11.35 11.61 1755280 20216024.00
2025/01/09 11.60 11.68 11.45 11.59 1183103 13728649.00
2025/01/10 11.54 11.62 11.24 11.24 1434400 16415112.00
2025/01/13 11.00 11.17 10.69 10.78 3082357 33610648.00
2025/01/14 10.80 11.07 10.78 11.04 4131880 45096160.00
2025/01/15 10.96 10.98 10.80 10.92 2306429 25081488.00
2025/01/16 11.05 11.14 10.85 10.93 2269940 24989748.00
2025/01/17 10.93 11.18 10.87 11.00 1898240 20892320.00
2025/01/20 11.15 11.15 10.98 11.01 1648280 18185976.00
2025/01/21 11.05 11.08 10.93 10.97 1218860 13373977.00
2025/01/22 10.98 11.00 10.79 10.83 1278520 13884497.00
2025/01/23 10.99 11.17 10.94 10.94 2741020 30315482.00
2025/01/24 10.93 10.99 10.85 10.93 1359126 14844632.00
2025/01/27 10.99 11.08 10.92 10.93 1557680 17128782.00
2025/02/05 10.99 11.02 10.87 10.99 1048940 11500346.00
2025/02/06 10.98 11.10 10.90 11.09 1694203 18654964.00
2025/02/07 11.10 11.39 11.00 11.24 2997459 33636344.00
2025/02/10 11.25 11.32 11.22 11.27 1701780 19158782.00
2025/02/11 11.27 11.35 11.15 11.27 1889120 21231372.00
2025/02/12 11.27 11.72 11.21 11.67 4096939 47072416.00
2025/02/13 11.67 12.15 11.57 11.78 4461540 52731840.00
2025/02/14 11.65 11.82 11.65 11.74 1814660 21292076.00
2025/02/17 11.70 11.84 11.52 11.53 2576800 29880878.00
2025/02/18 11.59 11.99 11.52 11.61 3660823 42986096.00
2025/02/19 11.54 12.29 11.54 12.27 6586699 79457200.00
2025/02/20 12.41 13.50 12.41 13.50 14476457 189532960.00
2025/02/21 13.95 14.10 13.34 13.55 22725040 311807648.00
2025/02/24 12.99 13.62 12.86 13.50 12000420 159448400.00
2025/02/25 13.20 13.45 13.10 13.10 6846260 90686312.00
2025/02/26 13.11 13.57 13.02 13.25 5453723 72401704.00
2025/02/27 13.37 13.46 12.97 13.30 4619100 61092236.00
2025/02/28 13.28 13.30 13.00 13.04 3297880 43201504.00
2025/03/03 13.15 13.59 13.00 13.23 5896380 78585568.00
2025/03/04 13.10 13.50 13.03 13.46 4923780 65738284.00
2025/03/05 13.50 13.64 13.40 13.54 3979982 53813940.00
2025/03/06 13.57 13.80 13.50 13.64 4411409 60272440.00
2025/03/07 13.63 14.18 13.53 14.00 7193880 100048656.00
2025/03/10 14.31 15.39 14.02 15.03 11683598 173365056.00
2025/03/11 14.76 15.32 14.71 15.15 8153120 122237976.00
2025/03/12 15.04 15.55 15.04 15.49 7178620 110177552.00
2025/03/13 15.48 15.65 15.00 15.32 7489420 114186624.00
2025/03/14 15.23 15.42 15.06 15.39 4964372 75824008.00
2025/03/17 15.40 16.46 15.40 15.93 7132940 114398320.00
2025/03/18 15.75 16.19 15.75 16.04 5800778 92759584.00
2025/03/19 16.00 16.94 16.00 16.81 7191920 119143632.00
2025/03/20 16.83 16.90 16.06 16.61 7834129 129300432.00
2025/03/21 16.45 16.59 15.75 15.84 7482240 120307336.00
2025/03/24 15.80 16.14 15.29 15.84 7738760 121839200.00
2025/03/25 15.84 16.07 15.59 15.81 3947540 62519024.00
2025/03/26 15.82 16.28 15.81 15.87 3735368 59866868.00
2025/03/27 15.80 15.98 15.50 15.79 3507820 55139268.00
2025/03/28 15.79 15.80 15.34 15.48 3475408 53852480.00
2025/03/31 15.58 15.79 15.29 15.70 2587380 40227316.00
2025/04/01 15.70 15.95 15.53 15.61 2225307 34890708.00
2025/04/02 15.70 15.88 15.52 15.70 1982660 31137452.00
2025/04/03 15.53 15.85 15.43 15.60 2487100 38768992.00
2025/04/07 14.80 14.98 14.04 14.04 2354000 33542174.00
2025/04/08 13.87 14.20 13.26 13.62 5934733 81111296.00
2025/04/09 13.40 13.83 12.50 13.70 4850800 64344176.00
2025/04/10 13.79 14.41 13.79 14.15 3433054 48551908.00
2025/04/11 14.15 14.94 13.89 14.69 3834920 56371072.00
2025/04/14 15.00 15.85 14.85 15.55 5427000 83580200.00
2025/04/15 15.73 17.11 15.44 17.11 9227397 151872112.00
2025/04/16 17.11 17.11 15.88 16.04 8097944 133855384.00
2025/04/17 16.10 17.05 15.90 16.80 6171020 102500968.00
2025/04/18 16.52 16.69 16.03 16.11 4387086 71175424.00
2025/04/21 16.05 16.32 15.92 16.11 3108300 49875708.00
2025/04/22 16.11 16.25 15.80 15.82 2174600 34747140.00
2025/04/23 15.96 16.23 15.51 15.61 4319220 68171696.00
2025/04/24 15.70 16.54 15.62 16.51 7121260 116390440.00
2025/04/25 16.54 16.69 16.26 16.65 3474386 57386564.00
2025/04/28 16.65 16.73 15.70 15.73 4932960 79153376.00
2025/04/29 15.97 16.14 15.63 15.97 2964382 47129192.00
2025/04/30 15.83 16.63 15.71 16.35 5044992 82452176.00
2025/05/06 16.71 17.89 16.58 17.56 9462774 165918688.00
2025/05/07 17.70 17.80 16.66 16.87 6321460 108029880.00
2025/05/08 16.78 17.66 16.70 17.37 7464160 129348432.00
2025/05/09 17.20 17.66 17.05 17.33 3178461 54907336.00
2025/05/12 17.41 17.88 17.13 17.15 3881680 67688504.00
2025/05/13 17.20 17.62 16.90 17.03 3764600 64834712.00
2025/05/14 17.03 17.03 16.48 16.56 4350703 72552960.00
2025/05/15 16.52 16.66 16.06 16.25 2497400 40678868.00
2025/05/16 16.19 16.73 16.18 16.28 2984920 48966748.00
2025/05/19 16.37 16.37 15.50 16.00 3218320 51402508.00
2025/05/20 16.18 16.18 15.73 15.91 2065560 32887842.00
2025/05/21 15.88 15.88 15.55 15.75 2451905 38508824.00
2025/05/22 15.76 15.93 15.43 15.60 2078100 32576794.00
2025/05/23 15.22 15.95 15.22 15.68 2783463 43520856.00
2025/05/26 15.67 15.79 15.22 15.38 2178305 33641356.00
2025/05/27 15.40 15.40 15.00 15.14 2960125 44793744.00
2025/05/28 15.11 15.99 15.11 15.60 4491240 69688112.00
2025/05/29 15.60 15.93 15.36 15.59 2851800 44461432.00
2025/05/30 15.75 16.14 15.22 15.88 4146840 65269704.00
2025/06/03 15.88 16.28 15.53 15.56 3527020 55778592.00
2025/06/04 15.62 15.65 15.16 15.24 2952740 45312904.00
2025/06/05 15.30 15.39 15.05 15.07 1674400 25395778.00
2025/06/06 15.18 15.18 14.75 14.92 3263560 48533284.00
2025/06/09 14.90 15.03 14.65 14.77 2414700 35812476.00
2025/06/10 14.76 15.15 14.48 14.60 3488600 51520208.00
2025/06/11 14.65 14.87 14.50 14.79 1714740 25257136.00
2025/06/12 14.81 15.09 14.68 14.83 1937900 28769084.00
2025/06/13 14.83 14.91 14.48 14.63 1706380 24920970.00
2025/06/16 14.63 14.67 14.44 14.45 1837860 26730980.00
2025/06/17 14.53 14.53 14.05 14.12 2622140 37227424.00
2025/06/18 14.20 14.38 13.84 14.36 2119380 29962532.00
2025/06/19 14.36 14.61 14.10 14.13 1757780 25177936.00
2025/06/20 14.11 14.59 14.10 14.17 2062300 29511450.00
2025/06/23 14.05 14.37 13.94 14.32 1532800 21730896.00
2025/06/24 14.34 14.88 14.28 14.74 2425900 35517636.00
2025/06/25 14.88 14.98 14.60 14.83 1955840 28871320.00
2025/06/26 14.83 15.25 14.83 15.12 2996340 45001252.00
2025/06/27 15.23 15.75 15.09 15.73 4771660 73983712.00
2025/06/30 15.76 16.04 15.51 15.75 4166080 65715240.00
2025/07/01 15.77 15.87 15.53 15.79 2295700 35993800.00
2025/07/02 15.85 15.88 15.38 15.42 2416620 37694752.00
2025/07/03 15.48 15.52 15.15 15.22 1483252 22663182.00
2025/07/04 15.20 15.74 15.20 15.43 3109638 48152180.00
2025/07/07 15.43 15.51 15.10 15.20 1643300 24991572.00
2025/07/21 16.72 16.72 15.29 15.46 15798849 251050272.00
2025/07/22 15.31 15.31 14.39 15.13 8238098 122833688.00
2025/07/23 14.98 15.26 14.83 14.88 4221700 63160576.00
2025/07/24 15.00 15.00 14.58 14.77 4153000 61205872.00
2025/07/25 14.91 14.91 14.56 14.61 3331206 48748504.00
2025/07/28 14.68 15.70 14.61 14.95 8064118 123015968.00
2025/07/29 14.79 14.99 14.51 14.60 3600286 52599272.00
2025/07/30 14.55 14.68 14.43 14.50 2548520 37020508.00
2025/07/31 14.51 14.55 14.18 14.25 2877014 41284064.00
2025/08/01 14.19 14.39 14.15 14.27 1876100 26776260.00
2025/08/04 14.20 14.28 14.11 14.24 2106940 29860132.00
2025/08/05 14.28 14.69 14.24 14.44 3029300 43713828.00
2025/08/06 14.38 14.57 14.20 14.27 2510864 35820216.00
2025/08/07 14.27 14.50 14.05 14.37 3254740 46325952.00
2025/08/08 14.19 14.48 14.03 14.25 3607380 51173796.00
2025/08/11 14.26 14.45 14.22 14.32 2237794 32083712.00
2025/08/12 14.32 14.36 13.96 14.10 2863160 40400280.00
2025/08/13 14.15 14.15 14.00 14.11 1740560 24490886.00
2025/08/14 14.11 14.11 13.77 13.78 2547160 35513008.00
2025/08/15 13.79 14.46 13.79 14.25 4489902 63730240.00
2025/08/18 14.34 14.67 14.23 14.40 5053304 72793672.00
2025/08/19 14.40 14.44 14.11 14.36 3641660 51950828.00
2025/08/20 14.36 14.50 14.12 14.50 3285960 47130944.00
2025/08/21 14.46 15.95 14.44 15.95 7998322 123361544.00
2025/08/22 16.91 16.91 15.28 15.65 14950116 238114480.00
2025/08/25 15.66 15.90 15.48 15.67 7180940 112809328.00
2025/08/26 15.55 16.00 15.44 15.80 5501580 86899768.00
2025/08/27 15.80 15.80 14.92 14.97 5554098 85357376.00
2025/08/28 14.97 15.19 14.41 15.10 4725670 69997016.00
2025/08/29 15.10 15.23 14.82 15.06 3735466 55957188.00
2025/09/01 15.00 15.45 14.91 15.35 4158480 63306904.00
2025/09/02 15.32 15.46 14.78 15.18 2988920 45033064.00
2025/09/03 15.11 16.35 14.80 15.56 8170780 127566984.00
2025/09/04 15.46 15.63 14.97 15.27 4302260 66053704.00
2025/09/05 15.24 15.50 14.99 15.47 2732300 41896648.00
2025/09/08 15.49 15.80 15.35 15.59 4534678 70698232.00
2025/09/09 15.59 15.66 15.10 15.26 3205700 49107968.00
2025/09/10 15.21 15.23 14.86 15.06 3867840 58025988.00
2025/09/11 14.93 15.35 14.87 15.22 3760660 56629800.00
2025/09/12 15.20 15.32 14.83 14.89 3493320 52383576.00
2025/09/15 14.89 14.89 14.44 14.57 3789960 55166260.00
2025/09/16 14.58 14.73 14.47 14.67 2144512 31287194.00
2025/09/17 14.56 14.76 14.46 14.55 2430092 35411424.00
2025/09/18 14.56 14.56 14.10 14.18 2474900 35497344.00
2025/09/19 14.29 14.34 14.00 14.20 2269140 32084258.00
2025/09/22 14.69 14.69 13.98 14.20 2310020 32683728.00
2025/09/23 14.21 14.40 13.85 14.06 2642480 37077240.00
2025/09/24 14.07 14.14 13.90 14.00 2217720 31053230.00
2025/09/25 13.91 14.08 13.88 13.92 1680960 23466212.00
2025/09/26 13.92 14.26 13.78 13.95 2417740 34001988.00
2025/09/29 13.93 14.79 13.46 14.66 6893826 98052768.00
2025/09/30 14.58 15.03 14.41 15.02 4837380 71305080.00
2025/10/09 15.06 16.23 15.06 15.83 9820810 155145120.00
2025/10/10 15.80 16.74 15.66 16.59 11111414 181980736.00
2025/10/13 16.15 17.05 15.96 16.82 8594540 143362736.00
2025/10/14 16.78 17.15 16.60 16.84 6259180 105302744.00
2025/10/15 16.67 17.62 16.67 17.54 7202606 125044192.00
2025/10/16 17.54 18.16 17.38 17.77 6377326 113542184.00
2025/10/17 17.80 18.22 17.32 17.43 7383880 130342352.00
2025/10/20 17.29 17.96 17.29 17.76 6024220 106081880.00
2025/10/21 17.98 17.98 17.31 17.86 4468060 78995448.00
2025/10/22 17.70 18.00 17.48 17.70 4553230 80622360.00
2025/10/23 17.85 17.85 17.30 17.60 3782360 66411508.00
2025/10/24 17.60 18.07 17.36 17.97 7079940 125913592.00
2025/10/27 18.14 19.00 18.00 18.62 6282840 116603496.00
2025/10/28 18.88 18.98 18.48 18.60 4849020 90861120.00
2025/10/29 18.46 18.65 17.89 18.56 4279980 78197672.00
2025/10/30 18.38 19.30 18.37 18.52 6305060 119075840.00
2025/10/31 18.52 19.06 18.52 18.84 4920820 92505168.00
2025/11/03 19.00 19.00 18.38 18.71 3856420 71756696.00
2025/11/04 18.71 18.97 17.90 17.95 4946820 90461912.00
2025/11/05 17.80 18.11 17.65 18.02 4011045 71891072.00
2025/11/06 17.97 18.08 17.80 17.97 2812900 50431260.00
2025/11/07 17.94 18.44 17.67 18.09 3503700 63603704.00
2025/11/10 18.27 18.76 17.03 17.45 8400280 148345136.00
2025/11/11 17.30 17.82 17.23 17.72 3559280 62279980.00
2025/11/12 17.50 17.72 17.20 17.30 2692240 46735340.00
2025/11/13 17.26 17.62 17.10 17.56 2941140 51284516.00
2025/11/14 17.67 17.80 17.23 17.25 3150700 55312092.00
2025/11/17 17.23 17.93 17.15 17.24 2861180 49703236.00
2025/11/18 17.07 17.49 16.61 16.70 3372280 56680312.00
2025/11/19 16.57 16.77 16.17 16.33 2762740 45206872.00
2025/11/20 16.37 16.54 16.24 16.34 1956760 31965536.00
2025/11/21 16.20 16.21 15.35 15.59 2698385 42437748.00
2025/11/24 15.78 15.78 15.13 15.20 6247340 95572096.00
2025/11/25 15.18 15.80 15.18 15.56 3482300 54326448.00
2025/11/26 15.71 15.71 15.33 15.37 1742940 26971566.00
2025/11/27 15.39 16.15 15.23 15.65 3486500 54901128.00
2025/11/28 15.63 15.73 15.51 15.70 1526300 23815612.00
2025/12/01 15.70 15.83 15.52 15.53 2131220 33323732.00
2025/12/02 15.56 15.60 15.27 15.36 1763630 27125816.00
2025/12/03 15.35 15.99 15.29 15.69 3910690 61263064.00
2025/12/04 15.85 15.85 15.10 15.11 3715990 57039204.00
2025/12/05 15.17 15.27 14.97 15.16 1998840 30199544.00
2025/12/08 15.20 15.47 15.14 15.25 2235780 34260608.00
2025/12/09 15.28 15.28 15.03 15.11 1731440 26140092.00
2025/12/10 15.87 16.47 15.03 15.56 8116290 128548240.00
2025/12/11 15.81 15.95 15.18 15.21 5154970 79584312.00
2025/12/12 15.17 15.36 15.07 15.13 2875500 43644872.00
2025/12/15 15.13 15.54 15.01 15.31 2639700 40404196.00
2025/12/16 15.33 15.48 15.15 15.38 3293800 50519564.00
2025/12/17 15.26 15.42 14.98 15.25 2363604 35797584.00
2025/12/18 15.20 15.79 15.13 15.32 3943720 60982728.00
2025/12/19 15.35 15.55 15.34 15.39 2366400 36492448.00
2025/12/22 15.45 15.45 15.16 15.22 3370360 51436872.00
2025/12/23 15.22 15.25 14.91 14.95 2818760 42441604.00
2025/12/24 15.05 15.12 14.86 14.93 1957200 29313556.00
2025/12/25 14.95 14.96 14.56 14.85 4169792 61449304.00
2025/12/26 14.86 15.20 14.70 14.76 2950840 44055444.00
2025/12/29 14.73 14.89 14.53 14.70 3707920 54591000.00
2025/12/30 14.66 14.66 14.36 14.40 2298980 33326714.00
2025/12/31 14.40 14.44 14.10 14.27 2775705 39514636.00
2026/01/05 14.27 14.45 14.20 14.34 2745140 39387072.00
2026/01/06 14.40 14.77 14.22 14.37 4074840 58899796.00
2026/01/07 14.38 14.48 14.08 14.18 4066949 58110816.00
2026/01/08 14.17 14.32 14.08 14.24 4835985 68602792.00
2026/01/09 14.26 14.35 13.98 14.24 6047240 85566744.00
2026/01/12 14.27 14.37 13.82 14.17 7174380 100721912.00
2026/01/13 14.17 14.37 14.08 14.11 6160125 87745072.00
2026/01/14 14.11 14.44 13.97 14.29 7374310 104768448.00
2026/01/15 14.29 15.59 14.25 14.98 16559880 247768864.00
2026/01/16 14.98 15.16 14.61 14.86 9843440 145700160.00
2026/01/19 14.55 14.74 14.31 14.48 5993400 86911488.00
2026/01/20 14.48 15.16 14.41 15.00 6921020 102699008.00
2026/01/21 14.77 14.95 14.70 14.73 4244380 62768644.00
2026/01/22 14.74 14.94 14.55 14.80 3476414 51302736.00
2026/01/23 14.82 14.90 14.56 14.67 5214300 76540224.00
2026/01/26 14.66 14.70 14.41 14.42 4326892 62882488.00
2026/01/27 14.41 14.41 13.91 14.08 4205366 59139504.00
2026/01/28 14.08 14.19 13.91 14.05 2316220 32462950.00
2026/01/29 13.91 14.08 13.52 14.07 3988794 55318740.00
2026/01/30 14.06 14.19 13.90 14.14 2345340 32945468.00
2026/02/02 14.14 14.20 13.70 13.73 2549144 35503848.00
2026/02/03 13.85 13.97 13.65 13.76 2055050 28356696.00
2026/02/04 13.73 13.85 13.43 13.47 4620370 62611452.00
2026/02/05 13.47 13.58 13.35 13.42 2199100 29567910.00
2026/02/06 13.42 13.57 13.31 13.44 2444940 32938306.00
2026/02/09 13.55 13.60 13.24 13.29 4479664 59807072.00
2026/02/10 13.29 13.69 13.26 13.46 3687900 49710152.00
2026/02/11 13.51 13.54 13.36 13.40 1844700 24802360.00
2026/02/12 13.44 13.45 13.11 13.12 2971300 39299652.00
2026/02/13 13.12 13.24 13.08 13.09 1834760 24142174.00
2026/02/24 13.15 13.75 13.14 13.38 5003840 67138120.00
2026/02/25 13.38 13.52 13.37 13.42 2657620 35721820.00
#Ъ§ОнРДдД:ЭЈДяаХ
