600602 дЦШќжЧСЊ ШеЯп ЧАИДШЈ
      ШеЦк	    ПЊХЬ	    зюИп	    зюЕЭ	    ЪеХЬ	    ГЩНЛСП	    ГЩНЛЖю
2021/08/02 5.05 5.14 4.97 5.13 4138482 21748636.00
2021/08/03 5.13 5.19 5.09 5.13 4214745 22476730.00
2021/08/04 5.12 5.18 5.05 5.09 5210965 27589796.00
2021/08/05 5.09 5.09 4.94 4.99 5497403 28520142.00
2021/08/06 4.97 5.04 4.93 5.04 4189799 21573332.00
2021/08/09 5.02 5.08 5.00 5.08 3633504 18984764.00
2021/08/10 5.07 5.13 5.01 5.13 4200446 22117622.00
2021/08/11 5.11 5.13 5.07 5.09 3934832 20732724.00
2021/08/12 5.10 5.18 5.10 5.11 4661117 24759614.00
2021/08/13 5.13 5.17 5.07 5.11 3893061 20588440.00
2021/08/16 5.08 5.17 5.08 5.12 3225332 17126524.00
2021/08/17 5.09 5.12 4.96 4.99 4887144 25508236.00
2021/08/18 4.99 5.04 4.93 5.03 2973761 15370820.00
2021/08/19 5.02 5.06 4.97 5.00 2778425 14425929.00
2021/08/20 5.01 5.01 4.93 4.98 3383595 17383834.00
2021/08/23 4.98 5.06 4.98 5.05 2780990 14483580.00
2021/08/24 5.07 5.13 5.04 5.11 4002259 21093254.00
2021/08/25 5.12 5.15 5.09 5.13 4393548 23268668.00
2021/08/26 5.13 5.18 5.07 5.12 5843564 30969386.00
2021/08/27 5.12 5.65 5.10 5.65 28078449 158463472.00
2021/08/30 6.23 6.23 6.23 6.23 18262166 117060488.00
2021/08/31 6.38 6.87 6.30 6.61 102596608 693977600.00
2021/09/01 6.37 7.22 6.32 6.67 82667316 569348928.00
2021/09/02 6.45 6.92 6.35 6.61 65565853 444116608.00
2021/09/03 6.61 6.66 6.31 6.40 44647553 296038080.00
2021/09/06 6.36 6.44 6.09 6.23 30492231 195277488.00
2021/09/07 6.21 6.28 6.16 6.25 21413647 137304896.00
2021/09/08 6.31 6.34 6.16 6.22 21739416 139035360.00
2021/09/09 6.20 6.47 6.14 6.40 33157708 216369696.00
2021/09/10 6.33 6.34 6.13 6.15 22348801 142902624.00
2021/09/13 6.13 6.22 6.10 6.19 13285283 84238528.00
2021/09/14 6.31 6.41 6.15 6.21 23062627 149184208.00
2021/09/15 6.31 6.31 5.98 6.07 21257748 133583056.00
2021/09/16 6.05 6.15 5.96 5.97 12573354 78301768.00
2021/09/17 5.92 5.99 5.73 5.85 16703612 100557600.00
2021/09/22 5.78 5.95 5.74 5.94 9315379 56456196.00
2021/09/23 5.96 6.00 5.89 5.93 9496663 58167324.00
2021/09/24 5.92 5.95 5.82 5.83 7550731 45706724.00
2021/09/27 5.84 5.91 5.67 5.73 8717520 51934668.00
2021/09/28 5.72 5.77 5.67 5.77 5321937 31448202.00
2021/09/29 5.73 5.73 5.55 5.55 8328843 48201988.00
2021/09/30 5.60 5.70 5.55 5.70 6178254 36038108.00
2021/10/08 5.72 5.84 5.71 5.79 6247180 37288300.00
2021/10/11 5.71 5.85 5.67 5.84 6780341 40497212.00
2021/10/12 5.96 5.96 5.59 5.66 9259886 54452172.00
2021/10/13 5.62 5.76 5.60 5.74 6223851 36541104.00
2021/10/14 5.76 5.76 5.67 5.70 4330000 25499052.00
2021/10/15 5.71 5.95 5.69 5.80 12475152 74914824.00
2021/10/18 5.92 5.92 5.67 5.78 7314827 43436800.00
2021/10/19 5.76 5.84 5.73 5.79 5958051 35485576.00
2021/10/20 5.91 6.10 5.86 6.01 22093068 136168032.00
2021/10/21 5.91 5.96 5.84 5.88 11728180 71179384.00
2021/10/22 5.84 5.88 5.76 5.78 6522079 39035696.00
2021/10/25 5.77 5.78 5.66 5.70 6776595 39765960.00
2021/10/26 5.70 5.74 5.67 5.67 4197896 24657340.00
2021/10/27 5.66 5.78 5.60 5.62 5974667 34885880.00
2021/10/28 5.73 5.73 5.22 5.22 12915916 71886848.00
2021/10/29 5.20 5.35 5.18 5.32 5241116 28582720.00
2021/11/01 5.32 5.40 5.28 5.31 4442968 24556984.00
2021/11/02 5.37 5.44 5.19 5.24 6845600 37512132.00
2021/11/03 5.25 5.32 5.23 5.27 3904642 21275984.00
2021/11/04 5.26 5.31 5.23 5.29 3530974 19244182.00
2021/11/05 5.27 5.47 5.27 5.35 7953735 44239192.00
2021/11/08 5.40 5.40 5.30 5.39 4091066 22638278.00
2021/11/09 5.40 5.44 5.35 5.42 3902980 21739680.00
2021/11/10 5.42 5.48 5.35 5.47 5747909 32156656.00
2021/11/11 5.43 5.61 5.43 5.56 6193669 35401948.00
2021/11/12 5.70 5.81 5.56 5.78 13653529 80485624.00
2021/11/15 5.72 6.00 5.71 5.92 10243003 62339928.00
2021/11/16 5.91 5.94 5.81 5.83 8618938 52144632.00
2021/11/17 5.86 6.02 5.85 6.02 12548088 77176744.00
2021/11/18 6.08 6.08 5.94 5.94 9425862 58342096.00
2021/11/19 5.93 6.03 5.90 5.96 6560105 40326344.00
2021/11/22 5.96 5.96 5.84 5.90 7673667 46531852.00
2021/11/23 5.89 5.95 5.86 5.88 5730338 34797048.00
2021/11/24 5.90 5.94 5.86 5.87 4102925 24922248.00
2021/11/25 5.91 5.93 5.82 5.86 5879177 35583684.00
2021/11/26 5.87 5.90 5.76 5.86 6332785 37946016.00
2021/11/29 5.77 5.79 5.70 5.72 5653729 33430152.00
2021/11/30 5.73 5.97 5.71 5.93 11432586 69302832.00
2021/12/01 5.92 6.05 5.84 6.03 12841185 79005256.00
2021/12/02 6.02 6.09 5.91 5.93 8473151 52238080.00
2021/12/03 5.98 5.99 5.88 5.90 6701073 40901128.00
2021/12/06 5.90 5.92 5.82 5.82 6611900 39960768.00
2021/12/07 5.84 5.87 5.71 5.73 6874433 40861212.00
2021/12/08 5.74 5.95 5.69 5.91 8215160 49520200.00
2021/12/09 5.90 5.91 5.85 5.87 5580040 33809368.00
2021/12/10 5.86 5.87 5.77 5.79 6778626 40636524.00
2021/12/13 5.80 5.92 5.75 5.91 8917354 53837864.00
2021/12/14 5.89 5.95 5.83 5.90 7451808 45286608.00
2021/12/15 5.89 6.10 5.87 6.03 16297753 101079088.00
2021/12/16 6.08 6.08 5.98 6.02 8423237 52178960.00
2021/12/17 6.00 6.06 5.93 5.94 8243184 50806516.00
2021/12/20 5.94 6.03 5.91 5.97 8657110 53288408.00
2021/12/21 5.96 6.09 5.94 6.09 11848008 73735392.00
2021/12/22 6.19 6.56 6.10 6.32 35139124 229043872.00
2021/12/23 6.23 6.37 6.18 6.29 18307814 118470200.00
2021/12/24 6.25 6.33 6.10 6.13 15540649 98771360.00
2021/12/27 6.11 6.15 5.98 6.06 8364716 52125568.00
2021/12/28 6.07 6.29 6.05 6.22 12736194 81479440.00
2021/12/29 6.20 6.22 6.08 6.14 9000768 56987472.00
2021/12/30 6.13 6.36 6.11 6.29 15475895 100097504.00
2021/12/31 6.31 6.36 6.25 6.32 9064388 58796260.00
2022/01/04 6.38 6.49 6.31 6.43 14622890 96638784.00
2022/01/05 6.40 6.49 6.27 6.34 10908035 71369144.00
2022/01/06 6.29 6.35 6.19 6.27 10604047 68403176.00
2022/01/07 6.27 6.39 6.09 6.10 12947565 82930896.00
2022/01/10 6.14 6.25 6.00 6.16 9806914 62148316.00
2022/01/11 6.22 6.38 6.09 6.11 8671988 55424016.00
2022/01/12 6.13 6.27 6.11 6.16 7770101 49457708.00
2022/01/13 6.25 6.47 6.18 6.21 14929160 96625232.00
2022/01/14 6.15 6.36 6.08 6.25 11735598 75324216.00
2022/01/17 6.35 6.76 6.34 6.65 33155189 223981920.00
2022/01/18 6.69 6.88 6.59 6.65 33297017 230358928.00
2022/01/19 6.64 6.97 6.55 6.90 35642529 249486496.00
2022/01/20 6.82 6.88 6.67 6.77 27884678 193593408.00
2022/01/21 6.67 7.00 6.66 6.81 31497206 222708736.00
2022/01/24 6.72 6.96 6.71 6.84 22702065 159702672.00
2022/01/25 6.80 6.82 6.47 6.48 25173147 170848176.00
2022/01/26 6.45 6.66 6.39 6.58 16536180 110804408.00
2022/01/27 6.51 6.58 6.00 6.01 25849373 163779824.00
2022/01/28 6.01 6.33 6.01 6.15 17509431 111556768.00
2022/02/07 6.26 6.28 6.08 6.14 13753080 86916552.00
2022/02/08 6.14 6.43 6.00 6.42 19592758 126135984.00
2022/02/09 6.39 6.74 6.35 6.72 23530008 159623440.00
2022/02/10 6.72 6.74 6.60 6.67 15769719 107662080.00
2022/02/11 6.66 6.68 6.51 6.54 17081575 115468536.00
2022/02/14 6.49 6.61 6.37 6.42 14722643 98066272.00
2022/02/15 6.41 6.52 6.33 6.42 14723565 97268896.00
2022/02/16 6.52 6.72 6.37 6.42 23648795 158101072.00
2022/02/17 6.37 6.50 6.26 6.29 19337400 126208800.00
2022/02/18 6.47 6.94 6.40 6.94 38290581 266514080.00
2022/02/21 7.65 7.65 7.65 7.65 6086634 47658344.00
2022/02/22 8.43 8.43 8.15 8.43 92528579 795730944.00
2022/02/23 8.44 9.22 8.21 8.57 213536658 1882738560.00
2022/02/24 8.24 8.77 7.70 7.70 150615471 1250915584.00
2022/02/25 7.67 7.81 7.35 7.45 108769861 843149504.00
2022/02/28 7.40 7.50 7.10 7.41 74220922 551720640.00
2022/03/01 7.38 7.97 7.32 7.91 107190966 846496960.00
2022/03/02 7.67 7.89 7.64 7.75 66724173 531167936.00
2022/03/03 7.73 7.87 7.51 7.54 63833073 501224800.00
2022/03/04 7.49 7.60 7.22 7.29 54818700 413570944.00
2022/03/07 7.20 7.49 7.15 7.36 46249101 346951232.00
2022/03/08 7.34 8.11 7.30 8.11 139902634 1141371904.00
2022/03/09 7.89 8.71 7.67 8.43 159407026 1314508928.00
2022/03/10 8.42 8.42 7.98 8.07 109670418 915017344.00
2022/03/11 7.82 8.28 7.79 8.12 80335702 664980352.00
2022/03/14 7.92 8.51 7.86 8.26 90067681 761438272.00
2022/03/15 8.05 8.31 7.48 7.48 73859360 598132416.00
2022/03/16 7.67 8.25 7.32 8.25 102745793 841119680.00
2022/03/17 8.48 8.80 8.21 8.69 159673255 1393562496.00
2022/03/18 8.43 8.67 8.27 8.54 85645852 741471552.00
2022/03/21 8.47 9.41 8.33 9.41 98340223 892563072.00
2022/03/22 9.51 10.37 9.18 9.19 192823525 1924455296.00
2022/03/23 8.98 9.27 8.55 8.72 139518827 1263926656.00
2022/03/24 8.58 8.74 8.33 8.41 71168102 617569536.00
2022/03/25 8.33 8.68 8.33 8.44 66152589 576063168.00
2022/03/28 8.37 8.62 8.14 8.53 52962961 457326720.00
2022/03/29 8.47 8.48 7.92 8.00 64187811 531754080.00
2022/03/30 8.02 8.16 7.80 8.09 37063948 304048928.00
2022/03/31 8.02 8.40 7.88 8.36 63074523 526682688.00
2022/04/01 8.23 8.29 7.95 7.98 41444816 341730656.00
2022/04/06 7.97 8.10 7.88 7.98 28590705 232890544.00
2022/04/07 7.98 7.98 7.42 7.42 46814364 363898976.00
2022/04/08 7.41 7.68 7.27 7.57 35336710 270054208.00
2022/04/11 7.52 7.74 7.39 7.60 32792785 254637376.00
2022/04/12 7.50 7.57 6.98 7.20 41813560 308665344.00
2022/04/13 7.06 7.12 6.81 6.82 32641223 231663520.00
2022/04/14 6.96 7.06 6.82 6.83 19353460 137210176.00
2022/04/15 6.72 6.92 6.63 6.75 28066416 194653296.00
2022/04/18 6.67 6.82 6.63 6.71 16958725 117302048.00
2022/04/19 6.74 6.98 6.71 6.90 24345217 171581600.00
2022/04/20 7.31 7.61 7.22 7.61 66838494 517727264.00
2022/04/21 7.32 7.49 6.84 6.93 71475153 528745184.00
2022/04/22 6.89 7.30 6.82 6.86 45075458 324791264.00
2022/04/25 6.52 6.54 6.16 6.16 37469582 242646944.00
2022/04/26 6.02 6.22 5.64 5.66 34002182 204811520.00
2022/04/27 5.62 6.11 5.55 6.07 34599032 209643424.00
2022/04/28 6.02 6.05 5.79 5.86 22674472 138255088.00
2022/04/29 5.94 6.16 5.93 6.12 24585987 153395056.00
2022/05/05 6.16 6.33 6.07 6.20 25396075 162528960.00
2022/05/06 6.01 6.50 5.88 6.27 37137842 240477216.00
2022/05/09 6.24 6.53 6.15 6.39 27187119 178598448.00
2022/05/10 6.31 6.97 6.24 6.71 40103474 273470464.00
2022/05/11 6.63 7.00 6.58 6.75 43057292 303165600.00
2022/05/12 6.69 7.03 6.65 6.84 29949973 211898576.00
2022/05/13 6.88 6.93 6.75 6.80 21452047 150145760.00
2022/05/16 6.90 6.96 6.70 6.96 28973900 202162960.00
2022/05/17 6.95 7.13 6.70 6.75 35149408 248224416.00
2022/05/18 6.88 7.07 6.75 6.76 31235439 220614144.00
2022/05/19 6.57 6.73 6.52 6.72 24215183 165525184.00
2022/05/20 6.72 6.83 6.70 6.76 17487204 121113328.00
2022/05/23 6.78 6.91 6.76 6.84 19174828 134841328.00
2022/05/24 6.80 6.85 6.38 6.39 25066062 169835200.00
2022/05/25 6.44 6.59 6.44 6.54 13815811 92581968.00
2022/05/26 6.54 6.61 6.35 6.52 17470415 116561544.00
2022/05/27 6.56 6.67 6.47 6.54 18744812 126744952.00
2022/05/30 6.61 6.77 6.57 6.77 23025200 158064576.00
2022/05/31 6.74 6.76 6.61 6.76 17549461 120724560.00
2022/06/01 6.72 6.80 6.65 6.70 16745856 115563520.00
2022/06/02 6.69 6.87 6.60 6.86 24701262 171233872.00
2022/06/06 7.06 7.26 6.92 7.10 44365331 320907584.00
2022/06/07 7.04 7.04 6.87 6.90 22950005 163220272.00
2022/06/08 6.88 7.00 6.70 6.83 25098187 176257568.00
2022/06/09 6.83 6.83 6.60 6.60 17624713 120779200.00
2022/06/10 6.57 6.68 6.53 6.64 15072705 102606888.00
2022/06/13 6.59 6.69 6.49 6.61 14558232 98726848.00
2022/06/14 6.53 6.59 6.29 6.57 17641980 116700864.00
2022/06/15 6.58 6.73 6.55 6.65 17445122 119139488.00
2022/06/16 6.68 6.87 6.62 6.76 25711869 177826592.00
2022/06/17 6.72 6.73 6.52 6.63 17182311 117105776.00
2022/06/20 6.73 6.76 6.60 6.62 13345834 91180296.00
2022/06/21 6.65 6.68 6.51 6.66 16143535 109741472.00
2022/06/22 6.66 6.70 6.47 6.48 14163688 95173824.00
2022/06/23 6.55 6.73 6.49 6.72 20392968 138798944.00
2022/06/24 6.87 7.41 6.83 7.18 78014071 577237568.00
2022/06/27 7.05 7.13 6.95 7.02 42587988 303918112.00
2022/06/28 6.96 7.11 6.91 7.06 24616177 176311552.00
2022/06/29 7.05 7.21 7.00 7.14 35430834 256860624.00
2022/06/30 7.10 7.18 6.99 7.03 23948051 171922352.00
2022/07/01 6.99 7.08 6.90 6.94 19440743 137847024.00
2022/07/04 6.95 6.99 6.87 6.96 12288206 86876680.00
2022/07/05 6.96 6.99 6.76 6.85 16445631 114750528.00
2022/07/06 6.86 6.89 6.66 6.71 13498185 92806032.00
2022/07/07 6.77 6.80 6.68 6.71 9451091 64788364.00
2022/07/08 6.71 6.87 6.69 6.75 13872322 96144488.00
2022/07/11 6.75 6.94 6.64 6.94 20103322 139752976.00
2022/07/12 6.91 6.92 6.79 6.84 12478559 87163800.00
2022/07/13 6.88 6.94 6.83 6.86 12261203 86060184.00
2022/07/14 6.87 6.88 6.77 6.83 9395005 65241624.00
2022/07/15 6.84 7.09 6.68 6.88 20579711 144955552.00
2022/07/18 6.88 7.07 6.83 7.06 21666564 154795808.00
2022/07/19 7.04 7.16 7.02 7.12 19749143 142556080.00
2022/07/20 7.21 7.29 7.13 7.25 26911607 197708352.00
2022/07/21 7.25 7.35 7.16 7.17 20964165 154687360.00
2022/07/22 7.17 7.25 7.02 7.10 20053967 145297824.00
2022/07/25 7.15 7.25 6.99 7.02 13381654 96731672.00
2022/07/26 7.11 7.35 7.04 7.32 28433279 209313264.00
2022/07/27 7.32 7.45 7.27 7.30 22951134 171690944.00
2022/07/28 7.35 7.37 7.24 7.25 18329499 136161104.00
2022/07/29 7.29 7.34 7.23 7.26 15829768 117166480.00
2022/08/01 7.24 7.31 7.16 7.25 12208218 89827216.00
2022/08/02 7.12 7.12 6.66 6.77 31404463 218624368.00
2022/08/03 6.81 7.13 6.81 6.88 31494345 224920384.00
2022/08/04 6.95 7.04 6.79 6.95 14279947 100587336.00
2022/08/05 7.02 7.13 6.96 7.12 19323941 138814208.00
2022/08/08 7.11 7.19 7.07 7.17 14667154 106645104.00
2022/08/09 7.17 7.22 7.04 7.10 12280612 88691544.00
2022/08/10 7.10 7.12 6.99 7.03 11459809 82212824.00
2022/08/11 7.07 7.16 7.07 7.13 11773547 85290632.00
2022/08/12 7.14 7.19 7.07 7.11 11463988 83132936.00
2022/08/15 7.14 7.15 6.92 6.99 14331502 101872624.00
2022/08/16 6.96 7.01 6.88 6.92 15114658 106786064.00
2022/08/17 6.93 6.94 6.81 6.88 13336438 93167896.00
2022/08/18 6.87 6.87 6.76 6.81 12659706 87634672.00
2022/08/19 6.81 6.89 6.76 6.76 14490651 100516528.00
2022/08/22 6.76 6.80 6.64 6.80 9818944 67626280.00
2022/08/23 6.79 6.79 6.70 6.74 10384148 71295992.00
2022/08/24 6.74 6.77 6.53 6.56 14255164 96412776.00
2022/08/25 6.57 6.59 6.44 6.52 9302849 61639772.00
2022/08/26 6.53 6.56 6.47 6.49 7388861 49054360.00
2022/08/29 6.35 6.43 6.29 6.41 9523047 61914536.00
2022/08/30 6.42 6.45 6.32 6.36 6533249 42519536.00
2022/08/31 6.36 6.38 6.15 6.16 10324100 65652644.00
2022/09/01 6.19 6.27 6.13 6.15 6217747 39368276.00
2022/09/02 6.15 6.30 6.15 6.25 5976857 38034608.00
2022/09/05 6.28 6.28 6.16 6.21 5593402 35370752.00
2022/09/06 6.24 6.28 6.19 6.27 5798409 36892968.00
2022/09/07 6.25 6.35 6.23 6.30 7467843 47968120.00
2022/09/08 6.30 6.30 6.18 6.19 5511924 35057812.00
2022/09/09 6.22 6.27 6.19 6.23 4876488 31017580.00
2022/09/13 6.24 6.30 6.23 6.27 4621244 29528444.00
2022/09/14 6.18 6.23 6.15 6.21 4735274 29910390.00
2022/09/15 6.24 6.30 6.03 6.11 8050800 50779480.00
2022/09/16 6.11 6.15 5.95 5.95 6203574 38423844.00
2022/09/19 5.96 5.97 5.77 5.82 5876535 35092796.00
2022/09/20 5.86 5.92 5.82 5.86 3502369 20985144.00
2022/09/21 5.86 5.99 5.72 5.94 5331601 31983180.00
2022/09/22 5.91 5.99 5.89 5.91 4553298 27667936.00
2022/09/23 5.92 5.95 5.76 5.78 5189901 30975588.00
2022/09/26 5.82 5.82 5.64 5.67 5252539 30635076.00
2022/09/27 5.68 5.75 5.65 5.75 3356070 19588544.00
2022/09/28 5.75 5.75 5.59 5.59 3773854 21846468.00
2022/09/29 5.65 5.69 5.52 5.58 3689480 21149358.00
2022/09/30 5.56 5.62 5.52 5.53 3844400 21887124.00
2022/10/10 5.54 5.56 5.43 5.44 4235900 23792664.00
2022/10/11 5.43 5.61 5.40 5.49 2549800 14297057.00
2022/10/12 5.48 5.70 5.43 5.68 7456328 42728252.00
2022/10/13 5.66 5.93 5.64 5.82 10865523 64697056.00
2022/10/14 5.82 5.95 5.77 5.89 9559828 57394736.00
2022/10/17 5.87 6.03 5.86 6.01 7586657 46327584.00
2022/10/18 6.03 6.03 5.93 5.95 6145699 37468704.00
2022/10/19 5.94 6.10 5.87 6.01 10220400 62561852.00
2022/10/20 5.99 6.11 5.92 6.02 10193899 62780464.00
2022/10/21 5.99 6.05 5.93 5.95 6046681 36951312.00
2022/10/24 5.97 6.08 5.85 5.89 7740982 47297452.00
2022/10/25 5.90 5.95 5.76 5.87 7263356 43405076.00
2022/10/26 5.87 6.12 5.87 6.09 10602401 65561468.00
2022/10/27 6.15 6.21 6.08 6.15 10182822 64055056.00
2022/10/28 6.20 6.27 6.04 6.07 12136691 76141776.00
2022/10/31 6.19 6.69 6.19 6.69 20001239 134109344.00
2022/11/01 6.97 6.97 6.57 6.72 61388964 424316000.00
2022/11/02 6.77 6.81 6.60 6.73 33109618 225204032.00
2022/11/03 6.64 6.69 6.47 6.54 22730937 152120832.00
2022/11/04 6.57 6.57 6.46 6.53 21558719 143017392.00
2022/11/07 6.54 6.66 6.52 6.56 17393429 116654272.00
2022/11/08 6.56 6.66 6.43 6.65 19384244 130056304.00
2022/11/09 6.66 6.74 6.52 6.68 19723811 133696392.00
2022/11/10 6.61 6.75 6.57 6.66 16363983 111309952.00
2022/11/11 6.76 6.81 6.53 6.53 19153627 129890776.00
2022/11/14 6.52 6.67 6.48 6.66 15546186 104720040.00
2022/11/15 6.62 6.80 6.61 6.71 17071099 116941648.00
2022/11/16 6.71 6.82 6.66 6.74 16222095 111407648.00
2022/11/17 6.86 6.88 6.73 6.87 23253946 161627504.00
2022/11/18 6.89 7.03 6.77 6.79 27660948 194622096.00
2022/11/21 6.73 6.82 6.63 6.77 15587172 106617992.00
2022/11/22 6.72 6.83 6.62 6.67 12205803 83350080.00
2022/11/23 6.66 6.71 6.47 6.59 12313133 82469288.00
2022/11/24 6.59 6.65 6.47 6.51 8639283 57583980.00
2022/11/25 6.48 6.54 6.39 6.42 9885883 65094880.00
2022/11/28 6.42 6.49 6.33 6.40 10221754 66721228.00
2022/11/29 6.37 6.57 6.37 6.55 11181359 74023736.00
2022/11/30 6.55 6.60 6.49 6.60 9302981 62167172.00
2022/12/01 6.62 7.09 6.58 6.98 37351605 259935648.00
2022/12/02 6.95 7.64 6.88 7.41 87457251 649486592.00
2022/12/05 7.62 8.16 7.56 8.16 109246853 895039808.00
2022/12/06 8.24 8.27 7.93 7.99 81670653 670400576.00
2022/12/07 8.14 8.39 7.96 8.12 67232790 557333888.00
2022/12/08 8.13 8.17 7.77 7.91 53958948 435153536.00
2022/12/09 7.83 7.90 7.50 7.60 43176531 335465216.00
2022/12/12 8.10 8.37 7.81 8.37 81526646 678325824.00
2022/12/13 8.17 8.49 7.68 7.95 76500179 622335808.00
2022/12/14 7.86 8.76 7.86 8.59 108556443 941432128.00
2022/12/15 8.75 9.46 8.72 9.46 78868557 729604032.00
2022/12/16 9.46 9.75 8.94 9.03 124844775 1169579264.00
2022/12/19 9.05 9.38 8.86 9.16 81953106 758808768.00
2022/12/20 9.17 9.36 8.23 8.23 74463327 645613376.00
2022/12/21 7.75 8.41 7.73 8.16 70073631 578387072.00
2022/12/22 8.17 8.39 7.88 8.05 45071908 372770688.00
2022/12/23 8.15 8.64 8.05 8.47 60999427 519410080.00
2022/12/26 8.37 8.72 8.23 8.68 43837843 380772864.00
2022/12/27 8.54 8.67 8.28 8.50 33663562 289652512.00
2022/12/28 8.42 8.64 8.27 8.29 27634211 235707648.00
2022/12/29 8.28 8.54 8.22 8.34 29003942 247517792.00
2022/12/30 8.42 8.64 8.24 8.58 30259851 260595424.00
2023/01/03 8.56 9.35 8.44 9.22 66751525 609682368.00
2023/01/04 9.41 9.70 9.07 9.24 65538268 619108864.00
2023/01/05 9.33 9.34 8.93 9.01 42183714 387949408.00
2023/01/06 8.88 9.08 8.79 8.86 38043333 343120192.00
2023/01/09 8.82 9.09 8.77 8.83 28171517 254286368.00
2023/01/10 8.83 9.09 8.71 8.90 29109199 263451136.00
2023/01/11 8.99 9.02 8.42 8.45 43840585 385123360.00
2023/01/12 8.42 8.65 8.38 8.48 28188424 243891856.00
2023/01/13 8.53 8.62 8.34 8.44 19489816 167659616.00
2023/01/16 8.44 8.74 8.44 8.55 19579727 171392496.00
2023/01/17 8.51 8.65 8.25 8.30 20832061 177633968.00
2023/01/18 8.38 8.89 8.25 8.71 31002909 271645152.00
2023/01/19 8.67 9.01 8.64 8.90 28358866 255517968.00
2023/01/20 8.86 9.36 8.79 9.00 37192745 343232832.00
2023/01/30 9.45 9.91 9.42 9.53 59986290 587118848.00
2023/01/31 9.53 9.54 9.01 9.02 42893208 400148960.00
2023/02/01 9.03 9.80 9.03 9.66 55356142 532446016.00
2023/02/02 9.56 9.84 9.32 9.32 42293564 407655968.00
2023/02/03 9.32 9.69 9.14 9.63 47741722 454240288.00
2023/02/06 9.60 10.22 9.53 10.10 77777808 782878080.00
2023/02/07 10.07 10.07 9.48 9.72 62768219 618836672.00
2023/02/08 9.70 9.73 9.40 9.55 31702538 306780416.00
2023/02/09 9.46 9.68 9.18 9.62 36855300 353186080.00
2023/02/10 9.62 9.63 9.27 9.35 31414144 300641184.00
2023/02/13 9.33 9.71 9.27 9.69 37388595 362533120.00
2023/02/14 9.72 10.21 9.50 9.52 42901854 426272768.00
2023/02/15 9.52 10.17 9.43 10.03 60260193 601844032.00
2023/02/16 10.03 10.40 9.70 9.81 71679610 730863232.00
2023/02/17 9.85 9.97 8.97 9.05 59595726 563078016.00
2023/02/20 9.05 9.64 9.02 9.42 40297381 378098720.00
2023/02/21 9.56 10.38 9.56 9.72 79991024 809074240.00
2023/02/22 10.17 10.71 10.07 10.71 68147051 731237632.00
2023/02/23 10.77 11.37 10.37 10.74 157716881 1735551744.00
2023/02/24 10.74 11.01 10.16 10.90 124922688 1343082496.00
2023/02/27 10.56 10.98 10.31 10.43 76534190 819633536.00
2023/02/28 10.77 11.16 10.44 10.84 107508472 1172193280.00
2023/03/01 10.77 11.94 10.58 11.78 147027804 1698220032.00
2023/03/02 11.57 12.15 11.50 11.69 94428281 1127920256.00
2023/03/03 11.57 11.92 11.24 11.50 72842862 849048192.00
2023/03/06 11.54 11.61 11.10 11.31 49711462 567796416.00
2023/03/07 11.61 12.11 11.18 11.39 80269290 947113088.00
2023/03/08 11.32 11.93 11.32 11.72 69461015 819696448.00
2023/03/09 11.52 11.66 10.98 11.19 60865418 691388416.00
2023/03/10 10.93 11.73 10.89 11.26 56527389 652832640.00
2023/03/13 11.30 12.10 11.03 12.04 73890975 879379456.00
2023/03/14 11.94 12.69 11.77 12.36 82099375 1014578496.00
2023/03/15 12.30 12.36 11.89 12.07 42472451 518836608.00
2023/03/16 11.92 12.22 11.62 11.85 42615241 513058752.00
2023/03/17 12.07 12.62 11.91 12.45 63404754 784779456.00
2023/03/20 12.56 12.85 11.78 11.85 64640220 804075840.00
2023/03/21 11.87 12.10 11.51 11.82 46099479 548818240.00
2023/03/22 11.82 12.92 11.74 12.67 76632556 964817536.00
2023/03/23 12.48 12.80 12.22 12.72 60350461 764372864.00
2023/03/24 12.58 12.91 12.28 12.66 52261470 664960576.00
2023/03/27 12.67 12.83 11.88 12.18 68047407 843677504.00
2023/03/28 12.05 12.23 11.52 12.00 57252149 686898752.00
2023/03/29 11.87 11.93 10.84 11.18 82913676 943066624.00
2023/03/30 11.06 11.27 10.89 10.99 45693847 510325568.00
2023/03/31 10.91 11.21 10.69 11.11 40707400 451512480.00
2023/04/03 11.02 11.45 10.78 11.39 59790131 674369728.00
2023/04/04 11.47 11.93 11.29 11.62 70520939 827975168.00
2023/04/06 11.37 12.07 11.10 11.77 67095761 786697472.00
2023/04/07 11.77 11.85 11.23 11.56 49128285 569156352.00
2023/04/10 11.71 12.05 11.14 11.22 50537034 591121920.00
2023/04/11 11.21 11.92 11.07 11.57 53893321 631157120.00
2023/04/12 11.56 12.27 11.49 12.01 68141052 825630400.00
2023/04/13 11.97 12.07 11.39 11.55 54074244 643388672.00
2023/04/14 11.59 11.94 11.33 11.48 36957504 432845792.00
2023/04/17 11.37 11.37 11.04 11.14 30165120 340324416.00
2023/04/18 11.14 11.17 10.59 10.97 40676785 447493152.00
2023/04/19 10.93 11.28 10.85 10.90 36482033 408692800.00
2023/04/20 11.27 11.98 11.23 11.51 69334033 812201984.00
2023/04/21 11.24 11.28 10.35 10.35 64286001 697288256.00
2023/04/24 10.26 10.48 10.07 10.15 35550223 368415424.00
2023/04/25 10.12 10.27 9.89 10.03 32555327 332266944.00
2023/04/26 9.91 10.10 9.48 9.57 39717597 390189056.00
2023/04/27 9.49 9.84 9.49 9.61 23249267 227802672.00
2023/04/28 9.58 9.92 9.58 9.80 22741511 225914656.00
2023/05/04 9.75 9.85 9.27 9.56 32928192 316648288.00
2023/05/05 9.58 9.92 9.42 9.81 36813577 361626944.00
2023/05/08 9.74 10.32 9.60 10.19 40138896 407432640.00
2023/05/09 10.12 10.40 10.01 10.02 31839676 327990016.00
2023/05/10 9.94 10.11 9.82 9.99 23882639 240763840.00
2023/05/11 10.04 10.13 9.79 9.85 17395390 174201648.00
2023/05/12 9.85 9.92 9.66 9.67 13742006 135895040.00
2023/05/15 9.66 9.73 9.46 9.67 13678616 132780528.00
2023/05/16 9.68 9.74 9.21 9.26 23132108 219504880.00
2023/05/17 9.23 9.39 9.15 9.33 13504287 127565168.00
2023/05/18 9.37 9.48 9.25 9.42 19861468 188758576.00
2023/05/19 9.37 9.45 9.24 9.32 14496956 137057792.00
2023/05/22 9.29 9.35 9.12 9.17 12960455 120912304.00
2023/05/23 9.24 9.24 8.98 9.04 13710318 126167568.00
2023/05/24 9.04 9.10 8.90 8.94 13485778 122805480.00
2023/05/25 8.92 9.08 8.72 8.89 15491646 139432528.00
2023/05/26 8.92 9.04 8.80 9.01 16440242 148776032.00
2023/05/29 9.06 9.32 9.01 9.23 24016917 224373264.00
2023/05/30 9.23 9.39 8.97 9.37 20670332 193542096.00
2023/05/31 9.37 9.82 9.36 9.80 34949483 343388960.00
2023/06/01 9.74 9.81 9.57 9.74 27697417 272850368.00
2023/06/02 9.77 10.11 9.71 9.97 33030786 331813216.00
2023/06/05 10.00 10.17 9.91 10.12 28152733 285845088.00
2023/06/06 10.11 10.41 9.95 10.00 37996712 391472608.00
2023/06/07 10.00 10.35 9.99 10.19 32745878 338835328.00
2023/06/08 10.23 10.74 10.20 10.37 55301145 587318080.00
2023/06/09 10.27 11.42 10.23 11.42 95326819 1060577920.00
2023/06/12 11.51 12.58 11.42 12.58 117245620 1433227520.00
2023/06/13 12.83 13.80 12.35 12.93 153414100 2015204608.00
2023/06/14 12.73 13.53 12.68 13.35 127225322 1687656320.00
2023/06/15 13.06 14.47 13.04 14.13 121730434 1697027072.00
2023/06/16 13.84 15.56 13.60 15.56 68935176 1027422592.00
2023/06/19 17.13 17.13 15.34 16.25 216176665 3539140096.00
2023/06/20 15.93 17.66 15.60 17.03 188434496 3174298880.00
2023/06/21 16.67 17.11 15.38 15.68 147821632 2412113152.00
2023/06/26 15.47 15.90 14.37 14.86 111255858 1701118848.00
2023/06/27 14.95 16.18 14.77 15.68 101312124 1588247168.00
2023/06/28 14.97 15.30 14.10 14.10 39062709 564016256.00
2023/06/29 13.94 14.71 13.70 14.31 124454792 1776921216.00
2023/06/30 14.51 15.24 13.21 14.97 130662813 1885989760.00
2023/07/03 14.91 15.01 13.65 14.44 99847486 1441005696.00
2023/07/04 14.46 15.22 14.18 15.04 80058842 1185317120.00
2023/07/05 15.28 15.41 14.40 14.56 100227877 1502285568.00
2023/07/06 14.42 14.99 14.26 14.34 67691375 995071424.00
2023/07/07 14.10 14.20 13.11 13.90 89009567 1218784256.00
2023/07/10 13.94 14.01 13.51 13.71 42077826 580132544.00
2023/07/11 13.77 13.81 13.34 13.40 43143891 587167872.00
2023/07/12 13.40 13.51 12.55 12.59 67617075 881876224.00
2023/07/13 12.71 12.87 12.25 12.80 63368789 802147392.00
2023/07/14 12.91 14.09 12.91 13.75 105845104 1460043136.00
2023/07/17 13.86 15.13 13.86 14.66 137744120 2010844288.00
2023/07/18 14.80 14.80 14.02 14.10 71252211 1026022720.00
2023/07/19 14.40 14.40 13.66 13.83 56856744 801396800.00
2023/07/20 14.10 14.10 13.08 13.21 56550893 762751040.00
2023/07/21 13.17 13.80 12.89 13.33 59689887 805109504.00
2023/07/24 13.33 14.67 13.33 14.67 86643284 1260410496.00
2023/07/25 15.57 15.57 14.62 14.81 148593260 2251309824.00
2023/07/26 14.82 15.01 14.11 14.18 104383646 1523806848.00
2023/07/27 14.16 14.24 13.37 13.50 74452280 1026131840.00
2023/07/28 13.24 13.58 12.95 13.01 63365780 839849856.00
2023/07/31 13.01 13.49 12.66 13.14 69012504 911368128.00
2023/08/01 13.14 13.26 12.40 12.86 60812349 783704320.00
2023/08/02 12.75 12.98 12.61 12.88 48939107 631939328.00
2023/08/03 12.74 13.11 12.62 12.76 42640484 550810816.00
2023/08/04 12.68 13.46 12.63 13.36 74426897 985972288.00
2023/08/07 13.46 14.59 13.44 13.83 116831073 1667552896.00
2023/08/08 14.09 14.39 13.71 13.81 63667676 897979776.00
2023/08/09 13.74 13.91 12.88 12.91 61052911 816621184.00
2023/08/10 12.81 13.69 12.75 13.31 64701705 860040576.00
2023/08/11 13.24 13.53 12.91 12.96 47789542 638598400.00
2023/08/14 12.65 13.85 12.61 13.85 63542371 857454208.00
2023/08/15 13.82 13.99 13.37 13.63 57768861 795804352.00
2023/08/16 14.21 15.00 13.57 14.56 165482217 2397524480.00
2023/08/17 14.21 16.03 14.09 16.03 207723761 3218011136.00
2023/08/18 16.10 16.18 15.28 15.30 148920082 2351598592.00
2023/08/21 15.36 16.03 15.14 15.44 122590419 1928328960.00
2023/08/22 15.93 16.99 15.59 16.99 171612845 2841388288.00
2023/08/23 16.72 17.56 16.37 16.63 153668162 2601905920.00
2023/08/24 16.62 17.02 15.01 15.21 144818534 2300646144.00
2023/08/25 14.67 15.12 14.19 14.31 94448671 1386767232.00
2023/08/28 15.23 15.46 14.57 14.70 99354020 1496727040.00
2023/08/29 14.70 15.96 14.70 15.72 97294972 1514398208.00
2023/08/30 15.64 16.52 15.33 16.30 108784994 1730915840.00
2023/08/31 15.92 15.97 15.46 15.64 71786831 1134328832.00
2023/09/01 15.79 16.09 15.28 15.65 66276813 1044273088.00
2023/09/04 15.53 15.72 15.12 15.66 57652594 899042368.00
2023/09/05 15.54 15.54 14.71 14.83 65631532 991066944.00
2023/09/06 14.56 14.77 14.22 14.63 42462785 621979520.00
2023/09/07 14.56 14.84 14.31 14.32 42520483 623964160.00
2023/09/08 14.12 14.29 13.50 13.71 61646534 853814592.00
2023/09/11 14.09 15.09 14.02 14.91 101642377 1498770048.00
2023/09/12 14.91 15.05 14.27 14.28 73091687 1071878272.00
2023/09/13 14.26 14.28 13.66 13.82 44069540 615674688.00
2023/09/14 13.75 13.94 13.55 13.64 27378438 377844032.00
2023/09/15 13.61 13.84 13.30 13.51 35648751 484901824.00
2023/09/18 13.51 13.79 13.25 13.56 35881572 487971648.00
2023/09/19 13.51 13.55 13.23 13.28 22916927 307798816.00
2023/09/20 13.28 13.76 13.28 13.37 34198029 466836192.00
2023/09/21 13.16 13.57 13.00 13.26 22674160 303494272.00
2023/09/22 13.26 13.88 13.16 13.79 46763464 643948992.00
2023/09/25 13.79 13.79 13.26 13.41 39410550 532174240.00
2023/09/26 13.36 14.48 13.36 13.93 66648077 940752768.00
2023/09/27 13.93 15.20 13.90 14.85 95064681 1391055872.00
2023/09/28 14.52 15.06 14.34 14.81 63375389 936302592.00
2023/10/09 14.81 15.40 14.46 15.35 61667923 929313472.00
2023/10/10 15.81 16.11 15.33 15.37 78178605 1232569856.00
2023/10/11 15.32 15.34 14.47 14.73 74624068 1110972032.00
2023/10/12 14.83 14.95 14.56 14.76 40329052 599037376.00
2023/10/13 14.71 14.71 14.20 14.30 40885356 591470976.00
2023/10/16 14.40 14.88 14.23 14.66 46292762 681823104.00
2023/10/17 14.66 14.76 13.91 14.22 37155987 535811072.00
2023/10/18 13.76 13.79 12.79 12.79 72583729 942729856.00
2023/10/19 12.79 13.15 12.52 12.56 54695072 706843072.00
2023/10/20 12.43 12.77 12.27 12.29 36252250 455288608.00
2023/10/23 12.29 12.66 11.95 12.38 34860754 430214688.00
2023/10/24 12.52 12.62 12.10 12.29 40625850 505887808.00
2023/10/25 12.34 13.15 12.29 12.79 54266498 698546048.00
2023/10/26 12.78 12.86 12.41 12.71 36328881 462502912.00
2023/10/27 12.63 12.63 12.29 12.51 31675856 397436320.00
2023/10/30 12.66 13.04 12.61 12.88 35831686 464058624.00
2023/10/31 12.76 12.78 12.32 12.47 30978123 389919072.00
2023/11/01 12.50 12.59 12.29 12.31 16987789 211756736.00
2023/11/02 12.34 12.44 11.98 12.00 20292379 248507056.00
2023/11/03 12.03 12.26 12.01 12.13 18468825 226248272.00
2023/11/06 12.25 12.57 12.20 12.52 32898092 411822592.00
2023/11/07 12.56 13.07 12.43 13.01 57368282 741808384.00
2023/11/08 13.21 13.27 12.90 12.99 49562763 652631488.00
2023/11/09 13.24 13.41 12.96 13.08 44896377 594896256.00
2023/11/10 13.01 13.01 12.49 12.61 37937342 482410016.00
2023/11/13 12.78 13.41 12.67 13.15 56625516 745701248.00
2023/11/14 13.38 13.59 13.10 13.39 53660663 718461312.00
2023/11/15 13.56 13.61 13.17 13.22 40088507 537011584.00
2023/11/16 13.19 13.69 13.02 13.34 47263242 639357120.00
2023/11/17 13.18 13.37 12.97 13.13 37338107 493118336.00
2023/11/20 13.21 13.52 13.08 13.41 39357337 528203072.00
2023/11/21 13.41 13.43 12.97 13.06 38105768 504598304.00
2023/11/22 12.99 13.66 12.99 13.15 43087074 578885440.00
2023/11/23 13.01 13.24 12.61 13.07 29287653 382162976.00
2023/11/24 13.14 13.18 12.62 12.88 30008551 386418272.00
2023/11/27 12.71 13.26 12.67 13.11 40233161 528145344.00
2023/11/28 12.91 13.05 12.57 12.69 39861006 509133056.00
2023/11/29 12.67 12.67 12.28 12.57 23640468 298509760.00
2023/11/30 12.60 12.63 12.29 12.41 18843795 235606016.00
2023/12/01 12.39 12.74 12.31 12.64 20193262 254879056.00
2023/12/04 12.67 13.11 12.67 12.94 34556811 451336416.00
2023/12/05 12.94 12.94 12.52 12.52 23330600 298267136.00
2023/12/06 12.45 12.58 12.32 12.34 18055548 225945984.00
2023/12/07 12.35 12.77 12.32 12.70 24069156 305686016.00
2023/12/08 12.92 13.07 12.75 12.87 32398256 421498944.00
2023/12/11 12.79 13.00 12.53 12.96 22308548 286743392.00
2023/12/12 12.99 13.06 12.86 12.95 18596330 242503792.00
2023/12/13 12.91 13.10 12.75 12.77 21265070 277178048.00
2023/12/14 12.89 13.03 12.69 12.72 15551931 200698304.00
2023/12/15 12.81 12.81 12.46 12.57 13651817 173134560.00
2023/12/18 12.60 12.83 12.42 12.47 13224041 167934480.00
2023/12/19 12.42 12.55 12.28 12.37 12457393 155553872.00
2023/12/20 12.37 12.44 11.58 11.61 25909024 310932288.00
2023/12/21 11.31 11.96 11.29 11.78 18411648 217383568.00
2023/12/22 11.72 11.82 11.39 11.43 17290168 201584832.00
2023/12/25 11.40 11.53 11.03 11.11 19712108 222143888.00
2023/12/26 11.12 11.14 10.74 10.88 15982025 175475056.00
2023/12/27 10.92 11.19 10.92 11.10 12796860 142928496.00
2023/12/28 11.10 11.26 10.89 11.19 16082427 180320784.00
2023/12/29 11.21 11.52 11.18 11.48 15604190 179278928.00
2024/01/02 11.91 11.91 11.37 11.37 17716020 206024784.00
2024/01/03 11.32 11.37 11.05 11.21 15051262 169891600.00
2024/01/04 11.28 11.35 11.08 11.25 11499751 130276320.00
2024/01/05 11.32 11.35 10.89 10.92 11771650 131369392.00
2024/01/08 10.92 10.99 10.71 10.72 10627028 116168432.00
2024/01/09 10.74 10.93 10.62 10.71 10348146 112300904.00
2024/01/10 10.69 10.69 10.27 10.33 17351128 182197248.00
2024/01/11 10.39 10.66 10.34 10.64 17524630 186805696.00
2024/01/12 10.60 10.63 10.44 10.51 13056274 138362544.00
2024/01/15 10.47 10.54 10.35 10.37 8302900 87333400.00
2024/01/16 10.37 10.39 10.12 10.32 11810169 122148640.00
2024/01/17 10.37 10.40 10.05 10.05 9792515 101078952.00
2024/01/18 9.92 10.16 9.76 10.10 14779417 147998784.00
2024/01/19 10.11 10.17 9.90 9.91 10017126 101096944.00
2024/01/22 10.00 10.00 9.39 9.53 19510740 191681552.00
2024/01/23 9.51 9.77 9.41 9.68 15493084 150777840.00
2024/01/24 9.81 10.46 9.74 10.16 39909532 403463840.00
2024/01/25 10.01 11.19 9.83 11.19 62995332 684566208.00
2024/01/26 11.16 11.60 10.99 11.44 74398136 851169216.00
2024/01/29 11.26 11.51 10.76 10.79 47534764 530187872.00
2024/01/30 10.62 11.14 10.56 10.66 31133744 340627968.00
2024/01/31 10.32 10.51 9.59 9.59 44626416 447186976.00
2024/02/01 9.47 9.85 8.92 9.40 30242360 288387264.00
2024/02/02 9.51 9.83 8.51 8.96 32054036 295023616.00
2024/02/05 8.82 8.85 8.06 8.06 34994792 290892320.00
2024/02/06 7.91 8.79 7.47 8.56 35632076 292401184.00
2024/02/07 8.56 9.11 8.46 8.91 34059976 305702240.00
2024/02/08 9.01 9.45 8.99 9.21 28120340 262784160.00
2024/02/19 9.52 9.81 9.51 9.81 32680236 318712640.00
2024/02/20 9.87 10.11 9.60 10.00 30287420 303400000.00
2024/02/21 9.84 10.27 9.73 9.86 33607064 337643328.00
2024/02/22 10.23 10.86 10.23 10.86 80289728 870193472.00
2024/02/23 11.79 11.96 11.54 11.96 50735888 606178304.00
2024/02/26 11.91 11.91 11.24 11.47 110404632 1281381376.00
2024/02/27 11.49 12.63 11.29 12.41 114111832 1376854528.00
2024/02/28 12.21 12.86 11.49 11.52 91171360 1131160704.00
2024/02/29 11.33 12.01 11.30 11.91 59294128 703945728.00
2024/03/01 11.77 12.34 11.76 12.31 57027828 696749056.00
2024/03/04 12.30 12.45 11.83 12.18 48647600 593899648.00
2024/03/05 12.12 12.25 11.91 11.96 36569604 444139136.00
2024/03/06 11.85 12.07 11.70 12.07 32965892 395050208.00
2024/03/07 12.09 12.93 11.93 12.66 93067216 1171861120.00
2024/03/08 12.36 12.84 12.01 12.51 75094536 936715328.00
2024/03/11 12.06 12.44 11.81 12.37 53041088 647936896.00
2024/03/12 12.51 13.27 12.23 13.06 86441200 1105429120.00
2024/03/13 12.81 13.12 12.66 12.83 69936048 907847936.00
2024/03/14 12.64 13.03 12.27 12.51 48935136 624180800.00
2024/03/15 12.62 12.64 12.19 12.45 33701060 419738432.00
2024/03/18 12.59 13.41 12.57 13.10 72572480 956137344.00
2024/03/19 13.04 13.17 12.83 12.98 45531856 595908544.00
2024/03/20 12.94 13.26 12.86 13.25 54913164 726099776.00
2024/03/21 13.57 14.15 13.29 13.62 84276728 1159460352.00
2024/03/22 14.01 14.99 13.81 14.99 102689696 1485077504.00
2024/03/25 15.79 16.50 14.65 14.77 171781952 2685273856.00
2024/03/26 14.37 15.49 13.51 13.83 119374392 1770653056.00
2024/03/27 13.39 13.70 12.61 12.67 99722928 1304525440.00
2024/03/28 12.91 13.52 12.61 13.20 71875304 949540544.00
2024/03/29 13.24 13.30 12.66 12.81 50504388 654500544.00
2024/04/01 13.01 13.57 12.96 13.39 58677432 784877184.00
2024/04/02 13.39 13.41 12.65 12.76 59940884 777423168.00
2024/04/03 12.66 12.70 12.06 12.10 45768920 564132160.00
2024/04/08 11.96 12.41 11.92 12.17 30377704 372525824.00
2024/04/09 12.23 12.29 11.80 12.02 25167608 303135648.00
2024/04/10 11.92 12.29 11.65 12.20 37241280 450904832.00
2024/04/11 12.03 12.86 12.02 12.53 49229548 624197440.00
2024/04/12 12.60 12.86 12.31 12.38 42087640 536517664.00
2024/04/15 12.32 12.48 11.94 12.12 32421642 397927328.00
2024/04/16 12.12 12.18 11.18 11.21 40557776 474565568.00
2024/04/17 11.46 12.02 11.38 11.97 32277664 385641664.00
2024/04/18 11.97 12.20 11.72 11.85 28076932 338734816.00
2024/04/19 11.81 11.87 11.52 11.60 20509636 240996768.00
2024/04/22 11.32 11.55 11.02 11.31 17882140 203384320.00
2024/04/23 11.38 11.53 11.22 11.25 15365708 175673248.00
2024/04/24 11.31 12.01 11.31 11.94 31028492 367012192.00
2024/04/25 11.94 11.97 11.77 11.81 19542376 233174336.00
2024/04/26 11.89 12.68 11.89 12.52 43160248 536566816.00
2024/04/29 12.98 13.43 12.91 13.22 49353512 653980224.00
2024/04/30 13.50 13.60 13.09 13.23 40387080 539478912.00
2024/05/06 13.50 13.58 13.06 13.10 31757306 422500224.00
2024/05/07 13.02 13.40 12.89 13.09 30142264 398615456.00
2024/05/08 13.02 13.03 12.52 12.56 28690700 366464576.00
2024/05/09 12.62 12.68 12.42 12.60 25441880 321544480.00
2024/05/10 12.52 12.62 12.24 12.32 22825188 283815904.00
2024/05/13 12.29 12.29 11.79 11.85 32848312 395166464.00
2024/05/14 11.92 12.09 11.82 12.00 19723068 237572128.00
2024/05/15 11.87 12.06 11.77 11.89 12943827 155604192.00
2024/05/16 11.99 12.13 11.88 11.95 23463340 283918016.00
2024/05/17 11.89 12.07 11.77 12.07 18309576 220641744.00
2024/05/20 11.99 12.30 11.89 12.26 23994302 294635328.00
2024/05/21 12.31 12.40 12.16 12.17 22554560 279129888.00
2024/05/22 12.13 12.15 11.95 12.07 15522345 188526032.00
2024/05/23 12.07 12.12 11.78 11.81 17251904 206675216.00
2024/05/24 11.82 11.90 11.53 11.54 17573566 206750912.00
2024/05/27 11.59 11.70 11.34 11.68 15218541 176351728.00
2024/05/28 11.60 11.79 11.47 11.51 13886099 162086480.00
2024/05/29 11.51 11.64 11.42 11.48 10987921 127696256.00
2024/05/30 11.46 11.46 11.22 11.31 15221877 173640368.00
2024/05/31 11.33 11.48 11.32 11.46 11956600 137848496.00
2024/06/03 11.47 11.49 11.24 11.34 13322198 152634608.00
2024/06/04 11.28 11.32 11.06 11.28 17535888 197392016.00
2024/06/05 11.25 11.42 11.17 11.18 10384510 118368008.00
2024/06/06 11.18 11.30 10.71 10.77 23506602 258211936.00
2024/06/07 10.87 11.03 10.74 10.89 12830124 140795280.00
2024/06/11 10.81 11.04 10.68 11.02 11440962 125951328.00
2024/06/12 11.06 11.35 11.02 11.29 14895457 168718640.00
2024/06/13 11.34 11.37 11.21 11.24 13037906 148368560.00
2024/06/14 11.24 11.44 11.18 11.40 13015963 148659280.00
2024/06/17 11.32 11.47 11.29 11.36 9567575 109726112.00
2024/06/18 11.36 11.63 11.33 11.56 13281334 154416880.00
2024/06/19 11.62 11.65 11.37 11.37 11849410 137425984.00
2024/06/20 11.41 11.43 11.00 11.01 14538996 163266416.00
2024/06/21 10.97 11.20 10.88 11.12 11098513 124067704.00
2024/06/24 11.07 11.07 10.61 10.63 13557608 147619648.00
2024/06/25 10.62 10.70 10.29 10.45 12790484 135384448.00
2024/06/26 10.51 11.11 10.38 11.11 16288755 177369392.00
2024/06/27 11.07 11.09 10.86 10.86 10957486 121046000.00
2024/06/28 10.90 11.15 10.81 11.00 12698860 140636864.00
2024/07/01 11.06 11.07 10.66 10.96 12252811 133395096.00
2024/07/02 11.01 11.28 10.98 11.16 16793800 188208064.00
2024/07/03 11.16 11.20 10.77 10.80 14999553 163823632.00
2024/07/04 10.79 10.93 10.59 10.61 11808000 127174728.00
2024/07/05 10.61 10.79 10.49 10.69 11155426 119410496.00
2024/07/08 10.62 10.68 10.38 10.42 10612130 111472960.00
2024/07/09 10.37 10.68 10.24 10.64 15331017 161554512.00
2024/07/10 10.63 10.72 10.51 10.58 8616750 91908336.00
2024/07/11 10.72 10.80 10.63 10.77 12873339 138552928.00
2024/07/12 10.72 10.72 10.55 10.57 9441100 100598232.00
2024/07/15 10.48 10.51 10.36 10.39 9188011 95975272.00
2024/07/16 10.39 10.51 10.22 10.45 10319222 107537440.00
2024/07/17 10.53 10.73 10.46 10.50 18092912 192715424.00
2024/07/18 10.36 10.41 10.04 10.30 15734477 161027024.00
2024/07/19 10.26 10.62 10.22 10.54 15297156 161369856.00
2024/07/22 10.61 10.85 10.58 10.69 14370908 154508912.00
2024/07/23 10.67 10.67 10.23 10.26 13249544 138808608.00
2024/07/24 10.17 10.39 10.16 10.17 11530097 118458696.00
2024/07/25 10.10 10.25 9.97 10.10 9483996 96246248.00
2024/07/26 10.15 10.45 10.13 10.28 10775233 111132112.00
2024/07/29 10.28 10.37 10.19 10.31 8751701 90537960.00
2024/07/30 10.23 10.35 10.10 10.28 8853740 91044344.00
2024/07/31 10.33 11.01 10.26 10.91 25774876 277752160.00
2024/08/01 10.94 11.09 10.77 10.90 18289792 200513296.00
2024/08/02 10.79 10.93 10.56 10.59 13249500 142672448.00
2024/08/05 10.49 10.64 10.06 10.06 18741972 193617056.00
2024/08/06 10.18 10.28 10.05 10.22 13325766 135697792.00
2024/08/07 10.23 10.38 10.16 10.26 11870233 122630368.00
2024/08/08 10.16 10.19 9.89 10.06 12932200 130282152.00
2024/08/09 10.15 10.25 9.99 10.00 9761658 98818848.00
2024/08/12 9.96 9.97 9.84 9.85 9848327 97734296.00
2024/08/13 9.85 9.93 9.74 9.88 9127445 90184232.00
2024/08/14 9.86 9.97 9.86 9.86 7362735 73234368.00
2024/08/15 9.82 10.08 9.72 9.91 11448449 114164704.00
2024/08/16 9.92 10.01 9.87 9.91 7562600 75354856.00
2024/08/19 9.87 10.11 9.86 10.02 12189919 122656472.00
2024/08/20 10.03 10.03 9.59 9.65 13724647 134238176.00
2024/08/21 9.60 9.71 9.41 9.42 12097629 116073624.00
2024/08/22 9.45 9.63 9.29 9.33 11509329 109042128.00
2024/08/23 9.33 9.51 9.31 9.46 10386110 98242248.00
2024/08/26 9.54 9.54 9.27 9.42 8970554 84894328.00
2024/08/27 9.36 9.42 9.22 9.28 7792731 72705400.00
2024/08/28 9.29 9.40 9.12 9.33 7950737 73990400.00
2024/08/29 9.27 9.56 9.24 9.52 9237600 87750040.00
2024/08/30 9.55 9.78 9.49 9.61 18644016 181336432.00
2024/09/02 9.57 9.63 9.21 9.21 14445700 136038048.00
2024/09/03 9.21 9.40 9.21 9.34 10068313 94065696.00
2024/09/04 9.26 9.36 9.23 9.30 7186800 67167264.00
2024/09/05 9.36 9.56 9.32 9.48 10965538 104164088.00
2024/09/06 9.50 9.54 9.29 9.30 8429322 79592312.00
2024/09/09 9.28 9.34 9.14 9.24 6351400 58949160.00
2024/09/10 9.31 9.56 9.14 9.47 12809216 120140216.00
2024/09/11 9.42 9.55 9.40 9.52 11036900 105208760.00
2024/09/12 9.60 9.80 9.55 9.65 15255103 148395712.00
2024/09/13 9.65 9.71 9.48 9.49 9064420 86991136.00
2024/09/18 9.51 9.60 9.28 9.41 8361685 79064048.00
2024/09/19 9.47 9.94 9.36 9.87 24711360 242089888.00
2024/09/20 9.83 10.79 9.83 10.45 50442780 527654688.00
2024/09/23 10.36 10.49 10.21 10.42 29044476 301734848.00
2024/09/24 10.37 10.83 10.33 10.74 33526222 356910112.00
2024/09/25 10.85 11.15 10.72 10.72 36295984 396962240.00
2024/09/26 10.71 11.01 10.63 11.00 26604068 289855520.00
2024/09/27 11.21 12.10 11.17 11.98 41533088 488511904.00
2024/09/30 12.58 13.18 12.49 13.18 70155824 914673792.00
2024/10/08 14.50 14.50 13.46 14.50 69276768 997604032.00
2024/10/09 14.53 15.95 13.81 15.09 138477376 2120438016.00
2024/10/10 15.96 15.96 13.95 14.38 131922888 1973099008.00
2024/10/11 13.84 14.51 13.26 13.47 78999728 1088373376.00
2024/10/14 13.65 14.79 13.28 14.71 66135748 933599232.00
2024/10/15 14.73 14.85 14.04 14.06 54900848 796113344.00
2024/10/16 13.77 14.51 13.71 14.43 38201456 547120960.00
2024/10/17 14.70 14.95 14.35 14.39 52574128 771258624.00
2024/10/18 14.24 15.59 14.09 15.18 65856896 986892160.00
2024/10/21 15.27 16.14 15.26 16.09 73880496 1163742848.00
2024/10/22 16.05 16.05 15.18 15.59 59123684 920859392.00
2024/10/23 15.45 17.15 15.27 16.06 116159296 1923685248.00
2024/10/24 15.91 15.96 14.94 15.03 79729896 1212448384.00
2024/10/25 15.14 15.31 14.64 14.76 67795632 1006425920.00
2024/10/28 14.80 15.22 14.66 14.93 44728572 668812032.00
2024/10/29 14.88 15.04 14.26 14.38 63699172 935337152.00
2024/10/30 14.26 14.64 14.08 14.30 46346140 666395776.00
2024/10/31 14.28 15.27 14.07 15.06 82332800 1221431168.00
2024/11/01 14.98 14.98 13.85 13.95 64268116 915821440.00
2024/11/04 13.74 14.24 13.74 14.14 26806490 378101280.00
2024/11/05 14.16 14.71 14.11 14.60 38251656 555741696.00
2024/11/06 14.67 16.06 14.67 15.79 138362880 2155603200.00
2024/11/07 15.89 16.68 15.38 16.44 123881280 2003384704.00
2024/11/08 16.35 16.85 15.79 16.21 93775904 1525405568.00
2024/11/11 16.09 17.84 15.96 17.27 140207872 2450681856.00
2024/11/12 17.36 18.13 16.81 17.02 108870872 1907591552.00
2024/11/13 17.66 18.54 17.26 17.91 106221440 1899111424.00
2024/11/14 17.86 18.84 16.61 16.65 114188728 2030833664.00
2024/11/15 16.81 17.05 15.96 15.96 64650088 1069544064.00
2024/11/18 15.79 15.96 14.57 14.76 61378208 918026816.00
2024/11/19 14.78 15.11 14.56 15.06 34700096 515857056.00
2024/11/20 15.01 16.16 14.90 15.81 53001400 834223424.00
2024/11/21 15.82 15.96 15.48 15.71 35335600 557699264.00
2024/11/22 15.69 15.94 14.85 14.93 38995228 604861376.00
2024/11/25 14.96 15.06 14.06 14.52 39768292 573441152.00
2024/11/26 14.52 14.74 14.32 14.38 24262736 353273952.00
2024/11/27 14.31 14.58 13.96 14.55 27228510 388912416.00
2024/11/28 14.61 14.94 14.32 14.38 29267544 428801856.00
2024/11/29 14.36 15.11 14.22 14.86 39762064 587713152.00
2024/12/02 14.89 15.29 14.72 15.23 34375492 516637536.00
2024/12/03 15.23 15.49 15.04 15.26 32192226 492524480.00
2024/12/04 15.20 15.26 14.66 14.78 29313188 438427776.00
2024/12/05 14.72 15.08 14.72 14.94 21876464 327330560.00
2024/12/06 14.90 15.22 14.73 15.06 23607850 355321536.00
2024/12/09 14.98 15.16 14.56 14.70 25017232 371037920.00
2024/12/10 15.13 15.45 14.96 15.01 39719208 605155648.00
2024/12/11 15.14 15.81 15.04 15.66 58596392 914497152.00
2024/12/12 15.66 15.66 14.91 15.27 45702424 697837248.00
2024/12/13 15.19 15.24 14.87 14.87 27485356 414111904.00
2024/12/16 14.86 15.05 14.59 14.69 20234340 299320800.00
2024/12/17 14.66 14.72 14.00 14.03 35020548 502329408.00
2024/12/18 14.16 14.23 13.97 14.09 28321406 399960608.00
2024/12/19 13.96 15.30 13.86 15.09 56174240 830566528.00
2024/12/20 14.84 15.13 14.65 14.98 38388220 574437120.00
2024/12/23 15.08 15.33 14.26 14.33 35742780 525367072.00
2024/12/24 14.41 14.50 14.07 14.28 23989012 342314048.00
2024/12/25 14.42 14.45 14.00 14.19 20793374 295593792.00
2024/12/26 14.14 14.68 14.14 14.55 24359778 354011360.00
2024/12/27 14.48 14.74 14.16 14.21 27167120 393218560.00
2024/12/30 15.51 15.64 15.01 15.64 46765476 728008192.00
2024/12/31 16.42 16.86 15.64 15.78 175859600 2862308608.00
2025/01/02 15.55 17.35 14.89 16.35 135667296 2195881728.00
2025/01/03 15.96 16.05 14.71 14.71 87071464 1317606784.00
2025/01/06 14.00 14.62 13.24 13.24 87547800 1196673408.00
2025/01/07 13.21 13.52 12.89 13.30 64254128 847105344.00
2025/01/08 13.30 13.30 12.30 12.84 68889520 879771264.00
2025/01/09 12.71 13.16 12.61 12.95 47762352 622017344.00
2025/01/10 12.87 13.05 12.42 12.42 38412744 492687232.00
2025/01/13 12.16 12.53 11.94 12.33 29345388 360842624.00
2025/01/14 12.44 13.26 12.34 13.26 47796996 615930688.00
2025/01/15 13.32 13.51 13.00 13.24 53462808 710968512.00
2025/01/16 13.22 13.54 12.99 13.12 45584244 604180992.00
2025/01/17 13.16 13.26 12.99 13.12 29169556 383879584.00
2025/01/20 13.19 13.51 13.17 13.38 41990904 563202880.00
2025/01/21 13.52 13.62 13.22 13.41 28892800 387384064.00
2025/01/22 13.38 13.54 13.25 13.37 29660888 398589568.00
2025/01/23 13.51 14.13 13.37 13.39 54648756 753356736.00
2025/01/24 13.40 13.99 13.39 13.91 49332592 680535232.00
2025/01/27 13.92 14.20 13.55 13.56 42599908 588689856.00
2025/02/05 14.92 14.92 14.76 14.92 37764744 564868672.00
2025/02/06 15.66 15.81 14.97 15.50 135285456 2084626432.00
2025/02/07 15.42 17.05 15.41 16.34 180711024 2957246976.00
2025/02/10 17.30 17.87 16.84 17.17 166717328 2888470784.00
2025/02/11 16.62 18.14 16.58 16.96 173050336 3005984000.00
2025/02/12 17.40 17.96 17.18 17.63 163354336 2878804480.00
2025/02/13 17.61 17.86 16.97 17.41 123442640 2157333760.00
2025/02/14 17.78 19.16 17.26 19.16 208618240 3871487232.00
2025/02/17 21.08 21.08 19.84 21.08 184135232 3855984128.00
2025/02/18 21.36 23.19 20.25 23.19 315424800 6936871936.00
2025/02/19 23.96 24.46 22.02 22.97 274958944 6358322176.00
2025/02/20 22.02 22.91 21.66 22.03 185164960 4114617344.00
2025/02/21 22.46 24.24 22.26 24.24 207946016 4844943360.00
2025/02/24 26.67 26.67 26.67 26.67 14283626 381515648.00
2025/02/25 25.96 29.34 25.46 28.76 313965824 8861190144.00
2025/02/26 28.48 28.56 26.52 27.47 233348096 6427914752.00
2025/02/27 27.03 27.16 24.72 24.95 207279456 5303501312.00
2025/02/28 23.96 25.06 22.45 22.45 145927696 3414025984.00
2025/03/03 22.45 22.73 21.52 21.83 100857312 2214456064.00
2025/03/04 21.60 22.60 21.46 22.26 93078096 2060899968.00
2025/03/05 22.59 24.20 21.78 23.75 159611152 3660176128.00
2025/03/06 23.77 25.41 23.37 24.65 157616576 3858741248.00
2025/03/07 24.65 27.12 23.59 27.12 221651216 5711681536.00
2025/03/10 26.46 28.76 25.16 27.60 223413376 5997471232.00
2025/03/11 26.92 30.22 26.57 28.72 207072816 5920920576.00
2025/03/12 28.73 29.84 27.76 27.85 198383872 5719770112.00
2025/03/13 26.96 27.03 25.06 25.96 205205296 5302628352.00
2025/03/14 25.16 25.89 24.45 25.45 118044936 2979461888.00
2025/03/17 25.41 26.62 25.14 26.21 119946288 3116242688.00
2025/03/18 26.39 26.62 25.57 25.65 90283656 2351712000.00
2025/03/19 25.56 26.51 24.97 25.75 85129592 2189722368.00
2025/03/20 25.26 27.46 24.64 26.08 146365840 3856985088.00
2025/03/21 25.79 26.31 24.04 24.23 108603232 2731601664.00
2025/03/24 24.44 24.76 23.06 23.57 85301408 2015131776.00
2025/03/25 24.16 24.16 22.32 22.49 61405488 1409929856.00
2025/03/26 22.46 23.21 22.37 22.68 47211656 1080912896.00
2025/03/27 23.87 24.22 22.84 22.97 94414816 2232055808.00
2025/03/28 22.56 23.67 22.47 22.76 67067472 1550694400.00
2025/03/31 22.12 24.96 21.77 24.03 105719272 2443182336.00
2025/04/01 24.03 24.03 22.97 23.12 69047832 1619187328.00
2025/04/02 23.01 23.65 22.86 22.98 40194044 933527360.00
2025/04/03 22.56 23.57 22.47 23.25 49961724 1158221568.00
2025/04/07 21.46 22.06 20.92 20.92 38245520 811922752.00
2025/04/08 20.23 20.83 18.82 19.40 81681584 1597310464.00
2025/04/09 18.95 20.84 17.80 20.39 84305496 1651927808.00
2025/04/10 20.91 21.84 20.64 21.10 64559416 1375667200.00
2025/04/11 20.96 21.81 20.83 21.42 53729928 1145749248.00
2025/04/14 21.87 21.93 21.33 21.44 40738100 882105280.00
2025/04/15 21.54 21.71 21.09 21.36 40050712 859470976.00
2025/04/16 21.24 21.44 20.52 20.81 33992656 712579904.00
2025/04/17 20.76 21.44 20.63 20.89 36642956 776241920.00
2025/04/18 21.05 21.52 20.82 21.03 34083188 720407040.00
2025/04/21 21.03 22.65 20.83 22.31 70716552 1548996864.00
2025/04/22 22.19 22.27 21.37 21.59 57598012 1251960320.00
2025/04/23 21.96 22.59 21.56 22.33 70362184 1559354112.00
2025/04/24 22.20 22.26 21.15 21.51 60442396 1306085632.00
2025/04/25 21.96 23.35 21.96 22.72 118579272 2703864064.00
2025/04/28 22.81 23.94 22.81 23.14 93605080 2190619904.00
2025/04/29 23.06 23.46 22.53 23.15 61725936 1432936960.00
2025/04/30 23.15 23.64 22.27 23.44 93497992 2175125504.00
2025/05/06 23.76 24.51 23.45 24.26 83983360 2022568704.00
2025/05/07 24.55 24.55 23.32 23.69 75584384 1803653248.00
2025/05/08 23.36 23.79 23.26 23.30 47820992 1120758656.00
2025/05/09 23.30 23.30 22.62 22.62 35628220 815397568.00
2025/05/12 22.76 22.94 22.62 22.88 29781712 680213632.00
2025/05/13 23.11 23.17 22.63 22.67 31617956 723737792.00
2025/05/14 22.66 22.84 22.31 22.54 35954796 811278016.00
2025/05/15 22.41 22.45 21.51 21.54 38082452 831298624.00
2025/05/16 21.45 21.79 21.27 21.61 22090984 478168736.00
2025/05/19 21.75 21.76 21.14 21.57 21720394 466950336.00
2025/05/20 21.43 21.71 21.24 21.49 23038140 496201888.00
2025/05/21 21.39 21.50 21.08 21.17 26023900 553266624.00
2025/05/22 21.10 21.32 20.92 20.96 19347888 408767680.00
2025/05/23 20.96 21.09 20.46 20.51 26061796 542290496.00
2025/05/26 20.50 20.91 20.36 20.75 23668356 489680064.00
2025/05/27 20.68 20.74 20.26 20.33 21353612 436344544.00
2025/05/28 20.25 20.46 20.09 20.10 19024396 385025568.00
2025/05/29 20.16 20.51 20.11 20.45 22385000 456960736.00
2025/05/30 20.38 20.38 19.97 20.02 19868308 399799872.00
2025/06/03 19.89 20.17 19.81 20.03 16030343 321469184.00
2025/06/04 20.06 20.49 19.97 20.15 22301828 452335200.00
2025/06/05 20.16 20.93 20.16 20.85 47030496 970116992.00
2025/06/06 20.88 21.33 20.62 20.87 41919044 878516288.00
2025/06/09 20.78 21.11 20.78 20.89 27646372 579271808.00
2025/06/10 21.01 21.07 20.09 20.34 28974726 594264256.00
2025/06/11 20.36 20.52 20.23 20.25 16763859 341564864.00
2025/06/12 20.17 20.32 20.07 20.15 14368762 290976160.00
2025/06/13 20.07 20.08 19.40 19.62 31807248 626561984.00
2025/06/16 19.43 19.76 19.39 19.70 15808484 311198144.00
2025/06/17 19.70 19.70 19.39 19.52 16451441 321498336.00
2025/06/18 19.47 19.63 19.21 19.46 16826164 327594720.00
2025/06/19 19.46 19.60 19.05 19.09 18340760 354755808.00
2025/06/20 19.06 19.20 18.63 18.66 19285436 364108800.00
2025/06/23 18.46 18.86 18.32 18.77 17283288 324023936.00
2025/06/24 18.82 20.12 18.75 19.64 39648908 773853504.00
2025/06/25 19.66 20.04 19.57 20.02 36357696 724531648.00
2025/06/26 20.03 20.36 19.78 19.90 31089970 624912064.00
2025/06/27 19.82 20.14 19.72 19.89 22403334 447870816.00
2025/06/30 19.85 20.24 19.84 20.13 22313288 447986688.00
2025/07/01 20.16 20.18 19.81 19.98 19016004 379858464.00
2025/07/02 19.92 19.94 19.45 19.54 19341500 380560416.00
2025/07/03 19.48 19.83 19.46 19.54 11980264 235246624.00
2025/07/04 19.51 20.46 19.48 19.95 53709880 1081884032.00
2025/07/07 19.77 19.83 19.51 19.58 23803176 467531232.00
2025/07/08 19.59 20.05 19.45 20.01 28037140 557264576.00
2025/07/09 20.01 20.16 19.86 19.92 20008466 400676480.00
2025/07/10 19.86 20.46 19.64 20.10 33151896 663980672.00
2025/07/11 19.99 21.96 19.82 21.24 88240016 1839441152.00
2025/07/14 21.90 22.18 21.41 21.64 93655872 2045318144.00
2025/07/15 21.36 22.96 21.28 22.70 102028200 2268491776.00
2025/07/16 22.56 23.13 22.06 22.23 78050400 1757915136.00
2025/07/17 22.03 22.56 21.74 22.28 53352024 1184388992.00
2025/07/18 22.41 23.42 22.26 23.10 86094848 1982303232.00
2025/07/21 22.59 22.91 22.12 22.24 65007064 1456241792.00
2025/07/22 21.97 22.42 21.76 21.84 47087076 1037600576.00
2025/07/23 21.56 22.88 21.46 22.61 61046696 1359513984.00
2025/07/24 22.36 23.28 22.36 22.96 66445704 1529015296.00
2025/07/25 23.57 24.06 23.18 23.47 81788712 1924250368.00
2025/07/28 23.47 23.60 22.80 23.13 63548288 1463883136.00
2025/07/29 22.80 22.96 22.25 22.56 47958276 1078639616.00
2025/07/30 22.37 22.65 22.01 22.09 33345488 742231232.00
2025/07/31 22.10 22.65 22.10 22.19 35928472 803832384.00
2025/08/01 22.37 22.92 21.96 22.85 53339412 1202161920.00
2025/08/04 22.46 22.66 22.33 22.50 31886654 715986560.00
2025/08/05 22.52 22.59 22.23 22.42 23206112 519031648.00
2025/08/06 22.41 22.77 22.20 22.55 29859584 671790080.00
2025/08/07 22.46 22.67 22.21 22.23 26846404 599841152.00
2025/08/08 22.23 22.28 21.55 21.55 32450528 705974464.00
2025/08/11 21.57 21.94 21.57 21.80 22851244 498222752.00
2025/08/12 21.73 22.08 21.66 21.96 22708176 497203616.00
2025/08/13 21.91 22.78 21.78 22.49 47021688 1057296576.00
2025/08/14 22.58 22.62 22.07 22.09 32719478 730817344.00
2025/08/15 22.06 22.45 21.90 22.38 27328658 608736704.00
2025/08/18 22.49 23.06 22.45 22.96 51587312 1179213952.00
2025/08/19 22.85 23.68 22.74 23.00 50043128 1155327872.00
2025/08/20 22.79 23.46 22.61 23.46 51159624 1178597376.00
2025/08/21 23.56 23.82 23.16 23.43 44098524 1031274752.00
2025/08/22 23.42 23.92 23.30 23.54 60545648 1426612096.00
2025/08/25 23.64 24.42 23.48 24.02 83306768 1995493120.00
2025/08/26 23.82 24.22 23.50 23.66 54559820 1303118464.00
2025/08/27 24.00 24.68 23.36 23.38 81564288 1961647616.00
2025/08/28 23.20 23.62 22.71 23.62 60509040 1406095232.00
2025/08/29 23.63 23.66 22.92 23.20 39899784 925481024.00
2025/09/01 23.80 24.24 23.20 23.31 49592860 1173112448.00
2025/09/02 23.07 23.07 21.70 21.85 51742568 1149683200.00
2025/09/03 21.89 22.00 20.88 20.97 31903692 682154624.00
2025/09/04 20.96 21.08 19.78 20.14 33583936 686107008.00
2025/09/05 20.25 20.37 19.88 20.33 31941828 643176768.00
2025/09/08 20.20 21.00 20.10 20.64 35953276 738143296.00
2025/09/09 20.65 20.65 20.05 20.05 23155696 467969248.00
2025/09/10 20.15 20.44 20.15 20.26 18593476 377579328.00
2025/09/11 20.79 20.96 20.32 20.95 40516780 838500160.00
2025/09/12 21.14 21.84 21.06 21.20 42403440 909556992.00
2025/09/15 20.98 21.58 20.72 21.10 33190528 698071744.00
2025/09/16 21.01 21.06 20.75 20.96 23019366 480901824.00
2025/09/17 20.96 21.10 20.80 20.98 22445342 470855328.00
2025/09/18 21.09 21.81 20.80 20.98 46075000 979875200.00
2025/09/19 20.82 21.01 20.50 20.58 25318076 525147360.00
2025/09/22 20.65 20.99 20.48 20.98 22382684 467000032.00
2025/09/23 21.00 21.09 20.00 20.45 30866244 628435776.00
2025/09/24 20.26 21.06 20.18 21.04 29145558 603795712.00
2025/09/25 21.29 21.80 21.15 21.45 43130864 928249856.00
2025/09/26 21.30 21.30 20.40 20.40 33682592 699929792.00
2025/09/29 20.41 20.65 20.16 20.50 18433796 375956352.00
2025/09/30 20.75 20.83 20.48 20.49 19525462 402846592.00
2025/10/09 20.35 21.15 20.33 20.95 30018234 626263360.00
2025/10/10 20.85 20.85 20.15 20.21 28876136 588012480.00
2025/10/13 19.60 20.20 19.38 20.12 20161784 401153728.00
2025/10/14 20.12 20.35 19.57 19.65 22647800 450855680.00
2025/10/15 19.90 19.90 19.51 19.82 15244195 300868640.00
2025/10/16 19.80 20.05 19.54 19.80 16272433 321433952.00
2025/10/17 19.90 19.90 19.11 19.15 19167496 371686240.00
2025/10/20 19.27 19.39 19.00 19.05 14169736 271498080.00
2025/10/21 19.06 19.31 18.91 19.19 16919492 323085152.00
2025/10/22 19.02 19.14 18.95 19.00 11979543 227870272.00
2025/10/23 19.06 19.17 18.60 19.16 15318096 288527808.00
2025/10/24 19.20 19.29 19.11 19.19 13598171 261086480.00
2025/10/27 19.20 19.40 19.18 19.31 14716126 284149216.00
2025/10/28 19.29 20.84 19.07 20.28 55495076 1116547456.00
2025/10/29 20.00 20.27 19.68 20.12 33259264 663589952.00
2025/10/30 20.05 20.19 19.71 19.76 19073396 379687456.00
2025/10/31 19.75 20.13 19.65 19.99 17918554 357713472.00
2025/11/03 19.99 20.09 19.80 19.98 15208296 302975008.00
2025/11/04 19.85 20.08 19.56 19.67 15438112 304404960.00
2025/11/05 19.40 19.54 19.21 19.38 14672727 284341536.00
2025/11/06 19.43 19.45 19.23 19.40 11090902 214740400.00
2025/11/07 19.25 19.47 19.25 19.25 11383155 219910432.00
2025/11/10 19.27 19.40 19.15 19.27 10336030 198726416.00
2025/11/11 19.28 19.45 19.17 19.19 11012590 212323200.00
2025/11/12 19.20 19.20 18.81 18.92 10789049 204348784.00
2025/11/13 18.92 19.52 18.80 19.45 18471526 354419840.00
2025/11/14 19.10 19.34 18.94 18.94 14859254 284445664.00
2025/11/17 18.85 19.29 18.81 19.09 11396753 217935328.00
2025/11/18 19.00 19.26 18.95 19.19 10440162 200051088.00
2025/11/19 19.26 19.30 18.90 18.96 9240105 175955984.00
2025/11/20 19.02 19.23 18.73 18.92 9280388 175677360.00
2025/11/21 18.71 18.95 18.20 18.32 14717465 272410368.00
2025/11/24 18.33 19.12 18.28 19.00 19298634 362671232.00
2025/11/25 19.00 19.27 18.99 19.04 14221855 272169504.00
2025/11/26 19.02 19.35 18.96 18.98 14249949 272789376.00
2025/11/27 18.90 19.05 18.73 18.74 10215434 192977936.00
2025/11/28 18.70 18.94 18.68 18.89 7486129 140783808.00
2025/12/01 18.85 19.08 18.70 19.00 9698745 183607456.00
2025/12/02 19.01 19.08 18.74 18.76 8219001 155162688.00
2025/12/03 18.71 18.76 18.20 18.21 14900026 273351968.00
2025/12/04 18.22 18.36 17.77 18.01 13511040 242818928.00
2025/12/05 18.01 18.23 17.88 18.15 9244449 166818880.00
2025/12/08 18.21 18.38 18.01 18.27 10409750 190451584.00
2025/12/09 18.28 18.61 18.10 18.12 12271948 225322768.00
2025/12/10 18.01 18.30 17.85 18.26 11716649 211893632.00
2025/12/11 18.26 18.28 17.86 17.86 10871928 195803520.00
2025/12/12 17.94 18.43 17.60 18.43 27028164 486791584.00
2025/12/15 18.00 18.16 17.70 17.75 17184880 307653696.00
2025/12/16 17.72 17.74 17.21 17.23 13159061 227960480.00
2025/12/17 17.16 17.50 17.04 17.40 11995647 207042672.00
2025/12/18 17.29 17.69 17.25 17.47 10861145 190389664.00
2025/12/19 17.55 17.77 17.52 17.58 10223681 180490176.00
2025/12/22 17.58 17.82 17.58 17.69 9536280 169052480.00
2025/12/23 17.69 17.78 17.49 17.55 7906481 139168688.00
2025/12/24 17.56 17.94 17.55 17.87 11043028 196986512.00
2025/12/25 17.90 17.98 17.82 17.89 7738662 138413984.00
2025/12/26 17.86 18.15 17.85 17.98 10236306 184429968.00
2025/12/29 17.99 19.25 17.91 18.79 41958216 785141248.00
2025/12/30 18.65 18.77 18.48 18.60 22221276 413663168.00
2025/12/31 18.51 18.85 18.44 18.69 13270904 247550768.00
2026/01/05 18.80 18.88 18.66 18.81 16152831 303325888.00
2026/01/06 18.91 19.14 18.81 19.06 21307398 404807360.00
2026/01/07 19.00 19.42 18.89 19.12 22875970 437849312.00
2026/01/08 19.17 19.49 19.03 19.33 22279756 431200128.00
2026/01/09 19.26 19.98 19.25 19.95 31698800 626367168.00
2026/01/12 20.32 21.18 20.10 21.05 59751376 1235191168.00
2026/01/13 21.35 21.50 20.30 20.40 51372288 1069192384.00
2026/01/14 20.36 21.45 20.33 20.91 57568748 1206145152.00
2026/01/15 20.85 20.85 20.21 20.47 31171782 639741568.00
2026/01/16 20.37 20.56 19.68 20.03 30754118 616473344.00
2026/01/19 19.97 20.10 19.55 19.58 20980864 414067328.00
2026/01/20 19.72 19.87 19.14 19.31 19578622 379226592.00
2026/01/21 19.16 19.67 19.13 19.28 15348975 297089408.00
2026/01/22 19.33 19.79 19.30 19.58 19344683 377357792.00
2026/01/23 19.58 19.69 19.47 19.59 18130580 355025472.00
2026/01/26 19.72 20.65 19.54 20.15 49160372 984137664.00
2026/01/27 20.31 22.17 20.06 22.17 125122096 2672754688.00
2026/01/28 23.27 23.69 22.02 23.00 183374720 4180903936.00
2026/01/29 22.77 23.32 21.50 21.72 131996872 2964560384.00
2026/01/30 21.85 22.30 21.00 21.21 78646152 1693218432.00
2026/02/02 21.20 21.70 20.81 20.96 62969940 1338005376.00
2026/02/03 21.07 21.70 20.71 21.64 70243528 1498639616.00
2026/02/04 21.27 21.28 19.60 20.20 73786840 1499954304.00
2026/02/05 19.55 20.20 19.48 19.80 35534824 704623488.00
2026/02/06 19.55 20.65 19.15 20.19 49901492 997785920.00
2026/02/09 20.72 21.19 20.50 20.93 44368260 924334144.00
2026/02/10 20.95 21.49 20.69 21.30 47916648 1016537216.00
2026/02/11 21.10 22.70 21.02 22.03 84711160 1863131520.00
2026/02/12 22.50 22.96 21.82 22.44 83832984 1880178560.00
2026/02/13 22.02 22.95 21.96 22.32 61079768 1373573760.00
2026/02/24 22.27 22.27 20.28 20.80 69130288 1441013504.00
2026/02/25 21.04 21.10 20.19 20.27 45443728 928626688.00
#Ъ§ОнРДдД:ЭЈДяаХ
