600399 ИЇЫГЬиИж ШеЯп ЧАИДШЈ
      ШеЦк	    ПЊХЬ	    зюИп	    зюЕЭ	    ЪеХЬ	    ГЩНЛСП	    ГЩНЛЖю
2021/08/02 22.93 24.83 22.63 24.43 39833661 952349888.00
2021/08/03 24.33 24.83 22.63 23.73 35761670 848848576.00
2021/08/04 23.50 25.96 23.23 25.22 35991070 889627712.00
2021/08/05 24.93 27.16 24.83 26.63 31372912 823462848.00
2021/08/06 26.79 26.92 25.33 25.97 26908008 698126784.00
2021/08/09 26.05 26.43 24.53 25.36 27085653 694364352.00
2021/08/10 25.31 27.10 25.18 26.73 30051190 791867968.00
2021/08/11 26.53 27.13 25.23 26.93 38654799 1013937984.00
2021/08/12 26.24 26.68 25.33 25.53 31473853 816669888.00
2021/08/13 25.26 25.38 23.94 24.51 39334721 967782272.00
2021/08/16 23.98 25.18 23.79 23.84 27749230 678209728.00
2021/08/17 24.01 24.76 23.19 23.82 31905249 765178816.00
2021/08/18 23.31 25.28 23.02 24.33 37257173 913742592.00
2021/08/19 24.33 26.77 23.94 25.88 41780548 1072709568.00
2021/08/20 25.93 27.48 25.08 27.40 43044018 1140632704.00
2021/08/23 27.40 29.23 26.46 26.91 59655772 1658703872.00
2021/08/24 25.93 27.95 24.79 27.27 63738756 1684118400.00
2021/08/25 26.72 26.93 25.21 25.74 49963957 1298180352.00
2021/08/26 26.04 26.86 25.32 25.73 26120033 683295744.00
2021/08/27 25.63 26.25 25.10 25.85 23444921 603618688.00
2021/08/30 26.13 28.02 26.13 26.93 38993085 1063131008.00
2021/08/31 27.23 27.63 26.43 26.85 22012312 595454528.00
2021/09/01 26.93 27.73 24.53 25.40 42103368 1085622912.00
2021/09/02 25.02 25.54 24.01 24.83 44066329 1085946112.00
2021/09/03 24.78 24.81 23.13 24.63 46906849 1125671168.00
2021/09/06 24.03 25.01 23.14 24.63 31325321 760180416.00
2021/09/07 24.63 25.95 24.42 24.52 32064198 804141824.00
2021/09/08 24.42 24.42 23.53 23.78 32348776 773105344.00
2021/09/09 23.88 24.51 23.14 24.03 30072753 713176128.00
2021/09/10 24.03 24.64 23.34 24.39 24075389 581058752.00
2021/09/13 24.23 24.53 22.42 22.88 42303918 978005312.00
2021/09/14 22.93 23.78 22.80 22.98 27659016 644461056.00
2021/09/15 22.98 23.22 21.99 22.64 36628614 830272896.00
2021/09/16 22.63 22.66 21.28 21.53 40211353 880959040.00
2021/09/17 21.60 22.02 20.47 20.79 42188551 899510336.00
2021/09/22 20.97 22.78 20.86 22.23 49314399 1098953856.00
2021/09/23 22.62 23.14 21.64 22.62 37775685 852374720.00
2021/09/24 22.43 23.43 22.20 22.88 38593862 890145344.00
2021/09/27 23.16 23.23 21.56 22.00 19212818 429175552.00
2021/09/28 22.30 22.73 21.43 22.04 21183987 472810592.00
2021/09/29 21.72 21.90 20.33 20.53 28720272 601098752.00
2021/09/30 20.53 21.86 20.53 21.67 25094156 538295040.00
2021/10/08 21.69 21.89 20.20 20.23 39201916 812100416.00
2021/10/11 20.55 21.35 19.91 20.03 61921430 1276086016.00
2021/10/12 20.03 20.36 19.04 19.27 38372299 750412928.00
2021/10/13 19.30 20.42 18.98 20.24 42077308 843203840.00
2021/10/14 20.28 21.83 20.24 20.80 32179570 680957504.00
2021/10/15 20.81 21.53 20.58 20.76 22998952 483346176.00
2021/10/18 20.84 22.84 20.62 22.66 51248260 1148799872.00
2021/10/19 22.63 22.64 20.81 21.49 52798118 1136128128.00
2021/10/20 21.32 22.34 20.99 21.95 29224852 640617728.00
2021/10/21 22.53 22.58 21.08 21.48 21694630 472604032.00
2021/10/22 21.32 21.43 20.57 20.90 25871651 543332160.00
2021/10/25 21.13 21.68 20.73 21.28 23073909 491164352.00
2021/10/26 21.36 21.92 21.00 21.35 16366290 351509472.00
2021/10/27 21.77 22.09 20.74 21.04 23684592 506464160.00
2021/10/28 21.03 21.23 20.21 20.73 23402959 485121888.00
2021/10/29 20.67 21.33 19.66 21.23 34910627 724013376.00
2021/11/01 20.80 21.23 19.96 20.35 45124602 929593536.00
2021/11/02 20.34 22.16 20.23 21.62 46762684 1007181760.00
2021/11/03 21.78 21.92 19.93 21.21 61397070 1266131328.00
2021/11/04 20.96 22.57 20.66 22.25 42523762 920626688.00
2021/11/05 22.13 22.28 21.47 21.73 26390482 578868672.00
2021/11/08 21.83 23.81 21.44 23.16 39931246 922554304.00
2021/11/09 23.09 24.53 22.98 24.13 30662282 736530048.00
2021/11/10 24.33 25.12 23.45 24.13 39798026 969752320.00
2021/11/11 24.06 24.48 23.35 23.62 20288441 483467104.00
2021/11/12 23.51 25.33 23.33 24.89 39938196 992566976.00
2021/11/15 24.93 25.43 24.00 24.40 25550222 627789120.00
2021/11/16 24.30 25.05 23.51 23.85 26220651 635281600.00
2021/11/17 23.81 24.18 23.05 23.92 20608069 488795744.00
2021/11/18 23.88 25.18 23.47 24.83 27394548 673525120.00
2021/11/19 24.72 26.38 24.70 25.08 33647801 860207424.00
2021/11/22 25.03 25.08 24.17 24.87 39388039 973935040.00
2021/11/23 24.88 24.91 23.43 24.28 41410901 993959104.00
2021/11/24 24.02 24.15 23.41 23.46 22912490 542840640.00
2021/11/25 23.46 23.81 23.16 23.31 20953255 491754304.00
2021/11/26 23.13 23.53 22.79 23.32 21728500 504734304.00
2021/11/29 22.83 24.62 22.73 24.50 36000009 864750528.00
2021/11/30 24.89 25.88 24.12 25.28 41206719 1040320768.00
2021/12/01 25.23 25.49 23.52 24.43 53595992 1302809856.00
2021/12/02 24.23 24.42 23.51 23.61 24627820 586240704.00
2021/12/03 23.70 24.57 23.53 24.43 28319543 685338560.00
2021/12/06 24.53 24.53 23.21 23.21 23436020 562114304.00
2021/12/07 23.52 23.81 22.33 22.82 23179720 531709088.00
2021/12/08 22.65 23.59 22.43 23.47 20627464 482482528.00
2021/12/09 23.33 23.72 23.06 23.58 25444437 596141184.00
2021/12/10 23.58 24.03 22.83 23.62 32142288 755631232.00
2021/12/13 23.77 23.81 22.75 23.12 38935071 903887744.00
2021/12/14 23.28 24.12 22.98 23.47 23305084 553562944.00
2021/12/15 23.56 24.62 23.24 24.16 32866007 799429568.00
2021/12/16 24.04 25.31 24.03 24.31 21048289 520133792.00
2021/12/17 24.20 24.93 23.63 24.04 16695828 406875328.00
2021/12/20 23.78 24.42 23.59 23.80 19353194 463728128.00
2021/12/21 23.79 24.22 23.12 23.70 14678701 348387104.00
2021/12/22 23.81 24.53 23.73 23.82 15419663 372533632.00
2021/12/23 23.65 24.00 23.23 23.32 17053025 401495136.00
2021/12/24 23.42 23.56 22.55 23.05 18304553 421810496.00
2021/12/27 22.93 23.19 22.53 22.71 13514142 310734368.00
2021/12/28 22.71 23.39 22.60 23.32 13070768 302315808.00
2021/12/29 23.32 24.51 23.10 23.92 19427716 466869952.00
2021/12/30 23.93 25.67 23.66 24.94 31321515 779840512.00
2021/12/31 25.16 25.27 24.21 24.70 20090399 497216704.00
2022/01/04 24.60 24.81 24.09 24.32 13790954 336021504.00
2022/01/05 24.42 24.63 22.96 23.33 22787019 536615616.00
2022/01/06 23.22 23.33 22.67 22.94 20678439 475850848.00
2022/01/07 22.94 23.11 20.85 21.13 40055373 880444416.00
2022/01/10 21.12 21.18 19.01 19.01 92460900 1842795136.00
2022/01/11 19.07 19.83 18.54 18.72 90052390 1733152128.00
2022/01/12 18.63 19.36 18.31 18.61 61164921 1152676096.00
2022/01/13 18.61 18.72 16.93 17.78 78662580 1409072512.00
2022/01/14 17.48 18.80 17.26 17.98 72671726 1321231744.00
2022/01/17 17.99 18.86 17.91 18.26 50282966 927113216.00
2022/01/18 18.32 18.55 17.36 17.76 55184041 984977152.00
2022/01/19 17.79 17.99 16.75 17.07 57175921 982887808.00
2022/01/20 16.96 17.07 16.29 16.87 43888830 736680256.00
2022/01/21 16.67 18.11 16.53 17.83 58654351 1030593728.00
2022/01/24 17.89 19.00 17.85 18.63 42587898 790173696.00
2022/01/25 18.77 19.48 18.63 18.70 52232045 1002749312.00
2022/01/26 18.70 18.99 18.28 18.38 30114501 563032320.00
2022/01/27 18.44 18.78 17.70 17.81 32670301 592929600.00
2022/01/28 18.22 18.23 17.36 17.73 21877828 390223424.00
2022/02/07 18.16 18.23 17.11 17.56 29605262 516931872.00
2022/02/08 17.56 18.08 16.84 17.53 31291480 545595904.00
2022/02/09 17.41 18.45 17.18 18.05 33889948 609079296.00
2022/02/10 18.03 18.23 17.13 17.29 30416500 536131872.00
2022/02/11 17.30 17.30 16.29 16.54 44558529 746777152.00
2022/02/14 16.49 17.03 16.33 16.45 24390344 406556864.00
2022/02/15 16.40 16.80 16.03 16.75 37896951 623431552.00
2022/02/16 16.63 16.63 15.35 15.52 56891204 897197376.00
2022/02/17 15.50 16.18 15.20 15.91 41033460 647352320.00
2022/02/18 15.87 16.45 15.74 15.94 29077385 468839968.00
2022/02/21 16.03 16.29 15.57 15.66 25576055 407100768.00
2022/02/22 15.83 15.91 14.95 15.38 25029031 385240352.00
2022/02/23 15.38 16.57 15.30 16.46 41250868 668497216.00
2022/02/24 16.45 16.45 15.50 15.71 53854544 854958016.00
2022/02/25 15.63 16.76 15.62 16.38 48612095 796176256.00
2022/02/28 16.43 16.59 15.73 15.88 55275352 893179264.00
2022/03/01 15.83 16.13 15.41 15.56 47933900 755023168.00
2022/03/02 15.56 15.68 15.18 15.25 30835767 475518240.00
2022/03/03 15.32 15.33 14.57 14.65 54567616 814057536.00
2022/03/04 14.43 14.68 14.29 14.40 33771390 491022880.00
2022/03/07 14.52 14.57 13.66 13.85 38524066 541687232.00
2022/03/08 13.65 13.75 12.83 12.91 53251201 709354304.00
2022/03/09 12.86 12.92 12.00 12.56 58075671 733250560.00
2022/03/10 13.28 13.82 13.28 13.82 43863303 603225344.00
2022/03/11 13.58 13.65 12.86 13.32 68787928 914709312.00
2022/03/14 13.13 13.73 12.93 13.09 42522178 571221696.00
2022/03/15 13.08 13.82 12.75 12.98 50804134 680637760.00
2022/03/16 13.23 13.64 12.64 13.49 50884566 677524480.00
2022/03/17 13.90 14.62 13.68 14.13 62997154 903891584.00
2022/03/18 14.13 14.22 13.61 13.81 32160383 448248352.00
2022/03/21 13.84 15.13 13.73 14.54 56207266 819793536.00
2022/03/22 14.54 15.22 14.30 14.83 59638667 894274432.00
2022/03/23 14.77 15.57 14.77 15.36 43160918 664212928.00
2022/03/24 15.07 15.15 14.52 14.88 46620531 693401728.00
2022/03/25 14.88 15.15 14.29 14.38 36243632 533653888.00
2022/03/28 14.26 14.48 13.87 14.23 23994690 342698656.00
2022/03/29 14.39 14.95 14.33 14.41 36071161 530713184.00
2022/03/30 14.49 14.78 14.23 14.76 30299916 444508192.00
2022/03/31 14.70 14.99 14.33 14.66 29844493 441081376.00
2022/04/01 14.64 15.20 14.43 15.04 29402374 441281216.00
2022/04/06 15.04 15.08 14.59 14.95 29304516 437452864.00
2022/04/07 14.81 15.28 14.24 14.25 39907569 587737920.00
2022/04/08 14.26 14.28 13.68 14.08 34090528 476820544.00
2022/04/11 13.93 13.93 12.92 12.99 31472803 417297536.00
2022/04/12 12.98 13.02 12.32 12.61 47089284 597612992.00
2022/04/13 12.46 12.54 11.87 11.94 44717055 544297664.00
2022/04/14 11.94 12.05 11.55 11.83 49694277 589920256.00
2022/04/15 11.77 12.91 11.74 12.54 62606586 774401088.00
2022/04/18 12.34 12.95 12.09 12.77 32462805 411026944.00
2022/04/19 12.62 13.06 12.53 12.70 21493129 275192832.00
2022/04/20 12.53 12.72 12.11 12.21 21305100 263636672.00
2022/04/21 12.15 12.23 11.61 11.79 23699044 283155360.00
2022/04/22 11.73 12.17 11.38 11.84 29396057 349410112.00
2022/04/25 11.53 11.70 10.65 10.71 35436871 396842624.00
2022/04/26 10.64 11.20 10.29 10.59 34805092 375462720.00
2022/04/27 10.41 11.55 10.23 11.44 33096308 366266496.00
2022/04/28 11.38 11.60 11.02 11.24 24406875 277470304.00
2022/04/29 11.33 12.13 11.06 11.99 30599092 360371104.00
2022/05/05 11.93 13.20 11.83 13.20 33439701 439220896.00
2022/05/06 12.93 14.28 12.78 14.09 68846621 958440768.00
2022/05/09 14.32 14.91 13.96 14.62 53427272 779802048.00
2022/05/10 14.62 15.53 14.51 15.14 60978518 925391936.00
2022/05/11 15.06 15.71 14.84 15.07 40546861 622210752.00
2022/05/12 15.08 15.45 14.94 15.23 24421714 372649440.00
2022/05/13 15.25 15.48 14.99 15.12 19638247 298584992.00
2022/05/16 15.23 15.38 14.79 15.15 24736574 374983424.00
2022/05/17 15.12 16.17 15.03 15.91 34208000 537776320.00
2022/05/18 15.93 16.14 15.28 15.88 23828680 375828512.00
2022/05/19 15.49 16.03 15.21 15.96 23572604 370329408.00
2022/05/20 16.02 16.20 15.56 15.84 26596407 422943360.00
2022/05/23 14.89 15.90 14.89 15.43 34708021 535470464.00
2022/05/24 15.35 15.99 15.21 15.25 25281032 395503136.00
2022/05/25 15.08 15.47 14.83 15.29 16234970 247147440.00
2022/05/26 15.32 15.99 15.03 15.75 28054493 442109504.00
2022/05/27 15.64 15.92 15.33 15.47 19948451 313066688.00
2022/05/30 15.72 16.09 15.47 16.09 38642691 615348096.00
2022/05/31 15.93 16.59 15.77 16.48 27524401 450162464.00
2022/06/01 16.43 16.66 15.36 15.76 35683396 567041792.00
2022/06/02 15.80 16.23 15.59 16.08 19833063 317325696.00
2022/06/06 16.05 16.93 15.91 16.61 27848985 463189408.00
2022/06/07 16.61 16.78 15.65 16.14 37247883 598146560.00
2022/06/08 16.06 16.23 15.26 15.74 43955098 690309376.00
2022/06/09 15.80 16.02 15.59 15.78 32773383 520674304.00
2022/06/10 15.71 16.43 15.52 15.84 45424616 734049728.00
2022/06/13 15.83 15.97 15.21 15.61 36821741 578814912.00
2022/06/14 15.35 15.63 15.03 15.57 21706765 334069472.00
2022/06/15 15.58 16.17 15.53 15.56 16292269 259479136.00
2022/06/16 15.56 16.02 15.53 15.54 12070452 191031632.00
2022/06/17 15.52 15.76 15.11 15.64 23815782 369251168.00
2022/06/20 15.62 17.21 15.51 17.03 65382570 1111291392.00
2022/06/21 16.98 17.28 16.13 16.32 45132778 756961728.00
2022/06/22 16.32 16.35 15.12 15.43 42579737 662934976.00
2022/06/23 15.53 16.98 15.47 16.98 46198006 763774336.00
2022/06/24 17.44 18.69 17.16 18.69 60424535 1108387456.00
2022/06/27 18.73 18.83 18.02 18.18 40550305 743541952.00
2022/06/28 18.13 18.71 17.93 18.27 29958217 549479744.00
2022/06/29 17.98 18.23 17.45 17.66 26495318 470428992.00
2022/06/30 17.56 18.01 17.25 17.83 28904800 515211040.00
2022/07/01 17.84 18.33 17.47 17.53 28499277 508657984.00
2022/07/04 17.72 19.10 17.32 18.56 45210954 832171264.00
2022/07/05 18.56 18.56 17.94 18.36 26744909 487467392.00
2022/07/06 18.26 19.79 18.15 18.51 44526363 845319040.00
2022/07/07 18.51 19.71 18.51 19.20 36701248 710342016.00
2022/07/08 18.93 19.12 18.37 18.61 24295640 457098048.00
2022/07/11 17.98 19.24 17.93 19.11 33755944 632302848.00
2022/07/12 19.00 19.58 18.12 18.23 33568066 627304320.00
2022/07/13 17.94 18.59 17.94 18.30 14485845 265514448.00
2022/07/14 18.23 19.29 18.13 18.95 25143022 477316864.00
2022/07/15 19.32 20.43 19.32 19.73 38615711 773103360.00
2022/07/18 19.82 20.12 19.18 19.64 24198808 478993984.00
2022/07/19 19.65 19.65 18.70 18.86 27445528 525095616.00
2022/07/20 18.83 19.48 18.58 19.43 26129356 500658016.00
2022/07/21 19.29 19.86 19.10 19.15 18802858 365718144.00
2022/07/22 19.13 19.63 18.81 19.27 14356555 276212032.00
2022/07/25 19.32 19.32 18.06 18.39 24455703 454588672.00
2022/07/26 18.39 18.66 18.04 18.15 15367899 281168512.00
2022/07/27 18.16 18.66 17.68 18.65 22142288 404091008.00
2022/07/28 18.62 18.65 17.92 18.12 24897125 453181344.00
2022/07/29 18.17 18.70 17.73 18.12 23964580 436557920.00
2022/08/01 18.23 18.32 17.53 17.68 20592297 369143040.00
2022/08/02 18.12 18.12 17.29 17.42 18527532 327028000.00
2022/08/03 17.43 18.94 17.43 18.38 46287326 854289920.00
2022/08/04 18.46 18.88 17.86 18.05 24196325 443938080.00
2022/08/05 17.86 18.43 17.34 18.32 27075455 484811552.00
2022/08/08 18.26 18.93 17.88 18.47 24705151 460547680.00
2022/08/09 18.51 18.73 17.60 18.51 33829386 617899776.00
2022/08/10 18.52 18.57 18.01 18.37 24015256 441110880.00
2022/08/11 18.36 18.38 17.43 17.58 45203487 802336000.00
2022/08/12 17.38 17.59 16.40 16.59 55953023 946194240.00
2022/08/15 16.33 17.30 16.23 17.16 29622428 506204000.00
2022/08/16 17.15 18.11 17.15 17.44 31275332 551463296.00
2022/08/17 17.45 17.48 16.97 17.41 16015400 277433824.00
2022/08/18 17.48 17.88 17.24 17.72 19841316 350866336.00
2022/08/19 17.73 17.78 17.31 17.31 16928900 296960800.00
2022/08/22 17.58 18.81 17.32 18.78 56722340 1045532480.00
2022/08/23 18.76 19.14 18.37 18.70 22530450 422611712.00
2022/08/24 18.69 18.76 17.58 17.65 23133996 416558272.00
2022/08/25 17.55 17.87 17.13 17.78 14395361 253811872.00
2022/08/26 17.80 18.01 16.82 17.12 24555210 423310144.00
2022/08/29 16.81 17.80 16.70 17.55 21565583 379567872.00
2022/08/30 17.55 17.59 17.10 17.26 11792486 204070528.00
2022/08/31 17.28 17.62 16.75 16.83 20495540 351439552.00
2022/09/01 16.83 17.13 15.89 16.27 30675923 501645152.00
2022/09/02 16.27 16.88 16.13 16.35 14541173 239983664.00
2022/09/05 16.34 17.23 16.09 16.55 16850838 283912800.00
2022/09/06 16.56 17.43 16.55 17.38 21291652 366918656.00
2022/09/07 17.24 17.56 17.20 17.27 10852277 188827696.00
2022/09/08 17.35 17.78 17.13 17.58 14805632 260108384.00
2022/09/09 17.58 17.68 16.70 16.83 23228340 396213952.00
2022/09/13 16.88 17.05 16.55 16.76 18124296 305196768.00
2022/09/14 16.55 18.00 16.55 17.60 34491989 607841088.00
2022/09/15 17.60 17.60 16.38 16.70 31809087 535623136.00
2022/09/16 16.70 17.36 16.54 16.72 25737291 439233664.00
2022/09/19 16.74 16.90 15.83 16.25 20624117 334947328.00
2022/09/20 16.37 16.72 15.93 16.04 16383952 267850320.00
2022/09/21 16.04 16.05 15.62 15.84 12407949 196843824.00
2022/09/22 15.84 16.78 15.68 16.17 20870300 343432160.00
2022/09/23 16.24 16.63 15.78 16.00 14056105 226606192.00
2022/09/26 15.87 16.17 15.36 15.86 10522959 167700064.00
2022/09/27 15.93 16.21 15.76 16.02 10879375 174662624.00
2022/09/28 16.02 16.02 14.79 14.90 23716216 360570496.00
2022/09/29 15.00 15.32 14.79 15.11 15514997 235615296.00
2022/09/30 15.20 15.27 14.61 14.75 13686308 203860032.00
2022/10/10 14.73 14.91 14.24 14.36 12750276 185639616.00
2022/10/11 14.38 14.68 14.26 14.39 10890698 158138496.00
2022/10/12 14.35 14.44 13.77 14.43 23962468 339370496.00
2022/10/13 14.37 14.74 14.07 14.17 16909248 242776896.00
2022/10/14 14.18 14.56 14.02 14.50 15540466 223738848.00
2022/10/17 14.43 15.24 14.41 15.09 26965200 405698112.00
2022/10/18 15.10 15.63 14.94 15.46 21144960 327714080.00
2022/10/19 15.39 15.53 14.77 14.85 15375954 232099408.00
2022/10/20 14.77 15.01 14.48 14.72 10606643 156883680.00
2022/10/21 14.72 15.33 14.61 15.19 14429835 218386720.00
2022/10/24 15.09 16.58 15.08 16.21 35501183 575132288.00
2022/10/25 16.20 17.29 16.06 16.53 42306095 714336512.00
2022/10/26 16.55 16.98 16.06 16.76 38890739 648768832.00
2022/10/27 16.89 17.61 16.76 17.39 40428083 703108096.00
2022/10/28 17.35 17.47 16.72 16.93 23465137 401452480.00
2022/10/31 17.13 18.56 16.63 18.11 48255651 865852544.00
2022/11/01 18.31 18.53 17.50 17.84 28197774 506515072.00
2022/11/02 17.84 18.28 17.00 17.43 39479929 693165888.00
2022/11/03 17.42 17.98 17.09 17.73 23962803 425231648.00
2022/11/04 17.74 18.10 17.43 17.99 24219610 433797344.00
2022/11/07 18.03 18.53 17.50 17.58 22872508 411633568.00
2022/11/08 17.77 17.85 17.43 17.64 11174220 197516096.00
2022/11/09 17.91 18.29 17.28 17.41 25450095 456014208.00
2022/11/10 17.41 17.48 16.71 16.92 14405180 246274080.00
2022/11/11 17.08 17.41 16.65 16.93 14207424 241931568.00
2022/11/14 16.71 16.93 16.28 16.48 19203120 318825024.00
2022/11/15 16.53 17.01 16.43 16.64 13062656 219531440.00
2022/11/16 16.55 16.84 16.31 16.43 13169374 218866192.00
2022/11/17 16.40 16.40 15.64 16.38 16646676 267928800.00
2022/11/18 16.26 16.58 15.89 15.98 13728644 222661392.00
2022/11/21 16.08 16.38 15.78 16.28 17536574 284341248.00
2022/11/22 16.29 16.36 15.88 16.07 13267905 213386048.00
2022/11/23 16.02 16.06 15.74 15.95 15372986 245046400.00
2022/11/24 15.91 16.07 15.65 15.75 13319302 211109536.00
2022/11/25 15.73 15.73 14.93 15.14 26819911 408863520.00
2022/11/28 14.93 15.38 14.81 15.26 16597500 252468272.00
2022/11/29 15.25 15.26 14.78 14.93 25090750 376540960.00
2022/11/30 14.93 15.19 14.71 15.00 19500164 292745792.00
2022/12/01 15.04 15.78 15.04 15.33 26264707 406075552.00
2022/12/02 15.33 15.46 15.10 15.13 12102753 185110720.00
2022/12/05 15.13 15.31 14.88 15.14 15877053 240948544.00
2022/12/06 15.11 15.63 14.96 15.43 21653521 334026912.00
2022/12/07 15.40 15.50 15.14 15.23 11943901 183886208.00
2022/12/08 15.27 15.27 14.97 15.04 11922749 180866192.00
2022/12/09 15.08 15.33 14.84 15.24 22394484 340886432.00
2022/12/12 15.17 15.24 14.63 15.05 19392843 290857536.00
2022/12/13 15.05 15.07 14.78 14.83 10144135 151552864.00
2022/12/14 14.73 15.44 14.70 15.18 17791020 271503232.00
2022/12/15 15.22 15.22 15.00 15.10 7290425 110438656.00
2022/12/16 15.02 15.11 14.82 15.01 7786206 116859992.00
2022/12/19 15.03 15.29 14.83 15.06 12560077 189606560.00
2022/12/20 15.07 15.07 14.51 14.71 14223863 210802384.00
2022/12/21 14.62 15.00 14.53 14.79 10643694 158321856.00
2022/12/22 14.82 15.00 14.31 14.37 9527100 139282528.00
2022/12/23 14.37 14.46 14.08 14.26 11262381 161384432.00
2022/12/26 14.36 14.88 14.28 14.84 15723392 231294240.00
2022/12/27 14.91 15.03 14.59 14.91 14982084 223447168.00
2022/12/28 14.90 14.90 14.44 14.51 12182106 178187568.00
2022/12/29 14.53 14.94 14.37 14.61 11813056 173644032.00
2022/12/30 14.57 14.70 14.19 14.24 17396527 250139440.00
2023/01/03 14.23 15.02 14.18 14.94 25381799 374995328.00
2023/01/04 14.92 15.03 14.07 14.23 28906037 418828704.00
2023/01/05 14.24 14.68 14.24 14.49 19908497 290318144.00
2023/01/06 14.69 15.70 14.63 15.13 38806637 597957632.00
2023/01/09 15.13 15.42 15.09 15.28 14770794 226097456.00
2023/01/10 15.24 15.61 15.13 15.51 17417298 270790976.00
2023/01/11 15.62 15.62 14.91 15.01 21481594 326474496.00
2023/01/12 15.35 15.36 15.05 15.20 14341531 219039440.00
2023/01/13 15.25 15.25 14.70 14.88 14057760 209771632.00
2023/01/16 14.89 14.98 14.63 14.78 22565130 335044576.00
2023/01/17 14.79 14.95 14.48 14.64 19509301 288559040.00
2023/01/18 14.64 14.78 14.42 14.54 12182700 177939872.00
2023/01/19 14.53 14.89 14.36 14.86 15000900 220697904.00
2023/01/20 14.64 15.85 14.63 15.19 36919272 571808768.00
2023/01/30 15.26 15.83 15.26 15.58 21056886 328386720.00
2023/01/31 15.60 15.85 15.32 15.70 16155103 254026752.00
2023/02/01 15.72 15.76 15.39 15.54 17917865 279432768.00
2023/02/02 15.58 15.61 15.15 15.23 20011350 308785632.00
2023/02/03 15.27 15.27 14.86 15.07 22777759 342868608.00
2023/02/06 15.00 15.26 14.77 14.87 16373903 245492768.00
2023/02/07 14.89 14.97 14.51 14.70 28945400 426172736.00
2023/02/08 14.70 14.78 14.56 14.61 14855925 218731520.00
2023/02/09 14.67 15.27 14.64 15.20 34332818 518037376.00
2023/02/10 15.13 15.18 14.63 14.73 33062788 491839488.00
2023/02/13 14.78 15.04 14.68 14.74 21711719 323173952.00
2023/02/14 14.76 14.83 14.63 14.68 15396140 227403808.00
2023/02/15 14.68 14.73 14.38 14.65 16073992 234882976.00
2023/02/16 14.65 14.80 14.50 14.73 23111101 339578976.00
2023/02/17 14.64 14.68 14.45 14.52 16959201 247668320.00
2023/02/20 14.52 14.64 14.28 14.60 18658487 270772224.00
2023/02/21 14.58 14.71 14.41 14.57 22639157 331159968.00
2023/02/22 14.50 14.50 14.21 14.27 26872644 385942272.00
2023/02/23 14.28 14.33 14.07 14.11 18519042 263723888.00
2023/02/24 14.18 14.59 14.13 14.48 37134530 538689280.00
2023/02/27 14.49 14.50 14.08 14.28 20619182 295140192.00
2023/02/28 14.22 14.37 14.15 14.36 9693519 139046112.00
2023/03/01 14.35 14.56 14.24 14.42 15013781 217239088.00
2023/03/02 14.37 14.78 14.31 14.69 25163570 369333664.00
2023/03/03 14.69 15.28 14.58 14.86 28390496 425618016.00
2023/03/06 14.87 15.32 14.87 15.08 28123157 427001088.00
2023/03/07 15.09 15.09 14.68 14.71 28061739 417404640.00
2023/03/08 14.57 14.90 14.57 14.80 12041248 178969024.00
2023/03/09 14.81 15.03 14.73 14.89 14426702 216100880.00
2023/03/10 14.83 14.83 14.33 14.43 24848383 363325376.00
2023/03/13 14.43 14.73 14.34 14.59 18820835 275399584.00
2023/03/14 14.59 14.67 14.08 14.48 20610174 297362592.00
2023/03/15 14.46 14.76 14.39 14.45 14432252 211209968.00
2023/03/16 14.45 14.45 14.13 14.21 16960100 242858112.00
2023/03/17 14.23 14.27 14.08 14.21 20148729 286510912.00
2023/03/20 14.24 14.24 12.78 12.78 56406060 741777408.00
2023/03/21 12.79 12.79 11.77 12.01 105731800 1282237440.00
2023/03/22 11.88 12.26 11.84 12.06 42544682 517799616.00
2023/03/23 12.01 12.15 11.69 11.80 54737774 653315072.00
2023/03/24 11.77 11.83 11.48 11.50 37654337 440660736.00
2023/03/27 11.42 11.53 10.88 11.36 77685731 874814464.00
2023/03/28 11.29 11.47 11.23 11.34 24593317 280757952.00
2023/03/29 11.34 11.73 11.24 11.68 37431357 435262720.00
2023/03/30 11.63 11.80 11.58 11.67 20502596 240848784.00
2023/03/31 11.67 12.05 11.67 11.98 28405361 340863200.00
2023/04/03 11.98 12.03 11.72 11.83 22238472 264746288.00
2023/04/04 11.85 11.86 11.56 11.59 19716075 231031744.00
2023/04/06 11.57 11.97 11.53 11.88 18091550 214532176.00
2023/04/07 11.82 12.43 11.74 11.97 28751984 351511904.00
2023/04/10 11.93 12.05 11.83 11.92 13216100 158474816.00
2023/04/11 11.88 12.02 11.82 11.84 16885648 201967216.00
2023/04/12 11.88 11.90 11.63 11.72 16400240 193789584.00
2023/04/13 11.72 11.72 11.45 11.51 15688012 182134080.00
2023/04/14 11.50 11.64 11.47 11.53 12240466 142078304.00
2023/04/17 11.53 11.60 11.33 11.47 18084400 207838224.00
2023/04/18 11.47 11.47 11.21 11.28 20065300 228255872.00
2023/04/19 11.29 11.33 11.13 11.14 14575024 163955040.00
2023/04/20 11.14 11.14 10.58 10.74 45969561 496536576.00
2023/04/21 10.78 11.04 10.61 10.63 35216372 383216448.00
2023/04/24 10.54 10.76 10.36 10.46 29052986 306954848.00
2023/04/25 10.54 10.62 9.94 10.07 40429521 412494464.00
2023/04/26 10.16 10.73 10.03 10.59 34987537 368757952.00
2023/04/27 10.63 11.15 10.46 11.03 34657597 380341952.00
2023/04/28 11.04 11.15 10.79 10.90 17660753 194213808.00
2023/05/04 10.90 11.00 10.64 10.66 19011085 206169920.00
2023/05/05 10.68 10.71 10.50 10.58 13543803 144105808.00
2023/05/08 10.58 10.76 10.49 10.64 20522122 219118768.00
2023/05/09 10.65 10.72 10.31 10.33 19694212 206820800.00
2023/05/10 10.33 10.53 10.21 10.36 15246830 158932432.00
2023/05/11 10.37 10.61 10.31 10.49 17688894 186970208.00
2023/05/12 10.53 10.79 10.40 10.40 20634600 219546928.00
2023/05/15 10.35 10.67 10.33 10.62 21981653 233493280.00
2023/05/16 10.62 10.76 10.50 10.67 16468936 176050608.00
2023/05/17 10.64 11.49 10.64 11.26 43484788 487986528.00
2023/05/18 11.26 11.39 10.84 10.95 32087131 356666496.00
2023/05/19 10.97 11.25 10.80 11.17 23346088 260848976.00
2023/05/22 11.22 11.36 11.04 11.08 14000855 156784592.00
2023/05/23 11.05 11.13 10.88 10.90 12339446 136022560.00
2023/05/24 10.88 10.91 10.72 10.82 13178800 143342816.00
2023/05/25 10.74 10.85 10.53 10.70 15632251 167874112.00
2023/05/26 10.67 10.72 10.33 10.40 14936758 156910848.00
2023/05/29 10.45 10.52 10.07 10.12 19369967 198990544.00
2023/05/30 10.03 10.09 9.10 9.10 55480854 519370496.00
2023/05/31 8.93 9.19 8.85 8.87 45272619 409937280.00
2023/06/01 8.92 9.19 8.69 9.15 40237009 363696096.00
2023/06/02 9.13 9.35 9.11 9.27 21371548 199522080.00
2023/06/05 9.38 9.38 9.00 9.02 26176832 240048416.00
2023/06/06 9.09 9.11 8.72 8.75 29039223 258522384.00
2023/06/07 8.73 8.83 8.65 8.76 15472525 136321264.00
2023/06/08 8.71 8.75 8.65 8.67 14846571 130063088.00
2023/06/09 8.65 8.67 8.37 8.55 36626949 313534080.00
2023/06/12 8.53 8.57 8.33 8.54 24620561 210283968.00
2023/06/13 8.52 8.68 8.31 8.60 24328493 208710096.00
2023/06/14 8.60 8.62 8.38 8.39 18509990 158168944.00
2023/06/15 8.38 8.93 8.31 8.83 47287392 414675072.00
2023/06/16 8.82 9.09 8.76 9.08 35602602 320493344.00
2023/06/19 9.07 9.07 8.86 8.87 18593473 167334368.00
2023/06/20 8.82 9.16 8.80 9.09 22596316 205623472.00
2023/06/21 9.04 9.09 8.83 8.83 15853377 142430080.00
2023/06/26 8.81 8.92 8.68 8.84 16177442 143572656.00
2023/06/27 8.85 9.02 8.74 8.92 15915990 142796112.00
2023/06/28 8.92 9.35 8.89 9.28 36223838 335635744.00
2023/06/29 9.25 9.42 9.18 9.20 26034327 243020320.00
2023/06/30 9.29 10.13 9.19 10.13 53029163 522934048.00
2023/07/03 10.38 11.02 10.37 10.84 107909028 1160787712.00
2023/07/04 10.89 11.16 10.75 10.89 69265359 764168000.00
2023/07/05 10.89 10.98 10.72 10.91 32945845 360294240.00
2023/07/06 10.88 10.96 10.61 10.76 26888298 292121696.00
2023/07/07 10.77 10.98 10.62 10.71 21203708 230577584.00
2023/07/10 10.60 11.01 10.54 10.75 25196326 273369408.00
2023/07/11 10.76 10.92 10.64 10.72 16726282 180708048.00
2023/07/12 10.73 10.78 10.56 10.67 19823900 212538352.00
2023/07/13 10.62 10.84 10.30 10.38 33394432 352012960.00
2023/07/14 10.44 10.44 10.22 10.30 16408835 170121248.00
2023/07/17 10.30 10.43 10.06 10.20 23346805 240079312.00
2023/07/18 10.23 10.51 10.12 10.35 16806471 174644896.00
2023/07/19 10.35 10.37 10.19 10.29 11033342 113922448.00
2023/07/20 10.22 10.31 10.11 10.13 9900813 101600432.00
2023/07/21 10.09 10.19 9.98 10.00 11948531 120828480.00
2023/07/24 9.99 10.05 9.84 9.87 20015794 199702304.00
2023/07/25 9.93 10.05 9.81 10.00 19023896 190636240.00
2023/07/26 10.00 10.08 9.91 10.05 18164745 183234256.00
2023/07/27 10.05 10.21 9.94 10.00 20502576 208190384.00
2023/07/28 9.91 10.04 9.73 9.93 22894277 227653440.00
2023/07/31 9.95 10.10 9.93 9.96 18904982 190519696.00
2023/08/01 10.02 10.91 9.93 10.32 58239099 612842944.00
2023/08/02 10.16 10.53 10.15 10.22 33701000 350712224.00
2023/08/03 10.20 10.29 10.01 10.25 22500450 230034944.00
2023/08/04 10.20 10.30 10.13 10.13 15853658 162378608.00
2023/08/07 10.08 10.13 9.87 9.97 15889136 159417056.00
2023/08/08 9.93 9.96 8.97 8.97 83058454 762008832.00
2023/08/09 8.91 9.19 8.85 9.07 37259094 340616864.00
2023/08/10 9.08 9.29 9.08 9.28 21728366 202245168.00
2023/08/11 9.27 9.33 9.13 9.15 14225513 131915344.00
2023/08/14 9.09 9.24 9.09 9.19 12459278 114951048.00
2023/08/15 9.27 9.35 8.95 9.04 16080091 147006864.00
2023/08/16 9.03 9.19 8.99 8.99 11364093 104119704.00
2023/08/17 8.95 9.63 8.85 9.58 36367912 344015584.00
2023/08/18 9.58 9.89 9.47 9.47 25870550 251858464.00
2023/08/21 9.46 9.78 9.31 9.33 23467550 224618320.00
2023/08/22 9.27 9.41 8.86 8.99 34657917 316214752.00
2023/08/23 9.02 9.02 8.70 8.73 16699751 148539648.00
2023/08/24 8.73 8.92 8.71 8.74 15809394 140252480.00
2023/08/25 8.70 8.98 8.63 8.84 22372497 199162480.00
2023/08/28 9.28 9.32 8.84 8.89 26225477 238839776.00
2023/08/29 8.88 9.43 8.80 9.36 37028968 344029632.00
2023/08/30 9.40 9.46 9.27 9.37 16080590 151779088.00
2023/08/31 9.34 9.46 9.23 9.27 12498817 117377664.00
2023/09/01 9.28 9.34 9.20 9.29 9191653 85840328.00
2023/09/04 9.30 9.45 9.14 9.44 20633285 193870128.00
2023/09/05 9.43 9.90 9.28 9.66 35140218 340416160.00
2023/09/06 9.71 10.13 9.52 10.03 31195438 310801952.00
2023/09/07 10.11 10.11 9.65 9.67 22040628 217941888.00
2023/09/08 9.61 10.12 9.56 10.06 30493825 304618592.00
2023/09/11 10.05 10.05 9.35 9.41 52539125 503377824.00
2023/09/12 9.33 9.47 9.30 9.33 15622089 147324752.00
2023/09/13 9.27 9.42 9.21 9.37 19982195 187676560.00
2023/09/14 9.33 9.35 9.20 9.24 12996200 120969552.00
2023/09/15 9.26 9.30 9.09 9.17 16781605 154961136.00
2023/09/18 9.09 9.27 8.99 9.06 16453800 150829728.00
2023/09/19 9.03 9.16 9.01 9.09 12851072 117640096.00
2023/09/20 9.03 9.22 9.03 9.19 12477100 114979472.00
2023/09/21 9.15 9.46 9.03 9.42 32753213 305975552.00
2023/09/22 9.31 9.46 9.06 9.18 35907307 332510784.00
2023/09/25 9.13 9.17 8.97 9.06 16095526 146800960.00
2023/09/26 9.06 9.07 8.79 8.86 22277767 199645568.00
2023/09/27 8.81 9.19 8.81 9.02 27505060 250654064.00
2023/09/28 9.05 9.33 8.95 9.30 28808185 267780368.00
2023/10/09 9.30 9.30 9.03 9.04 17584092 161033824.00
2023/10/10 9.05 9.13 9.01 9.06 8177558 74712752.00
2023/10/11 9.11 9.12 8.78 8.82 19738900 177016176.00
2023/10/12 8.89 9.08 8.81 8.98 13273592 119812752.00
2023/10/13 8.96 8.96 8.61 8.79 22925424 201910352.00
2023/10/16 8.79 8.87 8.62 8.71 12524653 110178656.00
2023/10/17 8.74 8.77 8.53 8.57 12510018 108532120.00
2023/10/18 8.54 8.56 8.36 8.39 12262401 104225768.00
2023/10/19 8.38 8.51 8.34 8.35 9539202 80680848.00
2023/10/20 8.27 8.46 8.23 8.31 10447294 87790480.00
2023/10/23 8.26 8.30 8.02 8.06 15664627 128491848.00
2023/10/24 8.07 8.14 7.92 8.00 17762100 143698384.00
2023/10/25 8.09 8.33 8.03 8.09 19481368 160825952.00
2023/10/26 8.05 8.26 7.95 8.23 14187127 115967968.00
2023/10/27 8.22 8.40 8.13 8.33 12495437 104491088.00
2023/10/30 8.34 8.95 8.28 8.86 30532049 269003872.00
2023/10/31 8.85 9.33 8.79 9.17 30856617 284485312.00
2023/11/01 9.20 9.45 9.17 9.29 29091233 273681216.00
2023/11/02 9.29 9.30 9.00 9.05 16742582 153522688.00
2023/11/03 9.10 9.14 8.99 9.02 10702018 97696520.00
2023/11/06 9.04 9.12 9.00 9.08 16780565 153136416.00
2023/11/07 9.02 9.21 8.99 9.13 17037545 156280768.00
2023/11/08 9.08 9.41 9.01 9.04 19745952 182884768.00
2023/11/09 9.07 9.09 8.93 9.03 11760952 106741096.00
2023/11/10 9.03 9.05 8.93 8.97 10516107 95095528.00
2023/11/13 8.98 9.78 8.97 9.70 44179423 418891168.00
2023/11/14 9.70 9.77 9.46 9.70 27732331 268808928.00
2023/11/15 9.74 9.77 9.35 9.59 16573379 159291440.00
2023/11/16 9.57 9.63 9.42 9.46 13048868 125091624.00
2023/11/17 9.46 9.70 9.39 9.64 17461346 168529712.00
2023/11/20 9.53 10.22 9.52 10.01 36987050 371147680.00
2023/11/21 10.08 10.12 9.74 9.79 17668200 176344624.00
2023/11/22 9.73 9.83 9.58 9.59 15084645 147195344.00
2023/11/23 9.60 10.01 9.58 9.86 24336300 239764432.00
2023/11/24 9.86 9.98 9.72 9.79 15559962 154240752.00
2023/11/27 9.70 10.48 9.70 10.21 35975020 366842976.00
2023/11/28 10.23 10.28 10.09 10.21 15838263 162184864.00
2023/11/29 10.21 10.45 10.04 10.07 22375928 230061248.00
2023/11/30 10.03 10.06 9.80 9.90 17457168 173726944.00
2023/12/01 9.91 10.26 9.75 10.02 27749550 280715584.00
2023/12/04 10.41 10.41 9.83 10.12 21599944 218110560.00
2023/12/05 10.09 10.33 9.98 10.07 19605136 201558384.00
2023/12/06 10.05 10.40 9.84 9.92 24029888 243712800.00
2023/12/07 9.92 9.92 9.57 9.62 26457144 257893072.00
2023/12/08 9.65 9.84 9.58 9.62 31331344 306094976.00
2023/12/11 9.66 9.77 9.41 9.67 24050960 232584704.00
2023/12/12 9.67 9.76 9.41 9.56 29319056 281762848.00
2023/12/13 9.56 9.68 9.28 9.37 26899966 254783792.00
2023/12/14 9.35 9.52 9.31 9.46 21540568 204562304.00
2023/12/15 9.43 9.56 9.33 9.36 14401991 136690784.00
2023/12/18 9.32 9.35 9.11 9.14 22796784 211163776.00
2023/12/19 9.13 9.22 8.99 9.09 17609404 160681232.00
2023/12/20 9.05 9.05 8.71 8.82 28703512 254997504.00
2023/12/21 8.73 9.04 8.65 8.94 17842208 158997040.00
2023/12/22 8.98 9.42 8.94 9.28 39820052 370503648.00
2023/12/25 9.22 9.66 9.21 9.46 30466086 292500288.00
2023/12/26 9.51 9.62 9.32 9.54 23075484 219672304.00
2023/12/27 9.59 9.59 9.23 9.34 17877080 168457552.00
2023/12/28 9.34 9.64 9.28 9.56 20051890 192021120.00
2023/12/29 9.55 9.71 9.45 9.65 18259600 176744048.00
2024/01/02 9.65 10.08 9.65 9.93 41782328 417627136.00
2024/01/03 9.93 10.01 9.46 9.58 29198936 282934432.00
2024/01/04 9.58 9.65 9.42 9.43 13714251 131325856.00
2024/01/05 9.39 9.43 8.88 8.96 27165236 248912960.00
2024/01/08 8.92 8.97 8.66 8.70 20850044 184950032.00
2024/01/09 8.68 8.82 8.47 8.54 18640152 161103936.00
2024/01/10 8.59 8.71 8.37 8.46 16776807 144260272.00
2024/01/11 8.47 8.53 8.33 8.44 19512062 166027744.00
2024/01/12 8.41 8.46 8.23 8.29 18445072 155183424.00
2024/01/15 8.26 8.29 7.92 7.99 43592744 353112384.00
2024/01/16 7.98 7.99 7.18 7.21 96537792 719200128.00
2024/01/17 7.26 7.38 6.81 6.84 83144808 591805376.00
2024/01/18 6.78 7.01 6.76 6.95 56730712 393777184.00
2024/01/19 6.90 7.01 6.76 6.77 35916976 249495824.00
2024/01/22 6.77 6.77 6.33 6.37 57069840 376570272.00
2024/01/23 6.36 6.56 6.31 6.50 33819144 220322448.00
2024/01/24 6.53 6.54 6.21 6.51 42095160 271322592.00
2024/01/25 6.48 6.68 6.42 6.66 38101152 253233280.00
2024/01/26 6.66 6.68 6.51 6.58 34706612 230962576.00
2024/01/29 6.61 6.67 6.37 6.40 36649096 239618464.00
2024/01/30 6.39 6.41 6.11 6.15 40317072 255314896.00
2024/01/31 6.11 6.27 5.89 5.91 46225912 281855872.00
2024/02/01 5.88 6.02 5.77 5.81 37681784 224083200.00
2024/02/02 5.84 5.91 5.33 5.58 53710232 306522912.00
2024/02/05 5.40 5.50 5.04 5.21 61086400 324211136.00
2024/02/06 5.12 5.66 5.02 5.57 59663572 323631904.00
2024/02/07 5.59 5.97 5.57 5.84 74428784 439411424.00
2024/02/08 5.86 6.14 5.83 6.07 60789172 372596288.00
2024/02/19 6.20 6.21 5.77 5.87 62198928 371326784.00
2024/02/20 5.83 5.89 5.75 5.88 42063960 247583136.00
2024/02/21 5.83 6.23 5.74 5.97 65765572 397929376.00
2024/02/22 5.94 6.14 5.91 6.10 50106740 306375584.00
2024/02/23 6.09 6.25 6.01 6.23 49126536 304702144.00
2024/02/26 6.23 6.40 6.20 6.29 42461100 270553792.00
2024/02/27 6.28 6.42 6.19 6.39 37980996 241595840.00
2024/02/28 6.39 6.56 6.03 6.03 73471808 469503904.00
2024/02/29 5.95 6.22 5.94 6.22 49416840 306123744.00
2024/03/01 6.21 6.31 6.15 6.25 35986792 226149584.00
2024/03/04 6.25 6.27 6.00 6.06 55803856 343045216.00
2024/03/05 6.05 6.24 6.02 6.08 59699472 370344032.00
2024/03/06 6.06 6.31 5.99 6.21 58381836 364392160.00
2024/03/07 6.22 6.35 6.10 6.11 62407616 393033632.00
2024/03/08 6.07 6.18 5.99 6.11 44276056 271418464.00
2024/03/11 6.11 6.28 6.10 6.28 51325428 322381856.00
2024/03/12 6.32 6.42 6.22 6.41 60330476 386500672.00
2024/03/13 6.40 6.41 6.26 6.34 41814140 267524528.00
2024/03/14 6.35 6.37 6.17 6.25 44627280 282560320.00
2024/03/15 6.23 6.37 6.17 6.36 42644208 270956192.00
2024/03/18 6.41 6.46 6.28 6.39 44388592 285367360.00
2024/03/19 6.38 6.58 6.34 6.46 70485608 463171072.00
2024/03/20 6.47 6.60 6.45 6.56 55344976 365318336.00
2024/03/21 6.60 6.63 6.44 6.49 39974720 262793904.00
2024/03/22 6.46 6.50 6.25 6.25 53856192 344860320.00
2024/03/25 6.25 6.27 6.08 6.08 38542284 240416656.00
2024/03/26 6.05 6.14 5.96 6.13 40903648 250484800.00
2024/03/27 6.12 6.14 5.89 5.89 39043200 236372064.00
2024/03/28 5.85 6.19 5.84 6.13 50276776 309081888.00
2024/03/29 6.09 6.16 6.07 6.13 25228776 155957776.00
2024/04/01 6.19 6.24 6.08 6.15 45452516 282384448.00
2024/04/02 6.15 6.20 6.06 6.13 38052452 235852368.00
2024/04/03 6.13 6.14 6.01 6.08 40266928 247194000.00
2024/04/08 6.06 6.09 5.83 5.83 50741512 303937952.00
2024/04/09 5.78 6.09 5.78 6.06 56029104 340405120.00
2024/04/10 6.04 6.04 5.83 5.87 43149936 257878784.00
2024/04/11 5.82 5.93 5.76 5.82 42584312 252024304.00
2024/04/12 5.79 5.86 5.68 5.68 38382888 222784608.00
2024/04/15 5.66 5.77 5.54 5.63 50750412 291065696.00
2024/04/16 5.58 5.64 5.27 5.29 58140768 318639424.00
2024/04/17 5.29 5.57 5.29 5.57 51145476 283963296.00
2024/04/18 5.53 5.68 5.48 5.60 36442100 206660064.00
2024/04/19 5.56 5.69 5.54 5.64 41125300 234046624.00
2024/04/22 5.64 5.83 5.54 5.71 46804144 270926304.00
2024/04/23 5.73 5.81 5.61 5.63 35582080 204874800.00
2024/04/24 5.63 5.73 5.55 5.71 29705166 170295424.00
2024/04/25 5.69 5.78 5.65 5.72 23346446 135323648.00
2024/04/26 5.69 5.84 5.69 5.83 34130748 200166560.00
2024/04/29 5.80 6.12 5.80 6.12 45916276 279726080.00
2024/04/30 6.20 6.25 6.04 6.05 51165008 316864064.00
2024/05/06 6.14 6.23 6.11 6.17 42993324 268311504.00
2024/05/07 6.17 6.43 6.15 6.41 65723336 419728128.00
2024/05/08 6.40 6.83 6.37 6.71 116407856 780717440.00
2024/05/09 6.72 6.91 6.58 6.83 81698944 558525248.00
2024/05/10 6.85 6.92 6.68 6.77 51621448 353209120.00
2024/05/13 6.70 6.79 6.55 6.70 42238424 284435296.00
2024/05/14 6.63 6.70 6.51 6.54 46418436 308715360.00
2024/05/15 6.53 6.66 6.46 6.49 30909528 205042128.00
2024/05/16 6.49 6.71 6.49 6.59 37281516 248454864.00
2024/05/17 6.59 6.62 6.49 6.62 30059702 199065072.00
2024/05/20 6.67 6.74 6.55 6.63 42258476 283359328.00
2024/05/21 6.63 6.64 6.49 6.53 29370180 194004816.00
2024/05/22 6.50 6.56 6.40 6.45 27215000 177767920.00
2024/05/23 6.41 6.47 6.24 6.27 33306302 213507168.00
2024/05/24 6.24 6.37 6.21 6.21 26035488 165064960.00
2024/05/27 6.25 6.27 6.07 6.21 27997300 174322688.00
2024/05/28 6.21 6.26 6.12 6.15 24545964 153340688.00
2024/05/29 6.13 6.29 6.12 6.17 23724626 148671568.00
2024/05/30 6.17 6.26 6.10 6.23 23966774 150430976.00
2024/05/31 6.23 6.34 6.19 6.24 25525812 161466592.00
2024/06/03 6.20 6.23 5.89 5.93 58786408 356318752.00
2024/06/04 5.91 6.04 5.86 6.03 39487372 238407456.00
2024/06/05 6.03 6.15 5.97 5.98 27109402 166409824.00
2024/06/06 5.99 6.03 5.82 5.85 31521960 187635872.00
2024/06/07 5.85 5.94 5.81 5.88 21761954 129503656.00
2024/06/11 5.87 5.93 5.76 5.90 22882048 135697824.00
2024/06/12 5.88 5.96 5.87 5.93 17177176 102918544.00
2024/06/13 5.93 6.23 5.90 6.13 48196888 297362656.00
2024/06/14 6.13 6.13 5.93 6.08 50535524 306915072.00
2024/06/17 6.04 6.13 5.94 5.96 28097396 170770208.00
2024/06/18 5.97 5.99 5.78 5.83 37097696 220568208.00
2024/06/19 5.85 5.87 5.76 5.79 21588700 125867000.00
2024/06/20 5.77 5.83 5.65 5.65 23864650 136814416.00
2024/06/21 5.65 5.74 5.59 5.63 21212028 120234752.00
2024/06/24 5.59 5.60 5.45 5.51 31611384 175257872.00
2024/06/25 5.53 5.63 5.48 5.53 31682534 176879120.00
2024/06/26 5.52 5.74 5.46 5.73 30324900 170951120.00
2024/06/27 5.69 5.74 5.55 5.55 25937996 146335872.00
2024/06/28 5.56 5.76 5.53 5.61 25008350 142371888.00
2024/07/01 5.60 5.63 5.35 5.51 35848536 196505456.00
2024/07/02 5.49 5.51 5.38 5.40 22978600 125266696.00
2024/07/03 5.38 5.44 5.33 5.37 18671900 100850904.00
2024/07/04 5.35 5.41 5.22 5.25 25191784 134034976.00
2024/07/05 5.25 5.29 5.16 5.27 19700200 103443648.00
2024/07/08 5.26 5.38 5.07 5.37 59558204 311473216.00
2024/07/09 5.43 5.58 5.20 5.52 98509280 536512512.00
2024/07/10 5.47 5.73 5.42 5.64 84377720 474415776.00
2024/07/11 5.68 6.18 5.65 6.18 102577616 611674752.00
2024/07/12 6.12 6.12 5.94 6.01 70684008 426061056.00
2024/07/15 6.06 6.53 6.06 6.49 114781056 734032896.00
2024/07/16 6.38 6.45 6.23 6.34 60740520 385131232.00
2024/07/17 6.32 6.42 6.26 6.31 44217472 280997728.00
2024/07/18 6.32 6.37 6.12 6.28 44492100 278497472.00
2024/07/19 6.26 6.29 6.13 6.18 48362800 300669632.00
2024/07/22 6.15 6.23 6.12 6.20 29754400 184376528.00
2024/07/23 6.21 6.29 5.90 5.94 53290600 323387424.00
2024/07/24 5.91 5.94 5.60 5.68 55873504 323889184.00
2024/07/25 5.62 5.66 5.51 5.54 40557300 226475200.00
2024/07/26 5.56 5.77 5.56 5.73 37248356 213057696.00
2024/07/29 5.77 6.01 5.64 5.75 60082000 349709024.00
2024/07/30 5.71 5.73 5.55 5.59 54218900 304763808.00
2024/07/31 5.59 5.86 5.58 5.83 54411696 313749056.00
2024/08/01 5.86 5.91 5.66 5.67 50248700 288971328.00
2024/08/02 5.64 5.82 5.59 5.60 38922564 221848864.00
2024/08/05 5.54 5.66 5.33 5.35 48312960 265940208.00
2024/08/06 5.42 5.54 5.38 5.49 35850448 196341744.00
2024/08/07 5.47 5.57 5.42 5.50 28357600 156907872.00
2024/08/08 5.48 5.49 5.34 5.42 30866052 167652960.00
2024/08/09 5.44 5.49 5.34 5.35 26800656 145404464.00
2024/08/12 5.35 5.36 5.20 5.23 29118124 153533520.00
2024/08/13 5.24 5.33 5.18 5.32 25969800 137116336.00
2024/08/14 5.33 5.34 5.24 5.25 19100440 101041720.00
2024/08/15 5.25 5.31 5.18 5.27 36727304 193701040.00
2024/08/16 5.26 5.30 5.14 5.15 36846544 192167792.00
2024/08/19 5.13 5.23 5.12 5.14 29810788 154575200.00
2024/08/20 5.14 5.17 5.07 5.10 22324968 114368488.00
2024/08/21 5.08 5.11 5.06 5.08 17210740 87778752.00
2024/08/22 5.08 5.13 4.99 4.99 24928944 126274208.00
2024/08/23 4.99 5.00 4.89 4.90 25022800 123753832.00
2024/08/26 4.91 5.01 4.90 4.99 17950708 89575208.00
2024/08/27 4.99 4.99 4.88 4.89 19919302 98217472.00
2024/08/28 4.89 4.94 4.86 4.90 17543600 86325288.00
2024/08/29 4.89 5.07 4.86 5.05 26813350 134443136.00
2024/08/30 5.04 5.23 5.03 5.18 35177572 182166784.00
2024/09/02 5.17 5.18 5.00 5.01 30237700 154120048.00
2024/09/03 5.00 5.09 4.99 5.06 20959200 106046064.00
2024/09/04 5.01 5.21 4.99 5.12 34444892 176436928.00
2024/09/05 5.13 5.22 5.11 5.17 26209492 136063888.00
2024/09/06 5.19 5.23 5.13 5.14 19130692 99014200.00
2024/09/09 5.12 5.20 5.07 5.18 22362964 115455808.00
2024/09/10 5.18 5.26 5.09 5.15 22459500 116021624.00
2024/09/11 5.13 5.20 5.09 5.11 15792900 81384456.00
2024/09/12 5.12 5.18 5.08 5.09 19042752 97892496.00
2024/09/13 5.09 5.15 5.06 5.07 18229894 93375776.00
2024/09/18 5.07 5.08 4.89 4.98 24431664 121846928.00
2024/09/19 4.99 5.15 4.96 5.06 24569400 124880616.00
2024/09/20 5.07 5.07 4.95 4.99 20914764 104904992.00
2024/09/23 4.99 5.04 4.89 4.90 31339048 155940400.00
2024/09/24 4.93 5.19 4.93 5.19 73276720 373440576.00
2024/09/25 5.28 5.34 5.12 5.16 74864800 394484800.00
2024/09/26 5.17 5.48 5.14 5.47 93585648 501867456.00
2024/09/27 5.58 5.78 5.47 5.71 65824184 369980448.00
2024/09/30 6.08 6.28 5.84 6.28 176340848 1081131392.00
2024/10/08 6.91 6.91 6.34 6.73 176171392 1178649600.00
2024/10/09 6.66 6.66 6.09 6.12 122085760 778678464.00
2024/10/10 6.08 6.38 6.04 6.19 93719008 584287744.00
2024/10/11 6.19 6.23 5.90 5.97 58747540 355705280.00
2024/10/14 6.01 6.32 5.97 6.31 86247056 535676576.00
2024/10/15 6.33 6.51 6.13 6.34 84807120 539403648.00
2024/10/16 6.25 6.44 6.23 6.42 71139752 452100960.00
2024/10/17 6.37 7.06 6.37 7.05 206985184 1443890048.00
2024/10/18 6.94 7.76 6.88 7.76 283345792 2116446720.00
2024/10/21 7.58 7.58 6.98 7.16 298567488 2151651840.00
2024/10/22 7.05 7.19 6.93 7.13 152651280 1076532992.00
2024/10/23 7.04 7.39 7.01 7.12 153077584 1106839552.00
2024/10/24 7.04 7.09 6.94 6.98 81196992 569178304.00
2024/10/25 6.93 7.11 6.92 7.03 83213440 586369472.00
2024/10/28 7.03 7.36 7.01 7.21 140068240 1012716160.00
2024/10/29 7.26 7.26 6.90 6.99 130467856 923053696.00
2024/10/30 6.93 7.05 6.83 6.94 69221168 480855872.00
2024/10/31 6.95 7.26 6.95 7.00 99760392 710516800.00
2024/11/01 7.08 7.11 6.79 6.87 73256032 507845152.00
2024/11/04 6.87 7.14 6.83 7.02 76841592 538069504.00
2024/11/05 6.96 7.31 6.96 7.24 111797968 805691648.00
2024/11/06 7.29 7.35 7.08 7.19 84928848 612892160.00
2024/11/07 7.11 7.24 7.07 7.24 79109384 568026048.00
2024/11/08 7.29 7.42 7.11 7.13 98697584 717255104.00
2024/11/11 7.09 7.43 7.08 7.34 92994400 678256960.00
2024/11/12 7.39 7.64 7.29 7.41 102922728 765808448.00
2024/11/13 7.36 7.63 7.26 7.47 101083552 756786048.00
2024/11/14 7.40 7.66 7.14 7.16 76264376 562337408.00
2024/11/15 7.12 7.28 6.88 6.93 64799880 460231936.00
2024/11/18 6.90 7.02 6.58 6.62 71725976 483289504.00
2024/11/19 6.58 6.68 6.47 6.66 50856436 336327264.00
2024/11/20 6.64 6.78 6.61 6.74 33186548 223239616.00
2024/11/21 6.69 6.83 6.68 6.76 32074004 217138096.00
2024/11/22 6.74 6.76 6.34 6.37 52822484 347230080.00
2024/11/25 6.38 6.41 6.20 6.32 38582900 243130800.00
2024/11/26 6.33 6.35 6.21 6.22 33363550 209452944.00
2024/11/27 6.25 6.50 6.13 6.50 51085276 323665280.00
2024/11/28 6.45 6.53 6.42 6.44 32672084 211813392.00
2024/11/29 6.40 6.58 6.40 6.50 32300368 210450752.00
2024/12/02 6.50 6.63 6.50 6.62 39980504 263229984.00
2024/12/03 6.59 6.62 6.46 6.52 36054084 235679312.00
2024/12/04 6.51 6.52 6.40 6.43 28021916 181577488.00
2024/12/05 6.41 6.56 6.36 6.53 31386786 204751376.00
2024/12/06 6.51 6.59 6.44 6.57 30215956 198130000.00
2024/12/09 6.54 6.62 6.45 6.49 30548900 200085744.00
2024/12/10 6.67 6.70 6.50 6.52 53030564 352138208.00
2024/12/11 6.53 6.62 6.49 6.58 28851200 190317168.00
2024/12/12 6.58 6.68 6.53 6.63 41812584 277258656.00
2024/12/13 6.62 6.73 6.44 6.57 86985088 572265920.00
2024/12/16 6.58 6.61 6.25 6.34 62794652 399963264.00
2024/12/17 6.29 6.37 6.20 6.22 32585504 204632304.00
2024/12/18 6.22 6.33 6.20 6.24 23972132 150843728.00
2024/12/19 6.19 6.29 6.13 6.26 25243040 156978672.00
2024/12/20 6.24 6.28 6.19 6.20 21531750 134467264.00
2024/12/23 6.19 6.20 6.04 6.04 30663226 187567072.00
2024/12/24 6.04 6.15 6.02 6.11 22302600 136094128.00
2024/12/25 6.09 6.11 5.97 6.01 22702442 136965248.00
2024/12/26 6.01 6.16 6.00 6.05 27566900 167962560.00
2024/12/27 6.08 6.16 6.03 6.05 31149056 190483856.00
2024/12/30 6.02 6.06 5.96 5.97 27300850 164262576.00
2024/12/31 5.99 6.00 5.78 5.78 36752356 216216960.00
2025/01/02 5.77 5.83 5.56 5.61 37762200 216051344.00
2025/01/03 5.61 5.69 5.49 5.50 33464700 187675040.00
2025/01/06 5.50 5.58 5.46 5.55 27317742 151645248.00
2025/01/07 5.55 5.58 5.48 5.55 23358766 129782632.00
2025/01/08 5.54 5.55 5.37 5.49 29439016 161481872.00
2025/01/09 5.45 5.52 5.44 5.47 21904250 120543696.00
2025/01/10 5.47 5.58 5.38 5.38 23995300 131713104.00
2025/01/13 5.35 5.46 5.30 5.45 20354750 110407240.00
2025/01/14 5.43 5.62 5.43 5.61 33502440 186008928.00
2025/01/15 5.60 5.89 5.60 5.63 41667316 237926784.00
2025/01/16 5.63 5.73 5.55 5.58 32813516 185402640.00
2025/01/17 5.54 5.62 5.51 5.58 19778052 110444008.00
2025/01/20 5.51 5.54 5.38 5.49 33060584 181555088.00
2025/01/21 5.50 5.52 5.38 5.40 24079954 130990184.00
2025/01/22 5.40 5.41 5.31 5.35 20168392 108178304.00
2025/01/23 5.40 5.47 5.29 5.29 30387800 164196512.00
2025/01/24 5.29 5.44 5.27 5.39 35021952 188091232.00
2025/01/27 5.38 5.44 5.33 5.34 22294772 120314120.00
2025/02/05 5.38 5.41 5.31 5.35 21246800 114430512.00
2025/02/06 5.34 5.56 5.32 5.55 38515700 211218528.00
2025/02/07 5.53 5.64 5.50 5.59 38547900 215832272.00
2025/02/10 5.58 5.64 5.53 5.62 34615252 194569536.00
2025/02/11 5.63 5.64 5.53 5.56 25651600 143137984.00
2025/02/12 5.54 5.58 5.49 5.58 27650800 153747536.00
2025/02/13 5.56 5.60 5.52 5.53 31492400 175408800.00
2025/02/14 5.52 5.57 5.46 5.49 25406200 140372048.00
2025/02/17 5.50 5.55 5.46 5.48 28515656 157266640.00
2025/02/18 5.49 5.49 5.37 5.39 27431722 149698416.00
2025/02/19 5.37 5.43 5.35 5.43 23850424 129538824.00
2025/02/20 5.43 5.55 5.39 5.49 35876440 197392944.00
2025/02/21 5.47 5.53 5.40 5.49 34093340 187043776.00
2025/02/24 5.49 5.55 5.46 5.51 36013344 199003280.00
2025/02/25 5.47 5.47 5.37 5.38 44111968 239433504.00
2025/02/26 5.37 5.85 5.37 5.75 115735848 655419584.00
2025/02/27 5.73 5.74 5.55 5.61 58385304 328877856.00
2025/02/28 5.58 5.63 5.44 5.45 46330900 257071552.00
2025/03/03 5.46 5.60 5.45 5.51 41644752 231354464.00
2025/03/04 5.50 5.59 5.47 5.57 35194516 196098928.00
2025/03/05 5.56 5.62 5.44 5.62 48745200 271043424.00
2025/03/06 5.62 5.62 5.52 5.58 41347976 230758448.00
2025/03/07 5.55 5.69 5.54 5.62 60894604 344398112.00
2025/03/10 5.62 5.73 5.60 5.64 37817420 214407376.00
2025/03/11 5.57 5.69 5.56 5.69 42535544 240635104.00
2025/03/12 5.86 6.26 5.86 6.26 108579424 675733632.00
2025/03/13 6.28 6.63 6.25 6.50 263336976 1703235712.00
2025/03/14 6.49 6.54 6.19 6.37 127902008 808877952.00
2025/03/17 6.30 6.53 6.23 6.25 79644112 503858080.00
2025/03/18 6.23 6.31 6.11 6.16 78536096 487075680.00
2025/03/19 6.13 6.15 6.02 6.07 58452056 355260640.00
2025/03/20 6.07 6.32 6.04 6.14 93129000 576143360.00
2025/03/21 6.11 6.26 6.10 6.16 78042904 484560992.00
2025/03/24 6.26 6.34 5.97 6.07 89797032 552165248.00
2025/03/25 6.11 6.40 6.06 6.30 139536800 879967360.00
2025/03/26 6.30 6.32 6.18 6.21 70841256 442623520.00
2025/03/27 6.17 6.18 6.00 6.01 66447564 402744352.00
2025/03/28 5.99 6.05 5.86 5.90 50388112 300350528.00
2025/03/31 5.85 5.89 5.75 5.79 38076152 221593392.00
2025/04/01 5.80 5.87 5.77 5.81 37450756 218375072.00
2025/04/02 5.83 5.83 5.70 5.75 47920600 275883360.00
2025/04/03 5.69 5.78 5.68 5.71 39874696 229026896.00
2025/04/07 5.42 5.53 5.14 5.14 70995512 375525376.00
2025/04/08 5.11 5.24 5.06 5.14 62782404 323620192.00
2025/04/09 5.06 5.35 4.91 5.31 71220360 369258080.00
2025/04/10 5.35 5.46 5.32 5.35 54112164 292564832.00
2025/04/11 5.29 5.38 5.27 5.35 37490220 201089072.00
2025/04/14 5.37 5.46 5.33 5.34 41936904 226511200.00
2025/04/15 5.30 5.32 5.19 5.26 35054364 184619088.00
2025/04/16 5.25 5.28 5.14 5.20 27426500 142975120.00
2025/04/17 5.16 5.27 5.16 5.20 24694402 129605904.00
2025/04/18 5.20 5.24 5.17 5.23 18973000 99201792.00
2025/04/21 5.22 5.27 5.20 5.24 25679200 134793120.00
2025/04/22 5.24 5.24 5.16 5.21 28464650 148466256.00
2025/04/23 5.21 5.30 5.20 5.24 33343666 175752256.00
2025/04/24 5.25 5.25 5.16 5.19 27790304 145088976.00
2025/04/25 5.20 5.26 5.20 5.22 28903548 151745040.00
2025/04/28 5.22 5.24 5.14 5.16 33212520 172817936.00
2025/04/29 5.16 5.22 5.13 5.19 27658196 144056592.00
2025/04/30 4.99 5.05 4.94 4.97 69440280 347717536.00
2025/05/06 4.96 5.07 4.96 5.06 36096076 182556544.00
2025/05/07 5.10 5.29 5.06 5.23 58972080 306172800.00
2025/05/08 5.24 5.30 5.16 5.29 47889672 252381152.00
2025/05/09 5.30 5.30 5.17 5.18 34196924 179030416.00
2025/05/12 5.20 5.43 5.20 5.41 75176672 404035456.00
2025/05/13 5.45 5.47 5.29 5.32 42836000 229548000.00
2025/05/14 5.31 5.33 5.23 5.28 32276132 170757168.00
2025/05/15 5.27 5.28 5.21 5.22 19502992 102532472.00
2025/05/16 5.22 5.28 5.18 5.20 22801200 119410248.00
2025/05/19 5.20 5.23 5.14 5.22 19707772 102725472.00
2025/05/20 5.22 5.23 5.16 5.20 23728032 123440264.00
2025/05/21 5.18 5.20 5.15 5.16 20547184 106569472.00
2025/05/22 5.17 5.18 5.10 5.11 20097300 103482504.00
2025/05/23 5.12 5.16 5.06 5.07 18349900 94202616.00
2025/05/26 5.08 5.10 5.05 5.10 11925400 60873876.00
2025/05/27 5.11 5.15 5.06 5.15 15342950 78617176.00
2025/05/28 5.14 5.15 5.06 5.08 14466700 73946680.00
2025/05/29 5.08 5.11 5.06 5.10 16900800 86373416.00
2025/05/30 5.10 5.10 5.05 5.05 17090800 86965488.00
2025/06/03 5.03 5.06 4.99 5.04 19474650 98160288.00
2025/06/04 5.04 5.13 5.03 5.09 22428208 114319184.00
2025/06/05 5.10 5.10 5.04 5.07 15341150 77993664.00
2025/06/06 5.07 5.08 5.03 5.04 21978800 111382816.00
2025/06/09 5.05 5.08 5.04 5.06 20468732 103920056.00
2025/06/10 5.06 5.08 4.99 5.02 29761608 150321152.00
2025/06/11 5.02 5.05 5.01 5.03 17725000 89595888.00
2025/06/12 5.03 5.09 5.00 5.07 28164216 142193456.00
2025/06/13 5.06 5.14 5.01 5.02 51086424 257992128.00
2025/06/16 5.01 5.13 4.99 5.12 38709880 196753296.00
2025/06/17 5.12 5.14 5.07 5.09 21259700 108336544.00
2025/06/18 5.10 5.11 5.04 5.06 18620300 94248304.00
2025/06/19 5.04 5.06 4.98 5.00 24672700 123600144.00
2025/06/20 5.00 5.02 4.97 4.98 16924940 84406176.00
2025/06/23 4.98 5.02 4.95 5.00 15762871 78639416.00
2025/06/24 5.00 5.04 5.00 5.03 19382324 97312992.00
2025/06/25 5.02 5.15 5.02 5.13 52595536 267878528.00
2025/06/26 5.14 5.25 5.11 5.12 49073200 253994096.00
2025/06/27 5.17 5.17 5.11 5.13 27743950 142317024.00
2025/06/30 5.14 5.23 5.13 5.22 46675704 242576960.00
2025/07/01 5.24 5.25 5.19 5.22 27783590 144934112.00
2025/07/02 5.22 5.40 5.17 5.33 82845600 439591904.00
2025/07/03 5.29 5.30 5.19 5.22 52386692 274067040.00
2025/07/04 5.21 5.30 5.18 5.18 46134592 241528304.00
2025/07/07 5.17 5.19 5.14 5.16 27459876 141765728.00
2025/07/08 5.15 5.27 5.14 5.24 43740108 228171744.00
2025/07/09 5.24 5.27 5.17 5.19 32871584 171307152.00
2025/07/10 5.19 5.33 5.18 5.27 50555124 265754960.00
2025/07/11 5.27 5.80 5.23 5.80 182139232 1016409408.00
2025/07/14 5.71 5.75 5.53 5.57 137664032 771180352.00
2025/07/15 5.52 5.60 5.43 5.53 68271800 375221376.00
2025/07/16 5.53 5.68 5.50 5.67 78089192 436608000.00
2025/07/17 5.67 5.71 5.54 5.57 88008752 492505024.00
2025/07/18 5.56 5.70 5.55 5.58 54227972 304061472.00
2025/07/21 5.65 6.14 5.63 5.82 205543920 1216470272.00
2025/07/22 5.82 6.09 5.77 5.98 154429280 918679616.00
2025/07/23 6.08 6.11 5.85 5.85 109925648 656043584.00
2025/07/24 5.77 5.98 5.77 5.98 78839584 465034848.00
2025/07/25 6.00 6.03 5.90 5.97 58889200 351694912.00
2025/07/28 5.84 5.88 5.68 5.71 112748424 648565376.00
2025/07/29 5.69 5.78 5.67 5.77 57040768 326191840.00
2025/07/30 5.75 5.90 5.70 5.75 66009296 382765824.00
2025/07/31 5.71 5.72 5.60 5.63 58190712 328298528.00
2025/08/01 5.62 5.65 5.58 5.60 37935912 212465840.00
2025/08/04 5.58 5.63 5.56 5.62 34488540 193140992.00
2025/08/05 5.62 5.66 5.60 5.62 32039992 180200768.00
2025/08/06 5.61 5.71 5.59 5.69 58931460 332585184.00
2025/08/07 5.69 5.69 5.57 5.59 81928984 458431168.00
2025/08/08 5.59 5.75 5.57 5.63 86060504 484743648.00
2025/08/11 5.61 5.77 5.60 5.69 64785216 367893056.00
2025/08/12 5.68 5.68 5.60 5.63 40963572 230494576.00
2025/08/13 5.62 5.67 5.61 5.62 41024180 230872752.00
2025/08/14 5.62 5.62 5.57 5.58 62074168 347211104.00
2025/08/15 5.58 5.60 5.57 5.59 39067312 218345888.00
2025/08/18 5.60 5.63 5.59 5.61 62826472 352265760.00
2025/08/19 5.61 5.64 5.58 5.59 52329240 293433088.00
2025/08/20 5.60 5.63 5.59 5.63 43179404 242346000.00
2025/08/21 5.62 5.66 5.61 5.63 44188972 248835184.00
2025/08/22 5.62 5.63 5.60 5.63 38925028 218407232.00
2025/08/25 5.62 5.71 5.61 5.67 71480944 404982272.00
2025/08/26 5.66 5.69 5.63 5.64 51803340 293044896.00
2025/08/27 5.64 5.65 5.57 5.57 80586864 451270208.00
2025/08/28 5.58 5.60 5.55 5.57 57555760 320471104.00
2025/08/29 5.57 5.59 5.55 5.57 43725500 243596560.00
2025/09/01 5.57 5.58 5.55 5.57 33084450 183863200.00
2025/09/02 5.57 5.59 5.55 5.58 70506848 392559072.00
2025/09/03 5.57 5.59 5.55 5.56 54126704 301173056.00
2025/09/04 5.56 5.57 5.53 5.54 69581488 385983360.00
2025/09/05 5.55 5.57 5.54 5.56 71051248 394831296.00
2025/09/08 5.56 5.59 5.53 5.58 77282440 429699072.00
2025/09/09 5.57 5.62 5.56 5.59 71015600 396487296.00
2025/09/10 5.59 5.82 5.56 5.65 130666128 738881984.00
2025/09/12 5.67 5.67 5.45 5.56 66769992 371150624.00
2025/09/15 5.55 5.55 5.38 5.44 69411416 377128192.00
2025/09/16 5.43 5.46 5.37 5.40 37729812 203578080.00
2025/09/17 5.41 5.45 5.37 5.42 31786570 171655712.00
2025/09/18 5.41 5.43 5.27 5.29 47409840 253699824.00
2025/09/19 5.28 5.35 5.27 5.30 24192572 128071840.00
2025/09/22 5.30 5.31 5.18 5.24 27886880 145642784.00
2025/09/23 5.25 5.27 5.10 5.27 37907088 196282048.00
2025/09/24 5.23 5.26 5.21 5.25 19558104 102439864.00
2025/09/25 5.27 5.33 5.23 5.27 23359500 123400488.00
2025/09/26 5.23 5.32 5.23 5.26 23899622 126294184.00
2025/09/29 5.26 5.28 5.18 5.27 22933116 120176488.00
2025/09/30 5.26 5.32 5.25 5.26 25149722 132712808.00
2025/10/09 5.28 5.36 5.27 5.35 34946188 185978112.00
2025/10/10 5.34 5.41 5.29 5.39 42330040 227124320.00
2025/10/13 5.29 5.40 5.25 5.39 34261080 183076496.00
2025/10/14 5.40 5.45 5.32 5.32 36412800 196041344.00
2025/10/15 5.32 5.35 5.29 5.33 25738530 136902480.00
2025/10/16 5.32 5.33 5.20 5.22 30102000 158001456.00
2025/10/17 5.23 5.28 5.12 5.13 29062002 150947280.00
2025/10/20 5.15 5.18 5.13 5.16 20768600 107096704.00
2025/10/21 5.16 5.22 5.14 5.20 17127108 88992576.00
2025/10/22 5.20 5.49 5.19 5.30 50806304 272190880.00
2025/10/23 5.28 5.30 5.21 5.29 31790210 167161136.00
2025/10/24 5.27 5.32 5.20 5.23 27645750 145056240.00
2025/10/27 5.24 5.33 5.23 5.29 28011652 147996272.00
2025/10/28 5.27 5.32 5.24 5.26 21831520 114975360.00
2025/10/29 5.25 5.28 5.20 5.28 25833988 135004640.00
2025/10/30 5.26 5.48 5.25 5.35 52855940 283670592.00
2025/10/31 5.23 5.31 5.22 5.24 37433216 196801840.00
2025/11/03 5.36 5.38 5.25 5.32 34353672 182083952.00
2025/11/04 5.31 5.58 5.28 5.42 78538600 426716000.00
2025/11/05 5.34 5.80 5.33 5.62 137650656 773150272.00
2025/11/06 5.62 5.67 5.57 5.59 60553512 339481024.00
2025/11/07 5.72 5.84 5.60 5.68 87093376 496775264.00
2025/11/10 5.68 5.69 5.58 5.64 53938304 303218272.00
2025/11/11 5.62 5.73 5.59 5.65 38480796 217339344.00
2025/11/12 5.63 5.64 5.48 5.55 40337900 223880240.00
2025/11/13 5.54 5.60 5.52 5.58 28333192 157677936.00
2025/11/14 5.56 5.61 5.51 5.51 28003200 155452832.00
2025/11/17 5.56 5.68 5.51 5.60 43602660 243641024.00
2025/11/18 5.60 5.66 5.50 5.57 42594876 236740992.00
2025/11/19 5.58 5.60 5.42 5.50 42162796 231499472.00
2025/11/20 5.50 5.54 5.41 5.50 35585140 195098992.00
2025/11/21 5.48 5.48 5.25 5.25 49687808 265306256.00
2025/11/24 5.25 5.36 5.24 5.34 32937650 174973376.00
2025/11/25 5.33 5.41 5.30 5.33 30211604 161584816.00
2025/11/26 5.33 5.36 5.26 5.29 29865746 158475248.00
2025/11/27 5.27 5.34 5.25 5.27 22784238 120418880.00
2025/11/28 5.25 5.32 5.25 5.31 20409760 108120240.00
2025/12/01 5.36 5.48 5.33 5.37 39487028 213723520.00
2025/12/02 5.35 5.37 5.30 5.32 20271276 107816352.00
2025/12/03 5.33 5.33 5.25 5.26 23615000 124643256.00
2025/12/04 5.25 5.27 5.17 5.19 26781688 139838112.00
2025/12/05 5.19 5.26 5.17 5.26 21357492 111650608.00
2025/12/08 5.27 5.31 5.24 5.25 29149950 153876464.00
2025/12/09 5.25 5.28 5.20 5.21 24005584 125613848.00
2025/12/10 5.21 5.23 5.17 5.21 17182494 89322008.00
2025/12/11 5.23 5.23 5.13 5.14 24561300 126991320.00
2025/12/12 5.15 5.22 5.12 5.20 41539300 214739280.00
2025/12/15 5.25 5.72 5.25 5.72 161414256 905852416.00
2025/12/16 5.72 5.75 5.49 5.50 139035520 776952512.00
2025/12/17 5.52 5.57 5.41 5.49 62623624 343013472.00
2025/12/18 5.45 5.52 5.42 5.45 51037216 279356448.00
2025/12/19 5.45 5.56 5.43 5.53 53062104 292580704.00
2025/12/22 5.54 5.69 5.50 5.52 60422536 335750400.00
2025/12/23 5.50 5.52 5.34 5.36 54692604 295402880.00
2025/12/24 5.35 5.58 5.30 5.49 71902256 393295168.00
2025/12/25 5.50 6.02 5.48 5.81 158277952 913580928.00
2025/12/26 5.81 6.30 5.81 6.00 190525392 1151912320.00
2025/12/29 6.06 6.12 5.98 6.00 96509032 582616512.00
2025/12/30 5.98 5.98 5.83 5.86 72309592 426331552.00
2025/12/31 5.84 5.92 5.76 5.84 56255228 327651968.00
2026/01/05 5.94 5.97 5.78 5.84 73258840 429416160.00
2026/01/06 5.82 6.26 5.77 6.19 123057768 742092160.00
2026/01/07 6.15 6.21 6.04 6.10 80060088 489305024.00
2026/01/08 6.06 6.43 6.06 6.35 122237288 765728832.00
2026/01/09 6.34 6.75 6.33 6.49 145219280 947926976.00
2026/01/12 6.70 7.14 6.70 7.06 241630704 1699724928.00
2026/01/13 7.10 7.68 6.99 7.22 272849120 1992140416.00
2026/01/14 7.21 7.39 6.91 7.04 189402224 1342476800.00
2026/01/15 6.98 7.70 6.91 7.01 162811312 1176337664.00
2026/01/16 7.10 7.15 6.61 6.66 157814992 1078456448.00
2026/01/19 6.61 6.71 6.40 6.68 145943552 956022848.00
2026/01/20 6.67 6.75 6.35 6.42 108143112 701655360.00
2026/01/21 6.35 6.48 6.32 6.36 61137040 391341504.00
2026/01/22 6.37 6.88 6.34 6.66 120803600 800857472.00
2026/01/23 6.71 7.14 6.66 7.04 132937560 925663232.00
2026/01/26 7.15 7.17 6.72 6.81 122311072 845614528.00
2026/01/27 6.76 7.11 6.54 6.98 132101728 901429888.00
2026/01/28 6.94 6.97 6.74 6.79 78600392 536080384.00
2026/01/29 6.75 7.10 6.75 6.82 104317896 720697216.00
2026/01/30 6.78 6.90 6.33 6.54 133292584 867352576.00
2026/02/02 6.43 6.62 6.35 6.35 79580192 513916096.00
2026/02/03 6.41 6.77 6.37 6.61 99832752 658345472.00
2026/02/04 6.65 6.78 6.56 6.67 72851640 485447872.00
2026/02/05 6.63 6.78 6.47 6.56 63194352 415625408.00
2026/02/06 6.49 6.66 6.42 6.45 59040300 384531424.00
2026/02/09 6.56 7.04 6.56 6.64 103946064 703081920.00
2026/02/10 6.64 6.66 6.34 6.45 77329632 499650688.00
2026/02/11 6.41 6.49 6.31 6.34 62410016 398955360.00
2026/02/12 6.30 6.68 6.21 6.55 112224520 728634304.00
2026/02/13 6.51 6.51 6.30 6.31 65633268 419800928.00
2026/02/24 6.36 6.55 6.33 6.48 60626944 392522976.00
2026/02/25 6.58 6.95 6.48 6.84 119203680 812603712.00
#Ъ§ОнРДдД:ЭЈДяаХ
