000635 гЂ СІ Ьи ШеЯп ЧАИДШЈ
      ШеЦк	    ПЊХЬ	    зюИп	    зюЕЭ	    ЪеХЬ	    ГЩНЛСП	    ГЩНЛЖю
2021/08/02 11.30 11.57 11.12 11.50 7644200 86628840.00
2021/08/03 11.54 11.58 11.13 11.20 6152650 69882528.00
2021/08/04 11.13 11.59 11.12 11.45 5755300 65734132.00
2021/08/05 11.46 11.47 11.09 11.15 6044500 67921992.00
2021/08/06 11.17 12.26 11.17 12.15 15594731 184147232.00
2021/08/09 12.50 13.27 12.27 12.42 26747664 338849088.00
2021/08/10 12.70 13.35 12.63 13.01 24168008 314590848.00
2021/08/11 12.98 14.10 12.90 13.86 20963716 286780704.00
2021/08/12 13.74 13.80 13.34 13.46 14485643 195632224.00
2021/08/13 13.59 13.66 13.29 13.51 11903450 160435088.00
2021/08/16 13.51 13.64 13.13 13.36 12915784 172213168.00
2021/08/17 13.41 13.75 13.01 13.14 12534734 166921520.00
2021/08/18 13.13 14.18 13.11 13.78 21090800 289958048.00
2021/08/19 13.78 13.87 12.75 13.28 15661896 206346784.00
2021/08/20 13.16 13.77 12.61 13.45 12914650 171764208.00
2021/08/23 13.69 13.94 13.30 13.46 13759595 186845984.00
2021/08/24 13.47 13.57 13.21 13.32 10444120 139790896.00
2021/08/25 13.32 13.62 13.00 13.62 11198166 149299232.00
2021/08/26 13.75 13.87 13.26 13.38 12436150 167813728.00
2021/08/27 13.49 14.72 13.11 14.72 30793084 437272256.00
2021/08/30 14.84 15.50 14.30 14.57 34390366 503406336.00
2021/08/31 14.66 14.72 14.00 14.28 23769576 338523008.00
2021/09/01 14.35 14.67 12.85 12.85 31828688 431947424.00
2021/09/02 12.50 13.64 12.38 13.54 22779608 299798496.00
2021/09/03 13.66 14.89 13.65 14.30 39688582 576223232.00
2021/09/06 14.30 14.39 12.95 13.46 26788326 359166592.00
2021/09/07 13.62 14.81 13.60 14.81 22374215 323900128.00
2021/09/08 15.37 16.29 15.22 16.29 44139578 696353344.00
2021/09/09 16.30 17.57 16.30 16.59 45854804 770263040.00
2021/09/10 16.80 17.22 16.29 16.49 27983756 466939104.00
2021/09/13 16.51 17.04 16.15 16.87 26640408 442415040.00
2021/09/14 16.60 16.65 15.64 16.14 21846724 354983648.00
2021/09/15 16.15 16.98 15.95 16.73 24673184 406837056.00
2021/09/16 17.28 18.14 16.69 16.80 29980993 519497056.00
2021/09/17 16.60 17.35 15.71 16.36 21915143 362659008.00
2021/09/22 16.40 17.66 16.34 17.66 22555223 383321376.00
2021/09/23 17.65 18.30 16.60 17.34 25032485 438308256.00
2021/09/24 17.36 17.50 15.66 15.76 20173711 326324320.00
2021/09/27 16.09 16.28 14.18 14.18 18434700 276074848.00
2021/09/28 13.92 15.28 13.92 14.76 18154900 264522848.00
2021/09/29 14.90 15.34 14.13 14.14 14434406 211843264.00
2021/09/30 14.30 15.12 14.16 14.77 11001218 161350288.00
2021/10/08 15.00 15.07 13.85 14.02 16658505 235896864.00
2021/10/11 14.14 14.26 12.63 13.77 12971806 178131520.00
2021/10/12 13.94 14.18 12.88 13.16 12380083 165472736.00
2021/10/13 13.00 13.25 12.25 12.63 11913700 149986640.00
2021/10/14 11.68 11.95 11.37 11.72 25162200 290268992.00
2021/10/15 11.66 11.72 11.19 11.19 14447297 164102896.00
2021/10/18 11.30 11.76 10.95 11.67 13063893 148939600.00
2021/10/19 11.65 12.66 11.50 12.30 17248207 209773184.00
2021/10/20 12.27 12.29 11.62 11.88 13026500 154467584.00
2021/10/21 11.97 12.40 11.76 11.97 13409029 161288192.00
2021/10/22 11.88 12.06 11.40 11.42 11202721 130852400.00
2021/10/25 11.42 11.78 11.32 11.55 8311793 96318152.00
2021/10/26 11.90 12.04 11.50 11.88 16143110 189037760.00
2021/10/27 11.78 11.78 11.16 11.37 15566031 177940944.00
2021/10/28 11.37 11.43 10.48 10.60 14555400 157194464.00
2021/10/29 10.44 10.88 10.44 10.61 9451444 100294376.00
2021/11/01 10.49 10.89 10.44 10.79 8489200 91097024.00
2021/11/02 10.75 10.85 10.09 10.26 11365736 118036688.00
2021/11/03 10.29 10.38 10.00 10.33 8618635 88061600.00
2021/11/04 10.36 10.54 10.26 10.52 8296900 86554016.00
2021/11/05 10.42 10.48 10.06 10.07 7342180 74958712.00
2021/11/08 10.17 10.41 10.02 10.38 6740598 69159328.00
2021/11/09 10.38 10.54 10.30 10.45 8139750 84612000.00
2021/11/10 10.36 10.49 10.09 10.40 9118555 93438368.00
2021/11/11 10.35 10.68 10.31 10.60 11193094 117780832.00
2021/11/12 10.55 10.60 10.32 10.50 8261200 86370888.00
2021/11/15 10.43 10.48 10.25 10.40 7460800 77154752.00
2021/11/16 10.39 10.39 10.06 10.07 9908000 100920016.00
2021/11/17 10.05 10.28 10.04 10.27 6415801 65401516.00
2021/11/18 10.36 11.09 10.28 10.98 21853985 234640288.00
2021/11/19 10.90 12.08 10.65 12.08 32706464 376159168.00
2021/11/22 12.40 12.58 12.08 12.18 37056753 454263104.00
2021/11/23 12.18 12.39 11.78 12.17 20507900 249333088.00
2021/11/24 12.13 12.39 11.88 12.30 17440526 211227520.00
2021/11/25 12.22 12.28 11.85 11.98 11925270 143278912.00
2021/11/26 11.95 12.11 11.80 12.00 9077766 108911072.00
2021/11/29 11.76 12.65 11.53 12.55 21686429 266191936.00
2021/11/30 12.60 12.84 12.30 12.48 17227355 216391584.00
2021/12/01 12.48 13.36 12.29 13.24 23391840 301562176.00
2021/12/02 13.10 14.30 12.96 13.28 28056205 382144160.00
2021/12/03 13.28 13.48 12.86 13.01 16274929 212714384.00
2021/12/06 13.01 13.01 12.45 12.48 15880641 201790192.00
2021/12/07 12.69 12.77 12.14 12.29 12438486 154050224.00
2021/12/08 12.28 12.45 12.19 12.36 8065901 99544992.00
2021/12/09 12.26 12.37 12.11 12.12 8670303 105695064.00
2021/12/10 12.18 12.55 12.11 12.29 9401078 115830456.00
2021/12/13 12.18 12.46 12.13 12.44 8931543 110424960.00
2021/12/14 12.30 13.17 12.16 13.06 18168700 230480512.00
2021/12/15 13.04 13.13 12.73 12.83 10870100 140297744.00
2021/12/16 12.75 13.30 12.73 13.25 13646062 177875808.00
2021/12/17 13.06 13.27 12.70 12.72 11798500 152887648.00
2021/12/20 12.62 12.81 12.21 12.22 9088800 112886056.00
2021/12/21 12.18 12.36 12.06 12.31 6236500 76265048.00
2021/12/22 12.30 12.48 12.21 12.38 5488659 67889184.00
2021/12/23 12.34 12.48 12.10 12.31 6798868 83459776.00
2021/12/24 12.23 12.30 11.33 11.37 13330901 156180800.00
2021/12/27 11.36 11.79 11.12 11.60 6335800 72710792.00
2021/12/28 11.57 11.58 11.37 11.56 4238878 48708844.00
2021/12/29 11.59 11.98 11.55 11.67 8499300 100132048.00
2021/12/30 11.78 11.86 11.60 11.78 6204359 72869136.00
2021/12/31 12.02 12.02 11.69 11.81 6014800 70947120.00
2022/01/04 11.77 11.99 11.71 11.93 6858200 81464312.00
2022/01/05 11.90 11.91 11.47 11.59 6107701 71101952.00
2022/01/06 11.58 11.92 11.46 11.82 5809800 68331080.00
2022/01/07 11.81 11.81 11.42 11.44 6144671 71330304.00
2022/01/10 11.51 11.67 11.41 11.56 3807926 44021192.00
2022/01/11 11.56 11.75 11.53 11.59 4248288 49435868.00
2022/01/12 11.59 11.91 11.55 11.88 7263001 85580304.00
2022/01/13 11.86 11.87 11.63 11.66 4832008 56789072.00
2022/01/14 11.63 11.75 11.31 11.34 5219508 60090944.00
2022/01/17 11.35 11.48 11.33 11.42 3555559 40560388.00
2022/01/18 11.36 11.50 11.13 11.22 5032200 56715196.00
2022/01/19 11.22 11.31 11.08 11.25 3496801 39159444.00
2022/01/20 11.23 11.29 10.66 10.67 6218001 67715976.00
2022/01/21 10.70 10.82 10.54 10.72 2643773 28261722.00
2022/01/24 10.65 10.76 10.44 10.62 2683800 28434208.00
2022/01/25 10.62 10.76 10.18 10.24 3711800 38759032.00
2022/01/26 9.22 9.34 9.22 9.22 3979410 36697700.00
2022/01/27 8.64 9.01 8.64 8.78 9205701 81201552.00
2022/01/28 8.80 9.35 8.75 9.17 8542201 77739624.00
2022/02/07 9.38 9.63 9.24 9.43 4940453 46661188.00
2022/02/08 9.55 9.73 8.49 9.68 6839418 65168332.00
2022/02/09 9.74 9.80 9.54 9.77 4187217 40581164.00
2022/02/10 9.75 9.90 9.70 9.80 3207501 31406580.00
2022/02/11 9.75 9.82 9.48 9.56 4314801 41436364.00
2022/02/14 9.55 9.71 9.39 9.46 2653702 25344956.00
2022/02/15 9.57 9.58 9.28 9.37 3176300 29754100.00
2022/02/16 9.47 9.75 9.42 9.67 4594400 44208508.00
2022/02/17 9.78 9.79 9.53 9.55 3179200 30633512.00
2022/02/18 9.56 9.67 9.48 9.64 2885800 27698322.00
2022/02/21 9.64 9.77 9.59 9.76 2942000 28485748.00
2022/02/22 9.69 9.75 9.52 9.59 3480755 33391918.00
2022/02/23 9.59 9.83 9.56 9.76 3386400 32917510.00
2022/02/24 9.76 9.90 9.27 9.43 5682100 54391232.00
2022/02/25 9.46 9.79 9.35 9.36 4309200 40985756.00
2022/02/28 9.35 9.49 9.11 9.36 3776400 35128968.00
2022/03/01 9.40 9.60 9.39 9.52 4165700 39509656.00
2022/03/02 9.55 9.79 9.40 9.74 4929600 47745408.00
2022/03/03 9.80 9.82 9.66 9.74 4354600 42307248.00
2022/03/04 9.73 9.75 9.52 9.56 3932520 37754300.00
2022/03/07 9.56 9.72 9.46 9.53 4022800 38630812.00
2022/03/08 9.50 9.55 9.08 9.15 4457100 41214164.00
2022/03/09 9.14 9.21 8.41 8.82 6065900 53652808.00
2022/03/10 8.94 9.26 8.94 9.14 4659883 42606588.00
2022/03/11 9.15 9.25 8.85 9.24 3943700 35578648.00
2022/03/14 9.19 9.27 8.95 8.95 2707100 24660004.00
2022/03/15 8.94 8.94 8.49 8.50 4342700 37848520.00
2022/03/16 8.67 8.78 8.18 8.75 4427300 37759184.00
2022/03/17 8.76 8.93 8.64 8.70 3566600 31366262.00
2022/03/18 8.69 8.98 8.61 8.97 3948255 35030332.00
2022/03/21 8.95 9.10 8.86 8.96 3003500 26960312.00
2022/03/22 8.90 9.08 8.83 9.06 3418100 30699284.00
2022/03/23 9.28 9.66 9.14 9.30 10544157 98599168.00
2022/03/24 9.31 10.23 9.24 10.23 8577307 85275128.00
2022/03/25 10.20 11.25 9.86 10.65 30507283 323086784.00
2022/03/28 10.17 10.29 9.87 9.94 16085400 161414576.00
2022/03/29 9.95 10.50 9.72 10.47 17253100 175377168.00
2022/03/30 10.33 10.34 10.03 10.20 11495901 116852824.00
2022/03/31 10.10 10.22 9.83 9.98 9486100 94986872.00
2022/04/01 9.81 10.13 9.71 9.99 8437200 84097184.00
2022/04/06 9.80 10.99 9.75 10.71 16913984 177779776.00
2022/04/07 10.45 11.29 10.27 11.07 22403296 243165840.00
2022/04/08 11.00 11.66 10.60 11.08 19472896 215806176.00
2022/04/11 10.81 10.98 10.29 10.47 12672200 134029968.00
2022/04/12 10.43 10.60 10.12 10.45 9090155 94175648.00
2022/04/13 10.25 10.78 9.98 10.57 12076896 125218720.00
2022/04/14 10.50 10.71 10.26 10.52 9827596 103229424.00
2022/04/15 9.52 9.68 9.47 9.47 5474700 52057368.00
2022/04/18 8.54 8.91 8.54 8.59 12310800 106982448.00
2022/04/19 8.60 9.26 8.60 9.21 12233911 110401424.00
2022/04/20 9.15 9.30 8.71 8.87 7807420 69956216.00
2022/04/21 8.88 8.90 8.28 8.32 7664300 65200592.00
2022/04/22 8.45 8.45 8.00 8.28 5264410 43287976.00
2022/04/25 8.10 8.16 7.53 7.55 6490943 50574012.00
2022/04/26 7.55 7.64 7.23 7.25 4582910 34062288.00
2022/04/27 7.15 7.47 7.04 7.44 4483900 32571356.00
2022/04/28 7.35 7.50 7.10 7.20 3745598 27254614.00
2022/04/29 7.23 7.53 7.17 7.52 3589100 26638838.00
2022/05/05 7.50 7.79 7.50 7.69 3363240 25813124.00
2022/05/06 7.55 7.69 7.44 7.63 3237243 24606286.00
2022/05/09 7.60 7.85 7.57 7.74 2108800 16350516.00
2022/05/10 7.63 7.80 7.58 7.77 2246242 17323658.00
2022/05/11 7.75 7.97 7.72 7.74 3793600 29816628.00
2022/05/12 7.70 7.86 7.64 7.75 2170900 16803636.00
2022/05/13 7.86 7.92 7.73 7.80 1967100 15377944.00
2022/05/16 7.82 7.93 7.75 7.81 1632101 12784144.00
2022/05/17 7.86 7.86 7.60 7.73 2533720 19489190.00
2022/05/18 7.79 8.50 7.66 8.50 9094101 75231504.00
2022/05/19 8.49 9.35 8.36 9.35 16031293 140475264.00
2022/05/20 9.35 10.16 9.10 9.13 22440237 214933568.00
2022/05/23 9.11 9.33 8.90 9.06 14089143 127508240.00
2022/05/24 8.94 9.84 8.80 9.39 19246278 180457488.00
2022/05/25 9.06 9.76 9.02 9.52 15945785 150418896.00
2022/05/26 9.43 9.49 9.02 9.17 11593187 106181616.00
2022/05/27 9.18 10.09 9.08 10.09 19729863 191839888.00
2022/05/30 9.84 11.10 9.82 11.10 34919230 370880896.00
2022/05/31 12.00 12.21 11.25 12.21 56478689 679714176.00
2022/06/01 11.00 11.40 10.99 10.99 14728600 163171840.00
2022/06/02 9.89 10.44 9.89 10.09 40932294 412019072.00
2022/06/06 9.88 10.58 9.81 10.34 29717151 300599840.00
2022/06/07 10.16 10.16 9.81 9.92 19981800 199078688.00
2022/06/08 9.82 9.99 9.45 9.80 17534758 170467392.00
2022/06/09 9.72 9.87 9.53 9.55 12649300 122594272.00
2022/06/10 9.63 9.85 9.51 9.75 11007500 106882728.00
2022/06/13 9.69 9.96 9.50 9.78 10929800 106329936.00
2022/06/14 9.71 9.71 9.27 9.55 11041500 104851624.00
2022/06/15 9.55 9.62 9.32 9.33 9495400 89778416.00
2022/06/16 9.30 9.44 9.29 9.40 5967862 55967296.00
2022/06/17 9.36 9.50 9.13 9.46 9126315 85367784.00
2022/06/20 9.45 9.58 9.34 9.51 6592501 62592820.00
2022/06/21 9.53 9.65 9.24 9.26 7896200 74412584.00
2022/06/22 9.26 9.36 9.05 9.08 7619800 70009216.00
2022/06/23 9.18 9.30 8.97 9.27 6695400 61133740.00
2022/06/24 9.21 9.34 9.21 9.25 4898096 45385124.00
2022/06/27 9.28 9.41 9.22 9.40 6283930 58492900.00
2022/06/28 9.41 9.55 9.25 9.52 7938101 74928496.00
2022/06/29 9.52 9.54 9.23 9.23 6152500 57488648.00
2022/06/30 9.29 9.34 9.20 9.22 4168120 38609760.00
2022/07/01 9.23 9.31 9.13 9.19 3303500 30470492.00
2022/07/04 9.18 9.25 9.10 9.14 5136500 47069948.00
2022/07/05 9.15 9.42 9.09 9.24 7326500 67715336.00
2022/07/06 9.24 9.25 8.81 8.86 7108300 63793540.00
2022/07/07 8.82 9.16 8.82 9.05 4338521 39076568.00
2022/07/08 9.09 9.11 9.00 9.03 2762501 24955172.00
2022/07/11 8.99 9.02 8.85 8.92 2327321 20764826.00
2022/07/12 8.76 8.81 8.50 8.58 5835028 50226596.00
2022/07/13 8.51 8.83 8.51 8.83 4126238 36032520.00
2022/07/14 8.80 8.81 8.65 8.76 2255900 19776660.00
2022/07/15 8.81 8.82 8.47 8.47 3698401 31734660.00
2022/07/18 8.43 8.75 8.43 8.73 3414825 29626736.00
2022/07/19 8.75 8.91 8.67 8.89 3250621 28794724.00
2022/07/20 8.95 9.12 8.84 9.12 5061774 45655580.00
2022/07/21 9.12 9.35 9.01 9.07 5188374 47477952.00
2022/07/22 9.05 9.16 8.98 9.08 3605700 32698354.00
2022/07/25 9.14 9.14 8.87 8.90 2326300 20861068.00
2022/07/26 8.91 9.01 8.77 9.00 1994100 17753796.00
2022/07/27 8.88 9.05 8.88 9.05 2209100 19878018.00
2022/07/28 9.06 9.17 9.03 9.10 2738129 24914508.00
2022/07/29 9.07 10.01 9.07 10.01 31000064 307398368.00
2022/08/01 9.87 10.65 9.61 10.09 37290474 373421024.00
2022/08/02 9.99 10.08 9.40 9.50 19534841 187717408.00
2022/08/03 9.63 10.10 9.27 9.39 15796685 152260368.00
2022/08/04 9.45 10.33 9.42 10.33 13400392 135694912.00
2022/08/05 10.42 10.80 10.11 10.14 36135487 376501408.00
2022/08/08 10.03 10.40 9.94 10.25 18345506 186944512.00
2022/08/09 10.25 10.69 10.03 10.59 23758026 248331120.00
2022/08/10 10.51 10.75 10.29 10.56 17576920 184171376.00
2022/08/11 10.56 10.57 10.24 10.31 13840221 142976176.00
2022/08/12 10.30 10.38 10.10 10.17 10814021 110337944.00
2022/08/15 10.13 10.26 9.99 10.24 8708680 88169480.00
2022/08/16 10.29 10.29 10.08 10.19 7375600 74994728.00
2022/08/17 10.18 10.18 9.97 9.99 8329100 83542096.00
2022/08/18 10.00 10.65 9.87 10.18 12445920 127283040.00
2022/08/19 10.07 10.26 9.80 9.80 9276021 92916752.00
2022/08/22 9.71 9.94 9.68 9.88 5120608 50185392.00
2022/08/23 9.88 10.09 9.81 10.09 5901854 58890844.00
2022/08/24 10.10 10.13 9.65 9.68 7023188 68773192.00
2022/08/25 9.75 9.94 9.44 9.72 4936504 47590984.00
2022/08/26 9.70 10.69 9.57 10.32 29582283 308265312.00
2022/08/29 10.11 11.00 10.01 10.80 30322473 321447456.00
2022/08/30 10.50 10.64 10.28 10.35 17011892 177352016.00
2022/08/31 10.45 11.17 10.13 10.89 28104648 299536992.00
2022/09/01 10.65 10.84 10.26 10.70 18340039 192760480.00
2022/09/02 10.54 10.65 10.29 10.34 11672565 121734248.00
2022/09/05 10.30 10.65 10.15 10.39 10909301 113746792.00
2022/09/06 10.36 11.35 10.27 10.97 22927618 249987360.00
2022/09/07 10.80 11.00 10.71 10.77 17009027 183901520.00
2022/09/08 10.78 11.56 10.68 11.28 29273809 326939936.00
2022/09/09 11.32 11.32 10.96 11.03 16292329 180564784.00
2022/09/13 10.93 11.03 10.59 10.73 13016928 139883264.00
2022/09/14 10.46 10.62 9.85 10.05 16084320 163983344.00
2022/09/15 10.04 10.12 9.49 9.70 11495541 112081632.00
2022/09/16 9.64 9.67 9.22 9.23 8742600 82721608.00
2022/09/19 9.12 9.32 9.00 9.26 4211779 38634712.00
2022/09/20 9.25 9.40 9.25 9.28 3950300 36879244.00
2022/09/21 9.37 9.37 9.00 9.31 3912000 36033304.00
2022/09/22 9.20 9.47 9.15 9.40 4832900 45328784.00
2022/09/23 9.38 9.44 8.91 8.96 6132460 55912904.00
2022/09/26 8.91 9.07 8.72 8.96 4068460 36352916.00
2022/09/27 8.91 9.08 8.84 9.07 3275358 29468862.00
2022/09/28 9.05 9.05 8.60 8.60 4610819 40511088.00
2022/09/29 8.70 8.74 8.56 8.60 2565100 22175424.00
2022/09/30 8.60 8.72 8.54 8.66 2151497 18604652.00
2022/10/10 8.64 8.74 8.27 8.32 3297260 27856650.00
2022/10/11 8.30 8.45 8.20 8.40 2590000 21646228.00
2022/10/12 8.43 8.60 8.16 8.59 3886727 32652028.00
2022/10/13 8.57 8.68 8.45 8.62 2782658 23888916.00
2022/10/14 8.63 8.81 8.63 8.79 2975060 26046358.00
2022/10/17 8.82 8.93 8.67 8.91 3668941 32354922.00
2022/10/18 8.90 8.90 8.78 8.82 2979740 26331942.00
2022/10/19 8.77 8.88 8.71 8.71 2684360 23627844.00
2022/10/20 8.71 8.85 8.58 8.71 2684648 23399974.00
2022/10/21 8.69 8.79 8.64 8.74 2481760 21653820.00
2022/10/24 8.74 9.04 8.74 8.82 5736181 50979100.00
2022/10/25 8.79 8.79 8.40 8.66 3593480 30874278.00
2022/10/26 8.67 8.88 8.62 8.76 3243900 28375440.00
2022/10/27 8.48 8.55 8.17 8.22 8792500 73334104.00
2022/10/28 8.15 8.15 7.70 7.74 6312982 49553832.00
2022/10/31 7.74 8.10 7.64 7.91 4149201 32824482.00
2022/11/01 7.99 8.17 7.88 8.16 3475700 28116604.00
2022/11/02 8.18 8.26 8.14 8.19 2628762 21579490.00
2022/11/03 8.17 8.34 8.14 8.28 2268500 18768304.00
2022/11/04 8.29 8.46 8.29 8.44 2960300 24898372.00
2022/11/07 8.40 8.72 8.40 8.69 4170860 35885344.00
2022/11/08 8.74 8.79 8.60 8.73 2663400 23159624.00
2022/11/09 8.73 8.77 8.65 8.66 2024840 17627966.00
2022/11/10 8.61 8.70 8.60 8.63 2252600 19449544.00
2022/11/11 8.72 8.87 8.69 8.70 2866800 25051572.00
2022/11/14 8.77 8.93 8.57 8.63 3852034 33624192.00
2022/11/15 8.66 8.79 8.59 8.79 2757800 24080724.00
2022/11/16 8.80 8.93 8.77 8.84 2524783 22324820.00
2022/11/17 8.89 8.98 8.76 8.85 3055016 27085578.00
2022/11/18 8.88 8.91 8.61 8.64 3993000 34815048.00
2022/11/21 8.67 8.73 8.53 8.69 2071341 17939564.00
2022/11/22 8.69 8.96 8.63 8.70 4640100 40695892.00
2022/11/23 8.84 9.57 8.82 9.57 7591262 71702304.00
2022/11/24 9.86 10.24 9.44 9.46 31425012 310556928.00
2022/11/25 9.35 10.15 9.35 9.80 24684344 242044240.00
2022/11/28 9.41 10.10 9.21 9.70 19521413 189675296.00
2022/11/29 9.70 9.90 9.48 9.72 15463165 148799408.00
2022/11/30 9.58 9.85 9.45 9.68 11338451 109615944.00
2022/12/01 9.60 9.73 9.54 9.61 8042495 77277040.00
2022/12/02 9.59 9.73 9.46 9.64 9130081 87678024.00
2022/12/05 9.71 10.48 9.64 10.20 21898960 218997696.00
2022/12/06 10.04 10.04 9.75 9.78 12823174 126207664.00
2022/12/07 9.75 9.80 9.44 9.59 10221101 97907392.00
2022/12/08 9.51 9.62 9.42 9.54 7148700 67891816.00
2022/12/09 9.80 9.98 9.62 9.88 12980901 127366368.00
2022/12/12 9.70 9.71 9.48 9.54 8480301 81254304.00
2022/12/13 9.47 9.60 9.39 9.56 5901000 55958728.00
2022/12/14 9.50 9.51 9.09 9.13 8952900 82473504.00
2022/12/15 9.19 9.42 9.14 9.20 4704157 43418768.00
2022/12/16 9.10 9.28 9.08 9.14 3994400 36658188.00
2022/12/19 9.16 9.27 8.87 8.93 4310800 38853984.00
2022/12/20 8.92 9.17 8.88 9.03 3464400 31309696.00
2022/12/21 8.94 9.58 8.94 9.35 8743026 81113864.00
2022/12/22 9.23 9.68 9.11 9.22 8774700 82232704.00
2022/12/23 9.00 9.34 8.70 8.75 7514900 66941752.00
2022/12/26 8.89 9.22 8.78 9.19 6768400 61443452.00
2022/12/27 9.29 9.29 9.04 9.07 4062100 37002456.00
2022/12/28 9.07 9.07 8.81 8.87 2686767 23908900.00
2022/12/29 8.90 8.91 8.65 8.65 3155900 27516262.00
2022/12/30 8.73 8.77 8.60 8.66 2549800 22108008.00
2023/01/03 8.70 8.89 8.55 8.87 2633000 23121636.00
2023/01/04 8.83 8.93 8.76 8.85 2388500 21149432.00
2023/01/05 8.85 8.85 8.73 8.80 2148100 18875788.00
2023/01/06 8.76 8.95 8.76 8.82 3271700 28962368.00
2023/01/09 8.82 9.15 8.82 9.01 5222900 46923948.00
2023/01/10 8.96 8.99 8.76 8.79 3431100 30270512.00
2023/01/11 8.84 8.84 8.65 8.67 2577500 22571306.00
2023/01/12 8.67 8.73 8.59 8.69 2054100 17800842.00
2023/01/13 8.70 8.90 8.70 8.81 2651000 23367632.00
2023/01/16 8.79 8.93 8.76 8.89 2460502 21824828.00
2023/01/17 8.92 8.93 8.77 8.80 1832500 16176239.00
2023/01/18 8.76 8.90 8.75 8.89 1905001 16848764.00
2023/01/19 8.82 9.02 8.82 9.02 2941900 26386536.00
2023/01/20 8.78 9.05 8.76 9.04 4699500 41940160.00
2023/01/30 9.05 9.20 9.05 9.11 4421100 40391052.00
2023/01/31 9.12 9.22 9.02 9.21 3058400 28049740.00
2023/02/01 9.20 9.44 9.19 9.44 4983200 46646184.00
2023/02/02 9.44 9.50 9.35 9.41 3825030 36016696.00
2023/02/03 9.45 9.60 9.24 9.46 5262230 49465420.00
2023/02/06 9.40 9.60 9.38 9.59 4673071 44352964.00
2023/02/07 9.58 9.64 9.47 9.55 3408700 32521972.00
2023/02/08 9.52 9.68 9.47 9.48 3230600 30833416.00
2023/02/09 9.47 9.63 9.45 9.59 3119563 29867788.00
2023/02/10 9.60 9.76 9.56 9.64 3179700 30731942.00
2023/02/13 9.65 9.70 9.54 9.60 3014400 28902330.00
2023/02/14 9.60 10.56 9.55 10.56 13504002 137086144.00
2023/02/15 11.50 11.62 11.30 11.62 16421422 189794256.00
2023/02/16 11.78 12.78 11.02 12.45 72020610 866207744.00
2023/02/17 11.21 11.79 11.21 11.21 40650397 466428064.00
2023/02/20 10.78 11.33 10.48 11.15 31766175 344568416.00
2023/02/21 10.95 11.32 10.77 11.09 22372030 246454064.00
2023/02/22 10.95 11.65 10.82 11.36 30352802 343067744.00
2023/02/23 11.21 11.34 10.61 10.71 24266776 265062416.00
2023/02/24 10.79 11.05 10.38 10.48 17438300 184841200.00
2023/02/27 10.68 10.70 10.23 10.26 13779447 143376032.00
2023/02/28 10.38 10.40 10.11 10.23 10979800 112331608.00
2023/03/01 10.23 10.39 10.18 10.37 9304700 95985088.00
2023/03/02 10.53 10.78 10.46 10.64 21346554 226887584.00
2023/03/03 10.43 11.60 10.41 11.04 33547563 371189504.00
2023/03/06 10.99 11.28 10.80 10.94 21553099 236475216.00
2023/03/07 10.83 11.19 10.77 10.79 16555954 181650208.00
2023/03/08 10.63 10.83 10.55 10.70 10505754 111689016.00
2023/03/09 10.60 10.76 10.45 10.56 8535662 90193392.00
2023/03/10 10.51 10.51 10.27 10.33 7754543 80517744.00
2023/03/13 10.05 10.25 10.03 10.16 6231599 63184744.00
2023/03/14 10.27 10.29 9.90 9.93 7702600 77169488.00
2023/03/15 9.92 10.21 9.92 10.13 5705400 57688508.00
2023/03/16 10.10 10.10 9.77 9.80 6522209 64480640.00
2023/03/17 9.89 9.93 9.80 9.86 4611900 45512836.00
2023/03/20 9.92 9.93 9.73 9.87 5433000 53492704.00
2023/03/21 9.90 10.02 9.80 10.02 4671700 46337596.00
2023/03/22 10.05 10.07 9.85 9.91 5305700 52706736.00
2023/03/23 9.91 10.02 9.79 9.79 5232100 51700072.00
2023/03/24 9.79 9.90 9.78 9.90 3507401 34528460.00
2023/03/27 9.97 9.98 9.73 9.87 4652034 45663632.00
2023/03/28 9.93 9.93 9.75 9.78 3677400 36153656.00
2023/03/29 9.75 10.12 9.67 9.84 10333200 101705656.00
2023/03/30 9.76 9.83 9.49 9.52 7523400 72262336.00
2023/03/31 9.58 9.76 9.49 9.70 4455900 43139416.00
2023/04/03 9.67 9.83 9.64 9.77 3978600 38784560.00
2023/04/04 9.78 9.79 9.54 9.58 4909700 47210464.00
2023/04/06 9.58 9.62 9.45 9.45 3636400 34526904.00
2023/04/07 9.50 9.69 9.46 9.65 3529500 33942552.00
2023/04/10 9.64 9.64 9.31 9.34 5507900 51908144.00
2023/04/11 9.31 9.44 9.15 9.41 2807300 26234056.00
2023/04/12 9.40 9.56 9.38 9.53 2909121 27558814.00
2023/04/13 9.55 9.68 9.48 9.59 3164700 30359160.00
2023/04/14 9.60 9.79 9.47 9.74 5518500 53362352.00
2023/04/17 9.75 9.85 9.71 9.78 3601200 35178224.00
2023/04/18 9.80 10.25 9.71 9.94 13704000 137220096.00
2023/04/19 9.94 10.08 9.76 9.97 7414600 73444128.00
2023/04/20 9.95 9.96 9.63 9.68 5586301 54256372.00
2023/04/21 9.68 9.68 9.26 9.26 5073300 47774200.00
2023/04/24 9.26 9.28 8.98 9.07 4459200 40566200.00
2023/04/25 8.86 9.03 8.23 8.41 8991110 76462376.00
2023/04/26 8.47 8.82 8.41 8.76 5025200 43633872.00
2023/04/27 8.82 8.82 8.62 8.66 3616400 31408990.00
2023/04/28 8.72 9.03 8.69 9.02 3851660 34369568.00
2023/05/04 9.01 9.10 8.85 9.01 3015600 27026236.00
2023/05/05 8.96 9.01 8.84 8.90 2869400 25540072.00
2023/05/08 8.88 9.08 8.88 9.00 3520600 31680348.00
2023/05/09 9.00 9.14 8.89 8.90 3942700 35453544.00
2023/05/10 8.90 8.98 8.79 8.94 3390900 30151108.00
2023/05/11 8.93 9.15 8.86 9.12 3072458 27827898.00
2023/05/12 9.08 9.16 8.91 8.93 2425009 21835872.00
2023/05/15 8.90 9.06 8.88 9.05 2442600 21946552.00
2023/05/16 9.04 9.04 8.91 8.95 1703700 15271554.00
2023/05/17 8.96 9.01 8.88 8.94 2142100 19113864.00
2023/05/18 8.98 9.00 8.90 8.93 1783088 15957208.00
2023/05/19 8.92 8.98 8.82 8.94 1933100 17202536.00
2023/05/22 8.93 9.00 8.84 8.91 2114900 18795944.00
2023/05/23 8.96 8.99 8.73 8.74 2316152 20440662.00
2023/05/24 8.74 8.82 8.67 8.76 1510959 13253888.00
2023/05/25 8.81 8.81 8.61 8.73 2171619 18862962.00
2023/05/26 8.68 8.75 8.55 8.68 1732300 14983634.00
2023/05/29 8.68 8.79 8.50 8.51 2435400 20954502.00
2023/05/30 8.51 8.57 8.38 8.56 2100300 17841072.00
2023/05/31 8.54 8.63 8.48 8.53 1687830 14400429.00
2023/06/01 8.53 8.59 8.39 8.50 2295200 19553058.00
2023/06/02 8.50 8.74 8.46 8.72 2748330 23750620.00
2023/06/05 8.72 8.79 8.67 8.74 1853800 16192111.00
2023/06/06 8.72 8.76 8.46 8.47 2526300 21679670.00
2023/06/07 8.45 8.50 8.31 8.35 2395200 20086030.00
2023/06/08 8.35 8.38 8.25 8.30 1714200 14266937.00
2023/06/09 8.37 8.37 8.24 8.29 2028600 16811584.00
2023/06/12 8.29 8.52 8.18 8.44 2414100 20169788.00
2023/06/13 8.40 8.50 8.38 8.46 1940480 16384014.00
2023/06/14 8.46 8.55 8.39 8.53 1648300 13999529.00
2023/06/15 8.52 8.56 8.45 8.49 1375900 11673049.00
2023/06/16 8.56 9.03 8.56 8.75 9208946 81181984.00
2023/06/19 8.75 9.18 8.70 8.90 8051626 72046136.00
2023/06/20 8.88 8.90 8.66 8.66 4362400 38084572.00
2023/06/21 8.60 8.86 8.60 8.70 3428410 29960216.00
2023/06/26 8.59 8.83 8.52 8.55 3431786 29782362.00
2023/06/27 8.58 9.41 8.58 9.41 9613530 88767784.00
2023/06/28 9.73 10.35 9.52 9.70 35843478 351891968.00
2023/06/29 9.60 10.01 9.40 9.42 20844988 199755040.00
2023/06/30 9.44 9.59 9.32 9.41 14235774 134329504.00
2023/07/03 9.44 9.84 9.41 9.63 16208084 155466512.00
2023/07/04 9.49 9.57 9.35 9.45 10058217 94662784.00
2023/07/05 9.44 9.55 9.35 9.42 8012529 75668776.00
2023/07/06 9.38 9.44 9.17 9.29 9304200 86165080.00
2023/07/07 9.20 9.35 9.17 9.25 5704700 52741888.00
2023/07/10 9.23 9.35 9.21 9.27 4374200 40616124.00
2023/07/11 9.29 9.29 9.18 9.25 4549855 42014956.00
2023/07/12 9.27 9.58 9.19 9.38 10025654 93643280.00
2023/07/13 9.31 9.34 9.18 9.23 6421200 59286620.00
2023/07/14 9.26 9.28 9.16 9.27 3703700 34196324.00
2023/07/17 9.03 9.11 8.65 9.09 7963831 71233536.00
2023/07/18 9.16 9.31 8.98 9.27 6351673 58397704.00
2023/07/19 9.27 9.36 9.15 9.23 3554600 32877064.00
2023/07/20 9.23 9.32 9.13 9.15 3623900 33503056.00
2023/07/21 9.12 9.27 9.08 9.17 3317400 30514544.00
2023/07/24 9.14 9.43 9.14 9.19 4208300 38970128.00
2023/07/25 9.25 9.32 9.15 9.32 5899000 54776148.00
2023/07/26 9.33 9.43 9.23 9.27 3336686 31034574.00
2023/07/27 9.24 9.34 9.16 9.20 3317850 30737786.00
2023/07/28 9.19 9.26 9.01 9.18 4319600 39507424.00
2023/07/31 9.17 9.33 9.16 9.27 3571699 33102976.00
2023/08/01 9.26 9.38 9.23 9.30 2761400 25634298.00
2023/08/02 9.36 9.46 9.23 9.27 4668000 43453896.00
2023/08/03 9.27 9.30 9.12 9.18 2956200 27129852.00
2023/08/04 9.19 9.28 9.08 9.09 3776969 34554520.00
2023/08/07 9.10 9.18 8.98 9.00 2984500 26959634.00
2023/08/08 8.99 9.17 8.80 9.13 4930700 44455752.00
2023/08/09 9.12 9.15 8.87 8.90 4314100 38662248.00
2023/08/10 8.87 8.97 8.86 8.89 2328800 20735524.00
2023/08/11 8.90 8.91 8.77 8.78 2289000 20184024.00
2023/08/14 8.78 8.79 8.63 8.76 2198600 19171380.00
2023/08/15 8.76 8.81 8.63 8.75 1487100 12936196.00
2023/08/16 8.75 8.79 8.66 8.68 1601500 13972855.00
2023/08/17 8.68 8.92 8.56 8.90 3446042 30322780.00
2023/08/18 8.94 8.95 8.75 8.75 2211200 19571554.00
2023/08/21 8.85 8.89 8.69 8.70 1685320 14831424.00
2023/08/22 8.72 8.79 8.45 8.62 2745620 23539392.00
2023/08/23 8.61 8.63 8.47 8.49 1634100 13941512.00
2023/08/24 8.48 8.58 8.36 8.46 1773200 14991263.00
2023/08/25 8.36 8.62 8.30 8.38 2884600 24494006.00
2023/08/28 8.80 8.83 8.59 8.63 4506000 39291712.00
2023/08/29 8.62 8.79 8.58 8.74 3010500 26252008.00
2023/08/30 8.73 8.80 8.64 8.66 2444900 21324012.00
2023/08/31 8.66 8.73 8.54 8.56 2144598 18442070.00
2023/09/01 8.56 8.62 8.47 8.57 1495400 12790271.00
2023/09/04 8.57 8.87 8.57 8.86 3401700 29869804.00
2023/09/05 8.89 8.89 8.77 8.82 1514000 13328292.00
2023/09/06 8.78 8.91 8.76 8.90 1563500 13865095.00
2023/09/07 8.88 8.92 8.78 8.78 1531300 13522986.00
2023/09/08 8.80 8.85 8.72 8.81 1426900 12537720.00
2023/09/11 8.81 8.91 8.77 8.88 2052200 18211278.00
2023/09/12 8.88 8.92 8.81 8.88 1482200 13132999.00
2023/09/13 8.87 8.94 8.78 8.86 1650900 14625055.00
2023/09/14 8.86 8.88 8.79 8.84 1726640 15258711.00
2023/09/15 8.90 8.90 8.73 8.76 2180400 19159814.00
2023/09/18 8.76 8.89 8.68 8.87 1863300 16455777.00
2023/09/19 8.83 8.94 8.80 8.83 1465650 12979658.00
2023/09/20 8.76 9.03 8.65 8.68 2908100 25409316.00
2023/09/21 8.68 8.68 8.56 8.59 1617500 13932004.00
2023/09/22 8.55 8.75 8.52 8.73 1521701 13196058.00
2023/09/25 8.82 8.82 8.55 8.59 1926700 16595508.00
2023/09/26 8.61 8.61 8.38 8.41 2312800 19558460.00
2023/09/27 8.39 8.51 8.35 8.45 1807300 15284844.00
2023/09/28 8.48 8.60 8.46 8.59 1744500 14906259.00
2023/10/09 8.76 8.76 8.48 8.50 2113031 18047744.00
2023/10/10 8.50 8.63 8.50 8.54 1624900 13913975.00
2023/10/11 8.54 8.59 8.48 8.49 1603800 13682898.00
2023/10/12 8.54 8.63 8.45 8.61 1807900 15460970.00
2023/10/13 8.61 8.61 8.45 8.46 1481100 12577616.00
2023/10/16 8.46 8.54 8.42 8.49 1611700 13664734.00
2023/10/17 8.53 8.78 8.46 8.57 2655600 22773864.00
2023/10/18 8.54 8.60 8.26 8.28 3113700 26006980.00
2023/10/19 8.28 8.45 8.20 8.29 2129901 17744506.00
2023/10/20 8.25 8.36 8.18 8.23 2217101 18292290.00
2023/10/23 8.21 8.35 7.98 8.02 2318000 18717180.00
2023/10/24 8.02 8.30 8.02 8.29 1853800 15244004.00
2023/10/25 8.34 8.50 8.32 8.47 1872399 15824759.00
2023/10/26 8.51 8.52 8.33 8.46 1823680 15320187.00
2023/10/27 8.49 8.61 8.36 8.59 2199900 18800968.00
2023/10/30 8.53 8.76 8.41 8.70 2480952 21615640.00
2023/10/31 8.68 8.79 8.60 8.71 2437700 21217608.00
2023/11/01 8.70 8.82 8.67 8.78 2339381 20478580.00
2023/11/02 8.81 8.85 8.68 8.75 2373100 20807684.00
2023/11/03 8.79 8.85 8.70 8.78 1775952 15635702.00
2023/11/06 8.83 8.89 8.76 8.82 1871340 16499231.00
2023/11/07 8.77 8.86 8.74 8.81 1821300 16051026.00
2023/11/08 8.82 8.89 8.80 8.82 1796000 15867842.00
2023/11/09 8.80 8.88 8.79 8.85 1900272 16765992.00
2023/11/10 8.84 8.92 8.78 8.91 2007100 17802744.00
2023/11/13 8.92 9.07 8.89 9.07 3250800 29238882.00
2023/11/14 9.01 9.05 8.95 8.98 2382800 21432556.00
2023/11/15 8.99 9.07 8.98 9.00 1839900 16596215.00
2023/11/16 9.04 9.04 8.94 8.96 1383800 12414497.00
2023/11/17 8.97 9.01 8.92 8.92 1833200 16423616.00
2023/11/20 8.99 9.05 8.93 9.02 1967980 17719712.00
2023/11/21 9.01 9.08 8.94 8.95 1876800 16929402.00
2023/11/22 8.99 9.07 8.94 8.96 1915700 17222686.00
2023/11/23 8.97 9.04 8.90 9.02 1634000 14691543.00
2023/11/24 9.02 9.05 8.88 8.90 1752300 15655850.00
2023/11/27 8.86 9.02 8.84 8.90 1938400 17293616.00
2023/11/28 8.89 9.05 8.89 9.04 2396255 21580986.00
2023/11/29 9.03 9.09 8.90 8.99 1902900 17149132.00
2023/11/30 9.00 9.03 8.79 8.87 2439850 21685502.00
2023/12/01 8.88 9.00 8.77 8.92 2198851 19534016.00
2023/12/04 8.95 9.14 8.93 9.01 2667300 24098124.00
2023/12/05 9.00 9.09 8.93 8.95 2390500 21508430.00
2023/12/06 8.94 9.14 8.88 9.04 3699959 33535998.00
2023/12/07 9.02 9.12 8.90 8.90 2773700 24828284.00
2023/12/08 8.95 9.01 8.61 8.62 3194901 27985758.00
2023/12/11 8.64 8.80 8.57 8.77 3011201 26221666.00
2023/12/12 8.77 8.89 8.61 8.89 3005800 26338172.00
2023/12/13 8.89 9.15 8.83 9.01 3682261 33162704.00
2023/12/14 8.99 9.68 8.97 9.32 15545527 144797536.00
2023/12/15 9.41 9.85 9.19 9.28 18730326 175967168.00
2023/12/18 9.31 9.31 8.90 9.13 12828033 116148872.00
2023/12/19 9.09 9.09 8.70 8.85 9244150 81449944.00
2023/12/20 8.79 8.89 8.68 8.70 5321400 46755488.00
2023/12/21 8.65 8.95 8.52 8.92 6554200 57344152.00
2023/12/22 8.92 8.94 8.75 8.79 4200997 37100808.00
2023/12/25 8.73 8.88 8.53 8.60 3882101 33438460.00
2023/12/26 8.60 8.82 8.57 8.61 4001356 34748528.00
2023/12/27 8.62 8.67 8.45 8.62 3033751 25940834.00
2023/12/28 8.59 8.84 8.58 8.82 4017088 35176560.00
2023/12/29 8.81 9.05 8.81 8.97 3408200 30495236.00
2024/01/02 9.00 9.21 8.97 9.17 5160400 47043920.00
2024/01/03 9.38 9.38 9.05 9.24 6914024 63771232.00
2024/01/04 10.15 10.16 10.15 10.16 8260577 83917248.00
2024/01/05 10.16 10.16 9.17 9.21 36591116 345952128.00
2024/01/08 8.80 9.44 8.80 9.22 22284222 205356976.00
2024/01/09 9.16 9.45 9.14 9.25 15517500 144163824.00
2024/01/10 9.15 9.42 9.01 9.26 11238827 104100848.00
2024/01/11 9.25 9.79 9.20 9.45 12169018 114965576.00
2024/01/12 9.38 9.77 9.36 9.43 10422700 98882440.00
2024/01/15 9.28 9.46 9.24 9.30 7990201 74447280.00
2024/01/16 9.26 9.30 8.98 9.21 6097218 55638460.00
2024/01/17 9.21 9.25 8.96 8.98 4298400 39094568.00
2024/01/18 8.86 9.88 8.52 9.88 18642354 172572912.00
2024/01/19 10.23 10.87 10.20 10.87 30069078 323496672.00
2024/01/22 10.80 11.60 9.91 10.01 65514432 706042688.00
2024/01/23 9.57 9.78 9.01 9.01 41531648 379335552.00
2024/01/24 8.57 9.34 8.56 9.07 41091040 368769568.00
2024/01/25 8.91 9.78 8.63 9.52 39835864 366355200.00
2024/01/26 9.64 10.40 9.61 9.61 29568632 290694496.00
2024/01/29 9.66 9.88 9.13 9.18 22934966 218295792.00
2024/01/30 9.13 9.28 8.71 8.71 14987300 134104336.00
2024/01/31 8.62 9.05 7.89 7.93 19040400 158601600.00
2024/02/01 7.89 7.90 7.23 7.25 16821900 124957776.00
2024/02/02 7.30 7.75 6.75 7.04 16599100 121445280.00
2024/02/05 6.93 7.00 6.34 6.34 10850850 69549424.00
2024/02/06 5.85 6.08 5.71 5.75 21522580 124391032.00
2024/02/07 5.70 5.72 5.18 5.18 20184800 106632360.00
2024/02/08 4.98 5.63 4.80 5.50 23887752 122677304.00
2024/02/19 5.56 6.05 5.40 6.05 19046400 109438096.00
2024/02/20 6.00 6.17 5.84 6.10 13045900 79022832.00
2024/02/21 6.00 6.59 5.93 6.33 12858377 81581176.00
2024/02/22 6.33 6.96 6.33 6.96 14184100 95485392.00
2024/02/23 7.00 7.23 6.80 7.14 18909000 132976920.00
2024/02/26 7.06 7.26 7.00 7.18 14688800 104483816.00
2024/02/27 7.10 7.29 7.03 7.29 11479797 82396792.00
2024/02/28 7.26 8.02 7.26 8.02 38942600 308950624.00
2024/02/29 7.86 8.82 7.51 8.73 55346520 446433376.00
2024/03/01 8.28 8.47 7.86 7.92 40526948 329311168.00
2024/03/04 7.80 7.82 7.26 7.50 24878044 186753600.00
2024/03/05 7.40 7.48 7.12 7.17 17978744 130037320.00
2024/03/06 7.08 7.28 7.08 7.23 13303000 95682064.00
2024/03/07 7.26 7.28 7.05 7.08 10870452 77848856.00
2024/03/08 7.08 7.15 7.00 7.15 8151153 57795404.00
2024/03/11 7.15 7.31 7.10 7.30 9457700 68361264.00
2024/03/12 7.38 7.41 7.22 7.39 9744901 71414592.00
2024/03/13 7.40 7.42 7.24 7.32 7214289 52704820.00
2024/03/14 7.31 7.35 7.07 7.18 7443830 53750988.00
2024/03/15 7.14 7.26 7.09 7.25 5259000 37862300.00
2024/03/18 7.25 7.40 7.25 7.38 8812045 64669192.00
2024/03/19 7.38 7.49 7.36 7.40 9449582 70229048.00
2024/03/20 7.40 7.55 7.37 7.50 8500400 63508192.00
2024/03/21 7.45 7.69 7.45 7.66 14340600 108911480.00
2024/03/22 7.65 7.65 7.42 7.46 10919308 81983864.00
2024/03/25 7.37 7.60 7.23 7.28 9983100 74086872.00
2024/03/26 7.26 7.38 7.07 7.28 8291823 59931632.00
2024/03/27 7.26 7.29 6.94 6.95 6536273 46417368.00
2024/03/28 6.91 7.26 6.91 7.19 7119575 50983148.00
2024/03/29 7.21 7.38 7.19 7.34 6276141 45910308.00
2024/04/01 7.39 7.53 7.34 7.53 7492200 55882584.00
2024/04/02 7.57 7.68 7.51 7.63 8597304 65484340.00
2024/04/03 7.62 7.67 7.43 7.50 6224801 46758052.00
2024/04/08 7.52 7.53 7.23 7.25 5276700 38899440.00
2024/04/09 7.21 7.58 7.21 7.54 6953031 51749856.00
2024/04/10 7.55 7.55 7.24 7.31 5264701 38776852.00
2024/04/11 7.30 7.43 7.22 7.32 4349320 31988038.00
2024/04/12 7.31 7.39 7.20 7.25 4367000 31781508.00
2024/04/15 7.22 7.24 6.53 6.67 12396371 83563048.00
2024/04/16 6.53 6.58 6.00 6.00 9739452 59302400.00
2024/04/17 6.00 6.46 6.00 6.46 8146892 51586944.00
2024/04/18 6.51 6.57 6.30 6.43 6050086 39108376.00
2024/04/19 6.41 6.55 6.31 6.45 5298142 34176312.00
2024/04/22 6.53 6.53 6.16 6.22 4552800 28556556.00
2024/04/23 6.23 6.35 6.20 6.30 3252000 20472492.00
2024/04/24 6.28 6.41 6.28 6.35 3123510 19860006.00
2024/04/25 6.32 6.83 6.32 6.47 8974774 59042424.00
2024/04/26 6.35 6.53 6.26 6.52 6842071 43852668.00
2024/04/29 6.70 6.85 6.41 6.84 7858300 52747896.00
2024/04/30 6.84 7.19 6.76 6.83 6375000 43988608.00
2024/05/06 6.90 7.15 6.86 7.09 6524200 45705496.00
2024/05/07 7.09 7.30 7.06 7.29 7021200 50584240.00
2024/05/08 7.23 7.50 7.17 7.18 10590900 77408312.00
2024/05/09 7.18 7.26 7.10 7.18 5373100 38716872.00
2024/05/10 7.18 7.27 7.02 7.09 4177400 29656698.00
2024/05/13 7.06 7.09 6.85 6.90 3694301 25584570.00
2024/05/14 6.92 7.08 6.92 6.97 2695900 18839480.00
2024/05/15 6.97 7.06 6.90 6.95 2773700 19382796.00
2024/05/16 6.95 7.05 6.95 7.01 2969600 20820552.00
2024/05/17 7.09 7.10 6.98 7.07 3238701 22802442.00
2024/05/20 7.10 7.26 7.08 7.14 3760500 26948492.00
2024/05/21 7.14 7.16 7.01 7.03 3430500 24187068.00
2024/05/22 7.00 7.10 6.96 7.01 2883574 20246782.00
2024/05/23 7.00 7.00 6.75 6.84 3908100 26755112.00
2024/05/24 6.90 7.35 6.78 6.80 8773585 60912416.00
2024/05/27 6.75 6.94 6.62 6.90 5832101 39701788.00
2024/05/28 6.91 7.09 6.76 6.77 4144300 28490430.00
2024/05/29 6.73 6.84 6.70 6.77 3264984 22084436.00
2024/05/30 6.76 6.98 6.71 6.75 4784242 32857034.00
2024/05/31 6.75 6.77 6.63 6.67 3404642 22726848.00
2024/06/03 6.62 6.65 6.37 6.46 5258200 34059008.00
2024/06/04 6.40 6.41 6.21 6.31 4452200 28039436.00
2024/06/05 6.28 6.30 6.13 6.15 3821400 23608302.00
2024/06/06 6.15 6.22 5.75 5.83 6617445 39091312.00
2024/06/07 5.84 6.21 5.84 6.19 4894239 29736628.00
2024/06/11 6.19 6.22 5.96 6.06 3551974 21497816.00
2024/06/12 6.06 6.20 6.02 6.18 2965300 18195484.00
2024/06/13 6.18 6.22 6.07 6.09 2656300 16250017.00
2024/06/14 6.08 6.13 5.96 6.09 1818500 11034333.00
2024/06/17 6.07 6.16 5.99 6.15 2478000 15137954.00
2024/06/18 6.15 6.27 6.12 6.18 3062600 19015516.00
2024/06/19 6.21 6.27 6.13 6.17 2039000 12614267.00
2024/06/20 6.16 6.20 5.97 5.99 2093400 12645843.00
2024/06/21 5.98 6.04 5.89 5.97 1850200 11073887.00
2024/06/24 5.90 6.05 5.69 5.75 3513900 20361420.00
2024/06/25 5.82 5.93 5.76 5.85 2526600 14810273.00
2024/06/26 5.85 6.00 5.76 6.00 2236600 13199598.00
2024/06/27 5.95 6.06 5.88 5.90 1998752 11913994.00
2024/06/28 5.92 5.98 5.82 5.85 2056300 12158616.00
2024/07/01 5.82 5.92 5.75 5.90 1999500 11662923.00
2024/07/02 5.89 6.06 5.87 6.01 2489845 14956762.00
2024/07/03 5.88 6.12 5.88 6.01 2243600 13569813.00
2024/07/04 6.01 6.06 5.78 5.80 2165100 12699450.00
2024/07/05 5.80 5.92 5.77 5.90 1552400 9100449.00
2024/07/08 5.91 5.91 5.69 5.70 2207900 12689905.00
2024/07/09 5.70 5.74 5.51 5.73 2221800 12549885.00
2024/07/10 5.73 5.78 5.56 5.59 2019400 11376252.00
2024/07/11 5.71 5.98 5.67 5.93 4396500 25792752.00
2024/07/12 5.95 6.03 5.86 5.89 2248300 13361121.00
2024/07/15 5.84 5.89 5.70 5.73 1854700 10665608.00
2024/07/16 5.73 5.77 5.67 5.74 1521400 8689052.00
2024/07/17 5.76 5.83 5.60 5.62 2330200 13166476.00
2024/07/18 5.62 5.67 5.45 5.57 2349740 12989014.00
2024/07/19 5.57 5.64 5.46 5.61 1676500 9320931.00
2024/07/22 5.55 5.68 5.53 5.64 1460400 8222541.00
2024/07/23 5.62 5.77 5.59 5.59 2171800 12369658.00
2024/07/24 5.56 5.64 5.45 5.50 2131900 11793969.00
2024/07/25 5.50 5.58 5.42 5.52 2041700 11205609.00
2024/07/26 5.52 5.70 5.52 5.69 2438500 13799826.00
2024/07/29 5.76 5.83 5.65 5.77 2318500 13357366.00
2024/07/30 5.80 5.91 5.73 5.87 2562152 14977142.00
2024/07/31 5.88 6.01 5.85 6.00 3123700 18644104.00
2024/08/01 6.10 6.10 5.99 6.04 3339310 20186638.00
2024/08/02 6.02 6.12 5.98 6.03 2434952 14756592.00
2024/08/05 6.03 6.18 5.93 5.96 2936200 17816522.00
2024/08/06 5.98 6.14 5.98 6.12 2911300 17682874.00
2024/08/07 6.12 6.20 6.06 6.16 1977700 12132419.00
2024/08/08 6.17 6.21 6.07 6.18 2989700 18395258.00
2024/08/09 6.18 6.27 6.13 6.16 2661014 16518904.00
2024/08/12 6.18 6.21 6.06 6.12 2069701 12680357.00
2024/08/13 6.15 6.17 6.00 6.12 1877600 11420827.00
2024/08/14 6.17 6.21 6.04 6.05 1594700 9726912.00
2024/08/15 6.07 6.10 5.98 6.05 2030431 12277804.00
2024/08/16 6.08 6.09 5.93 5.96 1890800 11316063.00
2024/08/19 5.95 5.99 5.90 5.91 1434400 8511312.00
2024/08/20 5.92 5.98 5.80 5.83 1947323 11438005.00
2024/08/21 5.89 5.91 5.78 5.83 2186800 12791942.00
2024/08/22 5.84 5.87 5.70 5.71 1935450 11184704.00
2024/08/23 5.72 5.76 5.60 5.69 1963700 11157320.00
2024/08/26 5.66 5.90 5.66 5.86 2767300 16149551.00
2024/08/27 5.87 5.92 5.78 5.78 1840501 10741659.00
2024/08/28 5.75 5.96 5.73 5.85 2569701 15057394.00
2024/08/29 5.82 5.91 5.76 5.88 2939801 17197436.00
2024/08/30 5.95 6.02 5.88 5.96 3311600 19777752.00
2024/09/02 5.91 6.06 5.89 5.96 2630000 15759378.00
2024/09/03 5.96 6.04 5.90 5.94 1798501 10731058.00
2024/09/04 5.97 5.97 5.75 5.78 3167800 18464176.00
2024/09/05 5.84 5.84 5.71 5.76 2040600 11769786.00
2024/09/06 5.76 5.80 5.66 5.67 2035900 11618568.00
2024/09/09 5.67 5.78 5.59 5.77 2339731 13408585.00
2024/09/10 5.76 5.84 5.70 5.82 2623300 15145722.00
2024/09/11 5.82 5.88 5.71 5.72 1650200 9527657.00
2024/09/12 5.72 5.82 5.71 5.72 1758500 10114777.00
2024/09/13 5.74 5.83 5.67 5.74 2657000 15338390.00
2024/09/18 5.68 5.79 5.53 5.63 2643200 14863281.00
2024/09/19 5.64 5.87 5.64 5.84 3454400 19994912.00
2024/09/20 5.84 5.87 5.78 5.84 1937400 11282601.00
2024/09/23 5.85 5.95 5.77 5.93 2851300 16773731.00
2024/09/24 5.93 6.13 5.91 6.11 3580001 21554708.00
2024/09/25 6.18 6.34 6.18 6.24 4243732 26541422.00
2024/09/26 6.22 6.31 6.16 6.31 4199101 26184806.00
2024/09/27 6.42 6.62 6.27 6.50 6252755 40190736.00
2024/09/30 6.70 7.03 6.53 7.00 10930749 74702480.00
2024/10/08 7.59 7.65 6.94 7.21 17057228 123808064.00
2024/10/09 7.01 7.04 6.51 6.51 9470303 63836172.00
2024/10/10 6.61 6.85 6.53 6.68 6833500 45741576.00
2024/10/11 6.67 6.70 6.37 6.43 4843100 31559056.00
2024/10/14 6.55 6.70 6.48 6.68 4826301 31821062.00
2024/10/15 6.75 6.75 6.57 6.59 3301100 21910828.00
2024/10/16 6.57 6.74 6.52 6.68 3934499 26214776.00
2024/10/17 6.69 6.87 6.64 6.66 4514917 30412236.00
2024/10/18 6.71 6.81 6.62 6.73 6145618 41251000.00
2024/10/21 6.76 6.86 6.73 6.81 5360455 36331756.00
2024/10/22 6.85 6.92 6.81 6.92 4614714 31735944.00
2024/10/23 6.93 7.07 6.89 6.96 5788700 40416560.00
2024/10/24 6.93 7.05 6.86 7.00 4151788 28945444.00
2024/10/25 7.00 7.55 7.00 7.44 16063292 118488984.00
2024/10/28 7.49 8.18 7.49 8.18 25177896 200157760.00
2024/10/29 8.50 9.00 8.28 8.61 38207664 332609920.00
2024/10/30 8.95 9.27 8.52 8.86 34184580 304535424.00
2024/10/31 8.51 9.20 8.00 8.74 35971032 305781920.00
2024/11/01 8.79 9.55 8.35 8.85 35276440 317362080.00
2024/11/04 9.09 9.74 8.96 9.74 32275864 302089248.00
2024/11/05 10.00 10.64 9.51 9.81 41035360 413472928.00
2024/11/06 9.70 9.79 9.20 9.28 29216228 273806176.00
2024/11/07 9.30 9.58 9.03 9.24 20304076 187965248.00
2024/11/08 9.80 10.16 9.80 10.16 10989656 110868080.00
2024/11/11 10.16 10.54 9.70 10.27 32737832 334473856.00
2024/11/12 9.98 10.24 9.82 10.14 21897332 218670384.00
2024/11/13 10.05 10.11 9.61 9.82 12359801 121065432.00
2024/11/14 9.71 9.82 9.30 9.37 10828600 103342424.00
2024/11/15 9.33 9.45 8.91 8.95 9764902 89304984.00
2024/11/18 9.04 9.18 8.41 8.46 9136112 78990256.00
2024/11/19 8.46 8.58 8.22 8.54 8275699 69435640.00
2024/11/20 8.53 8.94 8.46 8.80 8685878 76248168.00
2024/11/21 8.80 9.05 8.40 8.54 13743974 118814016.00
2024/11/22 8.59 8.80 8.29 8.32 11158200 95111248.00
2024/11/25 8.40 8.40 8.12 8.32 6858800 56603084.00
2024/11/26 8.37 8.43 8.22 8.27 4810900 39962488.00
2024/11/27 8.29 8.29 7.90 8.28 7205174 58402596.00
2024/11/28 8.43 8.68 8.18 8.41 10634101 89793536.00
2024/11/29 8.33 8.45 8.19 8.43 6603703 55054792.00
2024/12/02 8.44 8.68 8.40 8.62 8454468 72618136.00
2024/12/03 8.62 8.74 8.51 8.70 6675611 57626184.00
2024/12/04 8.70 8.70 8.35 8.40 5806800 49410392.00
2024/12/05 8.39 8.50 8.37 8.49 4512600 38108976.00
2024/12/06 8.43 8.61 8.36 8.57 5164205 43899852.00
2024/12/09 8.63 8.71 8.45 8.58 4699801 40349012.00
2024/12/10 8.77 8.85 8.51 8.52 6824400 58943728.00
2024/12/11 8.63 8.73 8.55 8.68 5321547 46007644.00
2024/12/12 8.74 9.05 8.58 8.88 10360147 91448752.00
2024/12/13 8.88 8.90 8.55 8.57 7929000 68602872.00
2024/12/16 8.57 8.72 8.53 8.60 6029000 52098328.00
2024/12/17 8.63 8.70 8.15 8.17 6888901 57383620.00
2024/12/18 8.44 8.99 8.40 8.99 8998664 78939376.00
2024/12/19 9.02 9.89 8.97 9.21 36554464 344225312.00
2024/12/20 9.03 9.10 8.67 8.87 20647236 183597344.00
2024/12/23 8.81 9.48 8.43 9.38 29613024 266285024.00
2024/12/24 9.10 9.65 9.00 9.22 21884220 202767024.00
2024/12/25 9.06 9.11 8.30 8.31 18445408 158083040.00
2024/12/26 8.10 8.49 8.01 8.11 12942550 105783536.00
2024/12/27 8.07 8.40 7.92 8.16 10524447 86667352.00
2024/12/30 8.21 8.25 7.81 7.87 9730066 77792880.00
2024/12/31 7.88 8.01 7.74 7.78 6869288 53956160.00
2025/01/02 7.83 7.95 7.56 7.69 7718547 59942444.00
2025/01/03 7.72 7.76 7.21 7.22 7058464 52062280.00
2025/01/06 7.19 7.45 6.85 7.43 7311900 52795232.00
2025/01/07 7.45 7.56 7.31 7.49 4448663 33058710.00
2025/01/08 7.52 7.59 7.31 7.56 4989200 37320476.00
2025/01/09 7.56 7.76 7.50 7.52 4932752 37577388.00
2025/01/10 7.52 7.58 7.20 7.21 4465200 32931640.00
2025/01/13 6.99 7.38 6.98 7.27 4051700 29187932.00
2025/01/14 7.28 7.64 7.28 7.61 5191027 38990380.00
2025/01/15 7.64 7.74 7.52 7.72 4639200 35426888.00
2025/01/16 7.81 7.90 7.65 7.74 5736600 44493752.00
2025/01/17 7.75 7.87 7.61 7.78 3685800 28526386.00
2025/01/20 7.76 7.90 7.46 7.70 3994800 30650292.00
2025/01/21 7.78 7.78 7.50 7.54 3982100 30183986.00
2025/01/22 7.54 7.57 7.40 7.42 2987600 22323008.00
2025/01/23 7.53 7.73 7.43 7.43 4163700 31611808.00
2025/01/24 7.43 7.53 7.34 7.49 3015000 22429948.00
2025/01/27 7.61 7.77 7.49 7.53 3881800 29579812.00
2025/02/05 7.65 7.69 7.52 7.68 4026700 30698538.00
2025/02/06 7.68 7.80 7.55 7.78 3791400 29168934.00
2025/02/07 7.78 7.90 7.74 7.82 4285500 33546780.00
2025/02/10 7.88 8.05 7.86 8.05 5078300 40374032.00
2025/02/11 8.06 8.06 7.78 7.84 4465821 35004484.00
2025/02/12 7.88 7.98 7.83 7.94 4058402 32072436.00
2025/02/13 7.93 7.95 7.78 7.80 3846504 30193762.00
2025/02/14 7.86 7.87 7.66 7.70 4294800 33290070.00
2025/02/17 7.75 7.95 7.71 7.88 5074913 39783220.00
2025/02/18 7.90 7.94 7.62 7.65 3992401 31020012.00
2025/02/19 7.65 7.87 7.63 7.78 4319100 33542764.00
2025/02/20 7.86 8.18 7.73 7.85 8057613 63742296.00
2025/02/21 7.85 7.88 7.62 7.69 6571400 50559128.00
2025/02/24 7.65 7.79 7.62 7.71 5590800 43098756.00
2025/02/25 7.68 7.74 7.61 7.62 3820200 29318376.00
2025/02/26 7.62 7.76 7.62 7.73 4062313 31314684.00
2025/02/27 7.76 7.82 7.52 7.67 5248100 40154784.00
2025/02/28 7.65 7.72 7.53 7.56 4826200 36741640.00
2025/03/03 7.56 7.85 7.56 7.63 5717600 44154804.00
2025/03/04 7.65 7.79 7.55 7.76 4318400 33366262.00
2025/03/05 7.77 7.79 7.55 7.68 4583001 34943288.00
2025/03/06 7.70 7.77 7.63 7.72 4263100 32856042.00
2025/03/07 7.68 7.84 7.66 7.70 4775100 36978956.00
2025/03/10 7.71 7.88 7.71 7.79 4825801 37645100.00
2025/03/11 7.76 7.90 7.70 7.90 4693100 36665988.00
2025/03/12 7.92 8.05 7.87 8.03 5914601 47232868.00
2025/03/13 8.02 8.05 7.74 7.89 6189900 48618064.00
2025/03/14 7.88 8.02 7.88 8.01 5553601 44226156.00
2025/03/17 8.02 8.15 7.95 8.05 4482300 36150044.00
2025/03/18 8.08 8.10 7.94 7.98 3386301 27055106.00
2025/03/19 8.01 8.02 7.92 7.95 2777900 22114192.00
2025/03/20 7.95 8.08 7.91 8.04 3736652 29954472.00
2025/03/21 8.04 8.10 7.91 7.96 3955252 31631510.00
2025/03/24 7.96 8.02 7.66 7.82 7336100 57112920.00
2025/03/25 7.81 8.15 7.76 8.08 7593660 60731324.00
2025/03/26 8.09 8.32 8.01 8.26 7856701 64454956.00
2025/03/27 8.27 8.47 8.13 8.34 9411800 78166384.00
2025/03/28 8.31 8.34 8.05 8.08 5741000 46865360.00
2025/03/31 8.04 8.08 7.74 7.88 4971200 39101224.00
2025/04/01 7.88 8.11 7.88 8.04 4141499 33232702.00
2025/04/02 8.01 8.18 7.97 7.99 3582600 28836052.00
2025/04/03 7.97 8.20 7.91 8.19 4928720 39860288.00
2025/04/07 7.91 7.91 7.37 7.37 7874600 59152080.00
2025/04/08 7.18 7.52 7.03 7.20 7019902 50636628.00
2025/04/09 7.11 7.42 6.75 7.37 5208552 36992868.00
2025/04/10 7.43 7.62 7.40 7.51 3892152 29365808.00
2025/04/11 7.42 7.72 7.42 7.72 3314800 25347276.00
2025/04/14 7.75 7.93 7.75 7.92 2949901 23194074.00
2025/04/15 7.92 8.14 7.85 7.99 3255001 25884182.00
2025/04/16 7.95 7.97 7.60 7.80 4396101 34217144.00
2025/04/17 7.79 8.00 7.72 7.95 3547000 28065586.00
2025/04/18 7.88 7.95 7.81 7.88 2319801 18280362.00
2025/04/21 7.85 8.06 7.85 7.99 3054801 24358500.00
2025/04/22 7.94 8.03 7.88 7.97 2327200 18465848.00
2025/04/23 7.95 8.08 7.90 8.01 2527400 20182070.00
2025/04/24 8.00 8.10 7.91 7.93 3044700 24337744.00
2025/04/25 7.88 8.07 7.88 7.94 3283200 26180420.00
2025/04/28 7.87 7.95 7.68 7.80 3457400 26975576.00
2025/04/29 7.81 8.08 7.77 8.03 4464904 35648664.00
2025/04/30 8.13 8.13 7.91 8.00 3652100 29207046.00
2025/05/06 8.00 8.11 8.00 8.11 3839600 30999010.00
2025/05/07 8.18 8.32 8.12 8.30 4985001 41014516.00
2025/05/08 8.33 8.38 8.17 8.19 5563004 46069576.00
2025/05/09 8.23 8.30 8.12 8.16 4572601 37437760.00
2025/05/12 8.22 8.22 8.08 8.19 3446200 28113926.00
2025/05/13 8.28 8.29 8.08 8.16 3746183 30602084.00
2025/05/14 8.14 8.24 8.10 8.24 3768784 30851006.00
2025/05/15 8.21 9.06 8.20 8.58 27662268 242106688.00
2025/05/16 8.52 8.57 8.30 8.39 15456700 130335128.00
2025/05/19 8.53 9.05 8.45 8.80 20005202 175055216.00
2025/05/20 8.76 8.99 8.69 8.80 13579201 119679304.00
2025/05/21 8.79 9.32 8.65 9.06 18100700 163063760.00
2025/05/22 9.04 9.04 8.64 8.69 13260301 116415256.00
2025/05/23 8.73 8.73 8.50 8.51 7884499 67840552.00
2025/05/26 8.47 8.78 8.47 8.64 7431300 64276800.00
2025/05/27 8.64 8.70 8.53 8.69 5827083 50220892.00
2025/05/28 8.70 8.71 8.46 8.53 6463084 55224532.00
2025/05/29 8.52 8.61 8.41 8.55 4701900 40135188.00
2025/05/30 8.55 8.60 8.33 8.38 4880801 41078808.00
2025/06/03 8.25 8.52 8.25 8.42 4394002 37093944.00
2025/06/04 8.43 8.55 8.37 8.44 3872401 32682648.00
2025/06/05 8.44 8.47 8.29 8.33 4096025 34229760.00
2025/06/06 8.34 8.53 8.34 8.49 4771031 40354108.00
2025/06/09 8.48 8.57 8.45 8.56 3880700 33105276.00
2025/06/10 8.57 8.61 8.31 8.48 4757901 40258540.00
2025/06/11 8.43 8.58 8.42 8.54 3373044 28767604.00
2025/06/12 8.52 8.90 8.42 8.74 11554118 100046480.00
2025/06/13 8.63 8.70 8.49 8.51 9203400 78993696.00
2025/06/16 8.48 8.67 8.48 8.56 4706685 40529048.00
2025/06/17 8.61 8.84 8.60 8.66 6121147 53278856.00
2025/06/18 8.66 8.78 8.56 8.75 5878600 50987004.00
2025/06/19 8.75 8.75 8.43 8.56 5184100 44401492.00
2025/06/20 8.48 8.69 8.44 8.49 4092200 34976272.00
2025/06/23 8.48 8.63 8.34 8.62 4216100 36123408.00
2025/06/24 8.62 8.75 8.53 8.75 5246118 45422476.00
2025/06/25 8.75 8.89 8.66 8.80 5093748 44711952.00
2025/06/26 8.78 8.88 8.71 8.77 3829200 33659900.00
2025/06/27 8.75 8.82 8.73 8.79 4105000 36017456.00
2025/06/30 8.80 9.01 8.72 8.87 5890785 52276372.00
2025/07/01 8.90 9.00 8.86 8.96 5150796 46042608.00
2025/07/02 8.96 8.96 8.88 8.96 3869685 34554124.00
2025/07/03 9.01 9.07 8.91 8.98 4910000 44065556.00
2025/07/04 9.04 9.16 8.88 8.91 6870200 61739752.00
2025/07/07 8.88 9.08 8.88 9.06 4831500 43518024.00
2025/07/08 9.07 9.13 8.98 9.06 3621100 32699584.00
2025/07/09 9.05 9.12 9.01 9.03 3579600 32419500.00
2025/07/10 9.05 9.93 8.98 9.93 15037170 148218848.00
2025/07/11 10.06 10.27 9.38 9.57 43681292 423000768.00
2025/07/14 9.52 9.57 9.30 9.32 22008374 206601360.00
2025/07/15 9.43 9.43 9.07 9.17 14430201 132452744.00
2025/07/16 9.13 9.16 8.98 8.99 12308100 111294328.00
2025/07/17 8.98 9.02 8.88 8.93 10026120 89284744.00
2025/07/18 8.91 9.00 8.91 9.00 7496100 67182496.00
2025/07/21 9.00 9.18 8.98 9.18 10963320 100042792.00
2025/07/22 9.18 9.25 9.01 9.24 10777720 98450080.00
2025/07/23 9.23 9.44 9.16 9.26 14097700 131552696.00
2025/07/24 9.30 9.36 9.22 9.36 9347733 86869528.00
2025/07/25 9.36 9.39 9.20 9.22 7303400 67755448.00
2025/07/28 9.19 9.30 9.10 9.29 6533900 60102004.00
2025/07/29 9.28 9.28 9.01 9.11 6696750 60865992.00
2025/07/30 9.06 9.15 8.96 9.05 6879500 62272304.00
2025/07/31 9.05 9.06 8.81 8.85 8273830 73676544.00
2025/08/01 8.91 9.00 8.86 9.00 5085630 45552820.00
2025/08/04 8.97 9.15 8.88 9.11 5064400 45882496.00
2025/08/05 9.09 9.20 9.08 9.17 5105300 46714936.00
2025/08/06 9.20 9.24 9.07 9.11 5186301 47322916.00
2025/08/07 9.11 9.16 9.01 9.10 5032901 45732548.00
2025/08/08 9.14 9.26 9.06 9.23 7561301 69394488.00
2025/08/11 9.25 9.48 9.11 9.41 8754568 81965680.00
2025/08/12 9.40 9.43 9.25 9.34 5129548 47767484.00
2025/08/13 9.30 9.37 9.13 9.18 6508047 59859468.00
2025/08/14 9.19 9.23 8.93 8.94 6453639 58418696.00
2025/08/15 8.99 9.07 8.93 8.96 5191415 46615128.00
2025/08/18 8.96 9.10 8.95 9.00 5919918 53463712.00
2025/08/19 9.00 9.19 8.96 9.12 6660209 60580044.00
2025/08/20 9.12 9.29 9.10 9.20 7248000 66744796.00
2025/08/21 9.19 9.33 9.17 9.31 7901957 73133992.00
2025/08/22 9.25 9.34 9.10 9.19 7317770 67204224.00
2025/08/25 9.19 9.24 9.04 9.08 8273668 75329920.00
2025/08/26 9.08 9.22 9.04 9.14 6644121 60821020.00
2025/08/27 9.25 9.25 8.82 8.82 11081500 99674176.00
2025/08/28 8.80 8.96 8.44 8.79 9346760 81069416.00
2025/08/29 8.76 8.82 8.69 8.71 4928050 43052336.00
2025/09/01 8.69 8.84 8.61 8.75 4503701 39374960.00
2025/09/02 8.79 8.79 8.59 8.69 4712200 40869968.00
2025/09/03 8.69 8.74 8.38 8.40 5301300 45218504.00
2025/09/04 8.42 8.67 8.37 8.46 5030031 42886672.00
2025/09/05 8.46 8.62 8.44 8.57 3986000 34056980.00
2025/09/08 8.60 8.80 8.57 8.71 4144400 35989152.00
2025/09/09 8.71 8.78 8.64 8.72 3442948 30024594.00
2025/09/10 8.70 8.76 8.64 8.74 2199180 19135390.00
2025/09/11 8.72 8.75 8.61 8.72 3047130 26482518.00
2025/09/12 8.71 8.75 8.66 8.70 2876306 25012198.00
2025/09/15 8.64 8.71 8.50 8.60 3978950 34100296.00
2025/09/16 8.70 8.71 8.56 8.63 3413152 29422174.00
2025/09/17 8.63 8.67 8.56 8.59 3092505 26595496.00
2025/09/18 8.63 8.63 8.33 8.36 5822200 49170068.00
2025/09/19 8.37 8.44 8.28 8.38 3474950 29075534.00
2025/09/22 8.38 8.42 8.20 8.25 3342300 27589654.00
2025/09/23 8.29 8.29 7.91 8.13 4433550 35709208.00
2025/09/24 8.14 8.35 8.14 8.32 2977550 24614456.00
2025/09/25 8.26 8.35 8.16 8.16 2360400 19430380.00
2025/09/26 8.11 8.32 8.10 8.26 3036100 25032952.00
2025/09/29 8.27 8.36 8.12 8.36 2575780 21360526.00
2025/09/30 8.39 8.40 8.31 8.34 2459800 20534948.00
2025/10/09 8.40 8.40 8.21 8.31 3113000 25784324.00
2025/10/10 8.31 8.46 8.27 8.42 3591300 30213514.00
2025/10/13 8.30 8.41 8.00 8.40 4417620 36496208.00
2025/10/14 8.40 8.49 8.33 8.38 3598004 30250652.00
2025/10/15 8.38 8.66 8.36 8.47 5182900 44337424.00
2025/10/16 8.52 8.52 8.35 8.35 2960300 24823430.00
2025/10/17 8.35 8.44 8.28 8.32 2681900 22415678.00
2025/10/20 8.37 8.46 8.32 8.45 2295424 19273712.00
2025/10/21 8.48 8.63 8.41 8.61 4018100 34376348.00
2025/10/22 8.56 8.71 8.55 8.65 3973500 34430908.00
2025/10/23 8.60 8.82 8.60 8.80 5692700 49814820.00
2025/10/24 8.76 8.85 8.66 8.67 4544916 39613496.00
2025/10/27 8.75 8.78 8.55 8.67 4607724 39853984.00
2025/10/28 8.65 8.80 8.64 8.65 2929200 25459964.00
2025/10/29 8.62 8.68 8.48 8.58 3660000 31365488.00
2025/10/30 8.59 8.98 8.51 8.70 8708554 76154240.00
2025/10/31 8.75 8.76 8.56 8.66 5103691 44328516.00
2025/11/03 8.67 8.84 8.64 8.83 4960290 43493560.00
2025/11/04 8.80 8.92 8.75 8.87 3742000 33057920.00
2025/11/05 8.82 8.99 8.76 8.92 4027800 35971084.00
2025/11/06 8.95 8.98 8.84 8.93 3190400 28467850.00
2025/11/07 8.97 9.13 8.93 9.12 6642820 60148552.00
2025/11/10 9.12 9.21 9.05 9.07 5217200 47523524.00
2025/11/11 9.06 9.25 9.05 9.22 5947486 54641276.00
2025/11/12 9.26 9.27 9.12 9.19 4312500 39603208.00
2025/11/13 9.21 9.33 9.11 9.33 6051600 55980600.00
2025/11/14 9.32 9.45 9.25 9.32 4101921 38297640.00
2025/11/17 9.34 9.48 9.29 9.41 5245900 49165556.00
2025/11/18 9.38 9.43 9.17 9.35 5604000 51889564.00
2025/11/19 9.25 10.29 9.25 10.29 15367947 155727920.00
2025/11/20 10.40 10.60 9.44 9.50 41654040 404044960.00
2025/11/21 9.27 9.30 8.64 8.67 25603874 229217168.00
2025/11/24 8.90 8.95 8.68 8.77 14587268 128100120.00
2025/11/25 8.86 8.93 8.72 8.83 9625300 85102544.00
2025/11/26 8.83 8.93 8.79 8.79 7468200 66172000.00
2025/11/27 8.75 8.92 8.74 8.87 5850800 51823664.00
2025/11/28 8.85 9.76 8.80 9.21 25678300 239470416.00
2025/12/01 9.40 9.58 9.22 9.24 22287900 208558400.00
2025/12/02 9.26 9.32 9.14 9.29 11227300 103986088.00
2025/12/03 9.33 9.41 9.18 9.27 9442700 87698008.00
2025/12/04 9.37 9.73 9.23 9.66 22405900 215264448.00
2025/12/05 9.49 9.87 9.49 9.79 15342606 149291792.00
2025/12/08 9.80 9.85 9.36 9.47 14236206 135291200.00
2025/12/09 9.45 9.66 9.30 9.52 11877800 112974544.00
2025/12/10 9.42 9.56 9.39 9.52 7002350 66374048.00
2025/12/11 9.45 9.90 9.45 9.78 15724800 153548496.00
2025/12/12 9.83 9.85 9.46 9.49 11728800 112857392.00
2025/12/15 9.49 9.71 9.35 9.65 6947800 66487628.00
2025/12/16 9.60 9.65 9.36 9.43 6850200 65063396.00
2025/12/17 9.41 9.59 9.25 9.50 7758300 73262208.00
2025/12/18 9.53 9.54 9.36 9.39 4442100 41942120.00
2025/12/19 9.46 9.64 9.35 9.62 5226600 49807924.00
2025/12/22 9.61 9.68 9.39 9.48 5924600 56550056.00
2025/12/23 9.48 9.57 9.25 9.37 6002600 56316412.00
2025/12/24 9.36 9.43 9.18 9.26 5705900 52934748.00
2025/12/25 9.30 9.33 9.07 9.14 4177990 38272176.00
2025/12/26 9.20 9.22 8.98 9.01 5845500 52950240.00
2025/12/29 9.10 9.34 8.97 9.20 7861400 71906168.00
2025/12/30 9.20 9.21 8.93 8.97 5571600 50365960.00
2025/12/31 8.97 9.02 8.83 8.89 4543900 40440076.00
2026/01/05 8.89 8.93 8.74 8.77 5616800 49296488.00
2026/01/06 8.78 9.09 8.78 9.01 6784400 60770548.00
2026/01/07 9.00 9.91 8.99 9.91 15780822 153282000.00
2026/01/08 9.88 10.39 9.64 9.83 34524360 342161600.00
2026/01/09 9.71 9.88 9.55 9.69 18236400 177197120.00
2026/01/12 9.66 9.80 9.60 9.73 11060800 107293984.00
2026/01/13 9.73 9.98 9.63 9.70 12810100 125601288.00
2026/01/14 9.70 9.96 9.66 9.87 12995813 127089096.00
2026/01/15 9.84 10.01 9.72 9.95 11058500 109773880.00
2026/01/16 9.95 10.07 9.63 9.76 9019700 88177984.00
2026/01/19 9.66 10.20 9.64 10.13 11627416 116253080.00
2026/01/20 10.00 10.06 9.85 10.05 9443200 93952480.00
2026/01/21 9.98 10.08 9.82 9.99 6293900 62465996.00
2026/01/22 9.94 10.28 9.94 10.22 8495260 86324560.00
2026/01/23 10.24 10.24 10.01 10.16 7486711 75620624.00
2026/01/26 10.16 10.49 10.09 10.18 9157111 93875280.00
2026/01/27 10.08 10.23 9.91 10.12 7892501 79344728.00
2026/01/28 10.17 10.46 10.08 10.29 10162397 104441256.00
2026/01/29 10.26 10.35 10.02 10.11 9457500 96168272.00
2026/01/30 10.06 10.25 9.81 10.21 9841300 98708304.00
2026/02/02 10.22 10.22 9.68 9.69 7954511 78833912.00
2026/02/03 9.86 9.94 9.59 9.90 6864000 67504024.00
2026/02/04 9.95 10.26 9.87 10.26 6952475 70606024.00
2026/02/05 10.16 10.26 9.97 10.02 5162200 52185452.00
2026/02/06 9.92 10.30 9.82 10.17 6149024 62448020.00
2026/02/09 10.22 10.30 10.11 10.22 5085879 51920000.00
2026/02/10 10.23 10.35 10.08 10.24 5216751 53367020.00
2026/02/11 10.30 10.39 10.10 10.14 7087800 72614800.00
2026/02/12 10.21 10.28 9.69 9.71 11747363 116165920.00
2026/02/13 9.72 9.84 9.59 9.72 8098600 78577296.00
2026/02/24 9.84 10.69 9.84 10.69 13729171 142662176.00
2026/02/25 10.70 10.87 10.40 10.70 24755400 264090688.00
#Ъ§ОнРДдД:ЭЈДяаХ
