002022 ПЦЛЊЩњЮя ШеЯп ЧАИДШЈ
      ШеЦк	    ПЊХЬ	    зюИп	    зюЕЭ	    ЪеХЬ	    ГЩНЛСП	    ГЩНЛЖю
2021/08/02 13.64 13.79 13.29 13.46 18455874 261329696.00
2021/08/03 13.34 14.59 12.32 14.57 36960665 542777792.00
2021/08/04 14.34 14.42 13.91 14.25 21360902 316553120.00
2021/08/05 14.18 14.77 14.00 14.01 18012533 269722624.00
2021/08/06 13.83 13.83 13.33 13.59 16463084 233048032.00
2021/08/09 13.59 13.79 13.49 13.71 11430206 163764000.00
2021/08/10 13.72 13.72 13.38 13.53 11029006 155907920.00
2021/08/11 13.46 13.63 13.40 13.55 8433039 119628536.00
2021/08/12 13.54 13.55 13.40 13.47 8208501 115839320.00
2021/08/13 13.45 13.55 13.37 13.44 7692978 108576088.00
2021/08/16 13.45 13.53 13.12 13.13 11931824 166648784.00
2021/08/17 13.12 13.24 12.77 12.83 10948104 149479520.00
2021/08/18 12.73 12.88 12.61 12.75 7714255 103230656.00
2021/08/19 12.75 12.95 12.74 12.78 6302303 85045472.00
2021/08/20 12.74 12.74 12.37 12.49 6962693 91452408.00
2021/08/23 12.52 13.01 12.51 12.99 8034028 108461528.00
2021/08/24 12.94 13.13 12.89 12.96 9221898 125987904.00
2021/08/25 12.99 13.04 12.76 13.03 6361753 86601056.00
2021/08/26 13.14 13.19 12.62 12.66 11005404 148079536.00
2021/08/27 12.64 12.64 12.41 12.58 8486817 111571544.00
2021/08/30 12.51 12.70 12.45 12.50 6606957 87349384.00
2021/08/31 12.50 12.52 12.14 12.40 7769828 100895568.00
2021/09/01 12.33 12.64 12.27 12.58 7429078 97697200.00
2021/09/02 12.58 12.62 12.45 12.55 5687259 75117040.00
2021/09/03 12.54 12.77 12.50 12.72 7746380 103340040.00
2021/09/06 12.73 12.99 12.68 12.92 10337877 139609200.00
2021/09/07 12.89 12.94 12.80 12.92 6692141 90635072.00
2021/09/08 12.94 13.20 12.89 13.15 9960320 136101952.00
2021/09/09 13.04 13.16 13.01 13.16 7750408 106470280.00
2021/09/10 13.16 13.47 13.00 13.35 12397594 172182640.00
2021/09/13 13.46 13.68 13.39 13.54 12043268 170999728.00
2021/09/14 13.54 13.62 13.09 13.12 10047552 140550720.00
2021/09/15 13.08 13.28 12.96 13.15 5591978 77247008.00
2021/09/16 13.15 13.29 13.04 13.08 5443195 75244856.00
2021/09/17 13.04 13.28 12.79 13.23 6639258 90947736.00
2021/09/22 13.19 13.43 13.06 13.34 6115454 85414896.00
2021/09/23 13.34 13.49 13.27 13.42 6220403 87481144.00
2021/09/24 13.44 13.44 13.04 13.06 6340353 87895904.00
2021/09/27 13.06 13.14 12.76 12.82 5530073 75045168.00
2021/09/28 12.82 12.89 12.77 12.79 2942432 39657720.00
2021/09/29 12.67 12.68 12.34 12.40 5843171 76663984.00
2021/09/30 12.41 12.56 12.41 12.52 3438838 45242212.00
2021/10/08 12.56 12.79 12.44 12.78 3710876 49407784.00
2021/10/11 12.78 12.90 12.60 12.72 3980666 53381104.00
2021/10/12 12.64 12.74 12.43 12.51 4603306 60815704.00
2021/10/13 12.74 13.23 12.73 13.23 13255355 181698816.00
2021/10/14 13.09 13.34 12.99 13.13 8604815 118939728.00
2021/10/15 13.04 13.04 12.75 12.76 7628828 103206304.00
2021/10/18 12.68 12.77 12.45 12.72 4428791 58785300.00
2021/10/19 12.74 13.04 12.74 12.99 4774278 64790248.00
2021/10/20 13.03 13.03 12.78 12.80 4723300 63961984.00
2021/10/21 12.76 13.11 12.67 13.11 7619797 103397696.00
2021/10/22 13.12 13.13 12.92 12.96 5652605 77254480.00
2021/10/25 12.84 13.09 12.74 13.07 5688817 77538992.00
2021/10/26 13.09 13.41 12.97 13.26 10858769 150873152.00
2021/10/27 13.22 13.24 12.84 13.22 7238977 99268792.00
2021/10/28 13.13 13.35 12.75 12.77 8069376 110835808.00
2021/10/29 12.76 13.12 12.74 13.11 6129038 83825272.00
2021/11/01 13.29 13.41 13.06 13.23 8938064 124276168.00
2021/11/02 13.15 13.24 12.75 12.95 6588200 90200912.00
2021/11/03 12.97 13.67 12.97 13.49 17885764 252779488.00
2021/11/04 13.39 13.64 13.35 13.63 13926099 197591856.00
2021/11/05 13.65 13.65 13.42 13.50 9983888 141270576.00
2021/11/08 13.43 13.50 13.13 13.29 8297102 115266896.00
2021/11/09 13.40 13.40 13.21 13.32 5334716 74402632.00
2021/11/10 13.33 13.40 13.15 13.39 6191251 86370688.00
2021/11/11 13.37 13.39 13.25 13.32 5840280 81478776.00
2021/11/12 13.31 13.37 13.20 13.34 7476281 104311768.00
2021/11/15 13.37 13.74 13.35 13.61 12350270 176132240.00
2021/11/16 13.64 13.69 13.51 13.55 7669995 109195400.00
2021/11/17 13.55 13.68 13.46 13.68 7155021 101915392.00
2021/11/18 13.70 13.71 13.31 13.35 8440393 119427552.00
2021/11/19 13.31 13.32 13.14 13.29 8110648 112672584.00
2021/11/22 13.30 13.41 13.17 13.34 7046050 98309608.00
2021/11/23 13.33 13.59 13.26 13.55 9032539 127715088.00
2021/11/24 13.54 13.54 13.36 13.40 6612724 93116504.00
2021/11/25 13.44 13.63 13.40 13.59 9753858 138411104.00
2021/11/26 13.65 13.84 13.54 13.65 11572259 165552912.00
2021/11/29 14.14 14.54 13.88 14.07 28416731 421142432.00
2021/11/30 13.92 14.44 13.74 14.37 26200968 385430368.00
2021/12/01 14.27 14.32 14.10 14.28 13295518 197906208.00
2021/12/02 14.24 14.83 14.16 14.49 23452382 357818208.00
2021/12/03 14.54 14.57 14.24 14.48 12279197 185094000.00
2021/12/06 14.52 14.54 13.83 13.89 14009048 206757328.00
2021/12/07 13.86 14.07 13.73 13.88 7253486 105127768.00
2021/12/08 14.00 14.01 13.85 13.88 5594377 81556760.00
2021/12/09 13.93 14.00 13.74 13.88 7331643 106663000.00
2021/12/10 13.83 13.92 13.64 13.74 8260562 119346808.00
2021/12/13 13.78 13.96 13.76 13.80 6851053 99372720.00
2021/12/14 13.81 14.03 13.81 13.99 9802796 143330192.00
2021/12/15 14.03 14.07 13.82 13.88 6681400 97129336.00
2021/12/16 13.88 13.90 13.48 13.57 12307417 175385680.00
2021/12/17 13.57 13.72 13.47 13.66 7116031 101417024.00
2021/12/20 13.69 13.87 13.64 13.79 8717596 126045440.00
2021/12/21 13.80 13.83 13.55 13.78 7394663 105972864.00
2021/12/22 13.79 13.91 13.78 13.86 5745419 83282280.00
2021/12/23 13.93 13.97 13.75 13.75 5343371 77365464.00
2021/12/24 13.78 14.02 13.59 13.83 8298327 120152312.00
2021/12/27 13.90 14.19 13.77 14.19 13103870 193366816.00
2021/12/28 13.88 13.88 12.87 13.23 24477833 341323968.00
2021/12/29 13.03 13.38 12.85 13.11 12039211 166248000.00
2021/12/30 13.13 13.39 13.03 13.24 9361700 130011032.00
2021/12/31 13.24 14.38 13.23 14.18 35368789 519034752.00
2022/01/04 14.34 14.60 14.06 14.13 21756088 324618432.00
2022/01/05 14.14 14.18 13.55 13.70 17948969 258485984.00
2022/01/06 13.64 13.89 13.61 13.85 10454990 151105616.00
2022/01/07 13.86 14.99 13.77 14.57 41371187 630326144.00
2022/01/10 14.96 15.22 14.64 14.78 36180239 561540544.00
2022/01/11 14.67 16.32 14.56 16.32 74068522 1213324672.00
2022/01/12 16.36 17.19 15.72 16.51 77226915 1316576512.00
2022/01/13 16.19 16.71 15.80 15.99 46393097 782507136.00
2022/01/14 15.69 17.57 15.69 17.25 68462700 1195194496.00
2022/01/17 17.82 17.84 16.67 16.98 56242593 1000236288.00
2022/01/18 16.72 16.73 15.24 15.40 49146410 802017984.00
2022/01/19 14.73 15.26 14.68 15.01 31540637 493051520.00
2022/01/20 15.04 15.10 14.04 14.17 37681920 569819584.00
2022/01/21 14.09 14.16 13.59 13.64 23034579 333124128.00
2022/01/24 13.49 13.65 13.36 13.42 11527231 162949936.00
2022/01/25 13.39 13.59 12.65 12.66 16620799 228454976.00
2022/01/26 12.66 12.94 12.36 12.45 14192224 187216416.00
2022/01/27 12.49 12.56 12.02 12.02 14128964 181881904.00
2022/01/28 12.05 12.35 11.94 12.24 11034696 141692320.00
2022/02/07 12.26 12.47 12.21 12.44 10637802 138479088.00
2022/02/08 12.44 12.54 12.24 12.48 9965153 130355744.00
2022/02/09 12.47 12.66 12.35 12.65 12384868 163607824.00
2022/02/10 12.65 12.89 12.57 12.67 10749036 143673200.00
2022/02/11 12.67 12.67 12.28 12.30 10413163 135916752.00
2022/02/14 12.25 12.62 12.20 12.49 7681798 100864024.00
2022/02/15 12.46 12.57 12.31 12.49 6021410 79014848.00
2022/02/16 12.54 12.71 12.47 12.65 8336303 110642304.00
2022/02/17 12.66 12.74 12.48 12.50 7408460 97866896.00
2022/02/18 12.44 12.72 12.35 12.67 8324275 110132864.00
2022/02/21 12.66 12.93 12.63 12.91 11275939 151677152.00
2022/02/22 12.91 12.91 12.62 12.65 8554441 114233712.00
2022/02/23 12.64 12.86 12.64 12.76 7976019 107130176.00
2022/02/24 12.76 12.98 12.33 12.46 15103216 201092160.00
2022/02/25 12.47 12.78 12.47 12.61 8857445 117788888.00
2022/02/28 12.77 13.03 12.48 12.95 15814013 213505216.00
2022/03/01 12.89 13.00 12.74 12.80 9756131 131598176.00
2022/03/02 12.73 12.95 12.59 12.87 8748143 117867496.00
2022/03/03 12.88 13.02 12.81 12.97 10541948 143270112.00
2022/03/04 12.92 13.19 12.84 12.93 12837238 175797344.00
2022/03/07 12.93 13.10 12.70 12.80 10523064 142674656.00
2022/03/08 12.80 12.84 12.11 12.18 11515021 150260096.00
2022/03/09 12.28 12.37 11.29 11.86 9802108 123192736.00
2022/03/10 12.11 13.11 12.07 13.11 23780560 315864544.00
2022/03/11 13.02 14.44 12.79 14.22 58540541 849054912.00
2022/03/14 14.37 15.29 14.05 14.26 58183420 890032960.00
2022/03/15 13.84 14.49 13.66 13.87 31404340 463995520.00
2022/03/16 13.96 14.18 13.24 14.12 28996548 414432864.00
2022/03/17 14.14 14.47 13.74 14.03 29705549 440554368.00
2022/03/18 14.02 14.16 13.77 13.87 17958693 261905424.00
2022/03/21 13.86 14.11 13.44 14.08 25487783 368097152.00
2022/03/22 13.94 13.94 13.49 13.49 18069133 257225152.00
2022/03/23 13.39 13.68 13.37 13.47 10573291 149977488.00
2022/03/24 13.39 13.73 13.17 13.69 18025736 256432656.00
2022/03/25 13.73 14.30 13.48 14.00 24901677 362170208.00
2022/03/28 14.11 14.51 13.92 14.05 18808090 278110528.00
2022/03/29 13.95 14.68 13.72 14.58 29433662 443282752.00
2022/03/30 14.72 14.72 14.14 14.34 19689398 294883904.00
2022/03/31 14.50 14.80 14.35 14.42 24920243 380388736.00
2022/04/01 14.33 14.33 13.43 13.47 24641129 353140256.00
2022/04/06 13.51 13.80 13.44 13.54 14703060 209930896.00
2022/04/07 13.44 13.51 12.79 12.85 17342627 237385280.00
2022/04/08 12.89 12.93 12.36 12.51 11757333 155017024.00
2022/04/11 12.49 12.72 12.35 12.51 9531426 125879432.00
2022/04/12 12.64 12.70 12.26 12.62 8543598 112223344.00
2022/04/13 12.53 12.58 12.27 12.29 7981475 104088440.00
2022/04/14 12.30 13.43 12.30 13.15 21567913 293270912.00
2022/04/15 13.02 13.08 12.55 12.60 12842779 172781008.00
2022/04/18 12.44 12.77 12.30 12.69 6636589 87807992.00
2022/04/19 12.61 12.62 12.45 12.55 5633701 74277480.00
2022/04/20 12.56 12.59 12.30 12.33 6425848 83971088.00
2022/04/21 11.03 11.03 11.03 11.03 3303900 38622592.00
2022/04/22 9.86 9.86 9.86 9.86 1546000 16263920.00
2022/04/25 8.81 8.81 8.81 8.81 3402000 32216940.00
2022/04/26 7.86 8.78 7.86 8.10 34496850 304644960.00
2022/04/27 7.85 8.79 7.74 8.72 31087384 280733824.00
2022/04/28 8.64 8.69 7.91 7.91 28687744 257967552.00
2022/04/29 7.92 8.50 7.92 8.34 25410831 226750608.00
2022/05/06 7.89 7.89 7.89 7.89 540600 4622130.00
2022/05/09 7.46 7.46 7.46 7.46 490300 3981236.00
2022/05/10 7.05 7.05 7.05 7.05 879000 6777090.00
2022/05/11 6.75 7.41 6.75 7.12 50994879 391769600.00
2022/05/12 7.13 7.16 6.90 7.02 19759983 152328368.00
2022/05/13 7.01 7.13 6.90 7.04 12992942 99779776.00
2022/05/16 7.06 7.34 7.00 7.21 13773529 108096696.00
2022/05/17 7.31 7.60 7.14 7.60 13061811 105126112.00
2022/05/18 7.73 7.93 7.54 7.56 19320243 161711104.00
2022/05/19 7.46 7.79 7.45 7.69 11048999 91799632.00
2022/05/20 7.69 8.11 7.63 8.11 15057946 129636544.00
2022/05/23 8.55 8.55 8.26 8.55 16726557 152885264.00
2022/05/24 8.44 8.68 8.09 8.09 24211199 219083904.00
2022/05/25 8.18 8.45 7.95 8.42 12717328 113250960.00
2022/05/26 8.35 8.37 8.07 8.10 13562748 119717608.00
2022/05/27 8.09 8.22 7.93 8.00 10139399 88311128.00
2022/05/30 7.96 8.18 7.82 8.04 7428830 64013456.00
2022/05/31 8.02 8.11 7.89 7.92 7142629 61594736.00
2022/06/01 7.86 7.99 7.72 7.76 7659515 65248552.00
2022/06/02 7.70 8.12 7.59 8.04 10543678 89865200.00
2022/06/06 7.99 8.24 7.94 8.14 8827904 77636616.00
2022/06/07 8.26 8.40 8.03 8.18 10737898 94964824.00
2022/06/08 8.43 8.43 8.14 8.24 8880974 79313352.00
2022/06/09 8.20 8.23 7.85 7.89 8854582 76632088.00
2022/06/10 7.84 7.95 7.79 7.89 5883643 50288996.00
2022/06/13 7.89 8.32 7.75 8.22 13204384 114976432.00
2022/06/14 8.09 8.22 7.94 8.08 7592834 66326828.00
2022/06/15 8.07 8.22 8.04 8.08 7018649 61687960.00
2022/06/16 8.14 8.17 8.04 8.05 4789073 41879820.00
2022/06/17 7.99 8.14 7.95 7.96 6007400 52182228.00
2022/06/20 7.87 8.00 7.84 7.86 5981984 51210612.00
2022/06/21 7.99 8.29 7.94 7.98 8008753 70024328.00
2022/06/22 7.97 8.05 7.82 7.84 6118179 52600468.00
2022/06/23 7.81 7.81 7.65 7.75 5437002 45593936.00
2022/06/24 7.73 7.91 7.73 7.80 3724850 31567930.00
2022/06/27 7.80 7.85 7.67 7.69 6827294 57199468.00
2022/06/28 7.70 7.72 7.44 7.48 9862835 80558872.00
2022/06/29 7.46 7.51 7.30 7.32 7861278 63325564.00
2022/06/30 7.30 7.40 7.26 7.28 6477205 51607436.00
2022/07/01 7.28 7.51 7.26 7.36 6557346 52871848.00
2022/07/04 7.42 7.49 7.35 7.44 4657821 37648732.00
2022/07/05 7.46 7.50 7.33 7.39 5029104 40514012.00
2022/07/06 7.38 7.40 7.28 7.32 4445059 35494444.00
2022/07/07 7.33 7.72 7.30 7.54 10190838 83807272.00
2022/07/08 7.49 7.60 7.46 7.48 4523323 36969312.00
2022/07/11 7.48 7.58 7.48 7.54 4455357 36519720.00
2022/07/12 7.54 7.58 7.41 7.43 3553720 28916406.00
2022/07/13 7.40 7.53 7.37 7.48 3054360 24861412.00
2022/07/14 7.44 7.84 7.44 7.71 7926924 66086748.00
2022/07/15 7.62 7.71 7.44 7.45 5692820 46689092.00
2022/07/18 7.50 7.57 7.43 7.54 3051501 24950984.00
2022/07/19 7.56 7.68 7.55 7.66 3795011 31120020.00
2022/07/20 7.65 7.94 7.64 7.83 7181073 60457196.00
2022/07/21 7.90 8.08 7.84 7.93 6064527 51979440.00
2022/07/22 7.93 7.97 7.77 7.84 4662470 39315092.00
2022/07/25 7.95 8.26 7.94 8.26 9915336 87236832.00
2022/07/26 8.60 8.70 8.48 8.70 5146061 47530496.00
2022/07/27 9.17 9.17 8.69 8.80 29196394 279928480.00
2022/07/28 8.60 8.98 8.60 8.78 11254611 105594112.00
2022/07/29 8.75 9.25 8.75 9.25 14461052 140618272.00
2022/08/01 9.55 9.74 9.41 9.74 15379871 157665056.00
2022/08/02 9.80 9.80 9.22 9.34 22129944 221509824.00
2022/08/03 9.26 9.74 8.90 8.95 13257870 131431104.00
2022/08/04 9.10 9.43 9.00 9.43 10142374 99921384.00
2022/08/05 9.69 9.89 9.46 9.49 12218644 125495208.00
2022/08/08 9.99 9.99 9.99 9.99 2061736 21833784.00
2022/08/09 10.52 10.52 10.32 10.52 16760831 185866544.00
2022/08/10 10.88 11.08 10.63 11.08 14392600 165081600.00
2022/08/11 11.39 11.66 11.20 11.66 7770163 94160696.00
2022/08/12 12.00 12.20 11.27 11.30 22421057 274665504.00
2022/08/15 11.25 11.69 10.72 11.41 11394741 135166016.00
2022/08/16 11.42 12.01 11.42 12.01 8317414 103009216.00
2022/08/17 12.05 12.50 11.70 11.80 13725901 174537888.00
2022/08/18 11.67 12.10 11.28 11.69 13227551 161280768.00
2022/08/19 11.71 11.86 11.18 11.42 9572835 115380304.00
2022/08/22 11.35 11.60 11.15 11.16 8338311 99459056.00
2022/08/23 11.21 11.54 10.83 11.46 8805108 104044768.00
2022/08/24 11.10 11.18 10.86 10.86 11020701 127300536.00
2022/08/25 10.86 10.86 10.29 10.29 8142011 89514464.00
2022/08/26 10.00 10.58 10.00 10.40 6220088 68369888.00
2022/08/29 10.28 10.57 10.08 10.25 5182447 56275252.00
2022/08/30 10.20 10.50 10.14 10.28 4957472 53876184.00
2022/08/31 10.20 10.27 9.75 9.79 6371771 66945260.00
2022/09/01 9.79 10.16 9.79 9.87 3954225 41817060.00
2022/09/02 9.91 10.39 9.91 10.39 3418127 36919504.00
2022/09/05 10.50 10.94 10.50 10.94 6191872 70284960.00
2022/09/06 11.35 11.52 11.12 11.26 11650435 139468208.00
2022/09/07 11.21 11.80 11.00 11.34 7415103 89365488.00
2022/09/08 11.23 11.40 11.03 11.19 5502976 64862072.00
2022/09/09 11.19 11.78 11.18 11.78 8193322 99318592.00
2022/09/13 11.79 12.07 11.57 11.60 7624061 94552296.00
2022/09/14 11.33 11.70 11.23 11.52 5952711 71996992.00
2022/09/15 11.59 11.85 11.45 11.54 6510000 79432384.00
2022/09/16 11.54 11.54 10.93 10.93 6748500 79157904.00
2022/09/19 10.86 10.97 10.35 10.52 6169653 69032320.00
2022/09/20 10.52 11.08 10.52 11.08 2947851 33843404.00
2022/09/21 11.37 11.52 10.92 11.15 6557084 77723152.00
2022/09/29 11.74 11.74 11.74 11.74 958638 11829593.00
2022/09/30 12.36 12.36 12.36 12.36 1563928 20268506.00
2022/10/10 13.00 13.01 12.18 12.34 17429698 233043904.00
2022/10/11 12.34 12.67 12.30 12.45 6922849 90397056.00
2022/10/12 12.34 12.45 11.80 11.80 10321900 128700856.00
2022/10/13 11.48 12.03 11.48 11.81 6021801 74850480.00
2022/10/14 11.92 12.43 11.90 12.43 3880098 50013676.00
2022/10/17 12.68 12.68 12.25 12.30 8538257 111129136.00
2022/10/18 12.80 12.95 12.51 12.94 12154986 163478768.00
2022/10/19 12.79 13.10 12.51 12.72 8394062 112033288.00
2022/10/20 12.73 13.04 12.58 12.77 5278274 70780920.00
2022/10/21 12.72 12.90 12.56 12.82 4510500 60006792.00
2022/10/24 12.70 12.95 12.51 12.51 4765400 63325916.00
2022/10/25 12.60 12.69 11.99 12.14 4753631 61073060.00
2022/10/26 12.16 12.78 12.16 12.75 5412551 71696440.00
2022/10/27 12.18 12.47 12.10 12.22 7533926 96726832.00
2022/10/28 12.38 12.73 11.82 12.03 5994701 77030248.00
2022/10/31 11.92 12.03 11.45 11.63 6509690 79678192.00
2022/11/01 11.40 11.82 11.20 11.75 5532620 66888520.00
2022/11/02 11.75 11.98 11.60 11.70 4019578 49899792.00
2022/11/03 11.70 11.87 11.41 11.65 4174579 50983932.00
2022/11/04 11.64 11.90 11.56 11.68 4641254 57244432.00
2022/11/07 11.68 11.74 11.22 11.32 8005823 96440368.00
2022/11/08 11.39 11.72 11.29 11.38 7487858 90441376.00
2022/11/09 11.40 11.52 11.00 11.08 8054357 95225880.00
2022/11/10 11.18 11.47 11.16 11.34 5409866 64444408.00
2022/11/11 11.50 11.67 11.26 11.27 12102526 146052736.00
2022/11/14 11.86 11.86 11.80 11.86 14589321 181776000.00
2022/11/15 12.00 12.48 11.91 12.48 21557502 276887936.00
2022/11/16 12.61 13.13 12.52 13.13 12105913 163700624.00
2022/11/17 13.45 13.82 12.98 13.13 24640099 345870464.00
2022/11/18 13.20 13.70 13.15 13.66 15202181 213700832.00
2022/11/21 13.60 13.76 13.22 13.57 11242564 158570736.00
2022/11/22 13.48 13.55 12.87 12.89 13310707 182654592.00
2022/11/23 12.89 13.06 12.41 12.96 9605443 127749400.00
2022/11/24 12.76 13.07 12.75 12.85 7139357 96273248.00
2022/11/25 12.85 13.45 12.62 13.32 8587707 117002136.00
2022/11/28 13.00 13.24 12.86 12.93 7651468 104115256.00
2022/11/29 12.90 13.09 12.86 12.87 6252823 84890256.00
2022/11/30 12.54 12.60 12.20 12.20 13237772 171132576.00
2022/12/01 12.20 12.38 11.97 12.21 7805545 99521712.00
2022/12/02 12.15 12.23 11.57 11.83 15773201 195385120.00
2022/12/05 11.78 11.96 11.60 11.65 8716846 107119032.00
2022/12/06 11.67 12.26 11.66 12.26 13823628 175832512.00
2022/12/07 12.15 12.58 11.96 12.26 9646470 124299984.00
2022/12/08 12.26 12.26 11.84 11.91 8490686 106906024.00
2022/12/09 12.10 12.53 12.07 12.36 10601550 137333360.00
2022/12/12 12.60 12.68 12.36 12.37 9604384 126141704.00
2022/12/13 12.28 12.28 11.85 12.01 7855351 99027144.00
2022/12/14 12.01 12.07 11.73 11.84 5261344 65450584.00
2022/12/15 11.76 12.01 11.76 11.94 3106313 38889396.00
2022/12/16 11.94 11.99 11.68 11.81 3938390 48949064.00
2022/12/19 11.85 11.97 11.62 11.73 3710390 45894860.00
2022/12/20 11.70 12.04 11.55 11.78 4214684 52357660.00
2022/12/21 11.71 11.88 11.65 11.76 2935600 36252504.00
2022/12/22 11.78 11.78 11.14 11.19 7177623 86032320.00
2022/12/23 11.11 11.12 10.73 11.00 4252200 49096016.00
2022/12/26 10.99 11.58 10.73 11.55 6173000 72699016.00
2022/12/27 11.38 11.58 11.12 11.30 6645672 79208408.00
2022/12/28 11.11 11.13 10.90 10.91 3832600 44538216.00
2022/12/29 11.49 11.49 11.49 11.49 827001 9998442.00
2022/12/30 12.09 12.09 11.63 11.77 12648939 157963840.00
2023/01/03 11.70 11.96 11.55 11.78 6954943 86035048.00
2023/01/04 11.70 11.89 11.69 11.78 3439600 42609460.00
2023/01/05 11.78 12.00 11.75 11.89 4158547 52033036.00
2023/01/06 11.86 12.03 11.76 11.79 3520335 43958200.00
2023/01/09 11.83 11.98 11.74 11.76 3786435 47090868.00
2023/01/10 11.75 11.87 11.66 11.79 2435801 30182132.00
2023/01/11 11.82 11.95 11.80 11.85 3603136 44929236.00
2023/01/12 11.90 11.97 11.83 11.88 3786123 47313252.00
2023/01/13 11.88 11.92 11.78 11.81 2344300 29137352.00
2023/01/16 11.82 11.89 11.79 11.81 3135232 38991512.00
2023/01/17 11.82 12.25 11.79 12.20 6178260 78278152.00
2023/01/18 11.91 11.91 11.65 11.67 10179337 125502720.00
2023/01/19 11.57 11.65 11.54 11.55 4134300 50370672.00
2023/01/20 11.60 11.75 11.56 11.75 2421400 29799160.00
2023/01/30 11.78 11.94 11.75 11.86 5044200 62728464.00
2023/01/31 11.90 11.90 11.46 11.60 6857590 83998032.00
2023/02/01 11.58 11.74 11.53 11.71 3273052 40061956.00
2023/02/02 11.70 11.71 11.59 11.61 3598994 43981316.00
2023/02/03 11.64 11.71 11.61 11.65 2609358 31975184.00
2023/02/06 11.63 11.63 11.55 11.57 2385128 29039878.00
2023/02/07 11.57 11.67 11.51 11.58 2483798 30241992.00
2023/02/08 11.58 11.58 11.51 11.55 2321647 28172854.00
2023/02/09 11.55 11.60 11.52 11.55 2504903 30435534.00
2023/02/10 11.56 11.96 11.54 11.86 5772192 71310400.00
2023/02/13 11.80 11.93 11.74 11.88 4450167 55443252.00
2023/02/14 11.84 11.87 11.67 11.68 5071661 62516108.00
2023/02/15 11.69 11.72 11.55 11.60 2848560 34779952.00
2023/02/16 11.62 11.76 11.56 11.61 4003693 49148612.00
2023/02/17 11.61 11.78 11.61 11.69 3708937 45620780.00
2023/02/20 11.70 11.78 11.58 11.70 3060875 37560132.00
2023/02/21 11.70 11.78 11.64 11.77 2616500 32188876.00
2023/02/22 11.73 12.16 11.69 12.07 8650945 108568632.00
2023/02/23 12.12 12.70 12.12 12.45 11427995 149685712.00
2023/02/24 12.42 12.69 12.35 12.39 6422302 84333872.00
2023/02/27 12.53 12.82 12.38 12.66 7098895 93952984.00
2023/02/28 12.46 12.57 12.12 12.16 10489180 135558112.00
2023/03/01 12.27 12.56 12.20 12.48 5369915 69874384.00
2023/03/02 12.58 12.64 12.33 12.34 3840746 50090424.00
2023/03/03 12.39 12.52 12.34 12.44 2400348 31329194.00
2023/03/06 12.45 12.48 12.33 12.45 2220332 28835544.00
2023/03/07 12.44 12.68 12.39 12.47 3987496 52238504.00
2023/03/08 12.57 12.65 12.47 12.63 4118774 54181892.00
2023/03/09 12.75 13.06 12.66 12.89 7969254 107013464.00
2023/03/10 12.82 13.04 12.72 12.93 6309648 85077776.00
2023/03/13 12.91 13.05 12.76 12.77 5577604 75167416.00
2023/03/14 12.75 12.86 12.52 12.74 5111051 68009184.00
2023/03/15 12.83 13.02 12.74 12.95 4828012 65029952.00
2023/03/16 12.97 13.04 12.88 12.92 4204982 57013708.00
2023/03/17 12.90 13.54 12.89 13.44 10485549 146308352.00
2023/03/20 13.44 13.68 13.33 13.38 7293898 102603632.00
2023/03/21 13.40 13.57 13.12 13.22 7660921 106372464.00
2023/03/22 13.23 13.37 12.53 12.63 13634804 182394080.00
2023/03/23 12.75 13.00 12.65 12.82 8735511 117112904.00
2023/03/24 12.85 12.93 12.67 12.77 4806800 64253496.00
2023/03/27 12.56 12.56 12.17 12.46 8745868 113209568.00
2023/03/28 12.30 12.57 12.23 12.25 8259910 106896624.00
2023/03/29 12.24 12.33 11.72 11.80 9759555 122054736.00
2023/03/30 12.00 12.42 11.84 12.41 8777699 112470424.00
2023/03/31 12.32 12.50 12.27 12.40 4583100 59521152.00
2023/04/04 13.20 13.70 12.73 12.76 31390243 433881888.00
2023/04/06 12.74 12.74 12.16 12.27 15891000 205853696.00
2023/04/07 12.34 12.36 12.06 12.33 9307922 119027352.00
2023/04/10 12.30 12.43 12.17 12.26 6687391 86120160.00
2023/04/11 12.31 12.32 11.91 12.00 6455854 81419000.00
2023/04/12 11.80 12.08 11.78 12.02 5644435 70733208.00
2023/04/13 11.95 12.03 11.91 11.94 3470367 43570960.00
2023/04/14 12.06 12.11 11.91 11.95 3904906 49151016.00
2023/04/17 11.81 12.35 11.76 11.98 5487900 69482312.00
2023/04/18 12.15 12.15 11.80 11.83 5011900 62588264.00
2023/04/19 11.78 11.81 11.38 11.50 9647415 117040760.00
2023/04/20 11.52 11.52 11.25 11.40 4799103 57460568.00
2023/04/21 11.57 11.59 11.22 11.22 4413050 53001808.00
2023/04/24 11.25 11.62 11.25 11.43 7066465 85461184.00
2023/04/25 11.41 11.62 10.80 11.47 8995303 105815088.00
2023/04/26 11.33 11.48 11.30 11.34 3517800 42132160.00
2023/04/27 11.30 11.49 11.28 11.30 3404460 40781168.00
2023/04/28 11.38 11.76 11.35 11.69 5172267 62965384.00
2023/05/04 11.70 11.92 11.66 11.91 4623270 57342144.00
2023/05/05 11.98 11.98 11.86 11.89 3076963 38507120.00
2023/05/08 11.89 11.95 11.65 11.79 3988100 49365752.00
2023/05/09 11.84 11.84 11.54 11.60 4136000 50538952.00
2023/05/10 11.65 11.65 11.35 11.36 5605300 64365564.00
2023/05/11 11.30 11.43 11.23 11.36 3391023 38385908.00
2023/05/12 11.44 11.44 11.17 11.20 2462400 27797808.00
2023/05/15 11.14 11.36 11.11 11.34 3159771 35611528.00
2023/05/16 11.34 11.39 11.19 11.19 2473700 27811078.00
2023/05/17 11.22 11.22 10.96 11.11 2679021 29680336.00
2023/05/18 11.16 11.16 11.00 11.08 2496746 27658352.00
2023/05/19 11.11 11.57 11.00 11.34 4314501 48759700.00
2023/05/22 11.31 11.36 11.20 11.24 2634601 29646700.00
2023/05/23 11.22 11.48 11.21 11.22 3381701 38311308.00
2023/05/24 11.14 11.22 11.08 11.11 3024735 33658388.00
2023/05/25 11.11 11.14 10.81 10.89 4174102 45609684.00
2023/05/26 10.89 10.98 10.65 10.92 3374100 36405816.00
2023/05/29 11.03 11.15 10.90 10.90 2927200 32208384.00
2023/05/30 10.90 11.02 10.78 10.91 2239000 24448730.00
2023/05/31 10.91 11.12 10.88 11.00 3248732 35751308.00
2023/06/01 10.97 11.08 10.79 10.81 3919077 42725016.00
2023/06/02 10.78 10.86 10.74 10.82 2441871 26385928.00
2023/06/05 10.82 10.85 10.70 10.70 3134025 33689824.00
2023/06/06 10.68 10.73 10.25 10.27 6137677 63826664.00
2023/06/07 10.26 10.38 10.21 10.25 3249300 33454534.00
2023/06/08 10.28 10.37 10.07 10.28 4301803 43878232.00
2023/06/09 10.17 10.40 10.12 10.30 2617261 26912458.00
2023/06/12 10.30 10.32 10.13 10.13 3461150 35271252.00
2023/06/13 10.14 10.20 9.99 10.07 4187722 42063532.00
2023/06/14 10.09 10.09 9.94 9.94 3061349 30568568.00
2023/06/15 9.95 10.23 9.89 10.20 4105728 41446052.00
2023/06/16 10.22 10.31 10.17 10.25 2566700 26304368.00
2023/06/19 10.25 10.28 10.08 10.10 3533734 35842744.00
2023/06/20 10.05 10.20 10.05 10.15 2587900 26256612.00
2023/06/21 10.15 10.50 10.11 10.31 7670800 79419280.00
2023/06/26 10.30 10.30 10.00 10.03 4204300 42427196.00
2023/06/27 9.98 10.27 9.98 10.24 3032877 30921158.00
2023/06/28 10.24 10.34 10.08 10.15 2189777 22258378.00
2023/06/29 10.17 10.50 10.12 10.41 4511492 46727496.00
2023/06/30 10.42 10.64 10.41 10.60 3768401 39801048.00
2023/07/03 10.61 10.78 10.46 10.66 4662454 49494284.00
2023/07/04 10.65 10.72 10.59 10.65 3120919 33262478.00
2023/07/05 10.63 10.78 10.59 10.66 2903548 31064206.00
2023/07/06 10.71 10.77 10.46 10.49 3066723 32371628.00
2023/07/07 10.54 10.58 10.44 10.47 2274915 23880782.00
2023/07/10 10.52 10.66 10.52 10.54 2220223 23485106.00
2023/07/11 10.55 10.63 10.54 10.62 1491680 15803404.00
2023/07/12 10.62 10.63 10.44 10.46 3107900 32746544.00
2023/07/13 10.10 10.19 9.71 9.87 12654285 125623416.00
2023/07/14 9.80 9.82 9.71 9.76 3880835 37863808.00
2023/07/17 9.77 9.79 9.60 9.67 3481284 33600288.00
2023/07/18 9.70 9.70 9.59 9.63 2274159 21882970.00
2023/07/19 9.64 9.66 9.54 9.56 2188700 20986296.00
2023/07/20 9.58 9.69 9.57 9.60 2101168 20229276.00
2023/07/21 9.64 9.80 9.54 9.75 4035668 39204716.00
2023/07/24 9.75 9.88 9.71 9.80 3866937 37879948.00
2023/07/25 9.80 9.88 9.79 9.85 2781472 27320938.00
2023/07/26 9.81 9.85 9.78 9.81 2422427 23768834.00
2023/07/27 9.81 9.86 9.79 9.80 2084567 20461280.00
2023/07/28 9.77 9.92 9.73 9.91 2901995 28600118.00
2023/07/31 9.90 9.96 9.84 9.89 3575800 35369152.00
2023/08/01 9.87 9.90 9.76 9.78 4158900 40794104.00
2023/08/02 9.79 9.81 9.70 9.74 2359929 22989960.00
2023/08/03 9.74 9.84 9.71 9.80 3351861 32800574.00
2023/08/04 9.81 9.86 9.66 9.67 3884700 37746180.00
2023/08/07 9.62 9.66 9.23 9.26 7568851 70665120.00
2023/08/08 9.24 9.24 9.05 9.20 5198427 47578096.00
2023/08/09 9.19 9.39 9.12 9.35 4566486 42513856.00
2023/08/10 9.35 9.42 9.30 9.37 2738019 25611302.00
2023/08/11 9.36 9.52 9.33 9.35 3494083 32975258.00
2023/08/14 9.31 9.41 9.22 9.38 2760500 25707556.00
2023/08/15 9.43 9.43 9.23 9.37 2652497 24732394.00
2023/08/16 9.37 9.55 9.33 9.43 3793300 35988184.00
2023/08/17 9.40 9.40 9.06 9.15 6468520 59144888.00
2023/08/18 9.13 9.13 8.87 8.87 6741820 60643460.00
2023/08/21 8.93 9.11 8.81 8.94 3870189 34779556.00
2023/08/22 8.95 9.02 8.63 8.85 4260738 37399960.00
2023/08/23 8.85 8.86 8.69 8.69 2456222 21495508.00
2023/08/24 8.71 8.76 8.58 8.69 2584722 22403188.00
2023/08/25 8.67 8.75 8.52 8.54 2657536 22916434.00
2023/08/28 8.91 9.01 8.60 8.62 5212600 45964504.00
2023/08/29 8.62 8.78 8.62 8.78 3417501 29843330.00
2023/08/30 8.76 8.88 8.75 8.79 3772006 33249436.00
2023/08/31 8.83 8.90 8.65 8.83 4378200 38509740.00
2023/09/01 8.83 8.87 8.74 8.76 2753200 24164498.00
2023/09/04 8.78 8.85 8.78 8.85 3295522 29082158.00
2023/09/05 8.83 8.89 8.78 8.81 2995500 26430168.00
2023/09/06 8.80 8.86 8.76 8.83 2564901 22602146.00
2023/09/07 8.80 8.85 8.68 8.68 2784300 24409544.00
2023/09/08 8.65 8.74 8.64 8.70 1810900 15747056.00
2023/09/11 8.69 8.94 8.68 8.90 5680000 50424452.00
2023/09/12 8.90 9.04 8.83 8.99 3901905 35017344.00
2023/09/13 8.98 9.01 8.77 8.82 2853500 25301668.00
2023/09/14 8.82 8.86 8.76 8.81 1966800 17319022.00
2023/09/15 8.81 9.03 8.81 9.00 4817214 43197448.00
2023/09/18 9.02 9.11 8.91 9.07 3344800 30226596.00
2023/09/19 9.07 9.14 9.02 9.07 2861501 25959720.00
2023/09/20 9.04 9.12 8.99 9.00 2318700 20968562.00
2023/09/21 8.99 9.03 8.88 8.91 2968396 26539980.00
2023/09/22 8.91 9.04 8.81 9.02 3472544 30954894.00
2023/09/25 9.02 9.11 8.98 9.10 3652100 33147370.00
2023/09/26 9.10 9.10 8.94 8.95 2614368 23567598.00
2023/09/27 8.99 9.17 8.94 9.16 4470909 40721860.00
2023/09/28 9.14 9.16 8.97 9.00 5540370 50003744.00
2023/10/09 9.00 9.08 8.86 9.03 4997280 44904528.00
2023/10/10 9.05 9.05 8.81 8.84 4184300 37135412.00
2023/10/11 8.86 9.18 8.85 8.96 6155080 55596896.00
2023/10/12 8.97 9.18 8.96 9.07 4237000 38468704.00
2023/10/13 9.01 9.17 9.00 9.11 3755700 34208804.00
2023/10/16 9.14 9.26 8.97 9.03 4338500 39405336.00
2023/10/17 9.04 9.05 8.86 8.97 4919600 43905028.00
2023/10/18 8.94 8.96 8.68 8.73 4007845 35077540.00
2023/10/19 8.66 8.66 8.43 8.50 3498394 29838028.00
2023/10/20 8.50 8.53 8.27 8.37 4417380 37104088.00
2023/10/23 8.40 8.40 8.17 8.18 2871100 23704916.00
2023/10/24 8.20 8.48 8.18 8.47 4190533 35138276.00
2023/10/25 8.44 8.56 8.43 8.43 2374337 20146512.00
2023/10/26 8.38 8.49 8.30 8.46 2693473 22580862.00
2023/10/27 8.44 8.79 8.33 8.73 4514070 38921760.00
2023/10/30 8.58 9.05 8.56 8.81 8889980 78646328.00
2023/10/31 8.77 8.88 8.68 8.76 4942200 43461836.00
2023/11/01 8.76 8.84 8.65 8.69 4137200 35987920.00
2023/11/02 8.71 8.79 8.61 8.68 3886045 33752900.00
2023/11/03 8.62 8.79 8.61 8.70 3613809 31531694.00
2023/11/06 8.71 8.93 8.71 8.83 4190480 37088488.00
2023/11/07 8.80 8.88 8.76 8.80 3658875 32299350.00
2023/11/08 8.79 8.96 8.78 8.93 4253040 37918956.00
2023/11/09 8.92 9.06 8.85 8.88 4035701 36054812.00
2023/11/10 8.89 8.98 8.75 8.91 3578601 31772426.00
2023/11/13 8.92 8.98 8.82 8.89 3362466 29838614.00
2023/11/14 8.92 8.93 8.83 8.86 2325600 20621244.00
2023/11/15 8.87 9.00 8.86 8.94 3700100 33074480.00
2023/11/16 8.90 8.97 8.84 8.85 2275000 20218480.00
2023/11/17 8.84 8.98 8.81 8.96 3701131 33019306.00
2023/11/20 8.95 9.08 8.93 9.07 5570399 50335116.00
2023/11/21 9.01 9.32 9.01 9.18 7633803 69997000.00
2023/11/22 9.18 9.28 9.12 9.13 4898700 45037808.00
2023/11/23 9.23 9.28 9.11 9.21 4581502 42061580.00
2023/11/24 9.25 9.45 9.19 9.42 7981950 74442056.00
2023/11/27 9.39 9.42 9.18 9.21 8793027 81380104.00
2023/11/28 9.19 9.33 9.07 9.33 5223003 48234732.00
2023/11/29 9.32 9.38 9.20 9.21 3525600 32693352.00
2023/11/30 9.19 9.28 9.16 9.23 3489231 32200770.00
2023/12/01 9.28 9.32 9.16 9.27 4719600 43641688.00
2023/12/04 9.24 9.32 9.13 9.19 3546600 32670476.00
2023/12/05 9.16 9.27 9.09 9.09 3321600 30462040.00
2023/12/06 9.08 9.24 9.04 9.14 3103700 28339460.00
2023/12/07 9.10 9.18 9.04 9.06 3472900 31604060.00
2023/12/08 9.03 9.25 8.94 9.09 5500500 50157644.00
2023/12/11 9.22 9.22 8.99 9.08 4760001 43185876.00
2023/12/12 9.10 9.11 8.83 8.95 4272301 38132172.00
2023/12/13 8.96 9.13 8.93 8.99 4525826 40978136.00
2023/12/14 9.00 9.04 8.88 8.88 2962100 26535790.00
2023/12/15 9.40 9.77 9.18 9.77 25925752 245632256.00
2023/12/18 10.25 10.75 9.77 10.75 34610600 364354944.00
2023/12/19 10.86 11.33 10.52 10.92 66173800 722862720.00
2023/12/20 10.88 11.19 10.77 11.00 31781116 348369984.00
2023/12/21 10.70 10.85 10.38 10.74 32674780 347274496.00
2023/12/22 10.62 10.80 10.27 10.62 25082560 263999168.00
2023/12/25 10.57 10.94 10.48 10.74 18593734 198989088.00
2023/12/26 10.67 10.70 10.40 10.50 13895769 146177232.00
2023/12/27 10.50 10.90 10.42 10.66 13280598 140959568.00
2023/12/28 11.01 11.73 10.85 11.36 43640988 494981696.00
2023/12/29 11.13 11.85 10.92 11.38 36037284 409413696.00
2024/01/02 11.65 11.78 10.61 11.04 28761970 319655520.00
2024/01/03 10.89 11.13 10.48 10.57 21952958 235717232.00
2024/01/04 10.51 10.63 10.30 10.61 10898800 114378648.00
2024/01/05 10.60 10.68 10.34 10.41 9201900 96687104.00
2024/01/08 10.30 10.38 9.61 9.74 19089980 189363760.00
2024/01/09 9.75 10.10 9.75 9.90 9265008 91631792.00
2024/01/10 9.84 9.97 9.70 9.78 5920500 58238120.00
2024/01/11 9.78 9.94 9.74 9.89 5433001 53561812.00
2024/01/12 10.20 10.26 9.57 9.62 15362500 152454816.00
2024/01/15 9.62 9.83 9.57 9.62 6720800 65213476.00
2024/01/16 9.62 9.67 9.45 9.61 6918300 65972200.00
2024/01/17 9.57 9.64 9.20 9.21 8665800 81198848.00
2024/01/18 9.16 9.19 8.70 9.00 12615821 112004360.00
2024/01/19 8.99 9.05 8.81 8.84 5858262 52006948.00
2024/01/22 8.83 8.84 8.20 8.26 7836600 66353400.00
2024/01/23 8.34 8.36 8.06 8.19 7886657 64529004.00
2024/01/24 8.22 8.38 7.89 8.17 8617810 69917424.00
2024/01/25 8.18 8.40 8.08 8.38 7197182 59600444.00
2024/01/26 8.38 8.56 8.32 8.36 5869601 49517168.00
2024/01/29 8.37 8.48 8.24 8.26 4922323 40995352.00
2024/01/30 8.25 8.30 7.98 7.98 4492800 36422280.00
2024/01/31 7.67 7.81 7.48 7.50 8920100 68319144.00
2024/02/01 7.50 7.69 7.30 7.52 6985445 52630020.00
2024/02/02 7.65 7.69 6.92 7.12 7393856 53538260.00
2024/02/05 7.02 7.08 6.42 6.53 10470199 69863664.00
2024/02/06 6.45 6.83 6.19 6.64 11666826 76337160.00
2024/02/07 6.64 6.82 6.40 6.46 11982672 78942552.00
2024/02/08 6.59 7.11 6.42 7.11 10146568 69379696.00
2024/02/19 7.20 7.74 7.20 7.33 11647160 86580640.00
2024/02/20 7.30 7.42 7.18 7.33 6218309 45434996.00
2024/02/21 7.25 7.55 7.22 7.36 6430462 47521676.00
2024/02/22 7.35 7.48 7.30 7.46 5395904 39895356.00
2024/02/23 7.49 7.74 7.38 7.70 7636710 57666536.00
2024/02/26 7.70 8.08 7.62 7.84 8766400 68833440.00
2024/02/27 7.86 7.94 7.75 7.93 6564500 51438096.00
2024/02/28 7.90 8.05 7.40 7.42 11997402 93593720.00
2024/02/29 7.38 7.59 7.34 7.57 7615999 56956736.00
2024/03/01 7.57 7.64 7.50 7.61 5091700 38532796.00
2024/03/04 7.65 8.15 7.65 7.97 12976230 102995872.00
2024/03/05 7.99 8.07 7.70 7.74 7754132 60620824.00
2024/03/06 7.70 8.22 7.70 8.08 11330100 90518664.00
2024/03/07 8.11 8.17 7.80 7.86 8718546 69127296.00
2024/03/08 7.80 7.96 7.71 7.94 4770900 37400416.00
2024/03/11 7.88 7.95 7.76 7.92 4916514 38565164.00
2024/03/12 7.91 8.19 7.86 8.08 9495292 76350448.00
2024/03/13 8.10 8.32 8.01 8.12 7082664 57793260.00
2024/03/14 8.06 8.24 8.01 8.08 5926600 48113536.00
2024/03/15 8.06 8.14 8.01 8.13 3363500 27213624.00
2024/03/18 8.15 8.21 8.08 8.21 4607856 37583384.00
2024/03/19 8.22 8.36 8.20 8.26 5731364 47536500.00
2024/03/20 8.25 8.60 8.22 8.55 8051502 67846632.00
2024/03/21 8.62 9.10 8.62 8.70 14543200 128577448.00
2024/03/22 8.76 8.83 8.40 8.51 7790485 66842316.00
2024/03/25 8.42 8.47 8.16 8.18 6425647 53560024.00
2024/03/26 8.20 8.27 7.86 8.09 10036832 80147192.00
2024/03/27 8.10 8.13 7.81 7.81 5818919 46367724.00
2024/03/28 7.81 8.07 7.76 8.00 5943672 47146848.00
2024/03/29 7.96 8.05 7.88 7.97 3896800 30967424.00
2024/04/01 8.05 8.06 7.96 8.06 3873400 31015940.00
2024/04/02 8.06 8.06 7.95 7.97 3454800 27627132.00
2024/04/03 7.92 8.03 7.81 7.95 4692700 37160560.00
2024/04/08 7.90 7.92 7.51 7.52 6420500 49154924.00
2024/04/09 7.51 7.74 7.50 7.73 4385711 33500250.00
2024/04/10 7.70 7.77 7.53 7.64 6324500 48363096.00
2024/04/11 7.57 7.75 7.51 7.56 3646041 27795336.00
2024/04/12 7.56 7.60 7.40 7.40 3409240 25504704.00
2024/04/15 7.41 7.48 6.99 7.06 8139127 58161472.00
2024/04/16 7.05 7.05 6.68 6.69 6538319 44333024.00
2024/04/17 6.70 6.96 6.70 6.90 5297096 36420320.00
2024/04/18 6.90 6.91 6.78 6.86 3927355 26935962.00
2024/04/19 6.78 6.93 6.74 6.77 3744400 25443572.00
2024/04/22 6.77 6.85 6.61 6.80 5611408 37989820.00
2024/04/23 6.80 6.86 6.70 6.85 3976597 26986796.00
2024/04/24 6.82 6.89 6.74 6.89 3330100 22730192.00
2024/04/25 6.86 7.07 6.83 7.02 3967200 27734460.00
2024/04/26 7.01 7.04 6.92 7.03 3903100 27229320.00
2024/04/29 7.01 7.35 6.98 7.31 6198150 44654588.00
2024/04/30 7.34 7.40 7.21 7.36 3324256 24324816.00
2024/05/06 7.45 7.52 7.40 7.52 3295381 24602712.00
2024/05/07 7.57 7.57 7.41 7.54 3464145 25996402.00
2024/05/08 7.54 7.86 7.50 7.60 6703300 51404236.00
2024/05/09 7.50 7.79 7.46 7.69 5009949 38551684.00
2024/05/10 7.73 7.75 7.53 7.56 4826200 36713064.00
2024/05/13 7.45 7.60 7.36 7.39 5306000 39754568.00
2024/05/14 7.39 7.54 7.29 7.34 4452401 32991074.00
2024/05/15 7.27 7.38 7.18 7.22 3481200 25211372.00
2024/05/16 7.25 7.32 7.20 7.24 2548200 18530096.00
2024/05/17 7.22 7.31 7.16 7.22 3589800 25931896.00
2024/05/20 7.23 7.33 7.19 7.23 3146650 22817748.00
2024/05/21 7.24 7.24 7.06 7.09 3658100 25990916.00
2024/05/22 7.13 7.19 6.99 7.06 4031400 28468600.00
2024/05/23 7.01 7.05 6.88 6.88 3576601 24828450.00
2024/05/24 6.89 6.98 6.83 6.83 3211350 22151814.00
2024/05/27 6.83 6.92 6.67 6.76 4832363 32571588.00
2024/05/28 6.79 6.79 6.63 6.66 4007600 26829952.00
2024/05/29 6.74 6.74 6.61 6.63 3770181 25096176.00
2024/05/30 6.65 6.67 6.52 6.52 4246109 27971006.00
2024/05/31 6.51 6.75 6.51 6.66 4328813 28633366.00
2024/06/03 6.62 6.67 6.38 6.43 6018800 39015744.00
2024/06/04 6.39 6.44 6.26 6.31 4577926 28995828.00
2024/06/05 6.25 6.39 6.25 6.27 3459500 21860428.00
2024/06/06 6.26 6.31 5.83 5.87 9934880 59365376.00
2024/06/07 5.96 6.09 5.93 6.05 5546841 33500304.00
2024/06/11 6.08 6.11 5.92 6.08 3011502 18124550.00
2024/06/12 6.06 6.23 6.06 6.20 3826800 23634102.00
2024/06/13 6.21 6.26 6.09 6.11 3108602 19095786.00
2024/06/14 6.09 6.12 6.02 6.05 2960000 17934542.00
2024/06/17 6.02 6.05 5.96 5.97 2863100 17154712.00
2024/06/18 5.97 6.05 5.96 6.03 2442589 14700939.00
2024/06/19 6.03 6.06 5.97 5.98 2435600 14635126.00
2024/06/20 5.98 6.08 5.86 5.87 3732301 22131406.00
2024/06/21 5.88 5.94 5.78 5.88 2320901 13661158.00
2024/06/24 5.85 5.85 5.61 5.63 5708134 32422398.00
2024/06/25 5.63 5.70 5.56 5.61 3822745 21493478.00
2024/06/26 5.60 5.85 5.56 5.84 3405838 19521690.00
2024/06/27 5.86 5.89 5.68 5.69 2703900 15642136.00
2024/06/28 5.70 5.78 5.63 5.65 2503800 14305296.00
2024/07/01 5.69 5.70 5.56 5.69 2917897 16428571.00
2024/07/02 5.67 5.79 5.64 5.73 3411500 19583340.00
2024/07/03 5.74 5.80 5.66 5.67 3507100 20054890.00
2024/07/04 5.66 5.70 5.34 5.34 6356600 34710652.00
2024/07/05 5.34 5.58 5.28 5.56 6383700 34822132.00
2024/07/08 5.55 5.56 5.31 5.34 6323708 34010724.00
2024/07/09 5.33 5.36 5.09 5.27 9389298 48879420.00
2024/07/10 5.18 5.20 5.05 5.07 8631610 44144352.00
2024/07/11 5.19 5.55 5.15 5.44 8696440 46776164.00
2024/07/12 5.45 5.57 5.38 5.45 4382700 24031200.00
2024/07/15 5.45 5.48 5.28 5.33 3213500 17133780.00
2024/07/16 5.33 5.37 5.26 5.33 3335100 17725224.00
2024/07/17 5.30 5.39 5.28 5.34 3649083 19486938.00
2024/07/18 5.31 5.39 5.21 5.38 3285126 17486378.00
2024/07/19 5.45 5.45 5.27 5.35 3471823 18543182.00
2024/07/22 5.36 5.48 5.32 5.44 3158600 17088448.00
2024/07/23 5.45 5.47 5.31 5.31 3080981 16573749.00
2024/07/24 5.28 5.32 5.16 5.25 4495628 23637520.00
2024/07/25 5.24 5.29 5.12 5.24 3286120 17108648.00
2024/07/26 5.26 5.32 5.24 5.26 2362600 12465222.00
2024/07/29 5.29 5.30 5.20 5.24 2595800 13648566.00
2024/07/30 5.24 5.33 5.24 5.30 2694349 14252096.00
2024/07/31 5.30 5.56 5.28 5.56 4472966 24489490.00
2024/08/01 5.57 5.64 5.51 5.55 3339189 18572808.00
2024/08/02 5.51 5.69 5.50 5.56 4093632 22962502.00
2024/08/05 5.54 5.65 5.42 5.42 5067201 28077188.00
2024/08/06 5.47 5.63 5.45 5.63 4108300 22862186.00
2024/08/07 5.63 5.66 5.52 5.55 2792900 15534863.00
2024/08/08 5.55 5.72 5.55 5.67 4974100 28107478.00
2024/08/09 5.70 5.75 5.60 5.60 3448000 19458924.00
2024/08/12 5.95 6.16 5.77 6.16 14275200 86693016.00
2024/08/13 6.20 6.55 5.90 6.37 38508776 239791984.00
2024/08/14 6.14 6.16 5.96 5.99 20340288 123032640.00
2024/08/15 6.29 6.49 6.09 6.12 23289880 145255712.00
2024/08/16 6.00 6.45 5.86 6.33 30344276 186645376.00
2024/08/19 6.38 6.58 6.23 6.23 27956974 178311312.00
2024/08/20 6.21 6.39 6.09 6.14 17731680 111001768.00
2024/08/21 6.04 6.07 5.82 5.84 16116035 95268968.00
2024/08/22 5.90 5.95 5.54 5.56 12660950 71952904.00
2024/08/23 5.56 5.61 5.39 5.43 8949400 48868684.00
2024/08/26 5.43 5.53 5.32 5.48 5586933 30433476.00
2024/08/27 5.49 5.88 5.48 5.58 10767233 60746796.00
2024/08/28 5.58 5.61 5.36 5.50 7443500 40938668.00
2024/08/29 5.46 5.55 5.39 5.50 6040300 33147178.00
2024/08/30 5.48 5.69 5.46 5.63 7350099 41236448.00
2024/09/02 5.62 5.76 5.49 5.51 6635322 37265580.00
2024/09/03 5.50 5.60 5.42 5.52 5627600 31082028.00
2024/09/04 5.48 5.53 5.44 5.45 4038800 22141852.00
2024/09/05 5.48 5.53 5.44 5.48 3406800 18685928.00
2024/09/06 5.48 5.50 5.36 5.37 3413600 18557248.00
2024/09/09 5.40 5.57 5.35 5.44 5267800 28829324.00
2024/09/10 5.50 5.51 5.36 5.46 5217140 28324928.00
2024/09/11 5.46 5.48 5.41 5.43 3227120 17555418.00
2024/09/12 5.43 5.55 5.42 5.42 4803779 26370766.00
2024/09/13 5.44 5.45 5.33 5.33 3483700 18654144.00
2024/09/18 5.33 5.33 5.17 5.28 4133800 21646504.00
2024/09/19 5.33 5.46 5.28 5.42 4499468 24218322.00
2024/09/20 5.42 5.95 5.34 5.71 18365036 104457960.00
2024/09/23 5.70 5.72 5.50 5.55 12044800 67001068.00
2024/09/24 5.54 5.63 5.51 5.63 11032000 61543088.00
2024/09/25 5.65 5.82 5.65 5.77 11189522 64400684.00
2024/09/26 5.73 5.92 5.69 5.91 9612251 55881144.00
2024/09/27 5.99 6.26 5.95 6.17 11961233 72889864.00
2024/09/30 6.34 6.78 6.26 6.73 21609740 141609200.00
2024/10/08 7.39 7.40 6.81 7.19 23590378 168436032.00
2024/10/09 7.16 7.16 6.56 6.56 19213960 130043664.00
2024/10/10 6.69 6.79 6.48 6.53 11979777 79432928.00
2024/10/11 6.50 6.57 6.12 6.20 10165321 63939224.00
2024/10/14 6.20 6.31 6.08 6.26 8662700 53791004.00
2024/10/15 6.21 6.30 6.13 6.14 6717600 41772952.00
2024/10/16 6.08 6.20 6.06 6.12 6607800 40540104.00
2024/10/17 6.14 6.21 6.05 6.05 6996561 42865376.00
2024/10/18 6.08 6.27 6.03 6.15 9719936 59701832.00
2024/10/21 6.17 6.26 6.14 6.21 9626982 59659996.00
2024/10/22 6.11 6.30 6.00 6.29 14779806 90965800.00
2024/10/23 6.25 6.30 6.19 6.26 10581268 66122684.00
2024/10/24 6.26 6.38 6.22 6.31 9402669 59372488.00
2024/10/25 6.28 6.53 6.26 6.52 12619967 81045936.00
2024/10/28 6.52 6.74 6.46 6.74 10613346 70115136.00
2024/10/29 6.80 6.82 6.45 6.49 13002324 85543904.00
2024/10/30 6.49 6.52 6.33 6.42 9177680 58887276.00
2024/10/31 6.41 6.57 6.38 6.50 8624575 56056340.00
2024/11/01 6.52 6.63 6.31 6.34 10365765 66639856.00
2024/11/04 6.41 6.44 6.32 6.43 6090400 38920224.00
2024/11/05 6.43 6.57 6.42 6.54 8489206 55326700.00
2024/11/06 6.55 6.68 6.46 6.59 8871070 58303632.00
2024/11/07 6.56 6.84 6.51 6.82 11650840 78495936.00
2024/11/08 6.84 6.91 6.68 6.74 9240860 62441696.00
2024/11/11 6.74 6.82 6.65 6.80 8921385 60148412.00
2024/11/12 6.85 7.06 6.83 6.89 15060037 104670552.00
2024/11/13 6.89 7.01 6.72 6.87 9732300 66706680.00
2024/11/14 6.86 6.91 6.63 6.64 8161607 55066344.00
2024/11/15 6.59 6.70 6.45 6.46 7274018 47937200.00
2024/11/18 6.50 6.70 6.40 6.47 10123096 66378532.00
2024/11/19 6.50 6.68 6.47 6.68 7867712 51762688.00
2024/11/20 6.64 6.84 6.64 6.83 8480120 57375648.00
2024/11/21 6.85 6.90 6.72 6.85 6773800 46135552.00
2024/11/22 6.88 6.88 6.55 6.56 8309600 55644056.00
2024/11/25 6.56 6.72 6.56 6.71 6299883 41952956.00
2024/11/26 6.71 6.91 6.69 6.75 9571102 65251408.00
2024/11/27 6.73 6.84 6.53 6.84 7844500 52424812.00
2024/11/28 6.81 6.91 6.79 6.89 7976708 54808080.00
2024/11/29 6.88 6.97 6.75 6.90 8902808 61272088.00
2024/12/02 6.95 7.07 6.93 7.03 9608200 67440824.00
2024/12/03 7.02 7.30 6.92 7.09 14991275 106478448.00
2024/12/04 7.07 7.15 6.89 6.94 8848501 62014124.00
2024/12/05 6.91 6.98 6.88 6.96 6407701 44386376.00
2024/12/06 6.98 7.13 6.97 7.10 8786920 62049772.00
2024/12/09 7.11 7.30 7.03 7.13 7712969 55079156.00
2024/12/10 7.23 7.28 7.05 7.07 10199000 72788072.00
2024/12/11 7.11 7.21 7.09 7.18 7475914 53523108.00
2024/12/12 7.14 7.23 7.12 7.22 7420780 53340388.00
2024/12/13 7.22 7.22 6.99 7.00 7120848 50445560.00
2024/12/16 7.02 7.17 7.00 7.04 7907915 55852748.00
2024/12/17 7.08 7.09 6.68 6.70 9351850 63653168.00
2024/12/18 6.75 6.77 6.60 6.67 6023611 40204620.00
2024/12/19 6.62 6.68 6.48 6.61 5461273 35861344.00
2024/12/20 6.60 6.71 6.59 6.67 5037447 33571020.00
2024/12/23 6.70 6.71 6.27 6.29 9059549 58239920.00
2024/12/24 6.34 6.37 6.12 6.18 7355314 45613780.00
2024/12/25 6.19 6.26 5.98 6.08 7250355 44071924.00
2024/12/26 6.14 6.16 6.06 6.08 4619216 28204178.00
2024/12/27 6.08 6.69 6.06 6.69 20981768 136667472.00
2024/12/30 6.67 6.87 6.53 6.61 28759032 193155152.00
2024/12/31 6.65 6.71 6.30 6.31 13980650 90263480.00
2025/01/02 6.31 6.38 6.05 6.07 10654908 65976140.00
2025/01/03 6.13 6.24 5.89 5.92 12440246 75380376.00
2025/01/06 6.03 6.18 5.89 6.06 12403084 75341960.00
2025/01/07 6.06 6.08 5.78 5.93 12712168 75211080.00
2025/01/08 5.89 6.02 5.72 5.87 8254900 48463480.00
2025/01/09 5.82 5.96 5.76 5.85 7230900 42398844.00
2025/01/10 5.84 5.87 5.60 5.61 9354200 53583840.00
2025/01/13 5.54 5.71 5.43 5.66 6500900 36238608.00
2025/01/14 5.72 5.81 5.64 5.81 6770295 38941288.00
2025/01/15 5.83 5.83 5.71 5.78 4279338 24682792.00
2025/01/16 5.78 5.86 5.75 5.80 5076020 29495992.00
2025/01/17 5.80 5.80 5.69 5.75 3625095 20845384.00
2025/01/20 5.76 5.85 5.71 5.81 4753400 27557220.00
2025/01/21 5.85 5.87 5.75 5.81 3889400 22516520.00
2025/01/22 5.79 5.81 5.66 5.71 3822300 21843472.00
2025/01/23 5.75 5.84 5.72 5.72 4444650 25735972.00
2025/01/24 5.71 5.75 5.65 5.73 3714500 21203160.00
2025/01/27 5.63 5.81 5.63 5.68 5907697 33863180.00
2025/02/05 5.75 5.82 5.73 5.77 5134490 29668716.00
2025/02/06 5.77 5.82 5.68 5.82 5577526 32085968.00
2025/02/07 5.82 6.00 5.80 5.95 7660827 45331692.00
2025/02/10 5.95 6.14 5.95 6.14 7997910 48599012.00
2025/02/11 6.15 6.19 6.00 6.04 5401561 32666342.00
2025/02/12 6.02 6.06 5.95 6.02 4319336 25912354.00
2025/02/13 6.03 6.05 5.97 5.97 5003049 30068738.00
2025/02/14 5.99 6.21 5.96 6.16 10899384 66888956.00
2025/02/17 6.23 6.44 6.22 6.35 12277911 78039384.00
2025/02/18 6.32 6.38 6.08 6.09 8435226 52362692.00
2025/02/19 6.09 6.19 6.06 6.16 6464164 39633524.00
2025/02/20 6.16 6.35 6.15 6.20 6440200 40182008.00
2025/02/21 6.24 6.29 6.08 6.13 6899775 42387632.00
2025/02/24 6.13 6.16 6.06 6.11 5342250 32619418.00
2025/02/25 6.08 6.15 6.04 6.09 4437720 27058542.00
2025/02/26 6.11 6.13 6.05 6.13 4659279 28394794.00
2025/02/27 6.13 6.15 5.99 6.06 7883627 47760776.00
2025/02/28 6.05 6.10 5.90 5.92 5835200 34940048.00
2025/03/03 5.92 6.10 5.92 6.00 4341039 26197500.00
2025/03/04 5.95 6.10 5.95 6.09 4203944 25403388.00
2025/03/05 6.09 6.10 5.92 5.97 6048000 36060680.00
2025/03/06 5.97 6.11 5.94 6.08 6877710 41577668.00
2025/03/07 6.08 6.09 5.96 5.97 5302400 31852736.00
2025/03/10 6.02 6.13 6.00 6.04 5576700 33737096.00
2025/03/11 6.00 6.06 5.96 6.02 4562200 27396084.00
2025/03/12 6.02 6.05 5.95 5.95 5864428 35039572.00
2025/03/13 5.95 5.96 5.83 5.90 6139763 36156116.00
2025/03/14 5.89 6.05 5.88 6.05 8407052 50310464.00
2025/03/17 6.06 6.09 6.01 6.07 5932426 35956524.00
2025/03/18 6.07 6.11 6.03 6.08 4720560 28662392.00
2025/03/19 6.09 6.20 6.05 6.12 8791900 53848300.00
2025/03/20 6.10 6.12 6.06 6.07 4733139 28789694.00
2025/03/21 6.06 6.11 5.96 5.98 6663082 40116132.00
2025/03/24 6.00 6.04 5.71 5.78 8140775 47598084.00
2025/03/25 5.80 5.83 5.70 5.79 5265485 30345296.00
2025/03/26 5.78 5.91 5.76 5.87 5245935 30792744.00
2025/03/27 5.88 5.93 5.77 5.89 5321869 31177814.00
2025/03/28 5.89 5.96 5.83 5.83 5509659 32407974.00
2025/03/31 5.79 5.84 5.61 5.66 6716008 38257840.00
2025/04/01 5.69 6.01 5.68 5.91 11151705 65776796.00
2025/04/02 5.91 5.92 5.81 5.87 4304700 25293846.00
2025/04/03 5.84 6.01 5.83 5.90 5017130 29788524.00
2025/04/07 5.78 5.78 5.31 5.31 10753300 58313856.00
2025/04/08 5.31 5.42 5.13 5.24 10221400 53686040.00
2025/04/09 5.15 5.35 4.88 5.31 9783911 50280220.00
2025/04/10 5.35 5.45 5.35 5.38 6714930 36316368.00
2025/04/11 5.36 5.42 5.32 5.33 5537510 29687250.00
2025/04/14 5.36 5.47 5.36 5.40 4581900 24811882.00
2025/04/15 5.41 5.48 5.38 5.43 4522102 24496600.00
2025/04/16 5.41 5.41 5.20 5.29 5024000 26609600.00
2025/04/17 5.26 5.37 5.24 5.33 3491317 18618438.00
2025/04/18 5.31 5.39 5.26 5.33 3225800 17129736.00
2025/04/21 5.29 5.39 5.25 5.39 4139394 22178854.00
2025/04/22 5.38 5.60 5.38 5.48 7486303 41051740.00
2025/04/23 5.49 5.55 5.45 5.49 5309700 29140424.00
2025/04/24 5.53 5.59 5.47 5.53 5603200 30958464.00
2025/04/25 5.55 5.58 5.51 5.52 4117201 22797724.00
2025/04/28 5.49 5.60 5.38 5.54 6008614 33141792.00
2025/04/29 5.53 5.66 5.52 5.62 5427600 30437228.00
2025/04/30 5.60 5.75 5.59 5.68 7963000 45383368.00
2025/05/06 5.72 5.78 5.65 5.76 5666100 32448656.00
2025/05/07 5.80 5.82 5.72 5.79 4201325 24199708.00
2025/05/08 5.75 5.81 5.72 5.79 2910525 16836648.00
2025/05/09 5.95 6.37 5.86 6.36 48134832 300273472.00
2025/05/12 6.10 6.17 5.94 6.09 30952336 187100896.00
2025/05/13 6.09 6.11 5.97 6.04 15973729 96385408.00
2025/05/14 6.05 6.07 5.93 6.00 9577201 57282516.00
2025/05/15 6.00 6.07 5.96 6.06 9899447 59689664.00
2025/05/16 6.10 6.10 5.96 5.98 8986747 53856888.00
2025/05/19 5.96 6.01 5.96 5.99 5458000 32672228.00
2025/05/20 5.99 6.07 5.98 6.05 6571932 39685668.00
2025/05/21 6.03 6.09 6.02 6.04 5604540 33928328.00
2025/05/22 6.04 6.05 5.92 6.02 6130933 36769420.00
2025/05/23 6.02 6.13 5.95 5.97 7404701 44855068.00
2025/05/26 5.95 6.03 5.88 5.97 5986133 35614244.00
2025/05/27 5.99 6.09 5.92 6.02 11189729 67156544.00
2025/05/28 6.00 6.03 5.91 5.95 6113820 36393576.00
2025/05/29 5.95 6.08 5.92 5.95 15369230 92322736.00
2025/05/30 5.95 6.07 5.95 5.98 13397500 80262312.00
2025/06/03 5.94 6.14 5.94 6.13 11039528 67246360.00
2025/06/04 6.14 6.18 6.07 6.15 8261000 50565372.00
2025/06/05 6.15 6.17 6.06 6.10 7623000 46498276.00
2025/06/06 6.10 6.15 6.07 6.14 6018200 36793140.00
2025/06/09 6.13 6.25 6.13 6.22 7268460 45084196.00
2025/06/10 6.22 6.30 6.12 6.21 7765838 48240444.00
2025/06/11 6.20 6.27 6.17 6.21 5822900 36182988.00
2025/06/12 6.22 6.22 6.12 6.16 5407651 33288092.00
2025/06/13 6.13 6.19 6.03 6.04 6878418 41796712.00
2025/06/16 6.04 6.12 5.99 6.04 5961686 36116736.00
2025/06/17 6.07 6.18 6.03 6.07 8157739 49605824.00
2025/06/18 6.06 6.06 5.96 5.96 5838019 34966644.00
2025/06/19 5.95 5.99 5.82 5.83 5624219 33091034.00
2025/06/20 5.85 5.90 5.80 5.80 4706500 27524806.00
2025/06/23 5.81 5.99 5.78 5.96 6589600 38930164.00
2025/06/24 6.00 6.10 5.94 6.09 7604090 46037128.00
2025/06/25 6.10 6.12 6.02 6.09 5168051 31355600.00
2025/06/26 6.11 6.12 6.04 6.07 4666840 28353848.00
2025/06/27 6.07 6.14 6.06 6.08 4599001 28028396.00
2025/06/30 6.10 6.15 6.07 6.14 4727627 28860998.00
2025/07/01 6.13 6.19 6.09 6.17 8003574 49183176.00
2025/07/02 6.13 6.24 6.13 6.23 7982700 49457560.00
2025/07/03 6.21 6.36 6.19 6.34 8829060 55700016.00
2025/07/04 6.36 6.41 6.27 6.29 9403725 59509732.00
2025/07/07 6.28 6.37 6.26 6.32 6426817 40625068.00
2025/07/08 6.34 6.42 6.29 6.42 6777100 43222600.00
2025/07/09 6.41 6.42 6.36 6.40 4645600 29685924.00
2025/07/10 6.40 6.52 6.36 6.48 7006127 45244288.00
2025/07/11 6.50 6.54 6.41 6.47 6065308 39176500.00
2025/07/14 6.47 6.68 6.45 6.60 10040208 65907612.00
2025/07/15 6.49 6.55 6.38 6.54 15644100 101080720.00
2025/07/16 6.54 6.58 6.46 6.57 8480113 55254680.00
2025/07/17 6.57 6.74 6.54 6.63 12314026 81545368.00
2025/07/18 6.63 6.65 6.54 6.64 9361326 61808504.00
2025/07/21 6.64 6.78 6.61 6.77 8894200 59811792.00
2025/07/22 6.76 6.80 6.69 6.73 7715400 51985644.00
2025/07/23 6.76 6.77 6.65 6.67 7333852 49204716.00
2025/07/24 6.67 6.78 6.65 6.76 9657100 64935164.00
2025/07/25 6.77 6.87 6.72 6.79 9323470 63480652.00
2025/07/28 7.00 7.47 6.99 7.47 34340168 254296080.00
2025/07/29 7.40 7.40 6.84 7.03 76108752 532960128.00
2025/07/30 6.96 6.97 6.74 6.83 36771612 251815008.00
2025/07/31 6.77 6.83 6.66 6.66 25881308 174108704.00
2025/08/01 6.88 7.19 6.79 6.84 33006660 227633152.00
2025/08/04 6.85 7.02 6.72 7.00 30707536 211978480.00
2025/08/05 7.56 7.70 7.56 7.70 18585020 142755840.00
2025/08/06 7.70 7.75 7.19 7.23 61069476 449694080.00
2025/08/07 7.23 7.95 7.17 7.95 64942180 508061536.00
2025/08/08 7.80 8.45 7.79 8.06 95853040 783512256.00
2025/08/11 7.95 8.00 7.70 7.85 53751740 419132672.00
2025/08/12 7.82 7.96 7.53 7.58 41740116 319088928.00
2025/08/13 7.62 7.75 7.50 7.74 30083254 229460176.00
2025/08/14 7.67 7.67 7.37 7.39 26653984 199635072.00
2025/08/15 7.31 7.53 7.30 7.43 15516402 115141608.00
2025/08/18 7.44 7.47 7.40 7.44 17279600 128386808.00
2025/08/19 7.42 7.65 7.38 7.54 19243500 145082800.00
2025/08/20 7.54 7.54 7.37 7.47 13467121 100027232.00
2025/08/21 7.50 7.56 7.40 7.41 11221902 83637208.00
2025/08/22 7.45 7.48 7.28 7.35 13379301 98262064.00
2025/08/25 7.35 7.39 7.30 7.33 12191704 89418056.00
2025/08/26 7.33 7.39 7.28 7.34 10028796 73516240.00
2025/08/27 7.33 7.33 6.95 6.96 22344396 159427088.00
2025/08/28 6.97 7.10 6.66 6.85 18919800 129543008.00
2025/08/29 6.82 6.89 6.80 6.81 8386600 57313888.00
2025/09/01 6.81 6.95 6.75 6.94 9859041 67749120.00
2025/09/02 6.93 6.95 6.75 6.79 10513622 71584712.00
2025/09/03 6.85 6.87 6.61 6.64 8330800 56126304.00
2025/09/04 6.67 6.80 6.61 6.69 9811439 65928784.00
2025/09/05 6.69 6.72 6.55 6.72 8344400 55490064.00
2025/09/08 6.71 6.89 6.71 6.88 10076694 68762136.00
2025/09/09 6.88 6.89 6.72 6.75 7107612 48296964.00
2025/09/10 6.77 6.79 6.70 6.74 4579806 30865600.00
2025/09/11 6.76 6.79 6.64 6.79 7279877 48912960.00
2025/09/12 6.79 6.81 6.70 6.77 7511700 50817460.00
2025/09/15 6.76 6.79 6.70 6.74 5086210 34234528.00
2025/09/16 6.74 6.80 6.71 6.79 6000703 40570000.00
2025/09/17 6.78 6.78 6.70 6.71 6643894 44702228.00
2025/09/18 6.71 6.74 6.55 6.58 8766935 58390868.00
2025/09/19 6.58 6.63 6.47 6.52 6669750 43463876.00
2025/09/22 6.50 6.52 6.39 6.45 5999900 38652648.00
2025/09/23 6.46 6.46 6.22 6.35 7996750 50350688.00
2025/09/24 6.32 6.46 6.31 6.43 6046850 38716084.00
2025/09/25 6.43 6.50 6.36 6.37 5882827 37741468.00
2025/09/26 6.40 6.41 6.28 6.34 6447550 40959512.00
2025/09/29 6.34 6.38 6.21 6.37 5440511 34399136.00
2025/09/30 6.40 6.42 6.35 6.40 4574942 29228452.00
2025/10/09 6.44 6.44 6.29 6.35 5884441 37284424.00
2025/10/10 6.35 6.43 6.32 6.38 5533490 35347168.00
2025/10/13 6.27 6.36 6.12 6.35 7254292 45445284.00
2025/10/14 6.36 6.44 6.34 6.36 6256212 39963924.00
2025/10/15 6.36 6.49 6.35 6.47 6614822 42675980.00
2025/10/16 6.48 6.49 6.38 6.42 5050307 32503990.00
2025/10/17 6.41 6.47 6.35 6.38 4594600 29489192.00
2025/10/20 6.39 6.46 6.35 6.46 5317500 34099656.00
2025/10/21 6.49 6.59 6.43 6.59 6726890 43929276.00
2025/10/22 6.61 6.71 6.52 6.67 7359500 49076320.00
2025/10/23 6.65 6.70 6.60 6.69 5078100 33758176.00
2025/10/24 6.70 6.70 6.57 6.58 6509400 43060664.00
2025/10/27 6.63 6.63 6.51 6.56 5165100 33921156.00
2025/10/28 6.56 6.65 6.50 6.60 4577706 30219408.00
2025/10/29 6.63 6.63 6.49 6.55 4677606 30542846.00
2025/10/30 6.50 6.52 6.39 6.41 7822206 50397804.00
2025/10/31 6.40 6.57 6.40 6.54 6932914 45197540.00
2025/11/03 6.60 6.70 6.58 6.66 6470400 42989848.00
2025/11/04 6.66 6.69 6.60 6.68 5204106 34631144.00
2025/11/05 6.63 6.72 6.61 6.71 4430260 29643302.00
2025/11/06 6.73 6.74 6.62 6.63 4639221 30812876.00
2025/11/07 6.64 6.69 6.60 6.66 4498437 29932978.00
2025/11/10 6.70 6.78 6.66 6.75 5392656 36346236.00
2025/11/11 6.78 6.86 6.71 6.85 7496642 51118892.00
2025/11/12 6.87 6.93 6.83 6.86 8099620 55743016.00
2025/11/13 6.87 6.96 6.78 6.94 6786295 46728764.00
2025/11/14 6.94 7.04 6.92 6.97 8487499 59449268.00
2025/11/17 6.97 6.99 6.88 6.95 6322520 43784344.00
2025/11/18 6.90 7.03 6.85 6.90 6376098 44000196.00
2025/11/19 6.92 6.93 6.73 6.77 5367042 36474800.00
2025/11/20 6.78 6.89 6.73 6.77 6108650 41542208.00
2025/11/21 6.70 6.79 6.45 6.46 8746601 57545212.00
2025/11/24 6.54 6.70 6.47 6.65 7616834 50337016.00
2025/11/25 6.69 6.82 6.62 6.75 6652481 44789116.00
2025/11/26 6.75 6.87 6.68 6.69 6427600 43619656.00
2025/11/27 6.69 6.76 6.62 6.71 4985100 33327068.00
2025/11/28 6.70 6.72 6.64 6.71 4246302 28379020.00
2025/12/01 6.75 6.82 6.68 6.69 6685500 45198336.00
2025/12/02 6.66 6.74 6.59 6.73 7154101 47759748.00
2025/12/03 6.73 6.77 6.60 6.65 6399300 42661392.00
2025/12/04 6.64 6.66 6.48 6.55 5627142 36993388.00
2025/12/05 6.57 6.61 6.43 6.58 5337246 34781588.00
2025/12/08 6.58 6.64 6.53 6.54 5581300 36684024.00
2025/12/09 6.54 6.57 6.40 6.40 6031878 38890452.00
2025/12/10 6.39 6.41 6.25 6.29 7463049 47080500.00
2025/12/11 6.32 6.33 6.11 6.11 8194701 50535336.00
2025/12/12 6.11 6.16 5.97 5.99 9012197 54642384.00
2025/12/15 5.97 6.07 5.92 6.02 6924602 41640644.00
2025/12/16 6.03 6.09 5.93 5.98 4894903 29337846.00
2025/12/17 5.97 6.00 5.89 5.97 5627201 33415662.00
2025/12/18 6.00 6.18 5.97 6.13 7759896 47407580.00
2025/12/19 6.13 6.20 6.06 6.19 5061325 31157764.00
2025/12/22 6.18 6.21 6.12 6.13 4901968 30136798.00
2025/12/23 6.14 6.14 6.02 6.03 5070494 30658022.00
2025/12/24 6.03 6.08 6.01 6.05 3865200 23357944.00
2025/12/25 6.05 6.07 6.02 6.05 4903200 29635708.00
2025/12/26 6.09 6.09 6.00 6.02 4969200 29987944.00
2025/12/29 6.02 6.04 5.96 5.96 4172546 24951362.00
2025/12/30 5.94 5.98 5.88 5.93 5108200 30245668.00
2025/12/31 5.92 5.96 5.91 5.94 4735445 28104742.00
2026/01/05 5.97 6.15 5.95 6.14 8970970 54599500.00
2026/01/06 6.15 6.21 6.11 6.12 9768820 59959620.00
2026/01/07 6.11 6.12 6.01 6.02 8046590 48672604.00
2026/01/08 6.01 6.14 6.00 6.12 8320989 50683256.00
2026/01/09 6.12 6.20 6.10 6.18 7579372 46601012.00
2026/01/12 6.19 6.30 6.19 6.27 8116248 50757440.00
2026/01/13 6.28 6.43 6.27 6.32 10756845 68454656.00
2026/01/14 6.30 6.45 6.21 6.30 10885000 68925976.00
2026/01/15 6.27 6.29 6.18 6.21 7149878 44516440.00
2026/01/16 6.22 6.26 6.11 6.13 6533712 40149112.00
2026/01/19 6.11 6.19 6.06 6.18 7239540 44516260.00
2026/01/20 6.18 6.23 6.15 6.18 5872520 36295720.00
2026/01/21 6.15 6.26 6.15 6.23 4954700 30818196.00
2026/01/22 6.25 6.30 6.21 6.30 5353200 33564944.00
2026/01/23 6.31 6.32 6.27 6.32 5137500 32369680.00
2026/01/26 6.46 6.95 6.46 6.95 36265104 243414576.00
2026/01/27 7.14 7.54 7.03 7.09 85046912 616297344.00
2026/01/28 6.89 7.01 6.70 6.76 49417104 336296480.00
2026/01/29 6.68 6.70 6.43 6.49 32401700 211704880.00
2026/01/30 6.45 6.69 6.35 6.35 22948914 147927760.00
2026/02/02 6.20 6.29 6.10 6.10 19516600 120917952.00
2026/02/03 6.17 6.19 6.10 6.16 12327200 75598384.00
2026/02/04 6.17 6.25 6.16 6.24 10707301 66397784.00
2026/02/05 6.22 6.25 6.17 6.20 8318041 51664224.00
2026/02/06 6.20 6.27 6.18 6.22 8846440 55183600.00
2026/02/09 6.24 6.32 6.24 6.31 8799780 55318952.00
2026/02/10 6.31 6.35 6.27 6.32 7070158 44672948.00
2026/02/11 6.28 6.32 6.24 6.27 6212200 38981924.00
2026/02/12 6.25 6.26 6.14 6.14 8211000 50706268.00
2026/02/13 6.15 6.21 6.11 6.13 6507600 40074448.00
2026/02/24 6.18 6.20 6.13 6.19 7032300 43374328.00
2026/02/25 6.19 6.28 6.18 6.22 8173140 50915536.00
#Ъ§ОнРДдД:ЭЈДяаХ
