002208 КЯЗЪГЧНЈ ШеЯп ЧАИДШЈ
      ШеЦк	    ПЊХЬ	    зюИп	    зюЕЭ	    ЪеХЬ	    ГЩНЛСП	    ГЩНЛЖю
2021/08/02 7.08 7.24 6.90 7.19 11327223 82638712.00
2021/08/03 7.16 7.37 7.11 7.25 9089929 68039920.00
2021/08/04 7.26 7.27 7.13 7.19 8100545 59957304.00
2021/08/05 7.17 7.39 7.09 7.22 9463636 70992088.00
2021/08/06 7.17 7.20 7.06 7.16 7189674 52798848.00
2021/08/09 7.15 7.40 7.08 7.30 11652394 87769096.00
2021/08/10 7.25 7.33 7.24 7.31 8320277 62481872.00
2021/08/11 7.28 7.61 7.28 7.47 16612993 128625040.00
2021/08/12 7.43 7.57 7.35 7.39 10099926 77049232.00
2021/08/13 7.37 7.43 7.30 7.40 6634316 50328628.00
2021/08/16 7.40 7.49 7.37 7.45 8368342 64210536.00
2021/08/17 7.43 7.56 7.27 7.28 11053405 84568744.00
2021/08/18 7.28 7.46 7.20 7.45 10214064 77424160.00
2021/08/19 7.44 7.52 7.34 7.37 6637006 50583068.00
2021/08/20 7.34 7.57 7.28 7.54 13202146 101536184.00
2021/08/23 7.59 7.76 7.54 7.57 13205525 103786232.00
2021/08/24 7.54 7.67 7.53 7.66 10487996 81960976.00
2021/08/25 7.71 7.99 7.63 7.92 21273042 171360032.00
2021/08/26 7.84 7.97 7.80 7.83 15444495 125124648.00
2021/08/27 7.84 8.60 7.81 8.31 40457413 340568640.00
2021/08/30 8.33 8.39 8.11 8.12 18879870 159536480.00
2021/08/31 8.14 8.96 8.14 8.96 32179430 293439680.00
2021/09/01 9.22 9.88 8.93 9.88 76361087 752393984.00
2021/09/02 9.89 10.16 9.49 9.83 64599497 648728768.00
2021/09/03 9.87 10.02 8.92 9.16 58897541 563509888.00
2021/09/06 8.89 9.12 8.71 9.10 32483140 297805600.00
2021/09/07 9.00 9.24 8.90 8.95 26381650 244370528.00
2021/09/08 8.93 9.04 8.88 9.00 16725747 153915760.00
2021/09/09 9.00 9.01 8.61 8.76 32978218 297313024.00
2021/09/10 8.77 8.87 8.60 8.62 17334550 155054096.00
2021/09/13 8.57 8.85 8.52 8.69 15813605 141789856.00
2021/09/14 8.79 8.90 8.35 8.36 25486430 224323120.00
2021/09/15 8.35 8.51 8.31 8.35 12292552 106111528.00
2021/09/16 8.35 8.46 8.09 8.16 21586160 183227536.00
2021/09/17 8.15 8.21 7.89 7.99 17310545 142815872.00
2021/09/22 7.85 8.06 7.77 7.98 11981858 98146136.00
2021/09/23 8.02 8.30 7.99 8.25 20391805 171923200.00
2021/09/24 8.24 8.24 7.92 7.97 14344254 118889280.00
2021/09/27 7.91 8.01 7.62 7.73 14627022 117163584.00
2021/09/28 7.81 7.99 7.69 7.75 17273820 138839952.00
2021/09/29 7.67 7.83 7.46 7.48 21341470 166887008.00
2021/09/30 7.57 7.79 7.45 7.61 16356756 127914216.00
2021/10/08 7.66 7.88 7.60 7.70 16574880 131650224.00
2021/10/11 7.70 7.77 7.60 7.67 10963401 86727616.00
2021/10/12 7.63 7.76 7.49 7.56 14945910 117300736.00
2021/10/13 7.57 7.61 7.35 7.43 12790330 97982128.00
2021/10/14 7.43 7.51 7.36 7.48 7371704 56532384.00
2021/10/15 7.30 7.39 7.16 7.30 12568226 94450952.00
2021/10/18 7.30 7.36 7.23 7.34 8004873 60293092.00
2021/10/19 7.31 7.36 7.29 7.32 7381862 55765320.00
2021/10/20 7.31 7.32 7.20 7.20 7854685 58670324.00
2021/10/21 7.24 7.38 7.17 7.22 10119045 76023720.00
2021/10/22 7.32 7.61 7.32 7.37 24527260 188222752.00
2021/10/25 7.16 7.19 7.03 7.12 16164173 118380944.00
2021/10/26 7.08 7.11 6.95 7.00 11797798 85538352.00
2021/10/27 6.97 7.00 6.87 6.87 7753713 55356932.00
2021/10/28 6.88 6.91 6.76 6.78 6758552 47485916.00
2021/10/29 6.79 6.90 6.72 6.86 5443178 38389892.00
2021/11/01 6.85 6.91 6.78 6.86 4638378 32865476.00
2021/11/02 6.86 6.91 6.71 6.75 6322237 44390220.00
2021/11/03 6.74 6.86 6.72 6.83 4756890 33457864.00
2021/11/04 6.80 6.86 6.77 6.86 3859265 27238356.00
2021/11/05 6.83 6.84 6.78 6.80 4367722 30720862.00
2021/11/08 6.76 6.83 6.73 6.82 3941948 27664916.00
2021/11/09 6.82 6.87 6.82 6.86 4137919 29286156.00
2021/11/10 6.85 7.02 6.77 7.01 9565864 68398312.00
2021/11/11 6.98 7.43 6.98 7.37 24666456 185017136.00
2021/11/12 7.28 7.31 7.09 7.18 13738210 101721712.00
2021/11/15 7.17 7.20 7.05 7.17 8230582 60542396.00
2021/11/16 7.19 7.36 7.10 7.11 8262562 61497692.00
2021/11/17 7.11 7.26 7.08 7.23 7542310 55762300.00
2021/11/18 7.19 7.22 7.13 7.17 4864640 35923924.00
2021/11/19 7.14 7.29 7.09 7.24 7233918 53586380.00
2021/11/22 7.20 7.27 7.16 7.22 6446412 47957356.00
2021/11/23 7.22 7.25 7.18 7.21 5111452 38029320.00
2021/11/24 7.21 7.30 7.18 7.23 6142144 45860528.00
2021/11/25 7.23 7.28 7.18 7.19 5216882 38844364.00
2021/11/26 7.16 7.19 7.07 7.09 5786940 42475936.00
2021/11/29 6.99 7.02 6.93 6.95 5127460 36927316.00
2021/11/30 6.97 7.06 6.97 6.99 4107300 29774944.00
2021/12/01 6.98 7.08 6.97 7.08 3951780 28755686.00
2021/12/02 7.06 7.18 7.03 7.14 6175133 45380324.00
2021/12/03 7.16 7.23 7.08 7.17 5495812 40542036.00
2021/12/06 7.25 7.37 7.13 7.15 6482540 48322088.00
2021/12/07 7.34 7.37 7.18 7.31 12798254 96237000.00
2021/12/08 7.31 7.31 7.19 7.24 8112107 60490144.00
2021/12/09 7.23 7.33 7.19 7.27 9388580 70299704.00
2021/12/10 7.25 7.31 7.20 7.21 6121016 45737380.00
2021/12/13 7.21 7.25 7.16 7.18 5690514 42250428.00
2021/12/14 7.14 7.16 7.07 7.10 5571032 40854288.00
2021/12/15 7.09 7.42 7.09 7.28 16078240 121100144.00
2021/12/16 7.25 7.30 7.18 7.29 7493740 56017516.00
2021/12/17 7.25 7.41 7.22 7.32 8645305 65351392.00
2021/12/20 7.33 7.61 7.33 7.52 19646077 151706224.00
2021/12/21 7.65 8.27 7.59 8.02 44094943 363773952.00
2021/12/22 7.87 8.04 7.69 7.76 32486176 261013536.00
2021/12/23 7.70 7.81 7.52 7.57 16929158 132790024.00
2021/12/24 7.55 7.57 7.37 7.42 10851716 83282408.00
2021/12/27 7.43 7.61 7.43 7.53 10483305 81313488.00
2021/12/28 7.51 7.55 7.35 7.44 9716700 74332336.00
2021/12/29 7.47 7.64 7.37 7.54 11545717 88985392.00
2021/12/30 7.51 7.53 7.44 7.47 7980880 61447500.00
2021/12/31 7.51 7.65 7.46 7.53 8847820 68876368.00
2022/01/04 7.55 7.72 7.49 7.72 15351596 121154560.00
2022/01/05 7.72 7.82 7.61 7.79 16422259 130789656.00
2022/01/06 7.74 7.96 7.71 7.80 16510818 133541808.00
2022/01/07 7.82 8.02 7.78 7.81 20155327 164261600.00
2022/01/10 7.90 8.12 7.82 8.01 19428080 159024752.00
2022/01/11 8.03 8.05 7.86 7.88 15822941 129439296.00
2022/01/12 7.84 7.94 7.77 7.87 13164331 106189720.00
2022/01/13 7.90 8.12 7.85 7.94 22218395 183106864.00
2022/01/14 7.94 8.36 7.90 8.05 33351811 278956928.00
2022/01/17 8.16 8.88 8.16 8.88 51759345 465768896.00
2022/01/18 8.92 9.42 8.58 8.90 93328664 867072448.00
2022/01/19 8.65 9.78 8.59 9.42 64062760 611255680.00
2022/01/20 9.35 9.64 9.01 9.16 48721503 462055424.00
2022/01/21 9.07 9.11 8.48 8.58 46537880 416017888.00
2022/01/24 8.63 9.25 8.60 8.89 36321900 330205088.00
2022/01/25 8.89 8.89 8.20 8.24 35124514 304207136.00
2022/01/26 8.29 8.52 8.00 8.17 23989817 202340368.00
2022/01/27 8.17 8.17 7.62 7.66 25353206 203697856.00
2022/01/28 7.77 8.11 7.71 7.94 21844952 177741024.00
2022/02/07 8.12 8.76 7.82 8.76 43356288 375892320.00
2022/02/08 8.91 9.13 8.60 8.97 47183836 429868064.00
2022/02/09 8.93 9.05 8.80 8.85 25732498 234671824.00
2022/02/10 8.78 9.04 8.62 8.94 28719469 261723872.00
2022/02/11 8.90 9.12 8.84 8.90 29466120 270644000.00
2022/02/14 8.78 8.97 8.67 8.76 22267080 200553200.00
2022/02/15 8.73 8.75 8.49 8.57 20195868 178141552.00
2022/02/16 8.60 8.99 8.59 8.70 20995012 188680496.00
2022/02/17 8.71 8.75 8.44 8.48 19358263 169402816.00
2022/02/18 8.34 8.80 8.34 8.66 20155753 178229664.00
2022/02/21 8.55 8.86 8.49 8.82 22701290 201994752.00
2022/02/22 8.75 8.80 8.49 8.57 18938990 168139776.00
2022/02/23 8.65 8.66 8.37 8.42 17738487 153727152.00
2022/02/24 8.42 8.50 7.85 8.06 25541760 214086288.00
2022/02/25 8.07 8.40 8.05 8.10 15067009 126949072.00
2022/02/28 8.10 8.20 7.95 8.17 10696205 88840544.00
2022/03/01 8.17 8.26 8.08 8.19 8526450 71580528.00
2022/03/02 8.17 8.28 8.04 8.13 11878120 99604312.00
2022/03/03 8.16 8.36 8.06 8.08 17440720 147114912.00
2022/03/04 8.09 8.09 7.77 7.80 18054800 145700160.00
2022/03/07 7.77 7.93 7.72 7.76 11707600 94308968.00
2022/03/08 7.82 7.83 7.43 7.56 14757471 115542160.00
2022/03/09 7.55 7.63 7.02 7.32 16227440 123234752.00
2022/03/10 7.43 7.60 7.40 7.53 12726260 98683064.00
2022/03/11 7.40 7.60 7.30 7.56 11964460 91712528.00
2022/03/14 7.56 7.61 7.27 7.29 10694248 82228312.00
2022/03/15 7.26 7.27 6.86 6.87 15620836 113659496.00
2022/03/16 6.98 7.10 6.76 7.03 14132400 101586624.00
2022/03/17 7.28 7.55 7.27 7.35 22581258 171837232.00
2022/03/18 7.26 7.55 7.14 7.54 19185893 146640368.00
2022/03/21 7.54 7.70 7.43 7.63 19027305 148733568.00
2022/03/22 7.60 8.12 7.49 7.93 35164868 284658528.00
2022/03/23 7.78 8.16 7.75 8.02 34808508 284394240.00
2022/03/24 7.91 8.31 7.87 7.94 32984110 274256064.00
2022/03/25 7.89 8.21 7.81 8.11 32876084 272374784.00
2022/03/28 7.99 8.94 7.93 8.47 64353517 564538496.00
2022/03/29 8.30 9.27 8.19 8.59 58074618 511952160.00
2022/03/30 8.53 9.25 8.52 8.99 66109157 606858240.00
2022/03/31 8.97 9.72 8.72 9.15 86670404 822783296.00
2022/04/01 8.98 10.09 8.95 10.09 119501293 1192680832.00
2022/04/06 10.09 10.54 9.50 9.88 123163172 1253143680.00
2022/04/07 9.48 9.57 8.87 9.00 86625737 811447872.00
2022/04/08 8.92 9.82 8.88 9.60 90029651 865732480.00
2022/04/11 9.37 9.37 8.74 9.02 57212889 533056544.00
2022/04/12 8.97 9.25 8.67 8.81 51378749 473956992.00
2022/04/13 8.83 8.85 8.44 8.52 47002065 415217760.00
2022/04/14 8.58 9.02 8.56 8.85 39995623 362172992.00
2022/04/15 8.52 8.82 8.26 8.38 41176309 361071648.00
2022/04/18 8.25 8.50 7.97 8.02 32811818 276950208.00
2022/04/19 8.00 8.27 7.80 8.22 25085160 208115024.00
2022/04/20 8.13 8.20 7.66 7.76 28008767 226631056.00
2022/04/21 7.69 7.72 7.24 7.29 30176027 232010528.00
2022/04/22 7.28 7.52 7.15 7.33 24306969 184075408.00
2022/04/25 7.25 7.51 6.93 6.94 34820311 259470704.00
2022/04/26 7.02 7.26 6.92 6.99 32207141 234551536.00
2022/04/27 7.00 7.14 6.70 7.14 39830737 285684192.00
2022/04/28 7.00 7.06 6.60 6.96 44029690 312309888.00
2022/04/29 6.89 7.27 6.85 7.17 38823735 282697088.00
2022/05/05 7.14 7.56 7.10 7.50 43405200 331020064.00
2022/05/06 7.29 7.33 7.07 7.09 28133940 208405760.00
2022/05/09 7.15 7.41 7.12 7.32 22912915 172623600.00
2022/05/10 7.13 8.08 7.11 7.89 51419233 406048864.00
2022/05/11 7.87 8.14 7.67 7.71 45923372 371102080.00
2022/05/12 7.60 7.80 7.38 7.58 28642266 223820208.00
2022/05/13 7.57 7.95 7.48 7.86 37239803 296964288.00
2022/05/16 8.12 8.16 7.80 7.95 37921439 311346624.00
2022/05/17 7.87 7.96 7.58 7.75 26738933 213162080.00
2022/05/18 7.69 7.80 7.60 7.64 19981000 158123072.00
2022/05/19 7.46 7.84 7.41 7.74 29684925 235207872.00
2022/05/20 7.76 7.79 7.57 7.62 22512424 177251088.00
2022/05/23 7.59 7.64 7.50 7.55 15711935 122374576.00
2022/05/24 7.57 7.59 7.12 7.14 25433399 191859728.00
2022/05/25 7.14 7.28 7.08 7.26 11769614 87545600.00
2022/05/26 7.32 7.53 7.25 7.35 19037081 144768480.00
2022/05/27 7.35 7.49 7.27 7.40 16270179 123919536.00
2022/05/30 7.38 7.38 7.20 7.26 14617209 109632616.00
2022/05/31 7.26 7.32 7.15 7.28 11823580 88366984.00
2022/06/01 7.27 7.34 7.15 7.29 12712689 95167184.00
2022/06/02 7.27 7.28 7.15 7.16 13444088 99697048.00
2022/06/06 7.12 7.21 7.00 7.17 14651700 107208888.00
2022/06/07 7.16 7.91 7.12 7.91 68752845 542913024.00
2022/06/08 7.73 7.91 7.59 7.77 49881666 397691648.00
2022/06/09 7.67 8.09 7.63 8.02 56735019 460973376.00
2022/06/10 7.80 7.99 7.72 7.94 37152924 301679264.00
2022/06/13 7.80 7.83 7.56 7.69 30816631 243372512.00
2022/06/14 7.55 7.73 7.37 7.65 23226136 181575664.00
2022/06/15 7.65 7.96 7.61 7.73 37115719 298460576.00
2022/06/16 7.74 7.86 7.60 7.63 21575511 170502176.00
2022/06/17 7.56 7.63 7.44 7.56 15696503 121731976.00
2022/06/20 7.56 7.94 7.50 7.79 26473496 210692592.00
2022/06/21 7.76 8.53 7.71 8.21 57812038 483215968.00
2022/06/22 8.07 8.15 7.90 7.91 33436510 275304832.00
2022/06/23 7.92 8.16 7.91 8.07 28979720 239609904.00
2022/06/24 8.02 8.90 7.91 8.90 83831662 735566016.00
2022/06/27 8.52 8.70 8.34 8.58 64215492 562251904.00
2022/06/28 8.45 8.62 8.39 8.53 31983253 278634976.00
2022/06/29 8.55 9.04 8.55 8.62 59964589 542302528.00
2022/06/30 8.76 9.02 8.45 8.73 50384998 450997824.00
2022/07/01 8.64 8.68 8.37 8.37 34095721 296699776.00
2022/07/04 8.22 8.37 8.12 8.34 21560149 182384304.00
2022/07/05 8.33 8.54 8.26 8.45 23373788 201933568.00
2022/07/06 8.42 8.43 7.99 8.05 24321355 203797056.00
2022/07/07 8.04 8.22 7.96 7.98 15303585 126639408.00
2022/07/08 8.02 8.12 7.96 7.97 13637527 112465640.00
2022/07/11 7.96 7.96 7.72 7.93 13577549 109716848.00
2022/07/12 7.97 8.16 7.88 8.12 20117345 166871840.00
2022/07/13 8.11 8.47 8.08 8.24 26716581 227772144.00
2022/07/14 8.10 8.13 7.81 7.87 22697580 185118640.00
2022/07/15 7.77 7.78 7.29 7.30 29167874 224440352.00
2022/07/18 7.24 7.51 7.24 7.47 12665193 97050152.00
2022/07/19 7.50 7.53 7.39 7.52 11336928 87198064.00
2022/07/20 7.50 7.80 7.44 7.57 13808440 108096536.00
2022/07/21 7.57 8.02 7.42 7.80 30710124 244947120.00
2022/07/22 7.68 7.74 7.57 7.65 17709599 137576256.00
2022/07/25 7.67 7.80 7.59 7.60 13280188 103746016.00
2022/07/26 7.63 7.85 7.55 7.81 17584284 138841072.00
2022/07/27 7.77 7.82 7.67 7.72 11199824 88027536.00
2022/07/28 7.69 7.85 7.67 7.72 12224391 96060288.00
2022/07/29 7.72 7.73 7.53 7.56 11734991 90835952.00
2022/08/01 7.47 7.56 7.40 7.55 6275815 47828912.00
2022/08/02 7.48 7.48 7.12 7.23 12877084 95071520.00
2022/08/03 7.21 7.33 7.11 7.11 9401448 69040288.00
2022/08/04 7.19 7.26 7.14 7.25 6182288 45357732.00
2022/08/05 7.32 7.32 7.23 7.32 5798700 42971464.00
2022/08/08 7.32 7.47 7.32 7.38 6968390 52473348.00
2022/08/09 7.40 7.47 7.29 7.39 6573360 49304060.00
2022/08/10 7.38 7.41 7.25 7.28 6206110 46148100.00
2022/08/11 7.33 7.42 7.30 7.40 8337116 62677276.00
2022/08/12 7.41 7.49 7.34 7.46 7618930 57584456.00
2022/08/15 7.44 7.51 7.37 7.38 7229970 54489984.00
2022/08/16 7.41 7.52 7.40 7.47 8178460 62071832.00
2022/08/17 7.49 7.54 7.39 7.45 8702015 66080164.00
2022/08/18 7.45 7.46 7.26 7.30 9402390 70141392.00
2022/08/19 7.34 7.42 7.29 7.35 6892698 51628576.00
2022/08/22 7.33 7.52 7.27 7.42 10533570 79360496.00
2022/08/23 7.37 7.40 7.30 7.32 6874761 51260308.00
2022/08/24 7.31 7.35 7.19 7.21 7183992 53069736.00
2022/08/25 7.22 7.43 7.21 7.39 10202807 76100040.00
2022/08/26 7.37 7.37 7.26 7.27 7598339 56425932.00
2022/08/29 7.22 7.23 7.12 7.22 4862520 35577420.00
2022/08/30 7.24 7.36 7.23 7.26 4296060 31785298.00
2022/08/31 7.28 7.32 7.19 7.22 7167827 52879400.00
2022/09/01 7.22 7.41 7.18 7.29 11389076 85001560.00
2022/09/02 7.30 7.32 7.23 7.30 5268538 38978548.00
2022/09/05 7.28 7.46 7.26 7.43 11423078 85958832.00
2022/09/06 7.46 7.64 7.43 7.54 14663751 112509536.00
2022/09/07 7.47 7.60 7.42 7.53 10358414 79352408.00
2022/09/08 7.60 7.65 7.42 7.45 7764760 59004368.00
2022/09/09 7.52 7.71 7.47 7.66 19793945 153281344.00
2022/09/13 7.68 7.68 7.46 7.51 13471820 103543224.00
2022/09/14 7.40 7.61 7.38 7.45 10085222 76932496.00
2022/09/15 7.55 7.65 7.41 7.56 16904352 129893328.00
2022/09/16 7.54 8.05 7.39 7.62 35715026 278637920.00
2022/09/19 7.39 7.54 7.11 7.46 20920289 157213968.00
2022/09/20 7.46 7.72 7.45 7.62 19125795 147686368.00
2022/09/21 7.59 7.75 7.41 7.67 19460383 150299728.00
2022/09/22 7.59 7.71 7.45 7.46 15067108 115513160.00
2022/09/23 7.37 7.59 7.16 7.17 14118920 105662976.00
2022/09/26 7.17 7.32 6.91 6.94 12987085 93708696.00
2022/09/27 6.97 7.04 6.78 6.97 11112147 78024664.00
2022/09/28 6.94 6.95 6.81 6.81 7105440 49639032.00
2022/09/29 6.88 6.91 6.70 6.71 7111500 49211528.00
2022/09/30 6.80 6.95 6.72 6.82 7458952 51974604.00
2022/10/10 6.84 6.96 6.81 6.86 6901550 48399748.00
2022/10/11 6.85 6.87 6.70 6.81 4501684 31071698.00
2022/10/12 6.81 6.93 6.76 6.93 5802517 40512560.00
2022/10/13 6.87 6.93 6.83 6.89 6902478 48291480.00
2022/10/14 6.95 7.00 6.88 6.97 7622008 54005608.00
2022/10/17 6.87 7.02 6.84 6.99 6668636 47165084.00
2022/10/18 7.01 7.06 6.94 6.97 6774599 48309508.00
2022/10/19 6.93 7.01 6.89 6.89 6165795 43551936.00
2022/10/20 6.85 6.91 6.78 6.83 4987641 34775108.00
2022/10/21 6.93 6.93 6.78 6.84 4808320 33619848.00
2022/10/24 6.84 6.87 6.71 6.74 6702288 46238420.00
2022/10/25 6.68 6.68 6.39 6.44 11352497 74967928.00
2022/10/26 6.47 6.62 6.41 6.51 5318115 35275420.00
2022/10/27 6.53 6.58 6.48 6.55 5682315 37880252.00
2022/10/28 6.53 6.53 6.10 6.13 10380400 66685000.00
2022/10/31 6.06 6.13 5.95 6.07 6879698 42428592.00
2022/11/01 6.07 6.19 6.00 6.19 6399000 40038032.00
2022/11/02 6.19 6.55 6.15 6.40 11745451 76036032.00
2022/11/03 6.36 6.40 6.26 6.32 5710958 36803196.00
2022/11/04 6.32 6.43 6.28 6.43 7790371 50651420.00
2022/11/07 6.35 6.52 6.34 6.46 7794544 51212088.00
2022/11/08 6.48 6.54 6.41 6.43 5744920 37851032.00
2022/11/09 6.46 6.66 6.46 6.49 10534554 70541536.00
2022/11/10 6.45 6.53 6.41 6.48 5975521 39516784.00
2022/11/11 6.59 7.04 6.59 6.90 26940731 186876224.00
2022/11/14 7.07 7.13 6.82 6.90 25691225 181917648.00
2022/11/15 6.90 7.60 6.90 7.57 71635832 546862016.00
2022/11/16 7.26 7.42 7.04 7.10 53383946 391123008.00
2022/11/17 7.01 7.17 6.97 7.04 21552914 155102576.00
2022/11/18 7.02 7.12 6.85 6.86 20653200 146203376.00
2022/11/21 6.81 6.87 6.64 6.85 15903641 109243552.00
2022/11/22 6.95 7.00 6.75 6.78 12825800 89725552.00
2022/11/23 6.72 6.81 6.69 6.80 8444060 58118784.00
2022/11/24 7.00 7.06 6.86 6.92 21807340 154749056.00
2022/11/25 6.95 7.17 6.95 7.12 26934600 194367200.00
2022/11/28 6.93 7.08 6.90 7.05 14757590 105231064.00
2022/11/29 7.56 7.56 7.18 7.43 43656661 328114688.00
2022/11/30 7.37 7.76 7.37 7.43 46062564 353861280.00
2022/12/01 7.48 7.59 7.23 7.28 25324272 189993552.00
2022/12/02 7.19 7.27 7.07 7.18 16421400 119494568.00
2022/12/05 7.21 7.36 7.21 7.30 17278920 128171248.00
2022/12/06 7.25 7.29 7.12 7.16 11642200 85362680.00
2022/12/07 7.13 7.24 7.09 7.17 10553108 76929800.00
2022/12/08 7.17 7.30 7.12 7.22 10694980 78524048.00
2022/12/09 7.26 7.39 7.15 7.32 18733380 138853488.00
2022/12/12 7.25 7.26 6.99 7.00 13914100 100588384.00
2022/12/13 7.03 7.15 6.99 7.07 8231463 59288800.00
2022/12/14 6.98 7.09 6.97 7.00 5738192 40999436.00
2022/12/15 7.00 7.10 6.93 7.07 6495592 46404668.00
2022/12/16 7.08 7.36 7.07 7.23 17950249 132316016.00
2022/12/19 7.24 7.51 7.11 7.22 18271800 135814864.00
2022/12/20 7.03 7.08 6.87 6.89 13958391 98710776.00
2022/12/21 6.87 6.93 6.78 6.82 6944400 48513676.00
2022/12/22 6.89 6.99 6.70 6.71 7467948 52050240.00
2022/12/23 6.62 6.85 6.62 6.83 6104309 42175112.00
2022/12/26 6.82 6.84 6.64 6.65 7874660 53651944.00
2022/12/27 6.65 6.73 6.64 6.70 6043540 41208680.00
2022/12/28 6.69 6.73 6.54 6.65 6144240 41692416.00
2022/12/29 6.64 6.64 6.49 6.51 6653220 44299832.00
2022/12/30 6.55 6.59 6.49 6.59 3758200 25052896.00
2023/01/03 6.58 6.72 6.55 6.66 5913120 40045864.00
2023/01/04 6.64 7.34 6.62 7.03 34475539 249152608.00
2023/01/05 7.17 7.28 7.00 7.06 27880863 202306800.00
2023/01/06 7.29 7.32 6.94 6.98 17116444 122994848.00
2023/01/09 7.22 7.50 7.10 7.13 33167180 245312832.00
2023/01/10 7.16 7.20 6.96 6.97 16436360 117504992.00
2023/01/11 7.02 7.09 6.87 6.90 11407600 81095392.00
2023/01/12 6.85 6.88 6.73 6.75 9800280 67766032.00
2023/01/13 6.79 6.90 6.72 6.88 9051120 62938216.00
2023/01/16 6.85 6.87 6.72 6.85 9418360 65350396.00
2023/01/17 6.82 6.87 6.78 6.80 4732700 32885646.00
2023/01/18 6.84 6.87 6.81 6.82 4382260 30546804.00
2023/01/19 6.77 6.88 6.76 6.87 6002960 41802576.00
2023/01/20 6.85 7.00 6.85 6.98 7270460 51433272.00
2023/01/30 7.06 7.06 6.96 6.98 8758380 62417992.00
2023/01/31 6.96 7.10 6.94 7.10 10022160 71819248.00
2023/02/01 7.10 7.12 7.03 7.12 9294076 67031512.00
2023/02/02 7.13 7.17 7.07 7.15 8275200 60013060.00
2023/02/03 7.16 7.17 7.00 7.09 7245060 52066520.00
2023/02/06 7.05 7.09 7.02 7.07 5347220 38410112.00
2023/02/07 7.10 7.17 7.06 7.12 6735221 48829728.00
2023/02/08 7.12 7.15 7.05 7.05 5753746 41555764.00
2023/02/09 7.08 7.10 7.01 7.10 5322200 38309876.00
2023/02/10 7.07 7.15 7.05 7.09 5066080 36607416.00
2023/02/13 7.09 7.15 7.06 7.14 6858660 49666408.00
2023/02/14 7.15 7.22 7.10 7.10 7311860 53267556.00
2023/02/15 7.10 7.11 7.03 7.05 6164001 44287620.00
2023/02/16 7.05 7.12 6.87 6.93 8579680 61465444.00
2023/02/17 6.93 7.06 6.91 6.92 8136220 57735620.00
2023/02/20 6.92 7.04 6.91 7.03 5346800 37989716.00
2023/02/21 7.14 7.21 7.06 7.10 10408700 75596240.00
2023/02/22 7.07 7.12 7.05 7.10 5110780 36921868.00
2023/02/23 7.13 7.23 7.07 7.09 8728660 63426204.00
2023/02/24 7.12 7.12 6.97 7.08 6140520 44085256.00
2023/02/27 7.07 7.15 7.03 7.06 5758100 41573844.00
2023/02/28 7.04 7.10 7.01 7.10 3986840 28634110.00
2023/03/01 7.10 7.15 7.07 7.14 7257482 52654816.00
2023/03/02 7.15 7.17 7.11 7.14 6544480 47626636.00
2023/03/03 7.14 7.22 7.12 7.21 8555100 62483396.00
2023/03/06 7.22 7.22 7.10 7.16 7991784 58128380.00
2023/03/07 7.16 7.16 7.02 7.02 5968820 43080128.00
2023/03/08 7.00 7.04 6.98 7.02 3571860 25501326.00
2023/03/09 7.03 7.05 6.98 7.00 4036300 28799416.00
2023/03/10 6.98 6.98 6.88 6.89 6771160 47719228.00
2023/03/13 6.89 6.92 6.75 6.80 5695900 39502488.00
2023/03/14 6.84 6.85 6.69 6.76 4550060 31350752.00
2023/03/15 6.80 6.90 6.78 6.89 5566660 38756932.00
2023/03/16 6.86 7.00 6.80 6.84 6023540 42235232.00
2023/03/17 6.87 6.93 6.85 6.87 4301062 30201166.00
2023/03/20 6.87 6.95 6.82 6.83 4605106 32262742.00
2023/03/21 6.83 6.90 6.82 6.85 3810304 26596524.00
2023/03/22 6.87 6.90 6.85 6.89 3256148 22830340.00
2023/03/23 6.90 6.91 6.85 6.90 3489920 24451708.00
2023/03/24 6.90 6.98 6.86 6.97 6122445 43203492.00
2023/03/27 6.93 7.05 6.83 7.00 9207800 65095476.00
2023/03/28 6.97 6.98 6.83 6.84 5917800 41515468.00
2023/03/29 7.06 7.17 6.88 6.90 14260276 101805248.00
2023/03/30 6.83 6.86 6.68 6.71 10431841 71651712.00
2023/03/31 6.71 6.76 6.70 6.71 4060541 27872900.00
2023/04/03 6.72 6.84 6.69 6.82 5727034 39742040.00
2023/04/04 6.85 6.85 6.78 6.79 4872600 33803488.00
2023/04/06 6.79 6.79 6.71 6.73 4132607 28367388.00
2023/04/07 6.73 6.87 6.72 6.85 5885366 41035348.00
2023/04/10 6.84 6.84 6.71 6.73 6687195 46095980.00
2023/04/11 6.73 6.81 6.63 6.79 6010180 41111772.00
2023/04/12 6.79 6.82 6.73 6.77 4064640 28031136.00
2023/04/13 6.72 6.85 6.70 6.79 6285556 43509856.00
2023/04/14 6.78 6.84 6.75 6.79 4277700 29649530.00
2023/04/17 6.79 6.83 6.75 6.81 4149276 28726884.00
2023/04/18 6.81 6.84 6.77 6.80 3474080 24086694.00
2023/04/19 6.79 6.80 6.71 6.72 4082240 28036014.00
2023/04/20 6.70 6.74 6.65 6.66 4833654 32874232.00
2023/04/21 6.67 6.70 6.52 6.53 6041140 40648552.00
2023/04/24 6.49 6.50 6.39 6.44 4075392 26814556.00
2023/04/25 6.51 6.54 6.36 6.44 5292550 34777408.00
2023/04/26 6.31 6.49 6.26 6.45 3820840 24977278.00
2023/04/27 6.44 6.49 6.40 6.41 3287915 21585360.00
2023/04/28 6.35 6.48 6.32 6.48 4144557 27224982.00
2023/05/04 6.42 6.53 6.42 6.52 4769898 31600222.00
2023/05/05 6.54 6.75 6.48 6.74 8392020 56661804.00
2023/05/08 6.64 6.67 6.57 6.64 5714880 38571628.00
2023/05/09 6.64 6.78 6.60 6.65 7389769 50455964.00
2023/05/10 6.65 6.69 6.58 6.67 3399041 23005086.00
2023/05/11 6.69 6.75 6.68 6.71 3959551 27104832.00
2023/05/12 6.71 6.78 6.66 6.66 3613121 24721640.00
2023/05/15 6.72 6.72 6.57 6.67 3489060 23608888.00
2023/05/16 6.68 6.69 6.59 6.61 3382100 22820286.00
2023/05/17 6.59 6.64 6.56 6.60 2364380 15914129.00
2023/05/18 6.63 6.63 6.58 6.59 2647696 17815332.00
2023/05/19 6.57 6.59 6.50 6.50 3615220 24097448.00
2023/05/22 6.51 6.51 6.42 6.43 3590099 23591270.00
2023/05/23 6.43 6.48 6.37 6.38 3377559 22122436.00
2023/05/24 6.38 6.38 6.24 6.25 5507965 35318732.00
2023/05/25 6.28 6.28 6.21 6.26 4227924 26932430.00
2023/05/26 6.26 6.32 6.14 6.31 3398140 21622372.00
2023/05/29 6.29 6.34 6.21 6.24 2658835 17005616.00
2023/05/30 6.27 6.32 6.16 6.31 3548720 22555298.00
2023/05/31 6.26 6.34 6.23 6.28 3423019 21967022.00
2023/06/01 6.29 6.31 6.23 6.24 3059023 19578792.00
2023/06/02 6.27 6.47 6.24 6.41 6254038 40703972.00
2023/06/05 6.40 6.43 6.35 6.43 3419443 22294602.00
2023/06/06 6.42 6.55 6.38 6.38 5051300 33338086.00
2023/06/07 6.36 6.55 6.35 6.46 4928260 32534318.00
2023/06/08 6.46 6.57 6.41 6.53 6870080 45694424.00
2023/06/09 6.52 6.54 6.45 6.47 3741277 24744376.00
2023/06/12 6.43 6.50 6.37 6.46 3844284 25267394.00
2023/06/13 6.46 6.54 6.41 6.43 3050820 20116164.00
2023/06/14 6.45 6.50 6.35 6.37 2708120 17694196.00
2023/06/15 6.41 6.44 6.37 6.42 3146860 20564996.00
2023/06/16 6.43 6.51 6.40 6.46 2600540 17146996.00
2023/06/19 6.46 6.50 6.31 6.32 4385180 28366138.00
2023/06/20 6.33 6.34 6.20 6.20 5306674 33799940.00
2023/06/21 6.18 6.24 6.16 6.16 4009070 25321414.00
2023/06/26 6.15 6.18 6.05 6.05 5222790 32490812.00
2023/06/27 6.12 6.24 6.02 6.21 4713558 29594032.00
2023/06/28 6.21 6.27 6.16 6.24 4228292 26867836.00
2023/06/29 6.25 6.30 6.19 6.23 3923087 24954326.00
2023/06/30 6.25 6.32 6.19 6.27 3785584 24266196.00
2023/07/03 6.26 6.35 6.26 6.31 3296660 21241594.00
2023/07/04 6.33 6.33 6.23 6.27 3401897 21749714.00
2023/07/05 6.25 6.33 6.25 6.26 2692020 17271912.00
2023/07/06 6.26 6.60 6.24 6.55 20666093 136646064.00
2023/07/07 6.50 6.83 6.48 6.63 23376850 158849552.00
2023/07/10 6.50 6.62 6.38 6.43 16898939 111059192.00
2023/07/11 6.45 6.54 6.36 6.38 8878436 58000576.00
2023/07/12 6.35 6.37 6.26 6.30 6952400 44648464.00
2023/07/13 6.27 6.33 6.27 6.32 4316600 27786932.00
2023/07/14 6.31 6.36 6.28 6.32 5052635 32586592.00
2023/07/17 6.31 6.32 6.25 6.30 2868460 18404572.00
2023/07/18 6.29 6.34 6.26 6.32 3013300 19383204.00
2023/07/19 6.32 6.42 6.29 6.41 5877713 38289444.00
2023/07/20 6.44 6.47 6.38 6.40 4912200 32201930.00
2023/07/21 6.37 6.53 6.37 6.50 7888994 52195592.00
2023/07/24 6.66 6.78 6.50 6.71 21414061 145658832.00
2023/07/25 6.67 6.95 6.67 6.90 22039372 153197408.00
2023/07/26 6.90 7.25 6.90 7.16 35869946 258837792.00
2023/07/27 6.89 7.21 6.84 7.11 28960392 207825984.00
2023/07/28 7.06 7.17 6.98 7.09 18480420 132405880.00
2023/07/31 7.46 7.81 7.36 7.81 52102841 402841248.00
2023/08/01 7.57 7.70 7.45 7.47 58248668 443374848.00
2023/08/02 7.40 7.66 7.35 7.49 39681956 301954912.00
2023/08/03 7.41 7.65 7.31 7.61 37030612 281004320.00
2023/08/04 7.91 8.09 7.61 7.65 45088767 353690912.00
2023/08/07 7.43 7.58 7.32 7.43 28263560 211884272.00
2023/08/08 7.40 7.50 7.23 7.25 14492580 107302520.00
2023/08/09 7.26 7.39 7.19 7.26 14573460 107630112.00
2023/08/10 7.31 7.34 7.19 7.23 8540854 62545560.00
2023/08/11 7.28 7.42 7.12 7.19 13242720 96864104.00
2023/08/14 7.00 7.13 6.98 7.11 10672440 76248480.00
2023/08/15 7.10 7.12 6.95 7.02 7661781 54386132.00
2023/08/16 7.02 7.27 6.97 7.15 11176700 80525024.00
2023/08/17 7.13 7.21 7.04 7.12 8973240 64464848.00
2023/08/18 7.20 7.21 6.94 6.94 8098856 57880484.00
2023/08/21 7.21 7.21 6.84 6.85 12751980 89993248.00
2023/08/22 6.90 6.96 6.79 6.87 9001769 62530264.00
2023/08/23 6.95 7.10 6.86 6.94 21913669 155029072.00
2023/08/24 6.94 7.19 6.80 6.93 17335160 121822696.00
2023/08/25 6.95 7.07 6.89 6.94 13811160 97411248.00
2023/08/28 7.32 7.41 7.12 7.19 27516923 202333104.00
2023/08/29 7.10 7.41 7.07 7.38 23608901 173620304.00
2023/08/30 7.34 7.38 7.18 7.21 14365640 105044600.00
2023/08/31 7.20 7.25 6.83 6.86 18731000 131697216.00
2023/09/01 6.91 7.10 6.86 6.89 13108120 92394464.00
2023/09/04 6.95 7.17 6.93 6.95 12155720 86210360.00
2023/09/05 6.93 6.94 6.65 6.66 15101547 102605696.00
2023/09/06 6.67 6.89 6.57 6.82 11240775 76883608.00
2023/09/07 6.80 6.91 6.72 6.74 8623802 59598824.00
2023/09/08 6.69 6.81 6.64 6.79 6733180 45875900.00
2023/09/11 6.80 6.83 6.63 6.71 8794920 59460692.00
2023/09/12 6.72 6.74 6.64 6.65 7118980 48007808.00
2023/09/13 6.69 6.73 6.60 6.62 6224622 41914864.00
2023/09/14 6.68 6.69 6.60 6.65 5920300 39807512.00
2023/09/15 6.66 6.70 6.61 6.66 4532940 30563032.00
2023/09/18 6.70 6.71 6.60 6.65 5251921 35344880.00
2023/09/19 6.61 6.68 6.57 6.61 4499022 30160882.00
2023/09/20 6.61 6.78 6.58 6.70 11054414 75044816.00
2023/09/21 6.72 6.79 6.61 6.62 6827300 46069984.00
2023/09/22 6.59 6.68 6.57 6.68 5333360 35781228.00
2023/09/25 6.63 6.66 6.51 6.54 6848757 45427644.00
2023/09/26 6.51 6.61 6.48 6.49 4083781 26936598.00
2023/09/27 6.52 6.53 6.42 6.42 6095300 39929680.00
2023/09/28 6.47 6.50 6.43 6.49 4724472 30965978.00
2023/10/09 6.50 6.50 6.40 6.42 5169060 33698648.00
2023/10/10 6.46 6.49 6.33 6.34 4613000 29818324.00
2023/10/11 6.39 6.40 6.31 6.32 3843853 24677310.00
2023/10/12 6.32 6.40 6.31 6.39 3764140 24246736.00
2023/10/13 6.33 6.38 6.27 6.29 4666833 29807868.00
2023/10/16 6.27 6.33 6.22 6.23 5028490 31837354.00
2023/10/17 6.27 6.29 6.21 6.26 3765797 23828758.00
2023/10/18 6.25 6.26 6.14 6.15 3848620 24109550.00
2023/10/19 6.14 6.21 6.11 6.13 4021100 25101072.00
2023/10/20 6.18 6.28 6.08 6.20 6369271 40042380.00
2023/10/23 6.20 6.22 6.03 6.06 7095368 43751860.00
2023/10/24 6.06 6.26 6.05 6.26 7039817 44135876.00
2023/10/25 6.38 6.47 6.31 6.36 8004414 51659964.00
2023/10/26 6.38 6.46 6.35 6.40 8821838 57146244.00
2023/10/27 6.31 6.53 6.30 6.51 14635020 95641032.00
2023/10/30 6.56 6.56 6.39 6.46 8976905 58550800.00
2023/10/31 6.46 6.94 6.46 6.79 31035991 212351984.00
2023/11/01 6.67 7.17 6.62 6.79 43136143 301674176.00
2023/11/02 6.67 6.92 6.56 6.78 31394263 213177136.00
2023/11/03 6.75 6.77 6.62 6.63 16947057 114212656.00
2023/11/06 6.65 6.76 6.62 6.69 15161390 102439560.00
2023/11/07 6.65 6.78 6.65 6.72 12770133 86807080.00
2023/11/08 6.71 6.81 6.67 6.75 11081486 75627248.00
2023/11/09 6.82 7.02 6.69 6.71 14905985 102810632.00
2023/11/10 6.70 6.77 6.59 6.71 10858140 73171536.00
2023/11/13 6.71 6.79 6.67 6.73 7538420 51266544.00
2023/11/14 6.72 6.94 6.69 6.84 16832437 116185224.00
2023/11/15 6.87 6.91 6.74 6.79 10115307 69631432.00
2023/11/16 6.75 6.78 6.67 6.69 9771961 66423612.00
2023/11/17 6.66 6.73 6.63 6.71 7488165 50645812.00
2023/11/20 6.78 6.82 6.72 6.78 7113603 48708212.00
2023/11/21 6.78 6.99 6.78 6.88 16174663 113170560.00
2023/11/22 6.89 7.03 6.87 6.90 12884918 90701368.00
2023/11/23 6.88 7.06 6.85 7.00 13372602 94364376.00
2023/11/24 6.98 7.09 6.93 6.97 11979800 84953072.00
2023/11/27 6.97 6.97 6.78 6.82 10569960 73002056.00
2023/11/28 6.83 6.86 6.76 6.79 8316430 57209400.00
2023/11/29 6.81 6.81 6.70 6.71 6116261 41687556.00
2023/11/30 6.72 6.76 6.65 6.68 5396980 36579920.00
2023/12/01 6.68 6.77 6.65 6.75 5442100 37048288.00
2023/12/04 6.77 6.77 6.58 6.60 9343000 62775016.00
2023/12/05 6.58 6.69 6.54 6.55 7404740 49558472.00
2023/12/06 6.52 6.66 6.51 6.61 4051700 27085068.00
2023/12/07 6.64 6.71 6.57 6.68 5663040 38072424.00
2023/12/08 6.66 6.72 6.49 6.51 7119400 47274284.00
2023/12/11 6.48 6.52 6.38 6.51 7144900 46658460.00
2023/12/12 6.52 6.69 6.48 6.69 7843299 52457240.00
2023/12/13 6.65 6.69 6.58 6.61 5442800 36532516.00
2023/12/14 6.64 6.74 6.63 6.66 5137460 34749268.00
2023/12/15 6.75 6.82 6.68 6.75 8426000 57697068.00
2023/12/18 6.68 6.78 6.55 6.57 7809008 52568692.00
2023/12/19 6.56 6.63 6.42 6.47 6961100 45816260.00
2023/12/20 6.50 6.50 6.36 6.37 5070211 32965060.00
2023/12/21 6.35 6.43 6.31 6.41 4669850 30162100.00
2023/12/22 6.41 6.45 6.29 6.31 6188500 39787200.00
2023/12/25 6.36 6.36 6.21 6.24 3834260 24226940.00
2023/12/26 6.24 6.28 6.16 6.17 3468900 21809838.00
2023/12/27 6.19 6.27 6.16 6.23 4557120 28687182.00
2023/12/28 6.23 6.38 6.19 6.34 5494200 35069404.00
2023/12/29 6.35 6.41 6.30 6.33 5361182 34363544.00
2024/01/02 6.39 6.52 6.31 6.39 8293338 53612296.00
2024/01/03 6.39 6.49 6.35 6.43 6964500 45383384.00
2024/01/04 6.44 6.46 6.38 6.41 4089620 26568220.00
2024/01/05 6.49 6.62 6.43 6.46 8245691 54502524.00
2024/01/08 6.53 6.54 6.33 6.33 6660676 43207604.00
2024/01/09 6.34 6.41 6.28 6.34 4896300 31466106.00
2024/01/10 6.36 6.38 6.26 6.34 4651200 29800426.00
2024/01/11 6.35 6.37 6.27 6.34 4979300 31828116.00
2024/01/12 6.32 6.44 6.30 6.33 4440500 28645676.00
2024/01/15 6.33 6.45 6.21 6.41 6712100 43226544.00
2024/01/16 6.41 6.47 6.25 6.33 6737200 43231904.00
2024/01/17 6.33 6.35 6.17 6.18 4982044 31520740.00
2024/01/18 6.17 6.18 5.89 6.05 10699520 65071436.00
2024/01/19 6.06 6.09 5.98 5.99 5835862 35675744.00
2024/01/22 5.98 6.03 5.55 5.65 9027875 53048996.00
2024/01/23 5.63 5.70 5.50 5.66 8636861 49039452.00
2024/01/24 5.74 5.97 5.66 5.96 10766920 63698552.00
2024/01/25 5.98 6.31 5.94 6.31 11252608 70438512.00
2024/01/26 6.31 6.58 6.29 6.51 13432201 88326960.00
2024/01/29 6.61 6.61 6.36 6.37 10479900 68598256.00
2024/01/30 6.30 6.37 6.05 6.07 8889000 55967772.00
2024/01/31 6.00 6.09 5.72 5.74 11946400 71144480.00
2024/02/01 5.69 5.77 5.38 5.54 15370840 86271512.00
2024/02/02 5.54 5.74 5.14 5.30 15717811 86819944.00
2024/02/05 5.25 5.28 4.76 4.76 21742500 106957360.00
2024/02/06 4.72 4.80 4.34 4.66 22332134 102818272.00
2024/02/07 4.68 4.68 4.39 4.46 25524952 116290024.00
2024/02/08 4.48 4.84 4.39 4.82 24329410 114177728.00
2024/02/19 4.86 5.00 4.78 4.97 18619080 92881024.00
2024/02/20 4.94 5.05 4.85 5.03 11268064 57007428.00
2024/02/21 4.97 5.30 4.95 5.12 14053360 73357232.00
2024/02/22 5.12 5.18 5.04 5.16 9832420 51124684.00
2024/02/23 5.16 5.31 5.14 5.29 10161341 53821780.00
2024/02/26 5.30 5.55 5.18 5.31 15596238 84656472.00
2024/02/27 5.31 5.55 5.20 5.47 16221860 89155280.00
2024/02/28 5.48 5.56 5.12 5.14 20125680 109783536.00
2024/02/29 5.11 5.28 5.03 5.26 12286500 64861072.00
2024/03/01 5.26 5.33 5.19 5.25 10434729 55632972.00
2024/03/04 5.25 5.26 5.07 5.17 9703420 50684684.00
2024/03/05 5.15 5.15 5.03 5.06 8114060 41882776.00
2024/03/06 5.05 5.15 5.03 5.09 6691260 34645908.00
2024/03/07 5.11 5.22 5.10 5.11 8023470 42004540.00
2024/03/08 5.10 5.14 5.01 5.07 6906380 35517660.00
2024/03/11 5.05 5.14 5.00 5.14 9512390 49160888.00
2024/03/12 5.15 5.39 5.10 5.30 16466900 87605784.00
2024/03/13 5.29 5.29 5.12 5.17 12543603 65983228.00
2024/03/14 5.17 5.25 5.14 5.19 8979402 47342024.00
2024/03/15 5.17 5.21 5.13 5.20 6677344 35082552.00
2024/03/18 5.21 5.25 5.17 5.25 7257300 38379156.00
2024/03/19 5.23 5.27 5.21 5.22 7804880 41539444.00
2024/03/20 5.23 5.25 5.17 5.25 7485340 39650532.00
2024/03/21 5.27 5.33 5.23 5.28 9075643 48661164.00
2024/03/22 5.25 5.26 5.10 5.16 8670760 45574024.00
2024/03/25 5.17 5.28 5.10 5.13 9409248 49536576.00
2024/03/26 5.15 5.26 5.13 5.24 9342740 49300308.00
2024/03/27 5.27 5.28 5.04 5.04 10415280 54170716.00
2024/03/28 5.02 5.15 5.01 5.09 7714308 39952212.00
2024/03/29 5.10 5.15 5.02 5.06 6579900 33847460.00
2024/04/01 5.08 5.15 5.07 5.15 7403188 38557780.00
2024/04/02 5.15 5.24 5.10 5.19 8208198 43214404.00
2024/04/03 5.20 5.22 5.13 5.16 6259320 32784448.00
2024/04/08 5.14 5.16 5.00 5.01 8690860 44713616.00
2024/04/09 5.01 5.10 5.00 5.08 5555100 28526842.00
2024/04/10 5.05 5.08 4.88 4.93 8693160 43822676.00
2024/04/11 4.91 4.98 4.82 4.93 5297341 26523642.00
2024/04/12 4.95 4.97 4.80 4.82 6293300 31143174.00
2024/04/15 4.82 4.87 4.60 4.74 9956620 48139116.00
2024/04/16 4.68 4.70 4.48 4.50 10354400 48088988.00
2024/04/17 4.55 4.70 4.55 4.70 7562900 35791156.00
2024/04/18 4.68 4.75 4.64 4.67 5705220 27264936.00
2024/04/19 4.67 4.73 4.62 4.67 5099480 24233464.00
2024/04/22 4.69 4.74 4.62 4.62 4898980 23214858.00
2024/04/23 4.62 4.72 4.61 4.68 5160981 24561628.00
2024/04/24 4.70 4.76 4.67 4.71 3903400 18711342.00
2024/04/25 4.65 4.75 4.63 4.67 6077000 28994440.00
2024/04/26 4.68 4.82 4.55 4.77 11511520 54898660.00
2024/04/29 4.67 5.02 4.67 5.01 20288000 101296720.00
2024/04/30 5.00 5.03 4.88 4.92 12098000 60707992.00
2024/05/06 5.02 5.08 4.91 4.92 11955880 60603112.00
2024/05/07 4.92 4.99 4.84 4.94 11273220 56256104.00
2024/05/08 4.92 5.27 4.82 4.98 25119832 128621728.00
2024/05/09 4.90 5.07 4.90 4.99 17822408 90234184.00
2024/05/10 4.98 5.17 4.93 5.11 28175928 145054864.00
2024/05/13 5.02 5.04 4.93 4.97 16120760 81490480.00
2024/05/14 4.95 5.00 4.90 4.95 10134680 50963408.00
2024/05/15 4.93 5.12 4.92 5.01 19895102 101749320.00
2024/05/16 5.16 5.52 5.08 5.52 44184268 243493040.00
2024/05/17 5.80 6.08 5.54 6.08 95581688 563924288.00
2024/05/20 5.82 5.98 5.69 5.74 66723012 393242240.00
2024/05/21 5.73 6.20 5.70 6.00 63021936 381730720.00
2024/05/22 5.97 6.48 5.94 6.03 75795736 474552448.00
2024/05/23 5.75 6.13 5.72 5.87 53240368 315770048.00
2024/05/24 5.95 5.97 5.60 5.64 29379308 170491776.00
2024/05/27 5.56 5.88 5.34 5.83 33297296 189164624.00
2024/05/28 5.79 5.83 5.40 5.43 31999300 180398320.00
2024/05/29 5.38 5.62 5.38 5.51 20824200 116436056.00
2024/05/30 5.41 5.47 5.23 5.27 18637700 100296664.00
2024/05/31 5.25 5.31 5.15 5.18 14559400 76816480.00
2024/06/03 5.16 5.18 4.93 5.01 14406351 73442072.00
2024/06/04 5.00 5.12 4.91 5.04 13367802 68339080.00
2024/06/05 5.06 5.07 4.84 4.85 13158160 65574080.00
2024/06/06 4.86 4.90 4.62 4.67 14491920 69507088.00
2024/06/07 4.72 4.82 4.68 4.79 11301450 54667628.00
2024/06/11 4.79 4.79 4.66 4.73 8747000 41955824.00
2024/06/12 4.71 4.79 4.66 4.75 8419857 40548932.00
2024/06/13 4.80 4.84 4.65 4.67 9020350 43116432.00
2024/06/14 4.66 4.83 4.62 4.77 13213983 63875944.00
2024/06/17 4.72 4.75 4.63 4.64 8661500 41165924.00
2024/06/18 4.65 4.68 4.61 4.63 7351511 34651980.00
2024/06/19 4.63 4.67 4.59 4.59 6233800 29276840.00
2024/06/20 4.61 4.61 4.44 4.44 8357100 38208088.00
2024/06/21 4.50 4.51 4.43 4.45 4887900 22257308.00
2024/06/24 4.37 4.44 4.17 4.18 12459700 53969196.00
2024/06/25 4.18 4.36 4.15 4.27 9174512 39692248.00
2024/06/26 4.24 4.33 4.18 4.33 6814480 29655426.00
2024/06/27 4.32 4.39 4.24 4.25 5771020 25288390.00
2024/06/28 4.24 4.33 4.19 4.23 5687600 24783810.00
2024/07/01 4.23 4.47 4.21 4.46 12203554 54551952.00
2024/07/02 4.44 4.58 4.41 4.49 10421304 47732592.00
2024/07/03 4.47 4.58 4.43 4.52 6961140 32089424.00
2024/07/04 4.52 4.54 4.29 4.30 7508352 33402474.00
2024/07/05 4.29 4.35 4.23 4.28 5615552 24520700.00
2024/07/08 4.28 4.29 4.07 4.08 7826426 32974698.00
2024/07/09 4.11 4.16 3.98 4.13 7057782 29424808.00
2024/07/10 4.10 4.13 4.00 4.02 5959940 24633984.00
2024/07/11 4.08 4.17 4.06 4.16 6504217 27352670.00
2024/07/12 4.19 4.36 4.14 4.23 9002600 39206676.00
2024/07/15 4.23 4.25 4.10 4.13 5301122 22380976.00
2024/07/16 4.17 4.22 4.14 4.18 4351000 18131788.00
2024/07/17 4.18 4.28 4.18 4.21 6549240 27759806.00
2024/07/18 4.18 4.20 4.10 4.20 5833480 24190432.00
2024/07/19 4.18 4.22 4.09 4.13 6127582 25297100.00
2024/07/22 4.10 4.17 4.08 4.15 4403020 18176690.00
2024/07/23 4.15 4.23 4.11 4.11 6135302 25635286.00
2024/07/24 4.12 4.13 4.01 4.03 5939860 24096684.00
2024/07/25 4.03 4.09 3.99 4.07 3613580 14673677.00
2024/07/26 4.08 4.16 4.07 4.13 5060600 20845246.00
2024/07/29 4.15 4.15 4.05 4.12 3705400 15179957.00
2024/07/30 4.13 4.27 4.11 4.23 7475660 31333258.00
2024/07/31 4.25 4.45 4.23 4.41 10676600 46590416.00
2024/08/01 4.42 4.47 4.35 4.37 5949760 26088454.00
2024/08/02 4.34 4.40 4.31 4.32 4303180 18700042.00
2024/08/05 4.32 4.40 4.24 4.25 5132600 22213214.00
2024/08/06 4.29 4.36 4.26 4.35 5664860 24358102.00
2024/08/07 4.34 4.34 4.27 4.30 3403700 14623321.00
2024/08/08 4.32 4.43 4.28 4.36 6887660 30023848.00
2024/08/09 4.36 4.55 4.34 4.46 11233665 50331180.00
2024/08/12 4.43 4.46 4.27 4.31 7703840 33300782.00
2024/08/13 4.28 4.39 4.23 4.37 5574230 24101372.00
2024/08/14 4.38 4.43 4.34 4.35 3477000 15201183.00
2024/08/15 4.35 4.52 4.28 4.51 9505540 42133436.00
2024/08/16 4.50 4.53 4.43 4.45 5896480 26365426.00
2024/08/19 4.44 4.49 4.38 4.43 4087210 18108424.00
2024/08/20 4.44 4.45 4.37 4.42 3979660 17541432.00
2024/08/21 4.42 4.45 4.31 4.37 3825100 16728134.00
2024/08/22 4.39 4.46 4.30 4.30 5730300 25070200.00
2024/08/23 4.29 4.73 4.28 4.52 16733292 74672208.00
2024/08/26 4.48 4.53 4.34 4.45 13110752 58066020.00
2024/08/27 4.45 4.47 4.27 4.29 7844900 33926088.00
2024/08/28 4.25 4.34 4.22 4.24 4765160 20307836.00
2024/08/29 4.22 4.33 4.19 4.27 5557200 23731468.00
2024/08/30 4.27 4.58 4.26 4.47 13761599 61495584.00
2024/09/02 4.44 4.53 4.40 4.44 7514200 33561752.00
2024/09/03 4.42 4.56 4.40 4.53 7653280 34497668.00
2024/09/04 4.50 4.60 4.44 4.46 6758580 30488580.00
2024/09/05 4.50 4.82 4.50 4.75 22726916 106716832.00
2024/09/06 4.78 5.19 4.77 5.03 34508940 173040448.00
2024/09/25 5.53 5.53 5.53 5.53 1581918 8748007.00
2024/09/26 6.08 6.08 6.08 6.08 5803560 35285644.00
2024/09/27 6.69 6.69 6.69 6.69 2634573 17625294.00
2024/09/30 7.36 7.36 7.36 7.36 5606366 41262852.00
2024/10/08 8.10 8.10 7.13 8.10 120552880 943769280.00
2024/10/09 8.00 8.50 7.29 7.29 94113464 736124672.00
2024/10/10 6.88 7.08 6.56 6.56 79646448 529404512.00
2024/10/11 6.33 7.16 6.33 7.05 66353680 455484096.00
2024/10/14 7.76 7.76 7.22 7.46 96339672 720682816.00
2024/10/15 7.01 7.26 6.71 6.74 68307840 477530592.00
2024/10/16 6.71 7.36 6.71 7.36 67811072 483486816.00
2024/10/17 7.30 7.33 6.80 6.88 58183720 406148192.00
2024/10/18 6.70 7.07 6.50 6.99 53269892 359834208.00
2024/10/21 6.81 6.97 6.71 6.79 34743072 236987056.00
2024/10/22 6.74 6.86 6.67 6.85 26854740 182024176.00
2024/10/23 6.86 7.49 6.76 7.29 49746968 357056800.00
2024/10/24 7.10 7.97 7.06 7.62 56316424 425827680.00
2024/10/25 7.60 8.29 7.32 7.92 67564568 518226240.00
2024/10/28 7.80 8.28 7.70 7.89 66259960 526707680.00
2024/10/29 7.83 7.83 7.35 7.44 42523616 321009536.00
2024/10/30 7.40 7.67 7.33 7.54 30004748 224766704.00
2024/10/31 7.52 8.29 7.40 8.22 80910280 651944768.00
2024/11/01 8.35 8.54 7.76 7.88 58876400 475627552.00
2024/11/04 8.03 8.15 7.67 7.96 33919000 266124912.00
2024/11/05 8.10 8.19 7.80 8.05 49514520 399298848.00
2024/11/06 8.05 8.12 7.70 7.92 47280140 374219200.00
2024/11/07 7.80 8.24 7.73 8.16 49169700 399028800.00
2024/11/08 8.18 8.28 7.68 7.75 59907376 469408832.00
2024/11/11 7.70 8.53 7.57 8.53 86946144 712640192.00
2024/11/12 9.11 9.38 8.91 9.38 144417216 1341478528.00
2024/11/13 8.77 9.10 8.44 8.74 105861280 921114560.00
2024/11/14 8.74 8.83 8.01 8.16 66158536 550175936.00
2024/11/15 7.96 8.50 7.93 8.25 55418368 458164672.00
2024/11/18 8.40 8.67 8.10 8.16 45166144 379056224.00
2024/11/19 8.00 8.80 7.70 8.77 78822208 665780416.00
2024/11/20 8.99 9.00 8.55 8.88 56480680 494906688.00
2024/11/21 8.98 9.77 8.60 9.76 98426616 924825152.00
2024/11/22 9.50 10.24 9.23 9.84 83094088 801103616.00
2024/11/25 9.90 10.76 9.51 10.00 93656048 950928576.00
2024/11/26 9.62 9.78 9.00 9.00 58520212 535344928.00
2024/11/27 8.45 8.80 8.23 8.57 50877152 432283232.00
2024/11/28 8.88 8.97 8.51 8.59 39250484 341524256.00
2024/11/29 8.51 8.59 8.20 8.37 44089752 369443136.00
2024/12/02 8.38 8.80 8.36 8.60 42297960 365187872.00
2024/12/03 8.80 9.00 8.61 8.88 47474340 419277856.00
2024/12/04 9.00 9.10 8.72 8.88 38498640 342637088.00
2024/12/05 9.10 9.38 8.85 9.12 48328156 437830976.00
2024/12/06 9.01 9.54 8.98 9.28 49825536 464521248.00
2024/12/09 9.29 9.37 8.93 8.95 39165076 354420704.00
2024/12/10 9.56 9.56 8.91 9.04 44353080 405587392.00
2024/12/11 8.92 9.20 8.83 9.08 29318174 266016624.00
2024/12/12 9.01 9.35 8.88 9.07 45440200 414073056.00
2024/12/13 8.91 8.93 8.18 8.18 73576712 622191616.00
2024/12/16 8.14 8.29 7.91 8.20 30528120 247943968.00
2024/12/17 8.20 8.20 7.89 7.92 24936676 199497776.00
2024/12/18 7.94 8.06 7.80 7.99 17628602 140236624.00
2024/12/19 7.85 8.24 7.76 8.00 24969036 201019040.00
2024/12/20 8.03 8.09 7.82 7.91 24785380 195814624.00
2024/12/23 7.85 7.86 7.35 7.38 27989712 210516736.00
2024/12/24 7.38 7.46 7.30 7.39 16082099 118705416.00
2024/12/25 7.40 7.41 7.12 7.32 17705982 128878160.00
2024/12/26 7.32 7.40 7.28 7.31 9823583 72116192.00
2024/12/27 7.33 7.42 7.27 7.38 13060640 96312176.00
2024/12/30 7.34 7.36 7.20 7.28 10257060 74679544.00
2024/12/31 7.26 7.37 7.09 7.11 11698780 84022664.00
2025/01/02 7.09 7.22 6.95 7.04 15600280 110663264.00
2025/01/03 7.04 7.08 6.62 6.62 17501180 118568696.00
2025/01/06 6.62 6.63 6.34 6.52 14261060 92973192.00
2025/01/07 6.53 6.75 6.48 6.72 12066300 79894960.00
2025/01/08 6.70 6.74 6.48 6.71 11851931 78539536.00
2025/01/09 6.66 6.78 6.65 6.72 8799400 59282212.00
2025/01/10 6.68 6.88 6.61 6.62 18106528 122535096.00
2025/01/13 6.52 6.75 6.41 6.72 9235900 61249736.00
2025/01/14 6.72 6.92 6.72 6.88 12223600 83674728.00
2025/01/15 6.87 6.96 6.79 6.84 10110721 69368752.00
2025/01/16 6.89 6.99 6.76 6.85 11046899 75787112.00
2025/01/17 6.77 6.92 6.72 6.85 8213740 56125764.00
2025/01/20 6.85 6.97 6.73 6.89 11177081 77031888.00
2025/01/21 6.90 7.03 6.81 6.82 16187923 111906776.00
2025/01/22 6.75 6.88 6.68 6.71 11993271 80941792.00
2025/01/23 6.80 6.93 6.75 6.76 12222610 83695672.00
2025/01/24 6.68 6.71 6.55 6.56 13457840 88884544.00
2025/01/27 6.65 6.75 6.53 6.53 9631401 64014680.00
2025/02/05 6.55 6.60 6.48 6.53 8565160 55961720.00
2025/02/06 6.50 6.59 6.43 6.53 14187800 92215568.00
2025/02/07 6.50 6.80 6.47 6.74 19346084 129496280.00
2025/02/10 6.73 6.96 6.73 6.96 16359160 112462904.00
2025/02/11 6.95 7.01 6.72 6.76 15366760 104297224.00
2025/02/12 6.77 6.97 6.73 6.97 17455420 119681768.00
2025/02/13 6.97 7.28 6.90 7.19 37776360 269673280.00
2025/02/14 7.24 7.91 7.06 7.91 74648560 563075264.00
2025/02/17 7.59 8.20 7.55 7.85 75997760 589663744.00
2025/02/18 7.72 8.59 7.56 8.02 78260984 631350976.00
2025/02/19 7.81 8.50 7.73 8.10 72787640 588195072.00
2025/02/20 8.00 8.04 7.76 7.90 50752480 400384480.00
2025/02/21 7.90 8.14 7.73 7.86 44947880 355842432.00
2025/02/24 7.76 8.01 7.67 7.70 31603100 245869520.00
2025/02/25 7.58 7.67 7.45 7.50 27676502 208424640.00
2025/02/26 7.53 7.66 7.49 7.57 19197320 144926224.00
2025/02/27 7.55 7.67 7.39 7.52 24656950 185699856.00
2025/02/28 7.43 7.85 7.40 7.68 38632980 296200320.00
2025/03/03 7.66 8.05 7.60 7.92 38241900 302128256.00
2025/03/04 7.85 7.96 7.72 7.86 22704200 177380032.00
2025/03/05 7.79 7.89 7.61 7.72 19421740 150018720.00
2025/03/06 7.72 7.85 7.69 7.78 18857488 146480000.00
2025/03/07 7.71 7.71 7.39 7.46 25427470 191114928.00
2025/03/10 7.47 7.53 7.14 7.17 23880868 173891504.00
2025/03/11 7.05 7.10 6.94 7.05 25741650 180408272.00
2025/03/12 7.10 7.12 6.90 6.92 31701900 221708384.00
2025/03/13 6.92 6.92 6.75 6.82 20468360 139401088.00
2025/03/14 6.82 7.01 6.78 6.98 17928574 123996840.00
2025/03/17 6.64 6.93 6.63 6.89 21144694 144513312.00
2025/03/18 6.90 7.03 6.82 7.02 21905340 152112512.00
2025/03/19 7.02 7.03 6.92 6.94 10249660 71218272.00
2025/03/20 6.92 6.93 6.84 6.86 10302160 70947464.00
2025/03/21 6.86 6.88 6.73 6.76 12155170 82479928.00
2025/03/24 6.85 6.94 6.54 6.70 17523968 117987536.00
2025/03/25 6.71 6.72 6.57 6.60 14566649 96662800.00
2025/03/26 6.60 6.72 6.54 6.71 10263300 68320240.00
2025/03/27 6.66 6.73 6.56 6.67 8261600 54969748.00
2025/03/28 6.63 6.68 6.59 6.63 6169600 40892844.00
2025/03/31 6.68 6.72 6.47 6.55 13238780 86924864.00
2025/04/01 6.51 6.60 6.51 6.54 7783400 51052408.00
2025/04/02 6.51 6.56 6.50 6.51 5239000 34179920.00
2025/04/03 6.48 6.62 6.44 6.55 8414968 55075916.00
2025/04/07 6.27 6.27 5.90 5.90 12035782 72105560.00
2025/04/08 5.72 5.85 5.57 5.71 17665040 100563584.00
2025/04/09 5.67 6.04 5.43 5.99 19735438 114557944.00
2025/04/10 5.99 6.56 5.93 6.50 30208760 188028656.00
2025/04/11 6.30 6.37 6.21 6.27 17095904 107377304.00
2025/04/14 6.28 6.41 6.23 6.35 13799365 87120824.00
2025/04/15 6.35 6.35 6.22 6.25 6435900 40324992.00
2025/04/16 6.28 6.32 6.15 6.21 7370651 45902060.00
2025/04/17 6.21 6.48 6.18 6.39 16393466 104663592.00
2025/04/18 6.36 6.87 6.32 6.72 26339574 173671968.00
2025/04/21 6.60 6.79 6.56 6.72 17062574 113880680.00
2025/04/22 6.71 6.85 6.67 6.71 12092200 81409680.00
2025/04/23 6.71 6.85 6.63 6.66 9702774 64955072.00
2025/04/24 6.61 6.76 6.56 6.66 8771441 58413108.00
2025/04/25 6.64 6.90 6.64 6.66 17399780 117901776.00
2025/04/28 6.53 6.59 6.33 6.35 15405240 98505384.00
2025/04/29 6.40 6.50 6.33 6.46 9176700 59220568.00
2025/04/30 6.52 6.57 6.38 6.40 9361200 60353656.00
2025/05/06 6.53 6.83 6.51 6.71 18761100 124706856.00
2025/05/07 6.89 7.00 6.69 6.70 14366470 97670760.00
2025/05/08 6.66 6.76 6.66 6.69 8085600 54144504.00
2025/05/09 6.69 6.77 6.59 6.59 8441000 56134320.00
2025/05/12 6.64 6.64 6.54 6.58 7462500 49044984.00
2025/05/13 6.60 6.63 6.51 6.52 6078400 39855340.00
2025/05/14 6.52 6.62 6.47 6.57 6009080 39275196.00
2025/05/15 6.57 6.58 6.49 6.51 4342000 28347128.00
2025/05/16 6.53 6.84 6.51 6.58 11790500 78039816.00
2025/05/19 6.53 6.75 6.53 6.68 12115440 80960272.00
2025/05/20 6.68 6.83 6.63 6.80 12785222 86205448.00
2025/05/21 6.80 6.80 6.66 6.68 8163920 54811368.00
2025/05/22 6.66 6.69 6.55 6.55 5476682 36156640.00
2025/05/23 6.55 6.58 6.40 6.40 6262300 40608568.00
2025/05/26 6.44 6.49 6.39 6.46 4752202 30600066.00
2025/05/27 6.46 6.51 6.40 6.48 4689480 30213314.00
2025/05/28 6.46 6.52 6.41 6.42 3347100 21539152.00
2025/05/29 6.42 6.65 6.40 6.52 7670640 49968244.00
2025/05/30 6.49 6.51 6.42 6.43 5361800 34589188.00
2025/06/03 6.40 6.58 6.37 6.47 6765620 43967716.00
2025/06/04 6.46 6.51 6.43 6.47 6100960 39444480.00
2025/06/05 6.44 6.49 6.40 6.44 6640280 42745012.00
2025/06/06 6.45 6.46 6.38 6.40 5279400 33823172.00
2025/06/09 6.36 6.41 6.34 6.40 5362160 34256524.00
2025/06/10 6.41 6.43 6.22 6.30 8117236 51418224.00
2025/06/11 6.30 6.40 6.30 6.32 6180480 39298848.00
2025/06/12 6.32 6.76 6.27 6.57 21499058 139905264.00
2025/06/13 6.76 7.10 6.70 6.81 47877648 331283136.00
2025/06/16 6.94 7.49 6.94 7.49 76059512 555775680.00
2025/06/17 7.61 7.79 7.31 7.43 96014792 723076672.00
2025/06/18 7.21 7.63 7.14 7.31 58850252 433742528.00
2025/06/19 7.28 7.60 7.08 7.08 51579536 377093952.00
2025/06/20 6.99 7.10 6.72 6.73 39798780 272768736.00
2025/06/23 6.69 6.98 6.62 6.89 32370008 221538880.00
2025/06/24 6.90 6.94 6.83 6.91 28760530 198139072.00
2025/06/25 6.88 7.23 6.80 7.12 47895640 336942048.00
2025/06/26 7.07 7.20 6.99 7.02 31102982 220421008.00
2025/06/27 7.04 7.22 6.95 7.00 26043888 183694992.00
2025/06/30 7.01 7.04 6.91 7.00 18873386 131606344.00
2025/07/01 7.01 7.01 6.74 6.83 29015466 198336992.00
2025/07/02 6.82 6.84 6.63 6.72 23693120 158721216.00
2025/07/03 6.75 6.75 6.66 6.69 14097390 94278912.00
2025/07/04 6.69 6.74 6.63 6.67 15056470 100663216.00
2025/07/07 6.64 6.89 6.64 6.77 23647540 160599040.00
2025/07/08 7.03 7.45 6.95 7.45 55590608 403782752.00
2025/07/09 7.52 7.77 7.33 7.38 92421544 690442432.00
2025/07/10 7.40 7.65 7.31 7.55 70545520 526418432.00
2025/07/11 7.54 7.62 7.39 7.44 47562300 354648544.00
2025/07/14 7.36 7.40 7.23 7.27 31083840 226207520.00
2025/07/15 7.24 7.27 7.09 7.25 28515980 205098272.00
2025/07/16 7.28 7.30 7.15 7.18 20016900 144432496.00
2025/07/17 7.15 7.24 7.12 7.14 15671810 112109168.00
2025/07/18 7.15 7.18 7.10 7.14 14209400 101352552.00
2025/07/21 7.15 7.22 7.11 7.21 16578200 119159016.00
2025/07/22 7.27 7.29 7.13 7.21 18204940 130885352.00
2025/07/23 7.20 7.28 7.09 7.10 21318800 153086208.00
2025/07/24 7.10 7.22 7.07 7.20 17111102 122772944.00
2025/07/25 7.22 7.23 7.12 7.14 12310000 87975544.00
2025/07/28 7.13 7.18 7.06 7.17 13017220 92801352.00
2025/07/29 7.15 7.23 7.07 7.20 15846000 113323456.00
2025/07/30 7.19 7.33 7.11 7.15 27904702 201711984.00
2025/07/31 7.11 7.14 6.85 6.88 27827460 193644112.00
2025/08/01 6.87 6.94 6.84 6.87 9717140 66848968.00
2025/08/04 6.82 6.85 6.77 6.84 8434962 57440396.00
2025/08/05 6.87 6.94 6.85 6.93 10197500 70409880.00
2025/08/06 6.93 6.93 6.82 6.89 10303836 70677392.00
2025/08/07 6.88 6.90 6.80 6.89 10986674 75329080.00
2025/08/08 6.86 6.88 6.83 6.86 7617300 52213476.00
2025/08/11 6.86 6.95 6.86 6.95 13121222 90873592.00
2025/08/12 6.95 7.01 6.91 6.97 13200100 91921168.00
2025/08/13 7.07 7.60 6.92 7.23 52083652 375947360.00
2025/08/14 7.28 7.33 7.00 7.01 30806402 219726272.00
2025/08/15 7.03 7.12 7.00 7.08 20072544 142030848.00
2025/08/18 7.08 7.11 7.01 7.04 21123548 148923584.00
2025/08/19 7.04 7.17 7.04 7.06 20089580 142493200.00
2025/08/20 7.04 7.07 6.97 7.07 15518880 109031992.00
2025/08/21 7.08 7.18 7.04 7.09 18545642 131533824.00
2025/08/22 7.10 7.10 7.01 7.08 15387000 108483680.00
2025/08/25 7.08 7.25 7.06 7.19 34586480 248504976.00
2025/08/26 7.14 7.14 7.05 7.10 19374236 137600832.00
2025/08/27 7.05 7.09 6.80 6.81 29706880 206557648.00
2025/08/28 6.83 6.86 6.63 6.78 18638040 125999448.00
2025/08/29 6.80 6.88 6.75 6.77 12942836 88191976.00
2025/09/01 6.77 6.82 6.70 6.78 9896282 66901368.00
2025/09/02 6.75 6.77 6.62 6.69 14158640 94564792.00
2025/09/03 6.69 6.70 6.50 6.52 11292362 74389896.00
2025/09/04 6.53 6.62 6.50 6.61 9419342 61918028.00
2025/09/05 6.60 6.67 6.51 6.67 8012540 52894096.00
2025/09/08 6.68 6.73 6.65 6.70 7523038 50306696.00
2025/09/09 6.68 6.86 6.67 6.77 13553318 91964800.00
2025/09/10 6.71 6.83 6.71 6.78 10250751 69357008.00
2025/09/11 6.78 6.86 6.67 6.83 12478360 84369024.00
2025/09/12 6.92 7.02 6.87 6.92 21693724 150670576.00
2025/09/15 6.86 6.94 6.76 6.89 16493900 112739904.00
2025/09/16 6.87 6.98 6.82 6.98 18838232 130334088.00
2025/09/17 6.97 7.06 6.84 6.98 18370722 127301872.00
2025/09/18 6.94 6.98 6.70 6.73 21226200 145424128.00
2025/09/19 6.75 6.83 6.62 6.77 14264440 95582120.00
2025/09/22 6.76 6.76 6.61 6.67 9257340 61638924.00
2025/09/23 6.63 6.66 6.38 6.49 14915366 96571056.00
2025/09/24 6.50 7.14 6.46 6.86 52548988 364074912.00
2025/09/25 7.03 7.16 6.78 7.06 57588300 404793120.00
2025/09/26 7.22 7.77 7.22 7.77 51606980 396235296.00
2025/09/29 7.75 8.23 7.45 7.63 111009464 867343872.00
2025/09/30 7.58 8.00 7.40 7.80 83834376 647920064.00
2025/10/09 8.29 8.58 8.03 8.37 139455552 1172671360.00
2025/10/10 8.01 9.21 7.93 9.21 98192880 851441536.00
2025/10/13 9.50 10.13 9.33 10.13 53065972 526868416.00
2025/10/14 11.14 11.14 10.44 11.14 161550208 1775559552.00
2025/10/15 11.71 12.25 10.18 10.74 179853136 2002236928.00
2025/10/16 10.89 11.81 10.89 11.81 131227200 1527279104.00
2025/10/17 11.59 12.99 11.30 12.99 171601344 2109848448.00
2025/10/20 13.22 14.20 12.51 13.01 209504992 2786023680.00
2025/10/21 12.75 14.31 12.75 14.31 114036288 1578134016.00
2025/10/22 15.02 15.44 14.50 15.39 200691216 3002057472.00
2025/10/23 14.96 14.96 13.85 14.32 166046048 2370222848.00
2025/10/24 14.25 15.35 13.31 14.31 178170960 2558708736.00
2025/10/27 14.50 14.79 13.50 13.88 139150864 1944852096.00
2025/10/28 13.93 14.15 12.49 12.49 122760064 1582806784.00
2025/10/29 11.81 13.03 11.66 12.75 132863472 1651674880.00
2025/10/30 12.63 12.98 11.98 12.17 101828968 1262629376.00
2025/10/31 12.59 12.78 12.24 12.45 100308640 1256713728.00
2025/11/03 12.44 12.68 11.86 12.58 92534664 1139386624.00
2025/11/04 12.85 13.44 12.40 12.43 135821184 1763338112.00
2025/11/05 11.66 12.56 11.33 11.80 100669216 1201835904.00
2025/11/06 12.29 12.49 11.70 11.70 90456512 1088622976.00
2025/11/07 11.70 11.71 11.05 11.30 81890592 922142912.00
2025/11/10 11.31 12.43 11.22 12.43 101973544 1191265280.00
2025/11/11 12.50 12.97 11.54 11.63 125178976 1530568576.00
2025/11/12 11.60 12.42 11.26 11.69 102751128 1201177216.00
2025/11/13 11.40 12.86 11.12 12.86 161681536 2021467776.00
2025/11/14 12.30 13.06 11.94 11.94 136219152 1689369728.00
2025/11/17 12.23 13.13 11.75 13.13 132354592 1647616512.00
2025/11/18 13.80 13.87 12.69 13.22 152375728 2024436480.00
2025/11/19 13.04 14.54 12.89 14.54 129317872 1784325120.00
2025/11/20 14.00 14.46 13.41 13.78 124533296 1728606080.00
2025/11/21 13.03 13.34 12.40 12.40 83973056 1062791360.00
2025/11/24 12.13 12.32 11.16 11.16 89755560 1023466176.00
2025/11/25 11.01 11.60 10.82 11.14 79605328 889416192.00
2025/11/26 10.97 11.11 10.50 10.67 75411536 807509248.00
2025/11/27 10.69 11.02 10.51 10.66 55647060 601092608.00
2025/11/28 10.73 11.50 10.48 11.18 86753856 954104640.00
2025/12/01 11.11 11.28 10.93 11.12 56223300 623511808.00
2025/12/02 11.01 11.38 10.94 11.24 51278472 572679424.00
2025/12/03 11.10 11.94 11.05 11.50 79289168 916500672.00
2025/12/04 11.30 12.49 11.05 12.10 99556312 1171942912.00
2025/12/05 12.00 12.16 11.55 11.64 81055024 953581120.00
2025/12/08 11.62 12.79 11.45 12.22 106138176 1283738496.00
2025/12/09 12.22 12.22 11.89 11.97 59596832 716854528.00
2025/12/10 11.80 12.21 11.72 11.88 54632424 654336960.00
2025/12/11 11.80 11.93 11.31 11.34 61019808 702337792.00
2025/12/12 11.35 11.76 11.24 11.63 47785704 551758656.00
2025/12/15 11.42 11.62 11.20 11.26 36839152 418189824.00
2025/12/16 11.21 11.25 10.13 10.14 61952280 653750080.00
2025/12/17 10.10 10.29 9.94 10.24 41349360 418475840.00
2025/12/18 10.14 10.57 10.01 10.25 37320648 385003424.00
2025/12/19 10.57 10.69 10.22 10.41 39731540 411965504.00
2025/12/22 10.42 10.96 10.36 10.81 50996248 546990080.00
2025/12/23 10.76 11.24 10.70 10.99 50961740 558120256.00
2025/12/24 10.92 11.50 10.88 11.41 51504520 581221056.00
2025/12/25 11.40 11.55 11.26 11.35 38344900 436691104.00
2025/12/26 11.30 11.68 11.22 11.31 37870520 432986016.00
2025/12/29 11.21 11.29 10.91 10.99 43529080 481056896.00
2025/12/30 10.97 11.40 10.80 11.25 43579748 488192384.00
2025/12/31 12.38 12.38 12.38 12.38 24951644 308901344.00
2026/01/05 12.69 13.60 11.50 12.92 171483904 2114597760.00
2026/01/06 12.51 13.50 12.51 12.92 124258392 1613528448.00
2026/01/07 13.45 13.83 13.02 13.18 120926568 1626374144.00
2026/01/08 12.85 13.67 12.85 13.29 91197840 1217773696.00
2026/01/09 13.23 14.29 12.85 13.98 120729904 1627819264.00
2026/01/12 13.98 14.33 13.53 13.65 101300464 1400270976.00
2026/01/13 13.50 13.79 12.88 12.90 71871760 949520704.00
2026/01/14 12.90 13.06 12.44 12.61 61755300 789757888.00
2026/01/15 12.39 13.08 12.37 12.85 63539288 812008960.00
2026/01/16 12.99 14.14 12.97 14.14 108719080 1498763648.00
2026/01/19 14.39 14.80 13.88 14.45 114852648 1658313344.00
2026/01/20 14.51 15.90 14.46 15.90 74087608 1150982656.00
2026/01/21 15.10 16.72 14.92 15.85 141197728 2266172928.00
2026/01/22 16.10 16.55 15.26 15.47 94461232 1481007616.00
2026/01/23 15.40 15.44 14.75 14.96 78755616 1174334720.00
2026/01/26 15.04 15.30 14.61 14.73 53715480 800429632.00
2026/01/27 14.57 14.76 14.07 14.48 49800468 717930048.00
2026/01/28 14.70 15.37 14.64 14.72 77377264 1156530560.00
2026/01/29 14.74 14.74 13.94 13.97 62294348 885562944.00
2026/01/30 13.95 14.34 13.30 13.94 61847820 855421824.00
2026/02/02 13.47 13.66 13.20 13.21 40621024 543429248.00
2026/02/03 13.63 13.73 13.35 13.65 30991710 419961088.00
2026/02/04 13.60 13.81 13.44 13.72 33662824 459218368.00
2026/02/05 13.50 14.75 13.34 14.08 61002476 858542272.00
2026/02/06 13.70 15.13 13.51 14.65 63812792 920816512.00
2026/02/09 14.66 14.75 14.26 14.40 46813252 676132864.00
2026/02/10 14.40 14.49 14.01 14.03 29683312 420633504.00
2026/02/11 14.08 14.99 14.04 14.16 40605424 586527808.00
2026/02/12 14.16 15.58 14.10 15.58 68404200 1012990080.00
2026/02/13 15.43 15.94 15.16 15.56 65145768 1014086656.00
2026/02/24 15.70 17.08 15.45 16.52 80119528 1307494784.00
2026/02/25 16.03 16.17 15.45 15.64 70929232 1118638976.00
#Ъ§ОнРДдД:ЭЈДяаХ
