002036 СЊДДЕчзг ШеЯп ЧАИДШЈ
      ШеЦк	    ПЊХЬ	    зюИп	    зюЕЭ	    ЪеХЬ	    ГЩНЛСП	    ГЩНЛЖю
2021/08/02 17.68 18.19 17.10 17.40 51365872 902351936.00
2021/08/03 17.25 17.91 16.64 17.03 48347636 836801408.00
2021/08/04 16.89 18.57 16.88 18.42 58579644 1057656512.00
2021/08/05 18.42 20.26 18.19 20.26 46915313 923451968.00
2021/08/06 20.18 21.16 19.70 20.33 56823661 1150951296.00
2021/08/09 20.25 20.26 18.88 19.16 55932581 1079208064.00
2021/08/10 19.16 19.51 18.77 19.14 37072104 708149568.00
2021/08/11 19.14 19.34 18.68 18.88 26447919 500726112.00
2021/08/12 18.98 19.83 18.66 19.25 41336321 794024256.00
2021/08/13 19.55 20.66 19.19 19.28 46206897 919633344.00
2021/08/16 19.22 19.28 17.35 17.68 77138023 1366442496.00
2021/08/17 17.61 17.71 16.74 16.81 37793594 651478592.00
2021/08/18 16.84 17.25 16.38 16.78 29565363 496823936.00
2021/08/19 16.68 17.30 16.32 17.12 29035885 491430624.00
2021/08/20 16.98 17.23 16.45 16.99 24638789 416468384.00
2021/08/23 17.14 17.43 16.78 17.18 30633672 525159296.00
2021/08/24 16.98 18.08 15.64 17.90 70316320 1190989056.00
2021/08/25 17.98 18.20 17.50 17.56 31177228 552955328.00
2021/08/26 17.65 17.74 16.38 16.52 47526961 797629184.00
2021/08/27 16.52 18.00 16.09 17.55 42478524 726921600.00
2021/08/30 18.13 18.26 17.26 17.37 37118305 653182016.00
2021/08/31 17.30 17.30 16.32 16.73 37098609 619059584.00
2021/09/01 16.73 16.86 15.69 16.08 44739001 721118080.00
2021/09/02 15.90 16.58 15.56 16.05 23628911 381111072.00
2021/09/03 15.81 16.36 15.43 15.55 28555382 451527552.00
2021/09/06 15.63 16.16 15.43 16.00 22320096 355276544.00
2021/09/07 16.00 16.48 15.83 16.36 27846261 451162464.00
2021/09/08 16.33 17.15 16.28 17.15 35400915 594722688.00
2021/09/09 16.98 17.00 16.28 16.35 35680422 590666816.00
2021/09/10 16.31 16.85 16.23 16.38 26875106 442121152.00
2021/09/13 16.36 16.62 15.89 16.03 26012811 421514720.00
2021/09/14 16.19 16.30 15.82 15.97 20446083 330053248.00
2021/09/15 16.08 17.28 15.99 16.88 42719098 714843584.00
2021/09/16 16.73 16.81 15.88 15.88 31395232 510439296.00
2021/09/17 15.93 15.98 15.50 15.81 17385642 273215296.00
2021/09/22 15.59 16.14 15.54 16.08 13934196 222399744.00
2021/09/23 16.07 16.33 16.00 16.12 16591490 268475680.00
2021/09/24 16.12 17.07 16.08 16.59 27212096 454200416.00
2021/09/27 16.75 16.88 16.27 16.50 19530151 323645376.00
2021/09/28 16.46 16.62 16.18 16.31 15614184 255768144.00
2021/09/29 16.23 16.26 15.70 15.77 16780010 267129216.00
2021/09/30 15.95 16.68 15.88 16.50 18698808 308158816.00
2021/10/08 16.78 16.91 16.13 16.32 14352856 235819264.00
2021/10/11 16.45 16.78 16.05 16.55 15881235 262007712.00
2021/10/12 16.53 17.13 16.30 16.81 25727140 430921184.00
2021/10/13 17.07 18.48 16.80 17.79 33026128 580155008.00
2021/10/14 17.80 18.66 17.80 17.84 32014238 580753536.00
2021/10/15 17.48 18.53 17.38 17.96 29503542 529431520.00
2021/10/18 17.96 18.40 17.73 17.94 19813963 357840544.00
2021/10/19 18.22 18.86 17.63 17.87 33002672 601153344.00
2021/10/20 17.88 18.94 17.75 18.81 39094182 725692480.00
2021/10/21 18.86 18.98 17.08 17.20 50029118 890811264.00
2021/10/22 17.58 17.78 16.91 16.98 26997779 463148192.00
2021/10/25 16.96 17.21 16.81 16.97 18499886 314596704.00
2021/10/26 17.73 18.65 17.68 18.03 60157552 1092886144.00
2021/10/27 18.38 18.71 17.98 18.33 38304096 701684800.00
2021/10/28 18.64 20.06 18.28 19.41 65246309 1265984896.00
2021/10/29 19.79 20.56 19.29 20.27 45348017 912404672.00
2021/11/01 20.32 20.97 19.95 20.77 41242290 848848960.00
2021/11/02 20.54 20.90 19.58 19.76 53252486 1070772416.00
2021/11/03 19.98 20.07 19.10 19.88 44224833 865222016.00
2021/11/04 20.22 21.87 20.19 21.87 49094913 1039128192.00
2021/11/05 22.28 22.67 20.85 20.93 68961083 1495271680.00
2021/11/08 20.98 21.65 20.62 21.06 40813248 863102464.00
2021/11/09 21.46 21.46 20.33 20.97 42381348 885044864.00
2021/11/10 21.44 22.36 20.78 21.83 55096425 1200137344.00
2021/11/11 21.75 22.56 21.43 21.57 43326490 949579264.00
2021/11/12 21.34 22.97 21.28 22.28 42378954 938658304.00
2021/11/15 22.28 22.62 21.48 21.91 34606653 760962368.00
2021/11/16 21.67 22.30 20.64 20.78 47202353 1005572224.00
2021/11/17 20.94 21.19 20.56 20.99 26194804 549082624.00
2021/11/18 20.97 21.81 20.56 21.36 28788275 608912320.00
2021/11/19 21.16 23.50 21.11 23.50 69236176 1583997696.00
2021/11/22 23.28 24.14 23.10 23.94 67425437 1596654464.00
2021/11/23 23.84 24.55 23.64 23.77 41950242 1008172544.00
2021/11/24 23.71 24.58 23.44 23.74 38729184 928853824.00
2021/11/25 23.73 23.83 22.56 23.05 45338092 1043946944.00
2021/11/26 22.38 22.85 21.90 22.13 43851602 977968320.00
2021/11/29 21.78 22.90 21.66 22.55 39209369 874344064.00
2021/11/30 22.68 22.78 20.88 21.14 50744597 1099594496.00
2021/12/01 21.16 21.82 20.99 21.50 33044364 709163648.00
2021/12/02 21.38 22.12 20.77 21.83 35529610 764205184.00
2021/12/03 21.98 22.28 21.18 21.35 26714318 575980800.00
2021/12/06 21.26 21.53 20.87 20.87 21163166 448040928.00
2021/12/07 21.05 21.29 20.13 20.49 23538650 485212032.00
2021/12/08 20.63 21.92 20.50 21.15 30033451 637813568.00
2021/12/09 21.15 21.78 20.95 21.31 21252296 454974848.00
2021/12/10 20.97 21.53 20.77 21.10 19047901 401157120.00
2021/12/13 21.92 21.99 21.13 21.58 30730735 665136192.00
2021/12/14 21.34 22.47 21.28 22.04 30493142 670631040.00
2021/12/15 22.01 22.13 20.96 21.04 28225051 606876864.00
2021/12/16 21.02 21.18 20.41 20.96 19307589 401916960.00
2021/12/17 20.80 22.06 20.61 21.10 27615255 584480128.00
2021/12/20 21.33 22.77 21.10 21.13 53779436 1178114176.00
2021/12/21 21.48 23.22 21.13 23.06 69138174 1563820672.00
2021/12/22 23.11 25.11 22.82 24.88 72821428 1767018752.00
2021/12/23 24.48 25.77 24.39 25.12 58532107 1469484032.00
2021/12/24 25.08 25.73 24.25 24.48 37915173 943919616.00
2021/12/27 24.49 24.87 23.49 23.63 33235875 798543680.00
2021/12/28 23.85 24.04 23.26 23.65 24850139 587632896.00
2021/12/29 23.64 23.83 22.88 23.30 25973328 605455488.00
2021/12/30 23.98 24.24 23.43 23.83 32525699 776800448.00
2021/12/31 23.98 24.39 23.58 24.24 28806534 694005888.00
2022/01/04 24.43 24.77 22.23 23.11 48580264 1128528640.00
2022/01/05 22.98 23.34 21.79 22.42 30759376 687879936.00
2022/01/06 22.31 23.28 21.40 22.78 40317790 899329984.00
2022/01/07 22.98 23.16 21.43 21.47 30740293 676079168.00
2022/01/10 21.09 21.93 20.87 21.03 25349493 540410304.00
2022/01/11 21.19 21.43 20.24 20.32 23067567 477117504.00
2022/01/12 21.08 22.35 21.07 22.35 51389487 1121875072.00
2022/01/13 22.58 23.01 21.84 22.11 40375375 903868544.00
2022/01/14 21.88 24.21 21.67 23.77 50490279 1183242880.00
2022/01/17 23.52 24.42 23.40 23.80 54277408 1303592448.00
2022/01/18 23.62 24.48 23.28 24.08 37295578 894181312.00
2022/01/19 23.94 24.08 22.66 22.98 35621024 824185664.00
2022/01/20 23.08 23.17 21.54 21.80 36337923 805484608.00
2022/01/21 21.93 22.33 21.23 21.35 24147222 523549440.00
2022/01/24 21.08 22.23 21.08 21.77 25204818 550910784.00
2022/01/25 21.71 21.97 20.70 20.77 25090752 532726560.00
2022/01/26 20.69 21.58 20.61 21.48 29312737 622054848.00
2022/01/27 21.30 21.67 20.38 20.47 29063605 605469952.00
2022/01/28 20.50 20.63 18.42 18.42 57281002 1088982656.00
2022/02/07 18.82 19.04 18.08 18.34 37222090 690560832.00
2022/02/08 18.18 18.20 17.00 17.68 46237655 812315648.00
2022/02/09 18.01 18.70 17.49 18.57 38966651 707372928.00
2022/02/10 18.54 18.58 17.68 17.88 27809115 500429600.00
2022/02/11 17.78 17.78 16.88 17.07 35323858 609438912.00
2022/02/14 17.21 17.68 16.92 17.19 23258193 403499712.00
2022/02/15 17.49 18.44 17.49 18.28 38553636 697794176.00
2022/02/16 18.65 18.98 18.17 18.30 29578789 549678976.00
2022/02/17 18.40 18.64 17.87 18.26 25711758 469989248.00
2022/02/18 18.08 18.51 18.02 18.26 16585856 303317376.00
2022/02/21 18.28 18.50 18.09 18.26 14076741 257168688.00
2022/02/22 17.97 18.08 17.53 17.96 22035413 392284928.00
2022/02/23 18.02 19.56 17.98 19.13 39483595 747803904.00
2022/02/24 18.91 19.38 18.19 18.74 36458166 688626176.00
2022/02/25 19.16 19.48 18.78 18.98 26843292 512473248.00
2022/02/28 18.84 19.05 18.53 18.61 23006263 430120896.00
2022/03/01 18.73 19.05 17.69 17.92 39890872 723474240.00
2022/03/02 17.66 17.85 17.18 17.71 30785612 538562240.00
2022/03/03 17.89 18.03 17.02 17.08 25590957 442568896.00
2022/03/04 16.88 17.18 16.68 16.76 19209679 324461184.00
2022/03/07 16.58 16.61 15.87 16.03 39002291 630555968.00
2022/03/08 16.17 16.39 15.54 15.68 26434062 421732480.00
2022/03/09 15.85 16.23 15.33 16.13 30614107 486472864.00
2022/03/10 16.58 16.88 16.51 16.60 36417298 608669248.00
2022/03/11 16.34 16.39 15.43 16.17 38061655 607943296.00
2022/03/14 15.87 16.01 15.46 15.47 23560847 370162144.00
2022/03/15 15.28 15.43 14.39 14.43 42397732 630764224.00
2022/03/16 14.86 15.66 14.43 15.59 36789150 553629376.00
2022/03/17 16.13 16.98 15.95 16.43 47889051 791747264.00
2022/03/18 16.28 16.53 15.93 16.33 22456014 364484320.00
2022/03/21 16.37 16.99 16.21 16.74 29714139 497973216.00
2022/03/22 16.63 17.01 16.39 16.55 19131282 319377376.00
2022/03/23 16.73 16.73 16.34 16.53 11096185 183545152.00
2022/03/24 16.36 16.47 16.07 16.28 15517859 252267280.00
2022/03/25 16.53 16.58 15.87 15.95 20779819 334409760.00
2022/03/28 15.78 15.78 15.24 15.41 24013673 370983904.00
2022/03/29 15.55 15.75 14.72 14.89 24210727 365703552.00
2022/03/30 15.12 15.55 15.00 15.39 20674972 316942368.00
2022/03/31 15.39 15.42 14.71 14.83 20891964 312197536.00
2022/04/01 14.77 15.02 14.66 14.80 14769068 219642656.00
2022/04/06 14.67 14.82 14.26 14.43 21338446 308569792.00
2022/04/07 14.58 14.61 14.03 14.04 22335660 318867648.00
2022/04/08 13.98 14.00 13.35 13.57 30660185 417018016.00
2022/04/11 13.39 13.42 12.68 12.79 28678642 374107264.00
2022/04/12 12.96 13.36 12.71 13.23 22949602 299659808.00
2022/04/13 13.01 13.16 12.78 12.83 18146146 235179888.00
2022/04/14 12.96 13.06 12.48 12.75 18482477 236062592.00
2022/04/15 12.43 13.05 12.06 12.57 31090241 388368096.00
2022/04/18 12.44 13.31 12.44 13.11 30603233 397080928.00
2022/04/19 13.16 13.46 12.68 12.86 22953471 297739168.00
2022/04/20 12.78 12.98 12.32 12.41 22033594 278245344.00
2022/04/21 12.42 12.62 11.96 12.01 20357981 249350304.00
2022/04/22 12.01 12.13 11.76 11.87 17945689 214363104.00
2022/04/25 11.53 11.53 10.68 10.68 40946776 452503552.00
2022/04/26 10.88 10.93 9.66 9.80 70981677 736552768.00
2022/04/27 9.74 10.78 9.74 10.78 39650515 408546688.00
2022/04/28 10.93 11.29 10.67 10.86 46387406 509494752.00
2022/04/29 11.09 11.50 10.69 11.36 45447285 508431904.00
2022/05/05 11.48 11.81 11.28 11.56 33806076 391977984.00
2022/05/06 11.13 11.33 11.04 11.09 23426407 261614496.00
2022/05/09 11.11 11.36 11.02 11.17 15855250 177489008.00
2022/05/10 10.99 11.73 10.98 11.61 23509845 270145184.00
2022/05/11 11.66 12.77 11.49 12.21 55430702 685461824.00
2022/05/12 12.20 12.51 12.12 12.34 34495486 426239072.00
2022/05/13 12.46 12.56 12.05 12.41 25449583 312665664.00
2022/05/16 12.63 12.71 12.02 12.12 24455139 299919968.00
2022/05/17 12.03 12.96 11.86 12.57 43339705 542803328.00
2022/05/18 12.60 12.81 12.41 12.45 21165570 266766624.00
2022/05/19 12.18 12.66 12.13 12.63 29666265 368354848.00
2022/05/20 12.64 13.28 12.63 13.18 42083238 550028160.00
2022/05/23 13.18 13.27 12.57 12.88 38907455 499097728.00
2022/05/24 12.86 13.28 12.16 12.17 39734659 504912000.00
2022/05/25 12.19 12.46 12.15 12.36 20441386 251681104.00
2022/05/26 12.40 12.55 11.78 12.35 31344273 382130432.00
2022/05/27 12.47 12.83 12.15 12.29 29473102 367313344.00
2022/05/30 12.37 12.68 12.16 12.60 26517183 331463712.00
2022/05/31 12.67 13.40 12.43 13.17 49349823 645157760.00
2022/06/01 13.11 13.93 12.99 13.67 59626159 805803712.00
2022/06/02 13.50 13.92 13.33 13.80 45746070 625677120.00
2022/06/06 14.12 14.51 13.81 14.21 54925716 780303744.00
2022/06/07 14.21 14.32 13.73 13.96 39212532 548632320.00
2022/06/08 13.88 13.99 13.32 13.74 34082407 466171872.00
2022/06/09 13.70 13.76 13.05 13.23 27345310 364503648.00
2022/06/10 13.13 14.08 12.96 14.03 34485369 472555872.00
2022/06/13 13.91 14.33 13.63 13.82 38247954 533500416.00
2022/06/14 13.54 13.96 13.01 13.83 34023077 458058880.00
2022/06/15 13.89 14.58 13.88 13.99 48964899 697193344.00
2022/06/16 13.90 14.48 13.87 14.08 35953434 509932352.00
2022/06/17 13.88 14.18 13.68 14.05 32015957 446837088.00
2022/06/20 14.28 14.73 14.12 14.63 49448182 718569600.00
2022/06/21 15.33 15.47 14.43 14.67 66035574 987686720.00
2022/06/22 14.49 14.63 13.64 13.77 59910457 845680192.00
2022/06/23 13.40 14.45 13.37 14.24 53936619 760719104.00
2022/06/24 14.23 15.08 14.12 14.82 58987099 869917632.00
2022/06/27 14.82 14.84 14.13 14.20 64774806 930404416.00
2022/06/28 14.20 15.62 13.78 15.62 89048391 1314959872.00
2022/06/29 15.58 15.93 14.73 14.75 86845285 1330877824.00
2022/06/30 14.87 15.78 14.87 15.34 64376970 992514176.00
2022/07/01 15.32 15.50 14.73 14.92 38177605 573854016.00
2022/07/04 14.72 14.76 14.20 14.57 41146058 597241152.00
2022/07/05 14.56 14.63 13.68 13.95 59673734 837093504.00
2022/07/06 13.94 14.26 13.50 13.73 40785881 566986432.00
2022/07/07 13.84 14.37 13.72 14.14 37759515 532494240.00
2022/07/08 14.48 14.56 13.86 13.86 31593922 447377632.00
2022/07/11 13.67 13.67 13.14 13.29 30076602 400878720.00
2022/07/12 13.33 13.50 13.10 13.25 27250029 362481248.00
2022/07/13 13.25 13.33 12.91 13.19 21798151 286909376.00
2022/07/14 13.11 13.56 13.07 13.35 26030326 348186048.00
2022/07/15 13.11 13.87 13.08 13.50 31114331 422397856.00
2022/07/18 13.54 13.99 13.39 13.94 29002924 399433408.00
2022/07/19 13.92 14.76 13.88 14.52 56644990 821448064.00
2022/07/20 14.73 14.94 14.50 14.76 40064147 590043200.00
2022/07/21 14.77 15.89 14.77 15.39 66730291 1033376448.00
2022/07/22 15.63 16.73 15.49 16.57 91397368 1481038336.00
2022/07/25 16.32 16.37 15.74 15.79 51866452 829769344.00
2022/07/26 15.78 16.33 15.32 16.11 48347608 765352960.00
2022/07/27 16.17 17.72 16.15 17.43 84263054 1461081728.00
2022/07/28 17.42 18.08 16.91 17.86 68648437 1211646336.00
2022/07/29 17.56 17.88 17.44 17.63 39869578 703392576.00
2022/08/01 17.53 17.98 17.29 17.70 38244636 677825536.00
2022/08/02 17.39 18.32 17.24 17.61 56027861 996209344.00
2022/08/03 17.60 18.52 17.49 17.90 58258478 1052623040.00
2022/08/04 17.86 17.87 16.88 17.27 50569288 871344064.00
2022/08/05 17.31 17.62 16.81 17.11 45256754 775940288.00
2022/08/08 17.00 17.76 16.65 17.59 37556916 650864000.00
2022/08/09 18.22 18.74 17.35 17.56 61803075 1107664640.00
2022/08/10 17.82 17.88 16.99 17.19 40584208 706916864.00
2022/08/11 17.60 18.91 17.44 18.91 74974930 1395747712.00
2022/08/12 18.91 18.91 17.89 17.89 86296187 1581166464.00
2022/08/15 17.85 18.31 17.54 18.21 39098191 705344256.00
2022/08/16 18.09 18.54 17.87 17.96 35646573 645325376.00
2022/08/17 17.90 18.65 17.67 18.52 46628579 850048896.00
2022/08/18 18.39 18.98 18.19 18.88 50568357 942709056.00
2022/08/19 18.95 19.52 18.09 18.10 51793059 970539968.00
2022/08/22 17.90 18.84 17.69 18.63 37014361 681851840.00
2022/08/23 18.79 20.18 18.73 19.69 73984204 1458195968.00
2022/08/24 19.79 19.84 18.08 18.39 60851404 1134059648.00
2022/08/25 18.45 18.56 17.42 17.66 34083466 605148416.00
2022/08/26 17.70 18.98 17.70 17.79 42080562 771700032.00
2022/08/29 17.39 17.97 17.30 17.38 26601507 466318688.00
2022/08/30 17.39 17.59 16.88 17.04 26358608 452116160.00
2022/08/31 17.04 17.14 16.17 16.27 29699535 490042304.00
2022/09/01 16.35 16.48 15.77 16.16 22304245 358388608.00
2022/09/02 16.16 16.46 15.86 16.33 19843460 322331040.00
2022/09/05 16.33 16.33 15.58 15.77 30389987 482511808.00
2022/09/06 15.92 17.09 15.79 16.89 36526488 604749888.00
2022/09/07 16.70 17.34 16.66 16.94 24887373 424501376.00
2022/09/08 17.11 17.19 16.37 16.56 21867512 363983520.00
2022/09/09 16.56 16.79 15.96 16.55 17953793 293172320.00
2022/09/13 16.65 17.94 16.65 16.83 37309213 642097088.00
2022/09/14 16.54 16.79 16.20 16.30 23977763 393783776.00
2022/09/15 16.48 16.56 15.05 15.25 34137222 529583936.00
2022/09/16 15.24 15.53 14.99 14.99 18357421 280066528.00
2022/09/19 14.89 15.22 14.70 14.90 16375599 244702832.00
2022/09/20 14.99 15.44 14.88 15.27 17843583 271938784.00
2022/09/21 15.17 15.35 14.84 15.16 13679790 207178176.00
2022/09/22 14.99 15.39 14.88 14.95 14303308 215920720.00
2022/09/23 14.95 15.09 14.24 14.50 21071628 306844992.00
2022/09/26 14.33 14.89 14.22 14.40 14039399 204560384.00
2022/09/27 14.56 15.15 14.39 15.10 23142747 341947392.00
2022/09/28 15.10 15.10 14.39 14.39 19094710 281324544.00
2022/09/29 14.63 14.74 14.18 14.34 15514540 223778816.00
2022/09/30 14.28 14.34 13.59 13.70 16558522 231059264.00
2022/10/10 13.60 13.72 12.96 13.00 19764773 262024432.00
2022/10/11 13.12 13.55 13.01 13.36 17202045 228877104.00
2022/10/12 13.45 14.52 13.42 14.48 27900576 387367936.00
2022/10/13 14.30 14.90 14.16 14.57 19163346 280540448.00
2022/10/14 14.70 15.11 14.70 14.99 21156405 316195008.00
2022/10/17 14.97 15.10 14.70 14.86 18892759 281065376.00
2022/10/18 14.99 15.09 14.74 14.86 19506258 290926464.00
2022/10/19 14.77 14.92 14.49 14.52 18184570 267683488.00
2022/10/20 14.37 14.77 13.97 14.43 25014415 358873280.00
2022/10/21 14.49 14.66 14.23 14.36 15585892 224927696.00
2022/10/24 14.42 14.74 14.00 14.09 19136756 275323968.00
2022/10/25 14.01 14.37 13.78 13.96 25642156 360016512.00
2022/10/26 14.14 14.44 13.91 14.11 28327343 402629856.00
2022/10/27 14.19 14.32 13.72 13.73 28281588 394583360.00
2022/10/28 14.04 14.34 13.12 13.17 47379314 650717696.00
2022/10/31 13.03 13.76 12.98 13.40 32864464 440969152.00
2022/11/01 13.32 13.87 13.04 13.84 30138107 407262208.00
2022/11/02 14.34 14.34 13.81 14.05 48364507 679919744.00
2022/11/03 13.79 14.05 13.64 13.94 35572582 494126976.00
2022/11/04 13.85 14.65 13.84 14.48 50590957 725111104.00
2022/11/07 14.53 15.18 14.41 14.79 57359523 847131904.00
2022/11/08 14.79 14.80 14.15 14.29 40974435 589528000.00
2022/11/09 14.19 14.37 13.89 14.06 25473664 359101152.00
2022/11/10 13.98 13.99 13.42 13.54 31398614 429677824.00
2022/11/11 14.00 14.19 13.61 13.74 35335588 492413408.00
2022/11/14 13.78 13.87 13.26 13.28 31550985 427164992.00
2022/11/15 13.28 14.50 13.18 14.50 59457592 835136832.00
2022/11/16 14.44 14.54 14.00 14.06 31319304 444237408.00
2022/11/17 14.02 14.02 13.65 13.94 28974542 400923392.00
2022/11/18 13.83 13.96 13.66 13.68 24225235 334608160.00
2022/11/21 13.55 13.92 13.44 13.89 20181820 277519456.00
2022/11/22 13.91 13.91 13.21 13.28 37018328 499068352.00
2022/11/23 13.24 13.31 12.39 12.78 48079315 611187904.00
2022/11/24 12.76 13.17 12.66 12.91 22194554 287213536.00
2022/11/25 12.84 12.85 12.49 12.53 18485545 233882192.00
2022/11/28 12.37 12.57 12.17 12.57 17488970 216794656.00
2022/11/29 12.56 12.93 12.50 12.87 20130842 257148528.00
2022/11/30 12.83 13.08 12.71 12.83 16263574 209521040.00
2022/12/01 13.09 13.39 13.05 13.07 26236434 346747296.00
2022/12/02 13.00 13.22 13.00 13.14 13369277 175928368.00
2022/12/05 13.17 13.32 13.09 13.21 18367778 242415552.00
2022/12/06 13.13 13.36 13.02 13.30 19052892 252654480.00
2022/12/07 13.14 13.48 13.13 13.23 18103421 241185712.00
2022/12/08 13.23 13.44 13.11 13.18 13929241 184586544.00
2022/12/09 13.16 13.24 12.92 13.06 18065869 236545488.00
2022/12/12 12.95 13.47 12.88 13.31 21270842 281937792.00
2022/12/13 13.32 13.36 12.95 12.98 16331775 213938928.00
2022/12/14 13.16 13.29 12.84 12.91 16661032 217297456.00
2022/12/15 12.82 13.28 12.75 13.27 20236229 266411376.00
2022/12/16 13.11 13.27 12.76 12.78 19640671 253723312.00
2022/12/19 12.77 12.98 12.43 12.60 13530870 172060976.00
2022/12/20 12.80 12.84 12.40 12.61 12757357 160967920.00
2022/12/21 12.60 12.65 12.21 12.29 12854653 159051648.00
2022/12/22 12.34 12.44 11.99 12.11 11770961 143897872.00
2022/12/23 11.98 12.16 11.90 12.09 8934472 107530440.00
2022/12/26 12.07 12.64 12.03 12.58 16719625 208204976.00
2022/12/27 12.68 12.79 12.52 12.71 10313835 130677752.00
2022/12/28 12.62 12.76 12.46 12.55 9312614 117426856.00
2022/12/29 12.47 12.65 12.31 12.33 9760897 121801872.00
2022/12/30 12.43 12.52 12.29 12.36 8265251 102413032.00
2023/01/03 12.44 12.92 12.28 12.83 17901809 226909584.00
2023/01/04 12.97 12.97 12.61 12.73 11036356 140852544.00
2023/01/05 12.64 13.12 12.64 13.01 18065839 234942864.00
2023/01/06 12.99 13.31 12.97 13.04 17026816 224266672.00
2023/01/09 13.03 13.38 12.99 13.24 18477833 245007184.00
2023/01/10 13.32 13.44 13.23 13.29 13986553 186499056.00
2023/01/11 13.21 13.39 13.04 13.08 11798963 155782080.00
2023/01/12 13.07 13.26 13.05 13.09 11580720 152351536.00
2023/01/13 13.12 13.19 12.81 12.95 12468952 161555648.00
2023/01/16 12.86 13.32 12.86 13.10 22525977 296193856.00
2023/01/17 13.09 13.44 13.07 13.43 24494361 327359424.00
2023/01/18 13.39 13.43 13.17 13.25 16387989 217935216.00
2023/01/19 13.19 13.37 13.18 13.35 10799330 143681328.00
2023/01/20 13.38 13.49 13.30 13.34 13756060 184119792.00
2023/01/30 13.66 13.92 13.57 13.83 28411704 392516672.00
2023/01/31 13.67 13.74 13.51 13.66 18064367 246304064.00
2023/02/01 13.65 13.92 13.59 13.83 19164135 264459920.00
2023/02/02 13.87 14.09 13.74 13.85 24378923 339674560.00
2023/02/03 13.85 13.91 13.54 13.85 19888347 273698400.00
2023/02/06 13.70 13.86 13.54 13.61 16262990 222384560.00
2023/02/07 13.69 13.97 13.66 13.94 24084155 333319232.00
2023/02/08 13.88 14.07 13.74 13.81 17381341 241112816.00
2023/02/09 13.75 13.96 13.61 13.95 23651370 328518688.00
2023/02/10 13.93 14.24 13.80 13.87 32082810 450072384.00
2023/02/13 13.87 14.00 13.79 13.92 17277982 240347920.00
2023/02/14 14.04 14.07 13.72 13.76 19516150 270648608.00
2023/02/15 13.77 14.16 13.76 13.99 25209388 353123872.00
2023/02/16 13.94 14.11 13.51 13.65 32577694 451496608.00
2023/02/17 13.65 14.04 13.45 13.54 30702277 420910112.00
2023/02/20 13.39 13.51 12.87 13.47 30090189 400507424.00
2023/02/21 13.48 13.98 13.44 13.64 28967050 399176032.00
2023/02/22 13.60 13.91 13.50 13.61 15288951 208769312.00
2023/02/23 13.63 13.89 13.51 13.61 21183889 290311392.00
2023/02/24 13.62 13.68 13.24 13.28 21472448 286888800.00
2023/02/27 13.20 13.27 12.90 12.93 24216009 315724896.00
2023/02/28 12.96 13.18 12.85 13.07 17441632 227151424.00
2023/03/01 13.06 13.18 13.03 13.17 16969896 222820976.00
2023/03/02 13.24 13.32 13.09 13.12 14795926 195138048.00
2023/03/03 13.25 13.25 12.89 12.97 17629341 229406944.00
2023/03/06 12.89 13.01 12.64 13.01 18850548 242542688.00
2023/03/07 12.94 12.94 12.55 12.55 17314131 220177360.00
2023/03/08 12.53 12.64 12.52 12.64 9358678 117867432.00
2023/03/09 12.63 12.92 12.45 12.74 21005452 266778592.00
2023/03/10 12.71 12.74 12.35 12.37 19299461 240726512.00
2023/03/13 12.30 12.42 12.07 12.26 17744286 216509600.00
2023/03/14 12.26 12.28 11.84 12.11 21202706 255656256.00
2023/03/15 12.16 12.35 12.14 12.16 14831340 181947968.00
2023/03/16 12.09 12.20 11.94 11.96 14003360 168897632.00
2023/03/17 12.02 12.17 11.99 12.09 13732008 165932000.00
2023/03/20 12.09 12.36 12.06 12.19 18479465 226202096.00
2023/03/21 12.26 12.35 12.07 12.35 14438707 176728480.00
2023/03/22 12.39 12.53 12.30 12.51 17674743 219919888.00
2023/03/23 12.39 12.84 12.35 12.81 29071803 369452992.00
2023/03/24 12.84 13.23 12.80 13.22 36111974 472929120.00
2023/03/27 13.17 13.36 12.99 13.11 28176040 370885952.00
2023/03/28 13.11 13.11 12.75 12.78 18543918 239541312.00
2023/03/29 12.71 12.93 12.69 12.74 12214198 156389008.00
2023/03/30 12.75 12.84 12.58 12.71 13795498 175294288.00
2023/03/31 12.70 12.82 12.62 12.78 10527256 133996376.00
2023/04/03 12.74 12.86 12.59 12.76 20424281 259751056.00
2023/04/04 12.79 12.86 12.49 12.71 22725391 288926112.00
2023/04/06 12.63 13.07 12.58 12.99 30059852 388008448.00
2023/04/07 12.99 13.00 12.81 12.93 15773957 203345120.00
2023/04/10 12.99 13.58 12.99 13.28 43342622 579020224.00
2023/04/11 13.24 13.26 12.66 12.75 37396737 481046496.00
2023/04/12 12.89 13.09 12.79 12.96 24113920 313294688.00
2023/04/13 12.90 12.95 12.54 12.55 23976192 304335360.00
2023/04/14 12.60 12.84 12.44 12.73 18906065 239659776.00
2023/04/17 12.73 12.73 12.50 12.56 15584011 196125264.00
2023/04/18 12.50 12.56 12.29 12.38 16387017 203073792.00
2023/04/19 12.34 12.47 12.22 12.35 15844969 195643648.00
2023/04/20 12.35 12.67 12.28 12.46 19720141 245830176.00
2023/04/21 12.42 12.45 11.81 11.81 30782494 370878944.00
2023/04/24 11.82 11.86 11.33 11.40 22795780 262230064.00
2023/04/25 10.26 10.44 10.26 10.26 16072700 165109632.00
2023/04/26 9.59 9.85 9.29 9.52 66260037 628922304.00
2023/04/27 9.49 9.56 9.09 9.24 39835137 369916128.00
2023/04/28 9.21 9.52 9.20 9.33 28920887 270800096.00
2023/05/04 9.29 9.61 9.22 9.25 29810150 279593248.00
2023/05/05 9.23 9.33 8.97 9.00 31999892 291274816.00
2023/05/08 9.33 9.38 9.00 9.01 40145407 367950656.00
2023/05/09 9.01 9.15 8.90 8.95 28946244 261464032.00
2023/05/10 8.97 9.09 8.80 9.02 25586111 229030096.00
2023/05/11 8.98 9.04 8.87 8.88 19428765 173882000.00
2023/05/12 8.86 8.94 8.66 8.68 20494044 179673232.00
2023/05/15 8.65 8.90 8.65 8.90 17172413 150769328.00
2023/05/16 8.90 8.92 8.72 8.82 13713426 120896232.00
2023/05/17 8.78 8.88 8.69 8.76 14733469 129404904.00
2023/05/18 8.75 8.87 8.68 8.76 16447124 144358144.00
2023/05/19 8.74 9.24 8.74 9.19 38700129 350428800.00
2023/05/22 9.15 9.27 8.94 9.19 25993409 237040272.00
2023/05/23 9.17 9.17 8.91 8.91 21431264 192926384.00
2023/05/24 8.86 8.99 8.84 8.89 9639704 86033672.00
2023/05/25 8.84 8.97 8.74 8.89 13810177 122266104.00
2023/05/26 8.89 9.10 8.79 8.96 13335315 119181832.00
2023/05/29 9.02 9.06 8.89 8.93 13491259 121158064.00
2023/05/30 8.89 9.14 8.76 9.12 26100390 233354416.00
2023/05/31 9.17 9.32 9.11 9.29 33942912 313371680.00
2023/06/01 9.29 9.56 9.09 9.42 39259311 370001440.00
2023/06/02 9.50 10.36 9.41 10.07 100672480 1012660160.00
2023/06/05 10.06 10.34 9.97 10.18 74593748 757554304.00
2023/06/06 9.98 10.02 9.49 9.53 59681104 581058432.00
2023/06/07 9.57 10.18 9.43 9.97 61315799 609141376.00
2023/06/08 10.00 10.08 9.59 9.64 46233249 450515552.00
2023/06/09 9.63 9.72 9.42 9.57 31156525 297900800.00
2023/06/12 9.58 10.25 9.58 9.98 58341439 581131776.00
2023/06/13 9.91 10.02 9.84 9.96 38074264 378116640.00
2023/06/14 9.96 10.01 9.75 9.84 25413617 250476096.00
2023/06/15 9.77 9.92 9.75 9.78 22855668 224707536.00
2023/06/16 9.79 9.81 9.67 9.75 20674070 201363776.00
2023/06/19 9.73 9.94 9.69 9.79 28603326 280614944.00
2023/06/20 9.73 10.06 9.64 9.98 45245390 448153664.00
2023/06/21 9.90 9.94 9.55 9.55 33650727 326527264.00
2023/06/26 9.50 9.65 9.35 9.37 22762499 215832880.00
2023/06/27 9.36 9.65 9.32 9.60 20409974 193906160.00
2023/06/28 9.57 9.58 9.12 9.28 22455910 208100816.00
2023/06/29 9.22 9.46 9.22 9.36 17729372 165648720.00
2023/06/30 9.32 9.97 9.32 9.70 31662032 308273472.00
2023/07/03 9.79 9.94 9.55 9.61 29516090 286588960.00
2023/07/04 9.62 10.57 9.59 10.57 77376306 792486208.00
2023/07/05 10.93 10.94 10.53 10.57 115138238 1233825792.00
2023/07/06 10.58 11.54 10.41 11.31 111250736 1239746560.00
2023/07/07 11.73 11.97 11.37 11.48 123268206 1437534464.00
2023/07/10 11.84 12.17 11.41 11.71 102089559 1199256576.00
2023/07/11 11.39 12.17 11.24 12.08 102485305 1208811648.00
2023/07/12 11.87 12.43 11.43 11.48 118674804 1417117952.00
2023/07/13 11.60 11.65 10.80 10.89 123390117 1374566784.00
2023/07/14 10.91 11.33 10.69 11.04 80520148 890237184.00
2023/07/17 11.04 12.14 10.91 11.86 127740061 1505510272.00
2023/07/18 12.16 12.98 11.92 12.40 148987842 1851051008.00
2023/07/19 12.40 12.59 12.09 12.53 77066105 951041280.00
2023/07/20 12.37 12.52 11.80 11.84 71827445 867877568.00
2023/07/21 11.79 12.01 11.57 11.72 40812431 480495744.00
2023/07/24 11.87 12.04 11.45 11.64 38080558 443797696.00
2023/07/25 11.89 12.10 11.69 11.90 54877253 652416576.00
2023/07/26 11.81 11.89 10.90 11.06 76640698 863803584.00
2023/07/27 11.50 11.68 10.93 10.94 69015576 779337984.00
2023/07/28 10.75 11.39 10.72 11.17 52206185 578651712.00
2023/07/31 11.15 12.10 11.15 11.65 67480704 796419456.00
2023/08/01 11.60 11.74 11.36 11.41 34780497 399526048.00
2023/08/02 11.41 11.53 11.22 11.32 27472715 311974496.00
2023/08/03 11.26 11.39 10.99 11.10 30735461 341642720.00
2023/08/04 11.13 12.03 11.10 11.56 73758621 861487168.00
2023/08/07 11.42 11.70 11.37 11.39 31511187 361326976.00
2023/08/08 11.40 11.51 11.13 11.15 26419562 297131872.00
2023/08/09 11.12 11.13 10.77 10.82 29254947 318588480.00
2023/08/10 10.80 10.90 10.64 10.71 17294530 185629952.00
2023/08/11 10.72 10.77 10.38 10.40 22643067 238684080.00
2023/08/14 10.30 10.49 10.10 10.45 23495630 241378672.00
2023/08/15 10.44 10.60 10.09 10.31 28410100 292903936.00
2023/08/16 10.23 10.35 9.97 9.97 22587343 228205440.00
2023/08/17 9.90 10.22 9.74 10.12 22195901 222680800.00
2023/08/18 10.14 10.47 9.88 9.88 29736833 302082336.00
2023/08/21 9.86 10.10 9.69 9.72 19405188 191558816.00
2023/08/22 9.80 10.08 9.71 10.03 25702676 254055040.00
2023/08/23 10.06 10.06 9.79 9.80 19013162 188200592.00
2023/08/24 9.84 9.89 9.60 9.71 19070391 185803504.00
2023/08/25 9.63 9.68 9.30 9.43 27674058 262332976.00
2023/08/28 10.05 10.10 9.23 9.28 34456939 329903168.00
2023/08/29 9.01 9.87 9.01 9.79 45081949 431019936.00
2023/08/30 9.90 10.07 9.82 9.90 28304293 281309760.00
2023/08/31 9.77 9.91 9.56 9.61 29024589 281153856.00
2023/09/01 9.62 9.80 9.54 9.57 21233723 204917776.00
2023/09/04 9.63 9.86 9.55 9.85 22421345 217415872.00
2023/09/05 9.85 10.10 9.78 9.92 27907366 277612480.00
2023/09/06 9.83 10.15 9.80 10.14 31460240 315220384.00
2023/09/07 10.08 10.09 9.68 9.70 34505147 337905536.00
2023/09/08 9.65 9.98 9.61 9.90 27981726 275021664.00
2023/09/11 9.99 10.22 9.84 10.13 39562102 397720768.00
2023/09/12 10.50 10.62 10.21 10.37 60271330 624478272.00
2023/09/13 10.18 10.24 9.70 9.81 45512040 451006688.00
2023/09/14 9.85 9.97 9.61 9.69 26879972 261229312.00
2023/09/15 9.70 9.84 9.52 9.61 23946669 230726208.00
2023/09/18 9.54 10.03 9.46 9.80 34668751 341316640.00
2023/09/19 9.72 9.74 9.37 9.43 30095444 285274880.00
2023/09/20 9.40 9.49 9.26 9.28 14225134 133102264.00
2023/09/21 9.24 9.36 9.17 9.23 15583685 144016496.00
2023/09/22 9.13 9.45 9.13 9.43 16984472 158905920.00
2023/09/25 9.45 9.49 9.26 9.34 18521473 173065104.00
2023/09/26 9.31 9.34 9.18 9.20 14853760 137166416.00
2023/09/27 9.18 9.29 9.11 9.18 14253961 131147248.00
2023/09/28 9.18 9.58 9.18 9.51 35219515 330920384.00
2023/10/09 9.76 10.10 9.70 10.03 55685216 552454208.00
2023/10/10 10.02 10.10 9.86 9.95 29869972 296838848.00
2023/10/11 9.99 10.95 9.88 10.78 101116039 1072732160.00
2023/10/12 10.81 10.98 10.63 10.87 73270460 794505344.00
2023/10/13 10.80 11.28 10.75 11.10 67967215 752547072.00
2023/10/16 10.93 10.99 10.53 10.61 50585994 542260544.00
2023/10/17 10.60 10.65 10.32 10.41 31149314 324644800.00
2023/10/18 10.41 10.46 10.17 10.22 24449485 251198000.00
2023/10/19 10.22 10.31 9.92 9.97 25625265 259354608.00
2023/10/20 9.87 10.01 9.41 9.45 34177882 330079104.00
2023/10/23 9.44 9.69 9.25 9.32 29806787 280496224.00
2023/10/24 9.39 9.51 9.15 9.30 33326302 310118368.00
2023/10/25 9.35 9.74 9.25 9.64 44393393 424107072.00
2023/10/26 9.63 10.08 9.46 9.94 42894683 421057376.00
2023/10/27 9.88 9.90 9.65 9.85 28730094 281267072.00
2023/10/30 9.84 10.42 9.79 10.25 43405092 441604416.00
2023/10/31 10.10 10.78 9.98 10.73 94213086 983247808.00
2023/11/01 10.66 10.68 10.36 10.40 51570997 541507968.00
2023/11/02 10.40 10.49 10.10 10.14 34731816 356520576.00
2023/11/03 10.16 10.46 10.10 10.32 36927943 381024864.00
2023/11/06 10.39 10.72 10.34 10.58 38039167 401836672.00
2023/11/07 10.59 10.90 10.55 10.64 38493959 411005792.00
2023/11/08 10.69 10.69 10.43 10.54 29951304 315835200.00
2023/11/09 10.55 10.60 10.22 10.28 26624164 275392896.00
2023/11/10 10.28 10.42 10.08 10.26 32107886 328182976.00
2023/11/13 10.32 10.45 10.23 10.31 26929746 278038176.00
2023/11/14 10.35 11.08 10.29 10.87 60682806 654475520.00
2023/11/15 10.93 11.05 10.73 10.97 39748756 432767424.00
2023/11/16 10.88 11.00 10.68 10.69 30360696 328329664.00
2023/11/17 10.60 10.98 10.53 10.86 30513666 329805216.00
2023/11/20 10.88 11.20 10.74 10.98 50354997 554300480.00
2023/11/21 11.00 11.08 10.71 10.74 45839067 497383168.00
2023/11/22 10.69 11.05 10.55 10.55 35895894 386088704.00
2023/11/23 10.50 10.90 10.43 10.89 38495429 413682912.00
2023/11/24 11.00 11.02 10.38 10.43 43386006 459476192.00
2023/11/27 10.61 10.95 10.57 10.78 45859034 493374656.00
2023/11/28 10.72 10.90 10.56 10.75 37434991 400484768.00
2023/11/29 10.80 11.83 10.72 11.61 154967949 1764250496.00
2023/11/30 11.40 11.49 11.14 11.40 100619332 1137943552.00
2023/12/01 11.35 11.93 11.17 11.59 99243733 1150736384.00
2023/12/04 11.50 11.60 11.15 11.21 62657804 706446528.00
2023/12/05 11.18 11.19 10.61 10.61 58630218 634157312.00
2023/12/06 10.52 10.72 10.46 10.50 36761401 387955232.00
2023/12/07 10.45 10.60 10.34 10.46 25535575 266984400.00
2023/12/08 10.48 10.63 10.20 10.20 39228752 408094848.00
2023/12/11 10.15 10.49 10.01 10.46 29175532 300647104.00
2023/12/12 10.47 10.52 10.40 10.48 18830404 197003264.00
2023/12/13 10.47 10.55 10.31 10.33 18992838 197605648.00
2023/12/14 10.43 10.64 10.35 10.40 26137388 274776320.00
2023/12/15 10.45 10.52 10.25 10.40 20984202 218104208.00
2023/12/18 10.29 10.35 9.84 9.89 38646168 387249472.00
2023/12/19 9.90 10.10 9.84 9.95 22247128 221588880.00
2023/12/20 9.99 10.07 9.76 9.77 21247072 210320064.00
2023/12/21 9.72 9.87 9.56 9.79 21873018 212442528.00
2023/12/22 9.82 9.82 9.55 9.63 19204400 186094992.00
2023/12/25 9.63 9.77 9.60 9.72 11983666 116150144.00
2023/12/26 9.70 9.70 9.38 9.54 19689476 186954592.00
2023/12/27 9.55 9.65 9.51 9.61 12515420 120073648.00
2023/12/28 9.60 9.87 9.50 9.82 22084700 215128976.00
2023/12/29 9.83 10.27 9.79 10.21 31568262 319568544.00
2024/01/02 10.22 10.27 10.10 10.11 18370348 186654032.00
2024/01/03 10.01 10.10 9.75 9.84 22060872 218057120.00
2024/01/04 9.83 9.94 9.61 9.68 19451060 188942624.00
2024/01/05 9.68 9.77 9.37 9.45 19844540 189653936.00
2024/01/08 9.44 9.45 9.11 9.11 23590264 216721360.00
2024/01/09 9.14 9.25 8.98 9.07 19450628 177072144.00
2024/01/10 9.04 9.12 8.79 8.98 16192603 144811552.00
2024/01/11 8.98 9.24 8.92 9.17 19857678 180452176.00
2024/01/12 9.11 9.13 8.99 8.99 14543899 131681920.00
2024/01/15 8.93 9.06 8.80 8.94 11880070 105993776.00
2024/01/16 8.94 8.95 8.63 8.74 24071208 210563328.00
2024/01/17 8.74 8.74 8.29 8.30 27992268 236450096.00
2024/01/18 8.28 8.48 8.05 8.42 27700078 227617808.00
2024/01/19 8.34 8.46 8.18 8.20 15869464 131848688.00
2024/01/22 8.20 8.23 7.45 7.54 33262174 259940336.00
2024/01/23 7.54 7.74 7.49 7.71 26100876 199680464.00
2024/01/24 7.75 7.85 7.35 7.69 28236018 213691920.00
2024/01/25 7.69 7.90 7.61 7.90 23852828 186301328.00
2024/01/26 7.82 7.90 7.62 7.64 26423522 204777312.00
2024/01/29 7.70 7.78 7.30 7.30 24363630 181665872.00
2024/01/30 7.28 7.53 7.18 7.20 22826144 167785744.00
2024/01/31 6.58 6.98 6.55 6.61 49489744 333016608.00
2024/02/01 6.66 7.04 6.64 6.74 30584714 207788416.00
2024/02/02 6.78 6.88 6.07 6.33 36280912 232716064.00
2024/02/05 6.25 6.28 5.70 5.73 39506636 233272816.00
2024/02/06 5.60 6.16 5.41 6.03 39765356 229554288.00
2024/02/07 6.07 6.63 6.07 6.58 55215360 359436224.00
2024/02/08 6.57 6.78 6.38 6.71 46938972 312198784.00
2024/02/19 6.81 6.95 6.70 6.87 33976252 231706176.00
2024/02/20 6.84 6.92 6.71 6.90 20358464 138690768.00
2024/02/21 6.85 7.25 6.78 6.98 28715352 202831440.00
2024/02/22 6.94 7.16 6.90 7.14 29132722 206311680.00
2024/02/23 7.25 7.39 7.10 7.37 28655840 208135664.00
2024/02/26 7.54 7.66 7.34 7.46 34420096 257527232.00
2024/02/27 7.42 7.70 7.35 7.70 30728016 231781776.00
2024/02/28 7.74 7.90 7.06 7.07 49833432 374420544.00
2024/02/29 7.09 7.65 7.05 7.59 41244344 304668736.00
2024/03/01 7.64 7.79 7.50 7.75 41284952 317201120.00
2024/03/04 7.80 7.96 7.67 7.85 45441268 355085728.00
2024/03/05 7.75 8.20 7.70 8.14 90220344 721038080.00
2024/03/06 8.17 8.18 7.78 7.93 77079376 613300352.00
2024/03/07 7.92 7.94 7.57 7.58 53629532 413902432.00
2024/03/08 7.56 7.83 7.51 7.79 35563640 274373664.00
2024/03/11 7.70 7.89 7.62 7.88 34570784 269276608.00
2024/03/12 7.86 8.16 7.82 8.09 56189448 451031136.00
2024/03/13 8.17 8.17 7.95 8.00 39226204 314603776.00
2024/03/14 7.95 8.03 7.75 7.88 29537370 233134224.00
2024/03/15 7.83 8.03 7.78 8.03 26258556 208125024.00
2024/03/18 8.16 8.37 8.05 8.34 61743016 507274016.00
2024/03/19 8.37 8.68 8.31 8.41 66850368 565169216.00
2024/03/20 8.50 8.60 8.31 8.40 46341980 390798176.00
2024/03/21 8.44 8.48 8.24 8.32 34073948 284309184.00
2024/03/22 8.26 8.37 8.10 8.16 32172352 264095872.00
2024/03/25 8.07 8.24 7.83 7.90 36207088 291286784.00
2024/03/26 7.78 7.94 7.72 7.86 26856848 210429200.00
2024/03/27 7.88 7.90 7.36 7.36 30530008 230846224.00
2024/03/28 7.39 7.83 7.33 7.75 32903288 251998240.00
2024/03/29 7.78 7.90 7.55 7.88 26164700 201651888.00
2024/04/01 7.95 8.40 7.94 8.40 56710532 464982336.00
2024/04/02 8.30 8.31 7.93 8.03 58037064 467708192.00
2024/04/03 7.97 8.26 7.75 8.05 46481668 371449888.00
2024/04/08 8.22 8.67 8.14 8.27 91196960 760121088.00
2024/04/09 8.18 8.29 7.95 8.24 61222072 495921568.00
2024/04/10 8.18 8.18 7.60 7.73 51793060 405549312.00
2024/04/11 7.62 8.03 7.55 7.69 30925050 241546944.00
2024/04/12 7.76 8.30 7.66 7.69 42241312 334493280.00
2024/04/15 7.49 7.58 7.05 7.15 47904704 347045024.00
2024/04/16 7.01 7.02 6.54 6.58 48648232 327158688.00
2024/04/17 6.68 7.08 6.68 7.07 37295416 259278000.00
2024/04/18 7.07 7.25 6.90 7.00 31329764 221068000.00
2024/04/19 6.95 6.95 6.64 6.70 31815118 214747568.00
2024/04/22 6.59 6.76 6.40 6.67 24307172 160457296.00
2024/04/23 6.70 6.82 6.64 6.66 14804641 99320016.00
2024/04/24 6.67 6.90 6.63 6.89 22303200 152211632.00
2024/04/25 6.85 7.06 6.80 6.94 18372826 127782976.00
2024/04/26 6.90 7.19 6.90 7.15 24330250 172917136.00
2024/04/29 7.35 7.62 7.32 7.62 40766640 305818240.00
2024/04/30 7.85 7.95 7.47 7.52 53233476 408667424.00
2024/05/06 7.75 8.00 7.67 7.84 51421524 404150048.00
2024/05/07 7.77 7.89 7.69 7.71 29424848 228630512.00
2024/05/08 7.69 7.75 7.51 7.53 23285760 176761936.00
2024/05/09 7.54 7.77 7.50 7.70 22547238 173386416.00
2024/05/10 7.67 7.70 7.46 7.50 19579088 147339424.00
2024/05/13 7.39 7.46 7.16 7.20 29544464 214145600.00
2024/05/14 7.28 7.54 7.19 7.27 20591830 150467248.00
2024/05/15 7.25 7.28 7.12 7.14 14899885 107041816.00
2024/05/16 7.23 7.29 7.16 7.20 15129300 109361368.00
2024/05/17 7.17 7.40 7.14 7.40 22222344 162135456.00
2024/05/20 7.39 7.48 7.32 7.36 16155924 119443032.00
2024/05/21 7.35 7.44 7.26 7.30 15189119 111099248.00
2024/05/22 7.25 7.44 7.24 7.43 16599653 122453168.00
2024/05/23 7.49 7.49 7.20 7.21 15556852 113257160.00
2024/05/24 7.20 7.24 7.00 7.00 19538870 138322512.00
2024/05/27 7.00 7.09 6.86 7.06 17551806 121923696.00
2024/05/28 7.02 7.15 6.94 6.97 13914700 97866248.00
2024/05/29 6.96 7.20 6.93 7.05 15992996 113132584.00
2024/05/30 7.06 7.17 6.89 7.11 17140510 121115248.00
2024/05/31 7.13 7.35 7.10 7.25 16698723 121332328.00
2024/06/03 7.27 7.31 7.04 7.11 19468544 139062608.00
2024/06/04 7.09 7.09 6.90 7.00 15140590 105610824.00
2024/06/05 6.94 7.08 6.93 6.93 12463169 87321864.00
2024/06/06 6.90 7.06 6.65 6.67 21793470 148044736.00
2024/06/07 6.72 6.90 6.66 6.74 18262100 123674472.00
2024/06/11 6.69 7.04 6.61 7.04 24619202 169504912.00
2024/06/12 7.01 7.25 7.01 7.10 17624108 125845168.00
2024/06/13 7.10 7.21 7.03 7.09 14745688 104938944.00
2024/06/14 7.09 7.13 6.92 7.10 14334451 100772360.00
2024/06/17 7.13 7.32 7.07 7.25 20276520 146459968.00
2024/06/18 7.25 7.34 7.22 7.31 15658583 113964688.00
2024/06/19 7.29 7.39 7.18 7.21 14206080 102998648.00
2024/06/20 7.21 7.28 7.03 7.04 15878644 113618528.00
2024/06/21 7.00 7.12 6.86 7.06 14020636 98347920.00
2024/06/24 7.02 7.07 6.66 6.67 25581656 174171568.00
2024/06/25 6.71 6.75 6.32 6.39 26644620 172366944.00
2024/06/26 6.39 6.75 6.26 6.74 18857428 122622696.00
2024/06/27 6.67 6.85 6.57 6.59 18252900 122380280.00
2024/06/28 6.60 6.90 6.51 6.75 20568128 139310976.00
2024/07/01 6.75 6.79 6.45 6.68 20469600 134839312.00
2024/07/02 6.67 6.74 6.59 6.61 12869645 85707904.00
2024/07/03 6.61 6.72 6.52 6.68 15787205 104820304.00
2024/07/04 6.67 6.74 6.46 6.47 14402033 94848032.00
2024/07/05 6.47 6.56 6.34 6.51 11625659 75118416.00
2024/07/08 6.48 6.60 6.26 6.32 18585052 118545656.00
2024/07/09 6.30 6.62 6.27 6.61 23746122 153859312.00
2024/07/10 6.74 7.27 6.67 7.27 65548412 462530304.00
2024/07/11 7.37 7.49 7.01 7.16 78765280 563323520.00
2024/07/12 7.09 7.36 7.01 7.27 59076736 423466752.00
2024/07/15 7.25 7.30 7.09 7.10 34950896 250744272.00
2024/07/16 7.07 7.36 7.03 7.32 42731724 310286720.00
2024/07/17 7.27 7.33 7.08 7.09 31882100 229134112.00
2024/07/18 7.01 7.02 6.66 6.89 39386552 268760896.00
2024/07/19 6.89 7.08 6.83 6.99 24963280 174418032.00
2024/07/22 6.96 7.05 6.86 7.00 19597444 136577696.00
2024/07/23 6.98 6.98 6.67 6.68 25825300 175972000.00
2024/07/24 6.66 6.74 6.52 6.58 25936578 171772960.00
2024/07/25 6.51 6.63 6.41 6.55 19080300 124634304.00
2024/07/26 6.70 6.72 6.57 6.61 16317054 108150000.00
2024/07/29 6.61 6.75 6.53 6.66 16953044 112622616.00
2024/07/30 6.64 6.75 6.58 6.65 15305814 101710352.00
2024/07/31 6.62 6.96 6.61 6.96 25384544 173110432.00
2024/08/01 6.99 7.04 6.88 6.98 18128436 126146688.00
2024/08/02 6.85 6.97 6.64 6.68 28733168 195286880.00
2024/08/05 6.58 6.65 6.35 6.36 34148272 221908112.00
2024/08/06 6.46 6.57 6.36 6.53 25325836 163942448.00
2024/08/07 6.50 6.59 6.47 6.49 14725314 96105976.00
2024/08/08 6.43 6.55 6.35 6.46 15107260 97308048.00
2024/08/09 6.49 6.59 6.45 6.46 14689482 95587304.00
2024/08/12 6.43 6.48 6.35 6.39 12906195 82661640.00
2024/08/13 6.39 6.48 6.33 6.45 13409672 85898192.00
2024/08/14 6.46 6.56 6.44 6.50 21747614 141433424.00
2024/08/15 6.54 6.90 6.49 6.66 37643996 251666416.00
2024/08/16 6.77 6.92 6.71 6.77 38937796 265790768.00
2024/08/19 6.72 6.78 6.61 6.62 22703168 151416016.00
2024/08/20 6.65 6.67 6.47 6.49 16243619 106051960.00
2024/08/21 6.45 6.54 6.38 6.41 18182200 117329760.00
2024/08/22 6.41 6.44 6.22 6.23 17758692 111945816.00
2024/08/23 6.22 6.53 6.15 6.36 20488800 129487696.00
2024/08/26 6.29 6.54 6.29 6.47 18605980 119903272.00
2024/08/27 6.46 6.47 6.17 6.19 21551842 134807232.00
2024/08/28 6.16 6.29 6.08 6.21 16654874 102926064.00
2024/08/29 6.18 6.55 6.15 6.47 29157560 186963952.00
2024/08/30 6.47 6.72 6.47 6.57 33122210 219846496.00
2024/09/02 6.56 6.63 6.43 6.46 23710144 154545360.00
2024/09/03 6.54 6.72 6.50 6.63 31138250 206114640.00
2024/09/04 6.55 6.62 6.43 6.53 22474412 146842576.00
2024/09/05 6.52 6.88 6.47 6.75 35525744 237011856.00
2024/09/06 7.06 7.43 6.90 7.43 104254592 765447232.00
2024/09/09 8.17 8.17 8.17 8.17 19180664 156706016.00
2024/09/10 8.69 8.99 8.09 8.99 204057760 1764496768.00
2024/09/11 9.29 9.29 8.09 8.09 165788576 1383218816.00
2024/09/12 7.53 7.99 7.28 7.41 191789104 1425810560.00
2024/09/13 7.21 7.30 6.77 6.82 125574544 880711680.00
2024/09/18 6.70 6.77 6.48 6.49 77534640 509474848.00
2024/09/19 6.54 6.75 6.45 6.64 70569080 466568000.00
2024/09/20 6.72 6.93 6.72 6.80 81221968 552306240.00
2024/09/23 6.75 6.96 6.65 6.83 67549352 461306784.00
2024/09/24 6.89 6.99 6.70 6.97 83364824 573507776.00
2024/09/25 6.97 7.18 6.91 6.92 85365920 601288960.00
2024/09/26 6.92 7.61 6.92 7.61 115745192 842399680.00
2024/09/27 7.80 8.30 7.69 8.15 159124256 1275424000.00
2024/09/30 8.58 8.97 8.30 8.97 159716128 1391803136.00
2024/10/08 9.87 9.87 9.06 9.87 154501856 1488609024.00
2024/10/09 9.73 10.78 9.18 10.23 185990064 1886320256.00
2024/10/10 10.22 10.29 9.35 9.37 129805864 1253451520.00
2024/10/11 9.35 9.66 8.43 8.43 141319680 1276096768.00
2024/10/14 8.27 9.05 8.21 9.03 112393528 967952960.00
2024/10/15 9.11 9.28 8.88 8.90 105578640 959999744.00
2024/10/16 8.60 8.90 8.55 8.83 59354708 519873568.00
2024/10/17 8.82 9.22 8.82 9.01 80981912 730941312.00
2024/10/18 8.90 9.58 8.86 9.33 104796528 972598208.00
2024/10/21 9.39 9.80 9.16 9.50 104513096 993415616.00
2024/10/22 9.45 9.65 9.16 9.31 84378168 789423616.00
2024/10/23 9.31 9.48 9.20 9.23 59369544 554077376.00
2024/10/24 9.36 9.36 9.09 9.15 43134320 395911680.00
2024/10/25 9.27 9.38 9.14 9.23 54494864 504108800.00
2024/10/28 9.25 9.48 9.17 9.45 62880376 587582464.00
2024/10/29 9.45 9.54 9.18 9.21 75677504 707002944.00
2024/10/30 9.10 10.10 9.10 9.81 141021136 1367987584.00
2024/10/31 10.00 10.25 9.82 9.99 130890608 1314407040.00
2024/11/01 9.95 10.30 9.20 9.22 110055232 1055553984.00
2024/11/04 9.20 9.75 9.11 9.48 58266928 552248064.00
2024/11/05 9.51 10.22 9.46 10.07 110956712 1105630336.00
2024/11/06 10.25 10.66 9.86 10.24 136861472 1403672192.00
2024/11/07 10.62 11.26 10.35 11.26 86045624 939171904.00
2024/11/08 11.73 12.17 10.91 11.27 219428448 2507480832.00
2024/11/11 11.34 11.50 10.91 11.37 126302936 1426060544.00
2024/11/12 11.69 11.88 11.25 11.48 124092160 1434923648.00
2024/11/13 11.17 11.30 10.75 11.04 86476504 950499392.00
2024/11/14 10.93 11.19 10.56 10.62 62006272 672992960.00
2024/11/15 10.55 10.72 10.09 10.11 63511728 659496128.00
2024/11/18 10.15 10.59 9.69 10.21 85851264 868433728.00
2024/11/19 10.31 10.99 10.10 10.96 111283736 1190173056.00
2024/11/20 10.99 11.34 10.69 11.29 115246384 1285770880.00
2024/11/21 11.10 11.19 10.78 10.87 78598824 861712704.00
2024/11/22 10.78 10.92 10.19 10.27 63697076 674245312.00
2024/11/25 10.27 10.34 9.84 10.15 47691932 477149664.00
2024/11/26 10.10 10.22 9.77 9.78 43102560 429512992.00
2024/11/27 9.59 9.80 9.33 9.80 58490412 556825792.00
2024/11/28 9.73 9.82 9.49 9.59 47870444 461153408.00
2024/11/29 9.59 9.85 9.39 9.67 47947144 461445632.00
2024/12/02 10.08 10.64 9.98 10.64 37520980 392905376.00
2024/12/03 10.91 10.98 10.40 10.60 110711328 1184417920.00
2024/12/04 10.50 10.58 10.13 10.19 57657088 591750912.00
2024/12/05 10.21 10.38 10.18 10.33 38474204 396004992.00
2024/12/06 10.30 10.83 10.25 10.70 82643480 878623104.00
2024/12/09 10.75 11.09 10.61 10.90 80073904 871816000.00
2024/12/10 11.18 11.19 10.71 10.74 84117640 920121408.00
2024/12/11 10.70 10.95 10.66 10.92 49645148 538653952.00
2024/12/12 11.08 11.20 10.74 10.83 49404740 539105664.00
2024/12/13 10.71 10.80 10.49 10.58 50475824 535518112.00
2024/12/16 10.50 10.55 10.06 10.15 44888728 459014400.00
2024/12/17 10.18 10.26 9.88 9.93 36681024 368287104.00
2024/12/18 10.03 10.49 9.85 10.32 48458680 495239456.00
2024/12/19 10.01 10.27 9.98 10.24 34655752 350985888.00
2024/12/20 10.17 10.53 10.13 10.40 34555800 358264192.00
2024/12/23 10.40 10.60 9.90 9.92 44207324 448969984.00
2024/12/24 9.97 10.20 9.75 10.14 40886832 408893504.00
2024/12/25 10.14 10.14 9.69 9.75 33028800 324740128.00
2024/12/26 9.72 10.00 9.66 9.96 28544496 282090464.00
2024/12/27 9.91 10.16 9.75 9.92 28623452 286507616.00
2024/12/30 9.85 9.95 9.65 9.86 22755416 223722608.00
2024/12/31 9.90 9.98 9.40 9.40 32304754 310007552.00
2025/01/02 9.36 9.52 8.98 9.09 37792520 348562848.00
2025/01/03 9.09 9.19 8.61 8.63 36008612 318663232.00
2025/01/06 8.63 8.68 8.45 8.58 27598024 235976832.00
2025/01/07 8.59 8.84 8.59 8.83 26052100 227621312.00
2025/01/08 8.79 8.82 8.35 8.70 29734508 256308064.00
2025/01/09 8.66 9.08 8.61 8.91 34996708 311441632.00
2025/01/10 9.00 9.15 8.65 8.70 38103208 339067904.00
2025/01/13 8.51 9.06 8.32 8.97 40546344 356132672.00
2025/01/14 9.03 9.31 8.89 9.29 36423128 333317120.00
2025/01/15 9.27 9.34 9.10 9.13 25655092 235024176.00
2025/01/16 9.19 9.39 9.15 9.34 33571432 311530752.00
2025/01/17 9.25 9.36 9.18 9.29 20746072 192449344.00
2025/01/20 9.40 9.57 9.28 9.49 26652060 252073696.00
2025/01/21 9.20 9.34 8.86 9.04 55926976 503873344.00
2025/01/22 9.04 9.18 8.92 9.10 29588504 268089008.00
2025/01/23 9.16 9.35 8.90 8.90 29773432 272264192.00
2025/01/24 8.92 9.16 8.88 9.15 25147346 227550912.00
2025/01/27 9.18 9.26 8.84 8.84 22866588 205062096.00
2025/02/05 8.96 9.28 8.92 9.23 36344408 331080736.00
2025/02/06 9.18 10.15 9.16 10.15 52606124 512627360.00
2025/02/07 11.17 11.17 11.17 11.17 28790368 321588416.00
2025/02/10 11.20 12.29 11.13 12.29 316086752 3703921664.00
2025/02/11 13.52 13.52 12.90 13.52 320104352 4294171648.00
2025/02/12 13.20 13.52 12.40 13.16 366199904 4738932224.00
2025/02/13 13.58 13.88 12.29 12.33 313357376 3995907072.00
2025/02/14 12.01 13.56 12.01 13.08 352882720 4588190208.00
2025/02/17 13.11 14.39 13.10 13.28 297657920 4030818560.00
2025/02/18 13.10 13.52 12.68 12.79 186683824 2438726656.00
2025/02/19 13.05 13.66 13.05 13.56 248070672 3325343744.00
2025/02/20 13.91 14.09 13.29 13.76 247748016 3376103168.00
2025/02/21 13.39 15.12 13.35 14.26 288558432 4049770752.00
2025/02/24 13.85 14.05 13.23 13.46 199171456 2705020160.00
2025/02/25 13.71 13.99 13.20 13.33 183893696 2513368320.00
2025/02/26 13.24 13.40 12.82 12.99 161538144 2106037888.00
2025/02/27 12.99 13.20 12.40 12.76 125228200 1593987456.00
2025/02/28 12.70 12.90 12.10 12.17 93835712 1167343104.00
2025/03/03 12.61 12.85 12.44 12.63 110603144 1398706176.00
2025/03/04 12.39 13.14 12.30 12.87 98368552 1260222976.00
2025/03/05 12.72 13.08 12.60 12.94 70018000 897659264.00
2025/03/06 12.88 13.14 12.84 13.00 100353824 1303231744.00
2025/03/07 12.80 12.95 12.47 12.59 78406008 997062016.00
2025/03/10 12.70 13.08 12.59 12.74 60157600 770340288.00
2025/03/11 12.40 12.68 12.40 12.60 48240024 604658048.00
2025/03/12 13.38 13.68 13.11 13.12 165670784 2209096704.00
2025/03/13 13.00 13.21 12.30 12.40 101206176 1274273408.00
2025/03/14 12.59 12.69 12.34 12.63 64758832 813515584.00
2025/03/17 12.68 12.95 12.63 12.74 48509424 619985920.00
2025/03/18 12.83 13.00 12.65 12.78 47150992 604451584.00
2025/03/19 12.64 13.15 12.50 12.57 69259944 883424000.00
2025/03/20 12.48 12.65 12.35 12.46 43722416 547103168.00
2025/03/21 12.32 12.40 11.86 11.88 67257848 809579200.00
2025/03/24 11.80 11.94 11.37 11.70 49392904 575132096.00
2025/03/25 11.75 11.85 11.41 11.48 32350382 373685984.00
2025/03/26 11.49 11.63 11.38 11.42 31932396 366838848.00
2025/03/27 11.39 11.62 11.29 11.46 28855536 331105888.00
2025/03/28 11.41 11.53 11.29 11.34 21313092 242470832.00
2025/03/31 11.25 11.53 11.00 11.38 35266408 395875456.00
2025/04/01 11.49 11.65 11.41 11.42 32531124 375169216.00
2025/04/02 11.51 11.63 11.38 11.40 23801272 272753088.00
2025/04/03 11.20 11.35 10.90 10.95 40236128 446646464.00
2025/04/07 10.00 10.28 9.86 9.86 28901628 287532672.00
2025/04/08 9.41 9.77 8.88 9.13 78662496 722394880.00
2025/04/09 8.90 9.24 8.35 9.14 67744400 603682496.00
2025/04/10 9.59 9.77 9.46 9.51 57447168 551059264.00
2025/04/11 9.42 9.82 9.41 9.67 41420848 399446720.00
2025/04/14 10.01 10.13 9.84 9.91 43305360 432248256.00
2025/04/15 9.91 10.00 9.74 9.82 29495960 290424640.00
2025/04/16 9.80 9.84 9.39 9.54 32552100 311937088.00
2025/04/17 9.50 9.64 9.47 9.48 20491604 195828400.00
2025/04/18 9.48 9.56 9.39 9.52 18734860 177601376.00
2025/04/21 9.54 9.78 9.45 9.78 23187010 224392624.00
2025/04/22 9.75 9.88 9.71 9.78 23978990 234648240.00
2025/04/23 10.05 10.26 9.97 10.04 38942048 392193856.00
2025/04/24 10.00 10.09 9.77 9.86 26179586 258981216.00
2025/04/25 10.10 10.24 9.87 10.17 38551904 389319072.00
2025/04/28 10.27 11.13 9.93 10.71 107147920 1123249280.00
2025/04/29 10.40 10.72 10.26 10.62 70572112 744583360.00
2025/04/30 10.70 10.79 10.59 10.62 46646716 497513824.00
2025/05/06 10.66 10.93 10.59 10.90 50440420 543503936.00
2025/05/07 11.10 11.18 10.70 10.82 46725700 509330240.00
2025/05/08 10.75 10.96 10.73 10.89 37221084 404294976.00
2025/05/09 10.83 10.87 10.57 10.67 28204402 301220320.00
2025/05/12 10.80 10.87 10.71 10.78 24429680 263067600.00
2025/05/13 10.98 11.00 10.73 10.76 28904600 313359680.00
2025/05/14 10.70 10.79 10.54 10.65 30910928 329125920.00
2025/05/15 10.61 10.65 10.32 10.34 25215298 262683968.00
2025/05/16 10.30 10.98 10.29 10.66 57714580 618815616.00
2025/05/19 10.70 10.80 10.50 10.70 32018460 339921376.00
2025/05/20 10.66 10.74 10.47 10.69 27802132 295161056.00
2025/05/21 10.67 10.68 10.50 10.55 20645600 218024576.00
2025/05/22 10.55 10.75 10.40 10.41 25717640 271692416.00
2025/05/23 10.50 10.71 10.22 10.22 28824232 300835072.00
2025/05/26 10.18 10.46 10.13 10.42 24362206 252342064.00
2025/05/27 10.36 10.41 10.21 10.26 17445012 179096288.00
2025/05/28 10.30 10.68 10.25 10.27 43875244 456433376.00
2025/05/29 10.22 10.77 10.22 10.70 59323816 629951616.00
2025/05/30 10.60 10.65 10.24 10.27 44352400 459176288.00
2025/06/03 10.16 10.29 10.10 10.16 22702412 231169888.00
2025/06/04 10.20 10.33 10.12 10.29 20133038 206676080.00
2025/06/05 10.31 10.39 10.18 10.38 23587834 243044672.00
2025/06/06 10.32 10.38 10.22 10.27 17844216 183245824.00
2025/06/09 10.27 10.44 10.26 10.39 20574508 213565088.00
2025/06/10 10.41 10.44 10.05 10.17 27094630 276421440.00
2025/06/11 10.67 10.94 10.35 10.38 76522384 813765568.00
2025/06/12 10.31 10.43 10.22 10.24 44019880 454276192.00
2025/06/13 10.16 10.21 9.86 9.91 40484280 404500608.00
2025/06/16 9.82 10.07 9.74 10.01 20922976 209071360.00
2025/06/17 10.00 10.07 9.92 9.99 16400441 163730080.00
2025/06/18 9.92 10.08 9.90 10.08 21289130 213219408.00
2025/06/19 10.00 10.13 9.88 9.91 19369426 193405216.00
2025/06/20 9.90 10.00 9.80 9.84 18855600 186398000.00
2025/06/23 9.75 9.98 9.71 9.96 19775052 195781520.00
2025/06/24 10.33 10.56 10.25 10.51 72931720 761494656.00
2025/06/25 10.52 10.74 10.50 10.67 59369160 630918592.00
2025/06/26 10.56 10.69 10.47 10.48 36936224 390228384.00
2025/06/27 10.63 10.69 10.46 10.48 25420300 267916560.00
2025/06/30 10.58 10.90 10.54 10.81 45346772 487265472.00
2025/07/01 10.73 10.81 10.60 10.67 27479500 292947200.00
2025/07/02 10.59 10.60 10.39 10.44 21736000 226986752.00
2025/07/03 10.44 10.60 10.42 10.57 18910880 198857488.00
2025/07/04 10.51 10.58 10.35 10.39 22700400 236786656.00
2025/07/07 10.40 10.41 10.28 10.30 15858553 163673968.00
2025/07/08 10.29 10.45 10.27 10.43 17701072 184200224.00
2025/07/09 10.44 11.47 10.35 11.08 120181032 1318808576.00
2025/07/10 11.09 11.18 10.86 10.94 67090720 734630464.00
2025/07/11 10.91 10.98 10.74 10.87 37937220 411704832.00
2025/07/14 10.90 10.93 10.73 10.77 26970256 290968832.00
2025/07/15 10.77 10.87 10.63 10.79 39445536 424187200.00
2025/07/16 10.73 10.86 10.65 10.76 31674374 341507776.00
2025/07/17 10.76 10.98 10.76 10.95 38646460 421261504.00
2025/07/18 10.93 10.97 10.81 10.88 27169688 295391872.00
2025/07/21 10.85 10.97 10.79 10.95 35875032 389943776.00
2025/07/22 10.90 10.93 10.70 10.75 34348800 370299008.00
2025/07/23 10.71 10.81 10.63 10.66 26479924 283925696.00
2025/07/24 10.69 10.81 10.68 10.81 26767832 288003264.00
2025/07/25 10.81 10.91 10.78 10.89 28327692 307320512.00
2025/07/28 11.10 11.17 10.91 10.99 42345928 466830240.00
2025/07/29 11.00 11.03 10.84 11.02 32185706 351869760.00
2025/07/30 10.98 10.98 10.68 10.76 31871952 345124096.00
2025/07/31 10.75 10.89 10.55 10.63 35461364 380930272.00
2025/08/01 10.63 10.81 10.54 10.67 27987858 298947008.00
2025/08/04 10.58 10.76 10.54 10.75 24032548 256349392.00
2025/08/05 10.75 10.83 10.75 10.81 21976560 237196336.00
2025/08/06 10.76 10.90 10.69 10.88 29746804 322351424.00
2025/08/07 10.94 11.12 10.89 10.92 44274968 486630272.00
2025/08/08 10.86 10.91 10.70 10.70 28802056 309865856.00
2025/08/11 10.74 11.20 10.74 11.14 72931816 806376064.00
2025/08/12 11.16 11.22 11.04 11.11 33979944 377043712.00
2025/08/13 11.08 11.22 11.05 11.14 41696612 463580064.00
2025/08/14 11.15 11.18 10.86 10.91 38917032 427527488.00
2025/08/15 10.87 11.08 10.86 11.05 32984568 363813440.00
2025/08/18 11.14 11.57 11.13 11.45 63181604 720502592.00
2025/08/19 11.59 11.68 11.38 11.52 53237212 613493760.00
2025/08/20 11.42 11.85 11.35 11.83 71309728 833981824.00
2025/08/21 11.88 12.03 11.67 11.78 67404576 797351616.00
2025/08/22 11.71 11.84 11.68 11.82 44259120 520347264.00
2025/08/25 11.85 11.95 11.62 11.80 68736744 809544768.00
2025/08/26 11.76 12.29 11.61 12.09 101318552 1222257536.00
2025/08/27 12.02 12.19 11.66 11.68 75176760 902362176.00
2025/08/28 11.68 11.92 11.43 11.83 64821744 759503680.00
2025/08/29 11.80 11.84 11.50 11.60 51062136 593674560.00
2025/09/01 11.58 11.77 11.43 11.56 48435528 559582464.00
2025/09/02 11.50 11.54 11.00 11.17 62404100 698198208.00
2025/09/03 11.18 11.66 11.06 11.12 75480384 857565056.00
2025/09/04 11.19 11.49 10.63 10.83 59711276 660812864.00
2025/09/05 10.86 11.21 10.75 11.18 48551876 535428224.00
2025/09/08 11.18 11.80 11.18 11.54 79421032 915648384.00
2025/09/09 11.41 11.50 11.20 11.24 46289936 524199104.00
2025/09/10 11.16 11.28 11.02 11.07 35374304 393759616.00
2025/09/11 11.07 11.40 10.92 11.39 46160888 519017376.00
2025/09/12 11.31 11.38 11.12 11.15 43975396 494390656.00
2025/09/15 11.46 11.71 11.30 11.32 68611632 788683200.00
2025/09/16 11.30 11.79 11.26 11.76 74363040 862424512.00
2025/09/17 11.77 12.06 11.70 11.92 70523664 841617536.00
2025/09/18 11.95 12.12 11.49 11.62 83408208 987789248.00
2025/09/19 11.65 11.80 11.45 11.49 45612008 529882368.00
2025/09/22 11.49 11.65 11.38 11.52 40396228 464562112.00
2025/09/23 11.57 11.69 11.03 11.31 53020908 596419136.00
2025/09/24 11.21 11.49 11.07 11.48 41245380 467613920.00
2025/09/25 11.46 12.20 11.41 11.83 83853216 995420480.00
2025/09/26 11.73 11.73 11.37 11.37 51660816 595600256.00
2025/09/29 11.38 11.52 11.22 11.48 40883328 465395008.00
2025/09/30 11.50 11.58 11.26 11.38 41411712 471122048.00
2025/10/09 11.40 11.80 11.40 11.59 64319280 751204864.00
2025/10/10 11.45 11.52 10.80 10.87 105328712 1159675008.00
2025/10/13 10.37 10.75 10.12 10.69 53639056 562793536.00
2025/10/14 10.71 10.75 10.20 10.23 62221448 648210048.00
2025/10/15 10.22 10.39 10.05 10.38 36159680 370661056.00
2025/10/16 10.30 10.59 10.23 10.41 40665736 423771680.00
2025/10/17 10.38 10.47 9.99 10.00 44993700 455877824.00
2025/10/20 10.10 10.16 9.93 10.01 24404710 244960688.00
2025/10/21 10.02 10.17 9.97 10.12 23271238 234548992.00
2025/10/22 10.05 10.10 9.99 10.02 20186080 202457008.00
2025/10/23 10.00 10.05 9.82 10.05 22741444 225448368.00
2025/10/24 10.07 10.20 10.04 10.18 24198204 245420320.00
2025/10/27 10.27 10.45 10.19 10.38 31586480 326439200.00
2025/10/28 10.28 10.38 10.25 10.28 23241306 239676256.00
2025/10/29 10.35 10.37 10.18 10.28 22385984 229414320.00
2025/10/30 10.31 10.31 10.10 10.11 28061632 285180704.00
2025/10/31 10.14 10.34 10.14 10.25 31242864 320523552.00
2025/11/03 10.22 10.22 10.04 10.20 25496100 257947408.00
2025/11/04 10.15 10.19 9.98 10.04 25503876 256253440.00
2025/11/05 9.92 10.09 9.88 10.06 17693984 177327968.00
2025/11/06 10.04 10.08 9.96 10.08 20369752 204206000.00
2025/11/07 10.01 10.23 9.99 10.15 34742528 351864608.00
2025/11/10 10.07 10.18 10.07 10.12 24380912 246973968.00
2025/11/11 10.16 10.21 10.08 10.11 21855812 221676112.00
2025/11/12 10.11 10.11 9.94 9.97 22001548 219863120.00
2025/11/13 9.95 10.03 9.88 9.99 17991032 179450784.00
2025/11/14 9.94 10.00 9.89 9.91 17031776 169370704.00
2025/11/17 9.93 10.18 9.83 10.09 28715684 288047712.00
2025/11/18 10.11 10.21 10.00 10.10 21847104 220152976.00
2025/11/19 10.14 10.14 9.92 9.96 16233564 162168592.00
2025/11/20 10.01 10.06 9.90 9.95 11587965 115537960.00
2025/11/21 9.85 9.94 9.55 9.57 28190172 272577312.00
2025/11/24 9.60 9.69 9.49 9.65 16591862 158961424.00
2025/11/25 9.71 10.04 9.70 9.98 30893452 306976288.00
2025/11/26 9.90 10.25 9.90 9.99 29618744 298648672.00
2025/11/27 9.99 10.35 9.98 10.25 61190516 627910528.00
2025/11/28 10.25 10.28 10.09 10.26 29025708 295890432.00
2025/12/01 10.26 10.67 10.16 10.53 60002508 628022144.00
2025/12/02 10.55 10.68 10.43 10.59 56550076 599318656.00
2025/12/03 10.55 10.58 10.37 10.56 41530656 435555520.00
2025/12/04 10.55 10.55 10.24 10.33 26755736 276677472.00
2025/12/05 10.31 10.90 10.23 10.82 64943820 694682944.00
2025/12/08 10.84 11.10 10.82 10.87 54335380 593335488.00
2025/12/09 10.82 11.24 10.78 11.13 63289444 700122176.00
2025/12/10 11.07 11.15 10.88 11.14 37270508 410413024.00
2025/12/11 11.18 11.34 11.07 11.16 55551856 623677440.00
2025/12/12 11.15 11.35 10.90 11.19 50628276 563991232.00
2025/12/15 11.20 11.42 11.05 11.29 47534528 536632192.00
2025/12/16 11.59 11.70 11.06 11.29 90470912 1021564352.00
2025/12/17 11.29 11.75 11.15 11.59 87754560 1004724928.00
2025/12/25 11.70 11.90 10.98 11.10 151628912 1710445312.00
2025/12/26 10.92 11.28 10.74 10.98 91833064 1006756288.00
2025/12/29 10.89 10.94 10.55 10.81 75670960 811515776.00
2025/12/30 10.79 10.84 10.60 10.60 52767688 563782720.00
2025/12/31 10.66 11.60 10.52 11.02 94346264 1033161920.00
2026/01/05 11.10 11.30 11.06 11.19 73522520 821929280.00
2026/01/06 11.15 12.31 11.11 12.31 117592784 1395763712.00
2026/01/07 12.78 12.82 12.13 12.36 191397312 2383927296.00
2026/01/08 12.16 12.42 12.11 12.19 99041328 1210636544.00
2026/01/09 12.16 12.54 12.11 12.26 97173984 1196121600.00
2026/01/12 12.63 12.98 12.41 12.87 142217376 1801655296.00
2026/01/13 12.87 12.87 12.20 12.21 103544664 1279652480.00
2026/01/14 12.16 12.35 11.76 11.97 101679040 1230647936.00
2026/01/15 12.12 12.57 11.88 11.99 80843944 982423552.00
2026/01/16 11.99 12.05 11.63 11.93 67267816 795651520.00
2026/01/19 11.77 11.88 11.59 11.75 49353068 580475584.00
2026/01/20 11.80 11.84 11.30 11.42 61084944 702939456.00
2026/01/21 11.28 11.60 11.27 11.43 37304928 427331008.00
2026/01/22 11.54 11.59 11.37 11.41 35033528 400691712.00
2026/01/23 11.61 12.44 11.56 12.32 127201368 1524105984.00
2026/01/26 12.42 12.42 11.55 11.72 108319496 1288113792.00
2026/01/27 11.65 12.03 11.51 11.93 70786168 833904000.00
2026/01/28 11.82 11.93 11.60 11.63 49232128 576506432.00
2026/01/29 11.53 11.71 11.18 11.33 53343152 610793280.00
2026/01/30 11.25 11.39 10.94 11.06 46511432 516406240.00
2026/02/02 10.52 10.90 10.37 10.54 55329992 590599424.00
2026/02/03 10.64 10.82 10.56 10.80 31001404 332309728.00
2026/02/04 10.80 10.89 10.67 10.83 24178704 259834192.00
2026/02/05 10.75 10.85 10.58 10.61 22890556 243720832.00
2026/02/06 10.50 10.77 10.45 10.59 22821652 242767136.00
2026/02/09 10.79 10.97 10.73 10.91 30490628 331361760.00
2026/02/10 10.87 10.96 10.80 10.81 23211316 251962880.00
2026/02/11 10.86 10.95 10.70 10.71 21220988 229532192.00
2026/02/12 10.68 10.80 10.61 10.64 19220952 205055408.00
2026/02/13 10.62 10.89 10.57 10.68 27807184 299566080.00
2026/02/24 11.09 11.29 10.98 11.10 57801812 643844928.00
2026/02/25 11.21 11.35 11.08 11.19 38602632 433424544.00
#Ъ§ОнРДдД:ЭЈДяаХ
