000423 ЖЋАЂАЂНК ШеЯп ЧАИДШЈ
      ШеЦк	    ПЊХЬ	    зюИп	    зюЕЭ	    ЪеХЬ	    ГЩНЛСП	    ГЩНЛЖю
2021/08/02 22.70 23.73 22.58 23.37 6264179 193462832.00
2021/08/03 23.56 24.23 23.27 24.13 4750572 149968832.00
2021/08/04 24.13 24.18 23.64 23.73 3896782 122497976.00
2021/08/05 23.75 24.25 23.24 23.39 3675118 114835024.00
2021/08/06 23.16 23.21 22.56 22.91 3799078 115772032.00
2021/08/09 22.86 23.67 22.68 23.50 3391959 105145328.00
2021/08/10 23.41 23.81 23.29 23.72 3622994 113040152.00
2021/08/11 23.56 23.93 23.25 23.31 4067021 126711184.00
2021/08/12 23.32 24.05 23.27 23.89 5456221 171908112.00
2021/08/13 23.89 24.08 23.62 23.81 2940313 92371088.00
2021/08/16 23.88 24.34 23.64 23.71 3228795 101837360.00
2021/08/17 23.88 23.98 23.18 23.19 3734510 116538888.00
2021/08/18 23.27 23.44 22.90 23.36 3128203 96207368.00
2021/08/19 23.29 23.49 22.95 23.11 2796455 86093888.00
2021/08/20 23.25 23.34 22.39 22.70 5050649 151692496.00
2021/08/23 23.29 25.70 22.98 25.34 17462831 562885888.00
2021/08/24 25.59 25.59 24.37 25.23 9645755 310008416.00
2021/08/25 25.45 27.57 24.99 26.70 17999232 609677824.00
2021/08/26 26.72 27.27 26.09 26.09 9696409 329257216.00
2021/08/27 26.09 27.29 26.09 26.96 8516539 291898240.00
2021/08/30 27.01 27.37 26.49 27.09 7660995 262462176.00
2021/08/31 26.91 27.28 26.36 27.06 4893975 167050544.00
2021/09/01 26.94 27.44 26.40 27.18 5995702 206562368.00
2021/09/02 27.18 27.26 26.13 26.69 6645753 225733712.00
2021/09/03 26.63 26.93 26.39 26.74 4173662 141800480.00
2021/09/06 26.60 27.54 26.59 26.75 5808391 199219344.00
2021/09/07 26.51 27.04 26.50 26.75 3820253 130184848.00
2021/09/08 26.71 28.56 26.54 27.02 9906701 347038784.00
2021/09/09 27.26 27.47 26.32 26.70 8444959 287102656.00
2021/09/10 26.53 26.83 25.82 26.15 7508029 251568448.00
2021/09/13 26.27 27.74 26.22 27.67 10573304 364707744.00
2021/09/14 27.42 27.62 26.42 26.69 6673496 228453360.00
2021/09/15 26.49 26.62 25.94 26.19 5310810 177950384.00
2021/09/16 26.19 26.57 25.69 25.72 4260887 141872112.00
2021/09/17 25.72 25.85 24.77 25.26 4043026 131365040.00
2021/09/22 24.89 26.12 24.89 25.97 3496314 115124704.00
2021/09/23 25.74 26.65 25.74 26.44 3552682 119674928.00
2021/09/24 26.63 27.84 26.34 27.09 7365043 253950352.00
2021/09/27 27.13 28.54 26.94 27.57 8134267 286002880.00
2021/09/28 27.53 27.94 26.85 27.46 4556006 158194528.00
2021/09/29 27.21 27.74 26.82 26.95 5069580 175438896.00
2021/09/30 26.97 28.05 26.89 27.71 5802922 203132000.00
2021/10/08 27.92 28.65 27.29 28.18 6256428 221527296.00
2021/10/11 28.19 28.68 27.70 27.86 4509559 159217744.00
2021/10/12 27.86 28.44 27.57 27.90 5612118 198333744.00
2021/10/13 27.97 28.79 27.51 28.79 7389906 263828352.00
2021/10/14 28.78 29.11 28.02 28.68 6169595 221188432.00
2021/10/15 32.28 32.28 31.74 32.28 33655902 1332259840.00
2021/10/18 32.48 34.18 32.20 34.09 37361185 1522288256.00
2021/10/19 33.69 36.98 33.51 36.87 31862934 1379262336.00
2021/10/20 37.24 37.84 36.54 37.51 25340763 1131344384.00
2021/10/21 37.11 38.52 36.74 37.12 19152982 856722048.00
2021/10/22 37.00 37.10 35.57 36.04 15847439 688815424.00
2021/10/25 35.69 36.25 34.69 35.19 18175452 772887936.00
2021/10/26 35.19 35.54 33.29 33.74 20737189 862476608.00
2021/10/27 33.32 33.48 32.40 32.65 16458515 660768384.00
2021/10/28 32.69 33.36 32.29 32.82 16767908 674801344.00
2021/10/29 32.59 33.99 32.29 33.32 15369686 624143744.00
2021/11/01 33.79 34.53 33.05 33.92 15675270 647562048.00
2021/11/02 33.92 34.62 32.77 33.39 12303731 503808768.00
2021/11/03 33.37 33.81 32.97 33.43 8046576 327776352.00
2021/11/04 33.69 34.44 32.63 34.24 12207144 500599168.00
2021/11/05 33.69 34.09 32.79 33.63 10526545 429299072.00
2021/11/08 33.19 34.19 32.90 33.47 8129199 331621600.00
2021/11/09 33.64 35.23 32.96 33.15 14372528 595493952.00
2021/11/10 32.94 33.91 32.27 32.71 11410538 458331072.00
2021/11/11 32.59 33.09 32.09 32.63 7984729 318471936.00
2021/11/12 32.80 33.28 32.62 32.98 5612747 225983968.00
2021/11/15 32.99 33.50 32.41 33.22 6308893 254925904.00
2021/11/16 33.14 34.56 33.05 33.87 10122016 418095200.00
2021/11/17 33.31 35.64 33.31 34.89 13835404 583729408.00
2021/11/18 34.89 35.00 33.87 34.49 6990354 291737056.00
2021/11/19 34.28 35.17 33.92 34.39 6583432 274945984.00
2021/11/22 34.69 35.33 33.62 34.90 10432303 438547008.00
2021/11/23 34.95 34.95 33.79 34.07 6070339 251736688.00
2021/11/24 33.70 34.08 31.98 32.30 12148485 483895360.00
2021/11/25 32.20 35.03 32.05 34.39 14391108 593887488.00
2021/11/26 34.80 34.80 33.35 33.60 7610781 312968224.00
2021/11/29 33.19 33.85 32.90 33.59 4852189 197666272.00
2021/11/30 33.48 34.19 32.61 33.61 6959831 282954560.00
2021/12/01 33.59 34.75 33.29 34.43 9106983 376010336.00
2021/12/02 34.37 37.04 33.91 33.95 17260922 740553344.00
2021/12/03 33.94 35.74 33.87 34.70 11644462 491500896.00
2021/12/06 35.28 35.79 34.74 35.25 7689400 326862848.00
2021/12/07 35.34 36.98 35.34 35.94 13548332 589557376.00
2021/12/08 36.10 36.79 34.94 36.29 9415906 408953408.00
2021/12/09 35.74 37.84 35.74 37.21 11629518 519124320.00
2021/12/10 37.19 38.19 36.79 37.88 10801204 485307680.00
2021/12/13 38.19 38.84 37.59 37.95 8257036 374444832.00
2021/12/14 37.67 38.68 36.64 36.94 9669416 431045696.00
2021/12/15 36.76 37.18 35.33 35.54 9192641 398011648.00
2021/12/16 35.59 36.15 34.84 35.47 7335496 313412512.00
2021/12/17 35.29 35.54 34.21 34.40 8624742 361338016.00
2021/12/20 34.67 36.92 34.40 36.10 13675853 594277952.00
2021/12/21 35.70 36.39 35.09 35.59 6513662 279839264.00
2021/12/22 35.59 39.29 35.27 38.92 15451520 695579136.00
2021/12/23 38.92 38.94 37.32 38.02 12907349 585636416.00
2021/12/24 38.20 40.77 38.09 40.17 17619643 832775872.00
2021/12/27 40.66 41.49 39.11 40.05 12844971 609950528.00
2021/12/28 39.54 39.79 37.89 38.25 13241263 605956416.00
2021/12/29 38.25 39.29 36.90 37.00 11963650 540105792.00
2021/12/30 36.90 38.77 36.66 38.45 9283467 419655520.00
2021/12/31 38.69 41.83 38.33 41.44 15304607 736834816.00
2022/01/04 41.81 42.81 39.99 40.14 15658778 760623808.00
2022/01/05 40.19 40.54 38.49 39.33 10189314 475136672.00
2022/01/06 39.34 39.94 38.05 39.67 11590733 536540576.00
2022/01/07 38.74 39.79 37.15 37.43 13845400 631397632.00
2022/01/10 37.43 38.66 37.24 37.73 8303831 374464832.00
2022/01/11 39.09 42.23 38.68 42.23 26487099 1294871552.00
2022/01/12 41.44 41.44 37.50 37.66 32442813 1494944384.00
2022/01/13 37.65 37.65 33.58 33.69 27522785 1161501184.00
2022/01/14 33.40 34.92 32.79 33.75 15481214 641026048.00
2022/01/17 33.69 34.13 32.89 33.28 10796981 438606976.00
2022/01/18 33.27 33.93 32.89 33.44 9588266 390611584.00
2022/01/19 33.46 34.10 32.19 33.36 9967577 402910816.00
2022/01/20 33.34 33.85 32.70 32.91 6879298 278851680.00
2022/01/21 32.95 33.17 31.40 31.62 9522412 375288096.00
2022/01/24 31.69 32.38 31.19 32.09 6900091 269925632.00
2022/01/25 32.10 32.47 30.15 30.30 10099327 387838688.00
2022/01/26 31.06 31.71 30.09 31.09 7448799 285208480.00
2022/01/27 31.51 31.89 30.29 30.48 5813388 222430928.00
2022/01/28 29.69 31.69 29.52 30.58 8545379 324416704.00
2022/02/07 31.09 31.17 30.19 30.29 6685346 253274912.00
2022/02/08 30.31 30.55 29.42 30.24 6713479 249996048.00
2022/02/09 30.38 32.02 29.89 31.76 9278026 356254816.00
2022/02/10 31.69 31.98 31.09 31.22 4955271 191670944.00
2022/02/11 31.22 31.22 29.80 29.91 6102389 229879456.00
2022/02/14 29.54 30.37 29.39 29.49 4832600 178782880.00
2022/02/15 29.59 30.46 29.51 30.28 4106785 153676480.00
2022/02/16 30.31 30.42 29.91 30.31 3570732 133573024.00
2022/02/17 30.14 30.54 29.98 30.15 3290600 123374856.00
2022/02/18 30.09 30.82 29.92 30.24 3403217 128046608.00
2022/02/21 30.25 30.99 30.19 30.92 4316823 163620416.00
2022/02/22 30.54 30.64 29.40 29.91 5830253 216651984.00
2022/02/23 29.76 30.72 29.76 30.19 6611618 248220256.00
2022/02/24 29.99 31.19 29.59 29.76 9516055 357462816.00
2022/02/25 30.39 31.06 29.99 30.70 6772399 256779808.00
2022/02/28 30.88 30.94 30.19 30.63 4044966 152945616.00
2022/03/01 30.67 31.17 30.46 30.76 4689687 178578992.00
2022/03/02 30.68 31.24 30.14 31.06 4764634 181575744.00
2022/03/03 30.99 31.43 30.64 30.69 5613839 215049872.00
2022/03/04 30.65 31.49 30.19 30.69 6104850 233782112.00
2022/03/07 30.71 30.73 29.58 29.67 7851234 293001344.00
2022/03/08 29.51 29.76 26.27 26.27 15202930 527037824.00
2022/03/09 26.39 27.48 25.06 26.73 10933511 370791072.00
2022/03/10 27.47 27.77 26.88 27.09 5982734 206844048.00
2022/03/11 26.76 27.64 26.54 27.59 7222868 247897728.00
2022/03/14 27.43 27.66 26.59 26.67 6468669 222495056.00
2022/03/15 26.19 26.53 24.53 24.59 8285052 272847168.00
2022/03/16 24.99 25.77 24.11 25.59 7209705 233169472.00
2022/03/17 26.15 27.18 26.09 26.27 7077332 239549440.00
2022/03/18 26.46 27.17 26.28 26.66 4933337 167639328.00
2022/03/21 26.80 27.57 26.80 27.38 5038599 173932080.00
2022/03/22 27.32 27.57 26.84 27.14 4198010 144798416.00
2022/03/23 27.19 27.90 27.12 27.54 5855599 204545216.00
2022/03/24 27.54 28.77 27.34 28.30 6005450 213204240.00
2022/03/25 28.22 28.80 27.62 27.81 5663407 201021328.00
2022/03/28 26.70 27.46 26.45 27.21 6431192 220764928.00
2022/03/29 27.19 27.83 26.75 27.24 7603530 262960896.00
2022/03/30 27.49 27.49 26.49 26.81 9653374 328896544.00
2022/03/31 26.69 28.04 26.51 26.59 10152021 349877952.00
2022/04/01 26.34 26.62 25.56 26.50 6997653 234244288.00
2022/04/06 27.19 27.19 25.82 25.99 6667151 224616304.00
2022/04/07 25.99 26.76 25.42 25.44 7328911 243316464.00
2022/04/08 25.55 25.59 24.50 24.73 5810197 186933488.00
2022/04/11 24.66 24.82 23.66 23.87 6777532 213498640.00
2022/04/12 23.71 24.98 23.71 24.84 6198477 196258240.00
2022/04/13 24.73 24.90 24.14 24.49 4177470 132986784.00
2022/04/14 24.62 25.35 24.27 25.15 5297734 170685568.00
2022/04/15 25.24 25.87 25.10 25.30 5471628 179312640.00
2022/04/18 25.02 25.07 24.39 24.52 4037480 128935480.00
2022/04/19 24.58 24.78 24.30 24.66 4491509 143078272.00
2022/04/20 24.69 25.99 24.58 25.55 11033574 362325344.00
2022/04/21 25.39 25.81 24.71 24.72 8433903 274175104.00
2022/04/22 24.52 24.54 23.48 23.78 9709721 301930368.00
2022/04/25 23.05 23.20 21.11 21.26 10118642 297864192.00
2022/04/26 21.57 22.43 20.81 21.46 7347719 212363872.00
2022/04/27 20.89 21.79 20.29 21.79 7609228 216432480.00
2022/04/28 21.54 21.99 20.69 21.44 6056036 173926480.00
2022/04/29 21.63 23.11 21.62 22.99 8352065 249804096.00
2022/05/05 22.97 23.83 22.73 23.60 6214701 191447936.00
2022/05/06 22.99 23.20 22.42 22.89 4475332 134964896.00
2022/05/09 22.69 23.65 22.67 23.47 5025071 153567888.00
2022/05/10 22.98 23.28 22.75 23.07 4915805 148876624.00
2022/05/11 23.07 23.81 22.99 23.10 5433982 167310368.00
2022/05/12 23.09 23.43 22.70 23.21 3301064 100341136.00
2022/05/13 23.44 24.95 23.25 24.79 9736278 308305088.00
2022/05/16 24.98 25.17 23.77 23.89 6926511 218743888.00
2022/05/17 23.89 24.05 23.13 23.45 4440727 136258848.00
2022/05/18 23.47 23.77 23.30 23.56 2885579 89111680.00
2022/05/19 23.19 23.24 22.88 23.24 2955543 89731288.00
2022/05/20 23.29 23.98 23.25 23.90 3834042 119104376.00
2022/05/23 24.17 24.84 23.97 24.79 4859303 154527888.00
2022/05/24 24.87 24.87 23.02 23.09 6255088 194450512.00
2022/05/25 23.10 23.73 22.80 23.61 3695226 113481504.00
2022/05/26 23.59 23.89 22.99 23.71 3272023 100898376.00
2022/05/27 23.89 23.98 23.36 23.49 3241769 100478160.00
2022/05/30 23.61 24.08 23.44 23.69 3669060 113879312.00
2022/05/31 23.74 24.69 23.69 24.43 5211370 164822832.00
2022/06/01 24.42 24.83 24.04 24.35 4077167 129520960.00
2022/06/02 24.27 24.27 23.79 24.01 3698528 115730120.00
2022/06/06 23.99 24.55 23.93 24.37 4199850 132799640.00
2022/06/07 24.34 25.03 24.15 24.92 7395137 236795792.00
2022/06/08 24.79 26.02 24.71 25.32 9438917 309413888.00
2022/06/09 25.32 25.47 24.19 24.51 6232665 199496352.00
2022/06/10 24.20 24.82 24.07 24.66 5103986 161986080.00
2022/06/13 24.26 26.23 24.19 25.91 13387775 441534432.00
2022/06/14 25.56 25.84 24.77 25.66 8659219 282858880.00
2022/06/15 25.59 26.65 25.49 26.22 9584005 321301600.00
2022/06/16 26.23 28.67 26.22 27.47 13946147 485177696.00
2022/06/17 27.19 28.19 26.98 28.06 8284412 289199552.00
2022/06/20 28.11 29.62 27.89 29.45 12164094 442008928.00
2022/06/21 29.45 30.92 29.19 29.89 13984453 525346176.00
2022/06/22 29.63 30.19 29.10 29.19 7449442 274469824.00
2022/06/23 29.18 29.57 28.32 28.77 7550662 271778272.00
2022/06/24 28.78 29.37 28.51 28.79 5006876 180905840.00
2022/06/27 29.29 30.86 29.19 29.69 9725579 363240480.00
2022/06/28 29.45 29.61 28.92 29.30 4210776 153596272.00
2022/06/29 29.26 29.85 29.08 29.27 5610894 205956512.00
2022/06/30 29.26 30.21 29.07 29.64 6726230 249321760.00
2022/07/01 29.63 29.79 28.69 29.04 4091177 149251552.00
2022/07/04 28.87 29.39 28.54 29.25 7175003 260675248.00
2022/07/05 29.31 29.69 28.38 28.81 4903810 177004816.00
2022/07/06 28.99 29.08 27.78 28.07 7415385 263363904.00
2022/07/07 27.79 28.40 27.34 28.28 5370799 188974928.00
2022/07/08 28.28 31.30 28.20 30.68 15357617 577813312.00
2022/07/11 30.69 30.70 29.53 30.49 9220924 345471168.00
2022/07/12 30.45 31.24 29.80 30.81 8136390 309545376.00
2022/07/13 30.59 30.72 29.19 30.23 7977798 298397056.00
2022/07/14 30.08 30.37 29.69 30.05 4198400 156416080.00
2022/07/15 30.29 32.67 30.19 31.97 19898981 777388608.00
2022/07/18 32.13 32.29 30.66 30.95 11942417 460062752.00
2022/07/19 30.72 31.12 29.99 30.57 7212490 272868512.00
2022/07/20 30.60 31.24 30.34 31.08 6994416 267683088.00
2022/07/21 30.78 30.89 29.37 29.61 10763656 400418560.00
2022/07/22 29.61 30.39 29.20 29.61 5760244 213565984.00
2022/07/25 29.39 29.78 28.96 29.38 4955933 181906480.00
2022/07/26 29.38 30.03 29.38 29.54 4470694 165270848.00
2022/07/27 29.37 29.74 29.19 29.20 4885142 179837536.00
2022/07/28 29.43 30.05 28.95 30.02 5341210 197208688.00
2022/07/29 29.85 29.99 28.43 28.49 7651737 278115104.00
2022/08/01 28.49 28.52 27.52 28.38 6656284 235094000.00
2022/08/02 28.04 28.24 27.09 27.91 6489545 227243296.00
2022/08/03 27.81 28.82 27.81 28.18 6319790 225318528.00
2022/08/04 28.52 29.52 28.34 29.48 7639100 277232096.00
2022/08/05 29.50 29.85 29.12 29.43 5356483 196640000.00
2022/08/08 29.42 29.79 29.02 29.37 4561931 167207616.00
2022/08/09 29.24 29.44 28.37 28.58 5395915 194222496.00
2022/08/10 28.58 28.96 28.40 28.51 2723785 97841408.00
2022/08/11 28.59 29.57 28.49 29.57 4207761 153533936.00
2022/08/12 29.69 30.45 29.69 29.90 5125610 191553008.00
2022/08/15 29.79 30.21 29.59 29.90 3543704 131823000.00
2022/08/16 29.90 30.41 29.51 30.25 4779403 178170208.00
2022/08/17 30.27 30.57 29.80 29.99 3690611 137872128.00
2022/08/18 29.98 29.99 28.67 28.69 7212412 262761440.00
2022/08/19 28.67 29.33 28.54 29.19 4000700 145435440.00
2022/08/22 28.67 29.24 27.54 28.93 8554714 304318944.00
2022/08/23 29.32 29.57 28.37 28.54 6023160 212898064.00
2022/08/24 28.45 28.73 27.47 27.52 5778717 200570432.00
2022/08/25 27.50 28.33 27.47 28.24 3217578 111423264.00
2022/08/26 28.29 28.82 27.66 27.75 4870692 169799792.00
2022/08/29 27.41 28.00 27.31 27.97 3054644 104956336.00
2022/08/30 27.77 28.08 27.66 27.91 2221577 76699512.00
2022/08/31 27.91 28.20 27.40 27.61 3464066 119313384.00
2022/09/01 27.63 28.19 27.45 27.53 2898203 99987616.00
2022/09/02 27.56 27.92 26.81 27.04 4328569 146502608.00
2022/09/05 27.05 27.43 26.54 26.95 4645360 155673008.00
2022/09/06 27.05 27.49 26.95 27.47 2796954 94844480.00
2022/09/07 27.35 27.44 26.87 26.93 3054614 102969312.00
2022/09/08 26.95 27.71 26.73 27.42 4475014 151809456.00
2022/09/09 27.45 27.88 27.25 27.72 3116702 106895920.00
2022/09/13 27.74 28.27 27.72 28.22 4001366 138958832.00
2022/09/14 27.76 28.18 27.45 27.62 3877394 133055248.00
2022/09/15 27.64 28.15 27.25 27.35 3787998 130136248.00
2022/09/16 27.35 27.45 26.00 26.09 4580873 152298592.00
2022/09/19 25.75 26.05 24.98 25.24 4446032 142228608.00
2022/09/20 25.38 25.60 24.98 25.42 3476615 111099024.00
2022/09/21 25.36 25.62 25.13 25.36 2736252 87653000.00
2022/09/22 25.10 25.30 24.38 24.67 5283140 165829344.00
2022/09/23 24.63 25.15 24.51 24.79 3527470 111008840.00
2022/09/26 24.73 25.11 24.35 24.35 2851099 89286744.00
2022/09/27 24.48 25.45 24.35 25.42 3951934 125224752.00
2022/09/28 25.39 26.23 25.15 25.54 4286253 138944912.00
2022/09/29 25.85 26.55 25.57 25.64 3496168 114326560.00
2022/09/30 25.64 26.25 25.57 25.74 2009576 65370728.00
2022/10/10 25.85 26.15 25.15 25.20 2635932 84867640.00
2022/10/11 25.15 25.89 24.86 25.80 3023133 96976528.00
2022/10/12 25.57 26.01 24.58 25.93 2949051 94844936.00
2022/10/13 25.85 26.75 25.85 26.65 4207166 138901344.00
2022/10/14 26.35 28.25 26.31 27.43 8212162 280415648.00
2022/10/17 27.13 27.55 26.77 27.04 5021361 169485984.00
2022/10/18 27.05 28.47 26.70 28.30 8470167 292444160.00
2022/10/19 28.07 28.14 26.86 27.03 7664544 260765824.00
2022/10/20 27.15 27.93 26.76 27.43 5752012 196393424.00
2022/10/21 27.17 27.53 26.55 27.05 5110008 171905904.00
2022/10/24 27.05 27.85 26.26 26.77 6260294 211203008.00
2022/10/25 26.40 27.69 26.40 27.30 6965743 235864592.00
2022/10/26 27.11 29.74 27.11 29.69 15568100 557139136.00
2022/10/27 29.72 30.70 29.35 30.35 12393583 457112800.00
2022/10/28 29.55 30.14 28.67 29.47 9214430 332840256.00
2022/10/31 29.16 31.35 28.86 30.89 12536527 462898464.00
2022/11/01 30.89 31.85 30.50 31.65 10936502 414288128.00
2022/11/02 31.61 32.99 30.89 31.13 13050995 506407136.00
2022/11/03 31.03 31.85 31.03 31.23 5972178 227259136.00
2022/11/04 31.22 31.69 30.83 30.94 7853840 296820672.00
2022/11/07 30.78 31.29 30.57 30.83 5227662 196250512.00
2022/11/08 30.84 31.02 30.08 30.82 4198918 155792768.00
2022/11/09 30.57 31.96 30.56 31.96 5641514 215263056.00
2022/11/10 31.85 31.95 31.24 31.45 5118248 195352272.00
2022/11/11 32.12 33.42 31.60 32.27 10439030 408360064.00
2022/11/14 31.85 33.14 31.65 32.87 8908112 349844352.00
2022/11/15 32.85 33.04 32.25 32.84 4370587 171551344.00
2022/11/16 32.56 33.04 31.79 31.93 6775637 263514192.00
2022/11/17 32.20 32.44 31.45 31.76 7227073 278293664.00
2022/11/18 31.78 32.27 31.43 31.53 4846905 185946592.00
2022/11/21 31.53 31.85 30.92 31.46 5715809 217682176.00
2022/11/22 31.38 31.95 30.28 30.65 5588602 210086080.00
2022/11/23 30.45 31.31 30.17 30.92 4728049 176414448.00
2022/11/24 30.98 31.68 30.96 31.52 3877549 147669888.00
2022/11/25 31.45 31.85 30.72 31.47 3861069 146871056.00
2022/11/28 31.26 32.35 31.25 32.13 5463921 211276848.00
2022/11/29 32.04 32.65 31.85 32.46 4393932 171540032.00
2022/11/30 32.35 32.54 31.82 32.09 3414572 132375872.00
2022/12/01 32.20 32.52 31.23 32.29 5232176 201353264.00
2022/12/02 32.15 32.92 31.98 32.70 4599327 180330512.00
2022/12/05 32.95 34.03 32.56 32.85 6369209 253858640.00
2022/12/06 32.47 33.46 32.05 32.26 6196521 243121568.00
2022/12/07 31.94 32.73 31.65 32.31 4753738 184962112.00
2022/12/08 32.16 32.45 31.63 31.82 3597013 138679312.00
2022/12/09 31.82 32.13 30.94 31.85 4310934 164742896.00
2022/12/12 32.00 32.96 31.80 32.79 7205047 281903744.00
2022/12/13 33.00 33.00 31.95 32.83 3738433 146327504.00
2022/12/14 32.65 32.75 31.65 32.25 4038113 157150464.00
2022/12/15 32.25 33.28 32.00 32.90 4889298 193199808.00
2022/12/16 32.75 33.69 32.46 33.45 6038804 241198064.00
2022/12/19 33.45 33.63 32.45 33.15 5307794 210933904.00
2022/12/20 32.85 33.17 31.39 31.51 3666543 141706112.00
2022/12/21 31.57 33.45 31.57 33.11 6277490 247964880.00
2022/12/22 33.24 33.53 32.28 32.35 4349964 171752832.00
2022/12/23 32.35 34.66 32.30 34.08 6963644 282443712.00
2022/12/26 33.75 35.66 33.75 35.11 9631018 402384832.00
2022/12/27 35.46 35.50 33.79 33.92 9350001 381578176.00
2022/12/28 34.05 34.05 32.50 33.23 7725485 307379904.00
2022/12/29 32.88 35.17 32.63 35.06 7862937 322793376.00
2022/12/30 34.79 35.44 34.02 34.05 4550889 187066928.00
2023/01/03 34.03 34.85 33.57 33.82 4475042 182628544.00
2023/01/04 33.83 34.13 33.39 33.91 2949456 119164280.00
2023/01/05 33.79 34.42 33.20 33.55 6239572 252016512.00
2023/01/06 33.43 33.56 32.52 33.13 4980655 197529136.00
2023/01/09 33.14 34.15 32.88 33.90 4477776 180539280.00
2023/01/10 33.82 34.70 33.35 34.18 4672895 189654224.00
2023/01/11 34.25 34.55 33.90 34.01 2691840 109851856.00
2023/01/12 34.21 36.30 33.88 35.76 7388991 312527968.00
2023/01/13 35.75 36.49 35.46 36.15 4821964 205458784.00
2023/01/16 36.20 36.94 35.25 36.10 5434650 233944576.00
2023/01/17 36.14 36.14 34.52 34.79 5821834 242364480.00
2023/01/18 35.14 35.39 34.75 35.08 2633870 110028536.00
2023/01/19 35.09 37.90 34.86 37.38 7693584 335278240.00
2023/01/20 37.95 38.01 37.05 37.39 3880144 171497904.00
2023/01/30 37.46 38.01 36.30 36.46 6384500 277849408.00
2023/01/31 37.79 38.43 37.15 37.34 8677350 386294944.00
2023/02/01 37.34 37.70 36.85 37.25 5569098 244483600.00
2023/02/02 37.25 39.46 37.14 39.02 9096604 413796672.00
2023/02/03 38.77 39.47 38.25 38.48 5062998 229801184.00
2023/02/06 38.47 39.31 37.85 38.55 6727516 305506464.00
2023/02/07 38.55 39.61 38.23 39.27 6181806 282740032.00
2023/02/08 39.15 40.13 38.92 39.24 4178566 192671616.00
2023/02/09 39.10 39.43 38.35 39.22 4829310 220018160.00
2023/02/10 39.11 39.67 38.86 39.35 3913379 179537696.00
2023/02/13 39.13 40.43 39.13 39.84 5773926 269391040.00
2023/02/14 39.85 39.95 38.20 38.78 9106994 413040608.00
2023/02/15 38.69 39.34 38.35 38.95 5322511 243165248.00
2023/02/16 38.94 39.45 38.13 38.25 4798883 218459696.00
2023/02/17 38.41 39.40 38.27 38.81 5167089 235858032.00
2023/02/20 38.93 40.60 38.93 40.45 6484725 302449120.00
2023/02/21 40.35 41.59 40.16 41.33 7963516 381178816.00
2023/02/22 41.16 42.57 41.03 41.83 7543725 367128160.00
2023/02/23 42.10 42.45 41.58 42.19 4726485 230642208.00
2023/02/24 42.50 42.80 41.75 42.19 5832364 285168736.00
2023/02/27 42.25 42.40 41.18 41.42 6709281 323186560.00
2023/02/28 41.42 41.83 40.76 41.18 5748447 274964448.00
2023/03/01 41.21 41.83 40.68 41.53 4000705 191961904.00
2023/03/02 41.45 41.55 40.63 40.85 3477375 165646160.00
2023/03/03 40.85 41.12 40.26 40.65 3266317 154190080.00
2023/03/06 40.70 42.51 40.43 41.90 6828598 329988288.00
2023/03/07 41.93 42.60 40.94 41.10 4989987 241681888.00
2023/03/08 40.95 41.13 40.25 40.55 5187234 245013056.00
2023/03/09 40.84 41.23 40.07 40.77 3237203 153261536.00
2023/03/10 40.64 41.01 40.18 40.52 2776601 131084360.00
2023/03/13 40.15 41.75 39.72 41.20 5761914 274620640.00
2023/03/14 40.52 41.44 40.21 40.50 3366236 159133216.00
2023/03/15 40.79 41.92 40.56 40.92 4348989 208278304.00
2023/03/16 40.90 43.48 40.74 42.36 10328527 508505984.00
2023/03/17 42.60 42.80 38.20 38.68 16160010 748088512.00
2023/03/20 38.55 40.00 38.05 38.24 11295002 514015488.00
2023/03/21 38.25 39.84 38.24 39.10 6233703 285442336.00
2023/03/22 39.11 39.85 38.35 38.53 5168609 234827280.00
2023/03/23 38.84 39.24 38.25 39.06 4093006 186578864.00
2023/03/24 39.75 39.75 38.40 38.65 5976137 271669152.00
2023/03/27 38.85 40.90 38.55 39.94 10040274 468615680.00
2023/03/28 39.65 42.46 39.65 42.22 11329727 546591360.00
2023/03/29 42.13 46.64 41.75 45.20 15956035 817807680.00
2023/03/30 45.15 45.55 44.21 45.36 6826054 352279872.00
2023/03/31 45.42 46.62 44.97 46.34 8203776 432770784.00
2023/04/03 46.35 47.54 45.06 46.11 8603777 453984320.00
2023/04/04 46.11 48.50 45.85 48.06 10616045 580593984.00
2023/04/06 47.42 48.35 46.15 46.65 8598183 460017120.00
2023/04/07 46.85 47.59 45.08 45.70 5725983 300637376.00
2023/04/10 45.71 46.35 44.57 45.12 6989640 363147552.00
2023/04/11 45.68 46.23 44.55 45.84 7420738 387020352.00
2023/04/12 46.04 46.43 45.36 45.77 4311236 226847664.00
2023/04/13 46.94 48.28 44.61 47.27 11588236 620903616.00
2023/04/14 46.85 46.99 45.01 45.22 5794760 301960000.00
2023/04/17 45.43 46.00 44.66 45.33 4856676 251240928.00
2023/04/18 45.02 45.43 43.85 44.86 6028391 308353120.00
2023/04/19 45.10 45.20 44.24 44.91 4547432 232723584.00
2023/04/20 44.91 44.91 43.57 43.95 6336363 320810208.00
2023/04/21 44.25 44.56 43.40 43.60 5336774 270138976.00
2023/04/24 43.60 44.34 42.71 43.15 4876148 243423120.00
2023/04/25 43.31 43.66 42.14 43.35 7767106 383742944.00
2023/04/26 44.45 44.88 41.13 42.44 10787490 530409984.00
2023/04/27 41.84 45.15 41.60 44.75 8225380 419264160.00
2023/04/28 44.71 45.54 43.59 44.82 4849414 248597760.00
2023/05/04 44.76 47.51 44.58 46.63 6393909 339528864.00
2023/05/05 46.65 47.04 45.56 46.15 4181524 220853664.00
2023/05/08 47.84 49.03 45.65 45.81 7077025 379633600.00
2023/05/09 45.93 46.80 44.75 44.90 5473427 285417216.00
2023/05/10 44.77 45.21 43.82 44.85 3963796 202868992.00
2023/05/11 44.75 45.85 42.52 42.75 7075324 355300800.00
2023/05/12 43.12 44.73 42.45 44.27 5912662 299096672.00
2023/05/15 44.39 44.53 41.46 42.70 7017564 345103104.00
2023/05/16 42.83 42.97 41.31 41.87 6815739 331837760.00
2023/05/17 42.24 42.30 41.43 42.23 3015599 146385888.00
2023/05/18 42.23 43.18 41.88 42.08 3887752 190254960.00
2023/05/19 42.13 44.30 41.71 44.07 5843565 292268512.00
2023/05/22 44.05 44.79 42.65 42.84 4661436 232779408.00
2023/05/23 42.85 43.45 42.61 42.68 2503101 124403320.00
2023/05/24 42.46 42.47 40.37 41.35 5678352 271676352.00
2023/05/25 41.36 41.51 40.41 41.27 2902425 138443424.00
2023/05/26 41.21 43.22 40.85 42.36 5009578 244709904.00
2023/05/29 42.36 43.35 42.18 42.72 5734827 283678240.00
2023/05/30 42.94 43.14 42.00 42.56 4358358 214170672.00
2023/05/31 42.53 43.75 42.31 42.72 4445361 221292816.00
2023/06/01 42.72 43.92 42.33 42.64 4461976 221575296.00
2023/06/02 42.90 44.45 42.70 43.45 6521176 327997536.00
2023/06/05 43.44 46.23 43.32 45.80 8526115 441421344.00
2023/06/06 46.19 46.25 44.48 44.59 4949997 256243648.00
2023/06/07 44.79 45.45 44.25 44.64 3498959 180033472.00
2023/06/08 44.92 44.92 43.33 44.35 5806820 294539968.00
2023/06/09 44.25 45.15 43.85 44.83 9518653 487232128.00
2023/06/12 44.74 44.83 41.31 41.80 12058743 587712320.00
2023/06/13 41.82 42.35 41.53 41.85 5762775 280019552.00
2023/06/14 41.75 43.42 41.36 42.74 5995759 295737856.00
2023/06/15 42.99 43.81 42.37 42.89 4616465 229418160.00
2023/06/16 42.71 43.36 42.23 42.42 5174898 254292304.00
2023/06/19 42.62 43.74 42.28 42.85 4220600 209757392.00
2023/06/20 42.85 43.01 41.52 41.78 5146544 250477872.00
2023/06/21 42.28 42.33 41.36 41.73 4066127 192154672.00
2023/06/26 41.52 41.93 40.75 41.16 3945832 184342912.00
2023/06/27 41.31 42.48 40.87 42.28 3811308 180970432.00
2023/06/28 42.32 43.44 42.24 43.37 5290471 256403568.00
2023/06/29 43.33 48.25 43.23 48.15 13176822 688227712.00
2023/06/30 48.15 48.62 47.34 47.98 7746222 414042208.00
2023/07/03 47.99 47.99 44.11 44.55 9701878 488695200.00
2023/07/04 44.55 45.03 44.21 44.40 4073681 203708352.00
2023/07/05 44.60 44.82 43.28 43.98 3130418 154564336.00
2023/07/06 43.91 44.45 43.27 43.39 3161522 155578864.00
2023/07/07 45.52 45.82 42.53 43.70 9098235 451956128.00
2023/07/10 44.08 44.92 43.64 44.18 4423225 220026528.00
2023/07/11 44.70 47.03 44.33 46.46 6906827 356681536.00
2023/07/12 46.46 46.98 46.13 46.32 3103588 161411744.00
2023/07/13 45.99 46.53 45.46 45.92 3669903 188447888.00
2023/07/14 46.24 46.47 45.33 45.71 2298537 117814728.00
2023/07/17 45.70 47.93 45.17 47.31 3702654 193291104.00
2023/07/18 46.99 47.76 46.70 46.80 2011025 105519632.00
2023/07/19 46.73 47.08 46.20 46.65 1464844 76224152.00
2023/07/20 46.66 47.08 46.43 46.66 2184820 114278024.00
2023/07/21 46.63 47.53 46.22 46.33 3413362 178507472.00
2023/07/24 46.14 47.14 46.14 46.78 2128222 111110192.00
2023/07/25 47.13 47.33 44.19 44.63 8773295 441623968.00
2023/07/26 44.65 45.22 44.41 44.66 2937750 147578720.00
2023/07/27 44.70 45.41 44.53 45.23 3496097 176472832.00
2023/07/28 45.19 45.62 44.78 45.24 3152109 159489168.00
2023/07/31 45.08 45.24 43.11 43.43 7604471 374623392.00
2023/08/01 43.24 44.48 43.08 43.80 3863952 190600192.00
2023/08/02 43.80 44.23 43.43 43.80 2355726 115980984.00
2023/08/03 43.73 44.61 43.54 44.43 3594516 178775792.00
2023/08/04 44.63 45.72 44.34 44.73 3315096 166917136.00
2023/08/07 45.33 47.00 44.81 46.86 8953425 463467360.00
2023/08/08 46.72 49.01 46.45 48.96 9848171 529012704.00
2023/08/09 48.71 48.95 47.61 47.95 5718906 306872064.00
2023/08/10 47.95 48.21 46.71 46.91 3746667 197160304.00
2023/08/11 47.23 47.23 46.09 46.15 3405549 177496432.00
2023/08/14 45.76 48.00 45.55 47.73 5934328 312215360.00
2023/08/15 47.64 47.86 46.75 47.71 3591809 189951248.00
2023/08/16 47.53 47.82 47.23 47.71 3369299 178741888.00
2023/08/17 47.53 47.53 46.63 47.06 2504022 131280688.00
2023/08/18 47.16 47.33 46.13 46.20 2776419 144646064.00
2023/08/21 46.19 46.73 45.68 45.74 2751438 141612880.00
2023/08/22 45.86 46.09 45.24 45.74 2819714 144137360.00
2023/08/23 45.68 46.97 45.44 45.97 2929940 151880128.00
2023/08/24 45.43 45.97 42.60 44.31 7386688 366633408.00
2023/08/25 44.03 45.08 44.02 44.59 2583014 129046544.00
2023/08/28 46.53 46.96 42.61 43.39 9532785 469934240.00
2023/08/29 43.25 44.53 42.91 44.32 4616230 228226736.00
2023/08/30 44.47 46.10 44.44 45.88 4466241 227610704.00
2023/08/31 45.93 46.50 45.54 46.36 3307529 170476384.00
2023/09/01 46.27 46.50 44.63 44.72 3018005 153131072.00
2023/09/04 45.04 45.27 44.03 44.51 4556435 227962960.00
2023/09/05 44.53 45.13 44.46 44.83 2955677 148443760.00
2023/09/06 44.51 44.73 43.52 43.94 4206092 207755408.00
2023/09/07 43.91 44.08 43.19 43.23 2587900 126780600.00
2023/09/08 43.22 43.48 42.71 43.08 1869774 90720136.00
2023/09/11 43.08 43.88 42.73 42.87 5590806 272685120.00
2023/09/12 42.87 43.41 42.87 43.40 3203100 155971488.00
2023/09/13 43.36 43.89 43.03 43.29 2322370 113600824.00
2023/09/14 43.23 44.36 43.18 43.70 3590873 176841856.00
2023/09/15 43.84 44.47 43.03 43.18 4125649 201824608.00
2023/09/18 43.19 44.14 43.00 44.04 3705195 181784272.00
2023/09/19 43.94 44.14 43.13 43.39 2540392 124133264.00
2023/09/20 43.39 43.78 43.03 43.33 1491900 72788520.00
2023/09/21 43.33 43.41 42.68 42.74 2341300 113264600.00
2023/09/22 42.83 43.17 42.43 43.11 3000228 144564544.00
2023/09/25 43.13 43.89 42.99 43.31 3004216 147075472.00
2023/09/26 43.56 43.93 42.53 42.68 3381689 164334480.00
2023/09/27 42.58 43.33 42.57 42.95 3015826 146028256.00
2023/09/28 43.27 44.28 43.04 43.59 4225366 208017424.00
2023/10/09 43.33 43.68 42.39 43.23 3737991 180939312.00
2023/10/10 43.33 43.37 41.83 41.90 5970666 285255200.00
2023/10/11 41.24 42.56 39.78 42.39 7817200 367515968.00
2023/10/12 42.37 42.88 42.14 42.71 4023764 193365184.00
2023/10/13 42.50 42.69 41.55 42.19 3074616 146194240.00
2023/10/16 42.10 42.38 41.73 41.90 2025067 96089448.00
2023/10/17 41.90 42.21 41.46 42.11 1941560 91905784.00
2023/10/18 42.04 42.08 40.81 40.98 3316584 154573856.00
2023/10/19 40.74 40.97 40.10 40.39 2733267 125584376.00
2023/10/20 40.03 40.33 39.71 39.93 2341251 106414552.00
2023/10/23 39.58 40.19 39.23 39.45 2451868 110632488.00
2023/10/24 39.68 40.28 39.05 40.11 2720745 123175192.00
2023/10/25 40.16 40.80 39.55 39.60 3283260 149254080.00
2023/10/26 39.53 40.43 39.35 40.01 1883011 85565696.00
2023/10/27 40.03 41.58 39.74 41.14 3196962 147986112.00
2023/10/30 41.16 41.43 40.64 41.05 3241270 150611120.00
2023/10/31 41.63 41.73 40.78 40.93 3143616 146546176.00
2023/11/01 40.74 41.62 39.24 40.14 6759186 308443872.00
2023/11/02 40.19 41.48 40.14 41.33 4994167 232001584.00
2023/11/03 41.18 42.10 40.82 40.99 3583101 168346480.00
2023/11/06 41.39 41.86 40.61 41.28 3098725 144455200.00
2023/11/07 41.13 41.77 40.95 41.33 2587831 121460792.00
2023/11/08 41.38 43.92 41.33 42.68 6503169 314813408.00
2023/11/09 42.68 42.90 41.58 41.85 2562323 121808000.00
2023/11/10 41.70 42.03 41.48 41.91 2231313 105417752.00
2023/11/13 41.91 42.11 41.41 41.90 2047655 96698400.00
2023/11/14 41.90 42.33 41.74 42.18 1804613 85725384.00
2023/11/15 42.51 43.35 42.13 43.21 3662382 177305392.00
2023/11/16 43.00 43.09 42.43 42.85 1675627 80847904.00
2023/11/17 42.85 43.28 42.50 43.09 2468078 119497648.00
2023/11/20 43.11 44.39 42.88 44.02 3582322 177009488.00
2023/11/21 44.02 44.34 43.74 44.10 2519350 124931512.00
2023/11/22 43.82 44.16 43.73 43.89 1451989 71812592.00
2023/11/23 43.89 44.68 43.73 44.41 3010231 149605968.00
2023/11/24 44.41 44.85 44.15 44.53 2037900 101909672.00
2023/11/27 44.55 45.23 44.43 44.71 4004255 201496736.00
2023/11/28 44.53 45.13 43.93 45.00 3785445 189802720.00
2023/11/29 45.01 45.25 44.76 44.91 2500440 126332032.00
2023/11/30 44.73 45.68 44.63 44.93 3435746 173721392.00
2023/12/01 45.15 46.03 44.80 45.45 3520116 179275952.00
2023/12/04 45.35 45.78 44.89 45.34 3229334 163878992.00
2023/12/05 45.04 45.92 44.97 45.61 4228896 215646560.00
2023/12/06 45.38 45.58 44.50 45.12 4027130 203143552.00
2023/12/07 44.78 45.09 44.40 44.65 3044087 152697648.00
2023/12/08 44.16 45.02 44.16 44.71 3540320 177514576.00
2023/12/11 44.58 45.05 43.88 44.93 4091100 205219920.00
2023/12/12 44.97 45.22 44.50 44.78 4018104 201921808.00
2023/12/13 45.03 45.73 44.55 45.43 5571136 282793760.00
2023/12/14 45.50 45.94 44.94 44.98 2822000 143290112.00
2023/12/15 44.97 44.97 43.44 43.48 4457074 219951264.00
2023/12/18 43.40 44.28 43.08 43.57 4326017 213066384.00
2023/12/19 43.63 43.78 42.94 43.32 2467852 120191088.00
2023/12/20 43.52 44.11 43.19 43.55 2850564 140040336.00
2023/12/21 43.41 43.72 42.81 43.56 2907797 141921104.00
2023/12/22 43.56 43.69 43.19 43.43 3256303 159306784.00
2023/12/25 43.55 44.03 43.08 43.83 2357500 115558728.00
2023/12/26 43.75 44.13 43.03 43.34 2207100 107822264.00
2023/12/27 43.26 44.30 43.08 44.24 1978694 97664488.00
2023/12/28 44.36 44.43 43.03 43.13 4310780 211341040.00
2023/12/29 42.86 43.89 42.86 43.85 3367387 164841696.00
2024/01/02 43.81 44.91 43.63 44.53 4171866 208372864.00
2024/01/03 46.53 48.50 46.02 47.33 14731684 775716224.00
2024/01/04 47.04 47.30 45.43 45.94 7512169 387304832.00
2024/01/05 46.03 46.61 44.03 44.51 8317831 420133920.00
2024/01/08 44.41 46.04 43.53 45.33 10741203 540059904.00
2024/01/09 44.95 45.31 44.43 44.77 5891966 296039072.00
2024/01/10 44.68 44.93 44.13 44.13 4130850 206297584.00
2024/01/11 44.09 44.59 43.23 43.58 5462245 268002944.00
2024/01/12 43.33 44.53 43.29 43.43 4005442 197831568.00
2024/01/15 43.43 46.24 43.24 46.22 8634151 439753312.00
2024/01/16 45.97 46.95 45.73 46.41 5544579 287793920.00
2024/01/17 46.41 47.78 45.81 45.96 5543228 288414624.00
2024/01/18 45.53 45.96 44.31 45.68 5732779 288918240.00
2024/01/19 45.63 45.88 44.92 45.25 3598325 182322128.00
2024/01/22 44.98 45.42 42.88 43.43 6339991 314749952.00
2024/01/23 42.91 43.53 41.91 43.13 6967100 335663488.00
2024/01/24 43.23 44.90 43.23 44.59 8576119 426061216.00
2024/01/25 44.77 45.08 43.93 44.98 6279781 314414528.00
2024/01/26 44.53 47.19 44.43 46.68 9263523 480842816.00
2024/01/29 47.97 50.71 47.93 49.62 15439796 847795520.00
2024/01/30 49.62 49.62 48.26 48.49 6709808 364834112.00
2024/01/31 48.36 48.36 46.89 47.04 6579576 347904288.00
2024/02/01 46.53 47.80 46.40 47.03 5993732 316100800.00
2024/02/02 47.33 49.59 46.91 48.04 7978332 429264160.00
2024/02/05 48.16 51.49 48.05 49.78 11975438 659784000.00
2024/02/06 49.33 54.03 49.30 53.13 11765379 680084608.00
2024/02/07 53.01 54.72 52.29 54.65 11858941 700895424.00
2024/02/08 54.59 56.53 51.99 52.33 13164854 785942400.00
2024/02/19 52.73 53.70 50.65 52.96 9804617 567523072.00
2024/02/20 52.82 54.78 52.33 54.48 8067175 477694656.00
2024/02/21 54.04 54.26 51.48 51.86 13222816 762311488.00
2024/02/22 51.53 52.02 49.67 50.41 14287288 800417024.00
2024/02/23 50.11 50.49 49.07 49.48 12650780 695273536.00
2024/02/26 49.18 50.18 48.63 49.92 9875479 543659200.00
2024/02/27 49.64 50.98 49.53 50.89 8895628 496660768.00
2024/02/28 50.94 51.49 50.51 50.68 8832718 499059968.00
2024/02/29 50.41 52.64 50.33 52.62 9495024 544718720.00
2024/03/01 52.61 53.88 52.21 53.13 7908206 462856000.00
2024/03/04 53.13 53.73 52.60 52.92 5955528 348533184.00
2024/03/05 52.60 55.36 52.53 54.81 8206752 490536288.00
2024/03/06 54.55 55.83 54.25 55.03 4062249 245626560.00
2024/03/07 54.63 55.33 53.93 53.97 3763299 225880656.00
2024/03/08 53.74 55.78 53.73 55.19 4426399 267827664.00
2024/03/11 55.13 55.68 54.52 55.13 3588608 216675424.00
2024/03/12 55.35 55.91 53.86 54.40 6417058 385458560.00
2024/03/13 54.32 54.63 53.41 54.56 5592659 333331552.00
2024/03/14 54.57 54.93 53.53 54.12 5245018 311927232.00
2024/03/15 54.33 54.58 53.59 54.13 4967848 295615104.00
2024/03/18 54.11 55.98 53.84 55.95 5461579 330110112.00
2024/03/19 55.76 56.42 55.50 55.85 3564479 218787440.00
2024/03/20 55.48 55.85 54.43 55.03 4013592 242460960.00
2024/03/21 55.03 55.21 53.22 53.52 5484384 326247328.00
2024/03/22 54.63 55.53 53.49 55.01 8066213 486275456.00
2024/03/25 54.58 55.48 53.97 54.02 5461552 327805824.00
2024/03/26 54.08 54.83 53.46 54.44 4598996 275340256.00
2024/03/27 54.72 55.81 54.25 55.05 4481281 272038240.00
2024/03/28 54.73 56.19 53.53 55.35 4995373 304408256.00
2024/03/29 55.37 56.26 55.03 56.05 4147516 253983360.00
2024/04/01 56.06 58.21 55.89 57.73 5818401 366627840.00
2024/04/02 57.73 58.25 57.04 57.23 4816645 303851680.00
2024/04/03 57.52 60.09 57.52 58.37 6526590 420107904.00
2024/04/08 58.36 59.54 57.87 58.72 4222944 271590240.00
2024/04/09 59.03 59.19 57.23 58.45 4825692 305963520.00
2024/04/10 59.13 60.53 58.78 58.93 4864629 316190784.00
2024/04/11 58.79 60.53 58.53 60.00 5371133 351577472.00
2024/04/12 60.78 60.81 57.62 60.03 6486456 422640832.00
2024/04/15 59.73 61.63 59.39 61.37 5245372 347699776.00
2024/04/16 60.91 63.08 60.91 61.98 6995887 474729984.00
2024/04/17 62.05 62.46 60.64 62.16 4859578 327121792.00
2024/04/18 62.93 64.14 62.44 63.72 5965703 411669888.00
2024/04/19 63.53 64.66 63.53 64.00 4836805 337147776.00
2024/04/22 63.73 65.33 63.26 63.35 5707027 397393248.00
2024/04/23 62.80 63.47 61.69 62.17 5610318 380214304.00
2024/04/24 62.31 62.70 61.56 62.63 3306717 223871856.00
2024/04/25 62.63 63.90 61.75 62.28 4448496 301750944.00
2024/04/26 62.75 63.28 60.33 61.13 8416764 563200064.00
2024/04/29 61.03 62.30 60.11 62.14 5979149 400041728.00
2024/04/30 62.13 64.48 62.03 63.25 5695423 393477088.00
2024/05/06 63.64 65.52 62.83 65.23 6103709 427553536.00
2024/05/07 65.25 66.71 65.09 65.53 4917065 350218752.00
2024/05/08 65.55 65.82 64.44 65.22 2911439 205782256.00
2024/05/09 65.30 65.69 64.74 65.18 3344317 236404592.00
2024/05/10 65.58 65.58 63.54 63.62 4732269 328820256.00
2024/05/13 63.62 65.54 62.76 65.14 6134479 427929632.00
2024/05/14 64.88 66.49 64.71 65.73 3765337 268001312.00
2024/05/15 65.76 67.44 65.40 66.12 3717861 267730944.00
2024/05/16 66.12 66.44 64.64 64.88 4299038 304195808.00
2024/05/17 65.13 65.41 63.91 64.75 4257614 297734944.00
2024/05/20 64.75 64.75 63.19 64.10 5329189 369408128.00
2024/05/21 64.07 65.89 63.69 65.21 4521512 318863776.00
2024/05/22 65.23 65.53 62.13 62.73 7091992 486524416.00
2024/05/23 63.01 63.97 62.77 63.22 4202219 289404448.00
2024/05/24 63.21 64.14 62.42 62.42 3456902 236876256.00
2024/05/27 62.76 65.70 62.54 65.14 6453960 451017376.00
2024/05/28 65.13 65.53 63.63 64.60 4075998 284318528.00
2024/05/29 63.86 64.47 63.03 63.33 4107300 282516448.00
2024/05/30 62.93 63.82 62.54 63.07 3413477 234234768.00
2024/05/31 63.28 63.28 62.13 62.24 4344677 295247328.00
2024/06/03 62.16 63.57 61.81 62.16 5090097 346689152.00
2024/06/04 62.83 63.81 62.03 63.53 5019479 343417728.00
2024/06/05 63.51 64.22 63.30 63.36 2669095 184569248.00
2024/06/06 63.44 65.20 63.13 64.33 4572183 319285344.00
2024/06/07 64.38 65.83 63.90 64.32 4976261 348709504.00
2024/06/11 64.32 65.03 63.51 64.47 4290098 298959712.00
2024/06/12 64.71 64.91 63.62 64.49 3480591 236990192.00
2024/06/13 64.48 64.49 61.02 61.81 8167357 537471936.00
2024/06/14 61.82 62.18 60.60 61.65 7295600 474877312.00
2024/06/17 61.31 62.81 60.97 62.58 6392068 421903584.00
2024/06/18 62.31 65.31 62.31 65.05 6531126 445337376.00
2024/06/19 65.11 65.22 64.01 64.26 4769669 325625344.00
2024/06/20 64.26 65.01 60.57 61.97 8304628 545970944.00
2024/06/21 61.97 62.59 61.21 62.47 4115691 271061792.00
2024/06/24 61.81 62.39 60.01 60.31 6466584 416668032.00
2024/06/25 60.44 60.64 59.51 60.42 5564918 355276288.00
2024/06/26 60.43 60.98 59.96 60.42 2630520 168653104.00
2024/06/27 60.31 60.53 59.31 59.49 3237053 205232976.00
2024/06/28 58.85 59.61 58.39 58.91 4216844 264199520.00
2024/07/01 58.51 60.47 58.41 59.88 3799730 240392160.00
2024/07/02 59.71 60.42 58.71 59.09 3458349 217713328.00
2024/07/03 58.92 59.01 57.33 57.39 4143169 254959952.00
2024/07/04 57.40 57.62 56.72 56.81 4188376 254924912.00
2024/07/05 56.81 59.19 55.95 59.04 6432741 393609344.00
2024/07/08 59.00 59.01 56.37 56.81 5469082 333478272.00
2024/07/09 56.70 56.90 54.50 54.98 10217883 602024320.00
2024/07/10 54.89 54.97 53.14 54.07 8477993 487660448.00
2024/07/11 54.31 54.71 52.49 52.63 10050798 571139648.00
2024/07/12 53.41 53.60 51.76 52.00 9184892 514012992.00
2024/07/15 51.81 52.89 50.56 52.52 10090648 559600064.00
2024/07/16 52.27 52.82 50.33 50.53 8318119 455884992.00
2024/07/17 50.31 50.38 48.26 49.23 14468412 762662656.00
2024/07/18 48.86 50.11 48.56 49.34 8575930 454423648.00
2024/07/19 49.31 50.17 49.03 49.63 7368086 393251936.00
2024/07/22 49.49 50.28 48.92 50.10 8055777 430190976.00
2024/07/23 50.06 50.06 47.32 47.33 10172329 528012512.00
2024/07/24 47.31 47.89 46.61 46.79 7571633 384571648.00
2024/07/25 46.31 46.49 44.74 45.00 13427627 656871552.00
2024/07/26 44.96 45.38 44.19 44.68 8945108 432873664.00
2024/07/29 44.72 45.01 43.17 43.32 8966688 425411168.00
2024/07/30 43.31 44.06 42.32 43.69 9529949 449371392.00
2024/07/31 43.69 45.41 43.12 45.20 10130245 490811104.00
2024/08/01 45.17 45.96 44.52 45.05 9875423 482348160.00
2024/08/02 44.71 45.37 43.71 43.83 8000971 384611424.00
2024/08/05 43.87 45.40 43.47 44.28 10078081 486460160.00
2024/08/06 44.41 45.05 44.04 44.49 6665249 320743104.00
2024/08/07 44.49 45.48 43.78 45.01 6314914 307035136.00
2024/08/08 44.81 45.68 44.51 45.37 7371468 360500224.00
2024/08/09 45.41 46.50 45.31 45.40 7279925 360757056.00
2024/08/12 45.22 48.01 45.03 47.13 9925599 502564320.00
2024/08/13 47.01 47.06 45.43 46.00 7750160 384518304.00
2024/08/14 46.03 46.10 44.75 45.32 6676478 328013120.00
2024/08/15 45.24 46.71 45.11 46.01 6013511 298633216.00
2024/08/16 45.71 46.00 44.45 45.31 7705237 376354912.00
2024/08/19 45.21 46.06 45.11 45.56 4812884 237085344.00
2024/08/20 45.41 46.20 44.92 45.83 5447717 268218144.00
2024/08/21 45.60 46.61 45.12 45.21 6287571 309835584.00
2024/08/22 45.61 47.56 45.31 45.71 10702803 537004096.00
2024/08/23 45.71 46.15 44.86 45.32 7140264 350528480.00
2024/08/26 45.02 45.23 43.71 44.49 7207940 347081056.00
2024/08/27 44.32 45.40 44.14 44.81 6128374 297848064.00
2024/08/28 45.23 46.13 44.81 45.13 5791407 284275456.00
2024/08/29 44.90 45.83 44.61 45.65 6352900 311899040.00
2024/08/30 45.61 47.11 45.12 46.18 9258446 462125856.00
2024/09/02 46.23 46.71 45.02 45.87 7862271 390203168.00
2024/09/03 45.61 47.67 45.53 47.18 8483641 430820192.00
2024/09/04 47.41 48.55 47.02 47.78 7657574 394942144.00
2024/09/05 47.64 48.40 47.52 47.61 5215702 268595296.00
2024/09/06 47.61 47.90 47.21 47.29 3508800 179494784.00
2024/09/09 47.06 47.78 46.52 47.06 6958340 353218976.00
2024/09/10 47.11 47.19 44.79 45.17 9833380 471623552.00
2024/09/11 44.77 45.07 43.58 43.88 8947718 417532928.00
2024/09/12 44.04 44.34 42.91 42.96 5905652 271685280.00
2024/09/13 42.94 43.58 42.57 42.67 5113855 233113536.00
2024/09/18 42.66 44.42 42.08 43.87 5895022 272851904.00
2024/09/19 43.89 44.38 42.82 43.61 5886833 271415424.00
2024/09/20 43.65 44.93 43.00 44.74 6362859 296978176.00
2024/09/23 44.96 46.16 44.65 45.10 5130062 245134704.00
2024/09/24 45.10 45.95 44.11 45.88 10410641 497082464.00
2024/09/25 46.06 47.91 46.06 47.08 10109741 502641824.00
2024/09/26 46.96 51.91 46.72 51.20 13207478 681947584.00
2024/09/27 51.75 56.57 51.74 56.57 17784912 1022254400.00
2024/09/30 58.62 61.44 57.08 59.16 23120148 1419795072.00
2024/10/08 65.16 65.16 56.01 57.06 27203600 1680021504.00
2024/10/09 56.46 56.95 53.28 55.06 18888608 1095921152.00
2024/10/10 57.59 60.46 57.15 58.33 20862794 1282360448.00
2024/10/11 58.36 58.92 55.73 56.60 9358698 559566784.00
2024/10/14 56.79 58.96 55.90 57.86 11199939 670792448.00
2024/10/15 57.86 57.93 56.24 56.38 7440451 443828864.00
2024/10/16 55.46 56.94 55.28 56.26 6033137 353961920.00
2024/10/17 56.46 56.75 55.07 55.18 7198800 420637248.00
2024/10/18 54.74 56.86 54.58 55.51 13347955 774178368.00
2024/10/21 55.76 57.80 55.11 56.80 9552609 564928064.00
2024/10/22 56.76 58.05 56.47 57.61 6658291 399317024.00
2024/10/23 57.96 58.60 57.36 58.02 6242736 378223808.00
2024/10/24 57.66 58.21 56.86 57.10 4330196 259075856.00
2024/10/25 57.10 57.10 56.16 56.56 4390722 259671056.00
2024/10/28 56.58 57.96 56.06 57.28 5066188 302707552.00
2024/10/29 57.46 57.56 56.07 56.84 5148826 305511008.00
2024/10/30 56.49 57.54 55.69 56.69 5593206 329698240.00
2024/10/31 56.74 57.92 56.28 56.32 6566822 390756992.00
2024/11/01 56.46 57.58 56.10 56.72 5791388 344165952.00
2024/11/04 55.45 55.45 52.46 54.91 21184150 1197129856.00
2024/11/05 54.87 56.55 53.97 56.55 9441037 548955584.00
2024/11/06 56.46 56.46 54.49 54.86 9469695 548332736.00
2024/11/07 54.66 57.06 54.49 57.00 9068300 533254976.00
2024/11/08 57.46 58.30 56.54 57.75 8918179 535630368.00
2024/11/11 56.95 57.26 55.75 56.46 7972945 469444384.00
2024/11/12 56.46 58.83 56.44 57.54 10758524 650598272.00
2024/11/13 57.08 58.76 56.94 57.08 6111169 367437760.00
2024/11/14 56.95 57.56 56.48 56.71 4778179 284521824.00
2024/11/15 56.46 56.75 55.81 55.84 5536752 325103872.00
2024/11/18 55.84 56.64 55.13 55.43 5921244 345465984.00
2024/11/19 55.46 56.63 55.25 55.67 5907028 345250400.00
2024/11/20 55.52 56.12 55.38 55.90 4549720 265285728.00
2024/11/21 55.91 56.15 55.36 55.71 4650180 271192192.00
2024/11/22 55.71 55.81 54.06 54.06 7725910 441972832.00
2024/11/25 54.12 54.93 53.83 54.05 6191615 351346304.00
2024/11/26 54.16 55.35 54.06 54.64 4181974 239649648.00
2024/11/27 54.51 55.71 54.09 55.64 5418670 312330528.00
2024/11/28 55.48 55.61 54.07 54.42 6314840 360395584.00
2024/11/29 54.03 56.36 54.03 55.39 6819613 395078112.00
2024/12/02 55.25 55.95 54.94 55.69 4557243 264636240.00
2024/12/03 55.69 55.94 55.21 55.74 3375490 196326976.00
2024/12/04 55.56 56.91 55.53 55.89 4315994 253228304.00
2024/12/05 55.77 55.89 54.61 54.90 4273496 245457824.00
2024/12/06 54.83 55.61 54.67 54.97 4841779 279121696.00
2024/12/09 55.14 55.64 54.28 54.89 3819412 220043328.00
2024/12/10 56.01 57.02 55.21 55.57 6438920 376988832.00
2024/12/11 55.56 56.44 55.37 56.08 3528081 207010752.00
2024/12/12 56.09 58.18 55.79 57.94 7149744 428336608.00
2024/12/13 57.47 58.33 56.59 57.41 6861685 411538464.00
2024/12/16 57.14 58.66 56.22 57.12 6882827 411027776.00
2024/12/17 57.11 58.02 56.39 56.47 4000900 237424240.00
2024/12/18 56.69 57.14 56.14 56.86 3248532 192447920.00
2024/12/19 56.85 57.91 56.55 57.33 3887237 232403904.00
2024/12/20 57.46 61.41 57.31 60.66 12642101 791899456.00
2024/12/23 61.16 61.21 60.03 60.40 6408783 404547552.00
2024/12/24 60.12 60.95 59.57 60.46 4554485 286250528.00
2024/12/25 60.40 61.23 59.84 60.68 4490941 283449504.00
2024/12/26 60.66 60.94 59.73 59.82 3982452 250065376.00
2024/12/27 59.82 61.06 59.54 60.68 4783425 301380896.00
2024/12/30 60.83 61.72 60.52 60.66 4651763 295471872.00
2024/12/31 60.95 61.61 60.16 60.18 5037700 318957024.00
2025/01/02 60.34 60.83 58.96 59.46 7086340 442697856.00
2025/01/03 59.38 59.72 57.96 58.23 6153232 377262464.00
2025/01/06 57.96 58.63 57.36 58.25 5382209 325579552.00
2025/01/07 58.20 58.20 57.16 57.88 3493363 210418848.00
2025/01/08 57.93 59.81 57.84 59.47 5999143 368633248.00
2025/01/09 59.41 60.63 58.97 59.21 4944251 308399776.00
2025/01/10 59.28 59.84 58.88 59.41 3293866 204301616.00
2025/01/13 59.24 60.66 57.71 58.31 5387756 330468896.00
2025/01/14 58.31 59.63 57.86 59.38 4099636 252048576.00
2025/01/15 59.19 60.11 58.77 59.43 4541050 281080448.00
2025/01/16 59.52 60.45 59.16 59.47 3470513 216206912.00
2025/01/17 59.17 60.45 59.01 60.26 2947176 184136400.00
2025/01/20 60.26 61.03 57.35 58.24 10851597 659585920.00
2025/01/21 58.17 59.40 57.85 59.35 5154980 316397920.00
2025/01/22 59.17 59.52 57.51 58.73 4900759 298080544.00
2025/01/23 58.77 59.16 57.75 57.75 5137904 312128960.00
2025/01/24 57.65 57.76 56.46 57.16 6819460 407787584.00
2025/01/27 57.26 58.55 57.26 58.16 4910432 297638240.00
2025/02/05 58.34 58.51 57.78 57.81 3958059 239849584.00
2025/02/06 57.47 58.31 56.78 57.27 6331309 378586464.00
2025/02/07 57.27 58.05 57.02 57.38 5135053 307982592.00
2025/02/10 57.31 57.31 56.06 56.11 6320860 372748928.00
2025/02/11 56.11 56.32 55.70 55.82 3842061 224640624.00
2025/02/12 55.82 56.45 55.56 56.33 4075350 239484624.00
2025/02/13 56.16 57.35 56.03 57.26 5823173 346613344.00
2025/02/14 56.99 58.76 56.98 57.51 7525628 455073536.00
2025/02/17 57.53 57.68 55.57 56.34 7895865 464836640.00
2025/02/18 56.34 56.94 55.98 56.16 3932674 232112528.00
2025/02/19 56.06 56.28 55.47 56.22 4530652 265055696.00
2025/02/20 55.91 56.41 55.07 55.10 5501807 318843200.00
2025/02/21 54.85 55.26 53.11 53.45 11603619 650902784.00
2025/02/24 53.48 54.25 52.66 52.77 8523300 475371200.00
2025/02/25 52.58 52.58 51.69 51.91 7783396 424833600.00
2025/02/26 51.96 52.21 51.02 51.28 7530814 405653248.00
2025/02/27 51.14 52.19 50.78 52.11 8760240 474086080.00
2025/02/28 52.11 54.64 51.89 53.90 14426919 813836032.00
2025/03/03 53.90 55.95 53.89 54.78 8478888 488341920.00
2025/03/04 54.78 55.76 54.38 55.35 5505122 317917984.00
2025/03/05 55.20 55.43 53.91 54.10 4944486 280877952.00
2025/03/06 54.14 54.23 53.16 53.73 5892354 330470464.00
2025/03/07 53.57 54.61 53.38 54.32 4544389 257063520.00
2025/03/10 54.19 54.53 53.65 54.48 3989133 225995600.00
2025/03/11 54.06 55.73 53.59 55.42 5549446 319820928.00
2025/03/12 55.21 55.85 55.01 55.31 3677904 213162592.00
2025/03/13 55.35 56.43 55.24 56.15 4749822 277913376.00
2025/03/14 55.97 56.94 55.89 56.91 5395440 319178336.00
2025/03/17 56.99 57.07 56.10 56.18 4156270 245115488.00
2025/03/18 56.65 57.56 55.59 55.72 4948201 291181984.00
2025/03/19 56.20 57.17 55.43 55.64 5451376 318681824.00
2025/03/20 55.75 56.67 55.66 56.40 6343269 373099968.00
2025/03/21 56.67 57.46 56.17 56.42 7354706 436400640.00
2025/03/24 56.27 58.70 56.12 58.18 11360304 687176512.00
2025/03/25 58.11 58.76 57.06 57.34 5734893 344950752.00
2025/03/26 57.34 57.45 56.69 57.06 2888451 172179680.00
2025/03/27 57.11 58.06 56.95 57.94 4071499 245267888.00
2025/03/28 57.77 58.11 57.17 57.57 3022571 181737456.00
2025/03/31 57.27 58.54 57.26 57.91 6037072 366050880.00
2025/04/01 57.87 59.34 57.21 59.27 7830457 479279648.00
2025/04/02 59.07 59.17 58.52 58.74 3479850 213477920.00
2025/04/03 58.47 60.26 58.14 60.04 6243499 387621600.00
2025/04/07 58.66 60.34 55.63 58.42 13323485 815748992.00
2025/04/08 58.40 59.10 57.64 58.55 8845796 539115584.00
2025/04/09 58.44 59.86 57.41 59.49 7961998 487290912.00
2025/04/10 59.66 60.23 58.51 59.81 5927173 366417472.00
2025/04/11 59.73 60.86 58.86 59.06 6242124 388173536.00
2025/04/14 58.50 60.15 58.41 58.84 6038551 372126944.00
2025/04/15 59.00 60.66 58.27 60.39 6133406 382395776.00
2025/04/16 60.32 61.01 59.83 60.68 5125370 323467744.00
2025/04/17 60.26 61.31 60.26 60.76 3559495 225834256.00
2025/04/18 60.70 61.09 59.83 59.96 2583720 162189408.00
2025/04/21 59.79 60.64 59.48 60.32 2539087 159179232.00
2025/04/22 60.26 61.54 60.13 60.41 4559943 290042560.00
2025/04/23 60.31 60.66 58.71 59.17 4981916 309355968.00
2025/04/24 59.26 61.08 59.06 60.56 4250325 267864592.00
2025/04/25 60.58 60.80 58.46 58.69 6368122 392894336.00
2025/04/28 56.89 56.89 52.57 52.57 28514656 1598103808.00
2025/04/29 52.96 53.06 50.96 51.46 17168174 927716160.00
2025/04/30 51.82 52.55 51.40 51.87 11925051 650403904.00
2025/05/06 52.12 52.26 51.58 51.66 10579425 574414528.00
2025/05/07 51.96 52.79 51.96 52.59 9435057 519167488.00
2025/05/08 52.47 52.88 52.20 52.74 6421982 354172352.00
2025/05/09 52.89 53.56 52.34 53.22 8162808 452789312.00
2025/05/12 53.35 53.40 52.66 53.10 5957761 330817856.00
2025/05/13 53.19 53.24 52.83 52.97 5695221 316213472.00
2025/05/14 52.93 53.42 52.54 53.26 6396249 355181728.00
2025/05/15 53.18 53.60 52.96 53.41 5997910 335094336.00
2025/05/16 53.31 54.38 53.30 54.25 7602308 430026016.00
2025/05/19 54.25 54.92 53.57 53.77 6531391 370303264.00
2025/05/20 53.79 54.52 53.77 54.37 3919900 222438016.00
2025/05/21 54.35 55.00 54.08 54.24 5475559 312328544.00
2025/05/22 54.14 54.52 53.67 53.82 4469389 252203776.00
2025/05/23 53.86 54.34 53.47 53.48 3635101 205102240.00
2025/05/26 53.46 53.55 52.28 52.39 5815909 321215616.00
2025/05/27 52.53 53.19 52.30 52.83 4440281 245318000.00
2025/05/28 52.71 52.76 51.87 52.36 5752756 315598528.00
2025/05/29 52.35 52.67 52.08 52.52 3743051 205821024.00
2025/05/30 52.67 53.01 52.23 52.27 4404975 242428016.00
2025/06/03 52.06 53.06 51.86 52.95 6438372 353923872.00
2025/06/04 52.95 53.04 52.58 52.76 4517636 250028752.00
2025/06/05 53.11 53.67 52.24 53.33 6029295 328700736.00
2025/06/06 53.37 53.84 53.30 53.66 4652104 255221888.00
2025/06/09 53.65 54.10 53.39 53.75 4560497 251345232.00
2025/06/10 53.88 53.98 53.35 53.43 4533051 248656976.00
2025/06/11 53.47 54.53 53.38 53.83 7447564 412632384.00
2025/06/12 53.84 54.03 52.31 52.47 10109096 545628864.00
2025/06/13 52.33 53.05 51.83 52.61 9128874 490364512.00
2025/06/16 52.28 52.60 51.60 51.67 7290012 387658432.00
2025/06/17 51.73 52.28 50.97 51.18 5382020 283621600.00
2025/06/18 51.23 51.48 51.11 51.11 3228200 169575392.00
2025/06/19 51.13 51.28 50.69 50.82 4328033 226078464.00
2025/06/20 50.82 51.13 50.76 51.02 3290762 171901456.00
2025/06/23 50.90 51.18 50.33 50.68 4032736 209565648.00
2025/06/24 50.89 51.38 50.83 51.33 4220917 221573312.00
2025/06/25 51.38 51.50 50.78 51.00 5062827 264697664.00
2025/06/26 51.14 51.56 50.88 50.98 4907708 257577280.00
2025/06/27 51.03 51.82 51.01 51.29 4959663 261774000.00
2025/06/30 51.32 51.42 50.86 51.03 4514077 236114128.00
2025/07/01 51.13 51.13 50.42 50.45 6073401 315967040.00
2025/07/02 50.44 50.55 49.75 49.91 6313679 323399008.00
2025/07/03 49.90 50.38 49.73 49.83 5013259 256955360.00
2025/07/04 49.76 50.04 49.62 49.89 3472952 177402256.00
2025/07/07 49.90 50.12 49.87 50.01 2883560 147809584.00
2025/07/08 50.01 50.15 49.76 50.11 4548017 233131216.00
2025/07/09 50.11 50.42 49.66 49.73 6917887 354719104.00
2025/07/10 49.73 49.78 48.85 48.98 9624844 484683136.00
2025/07/11 48.92 49.50 48.85 49.28 6001430 302896224.00
2025/07/14 49.30 49.50 48.38 48.44 10431997 522011008.00
2025/07/15 48.45 48.76 47.53 47.77 10223737 503805600.00
2025/07/16 47.77 48.48 47.77 48.18 9087009 450195424.00
2025/07/17 48.25 48.49 47.90 48.31 5377536 265979376.00
2025/07/18 48.32 48.61 48.23 48.55 5642663 280402656.00
2025/07/21 48.58 48.62 48.13 48.33 7351333 364258592.00
2025/07/22 48.33 49.93 48.23 49.88 16720462 845390400.00
2025/07/23 49.89 50.20 49.44 49.72 9685097 494470112.00
2025/07/24 49.72 50.52 49.53 50.32 8801793 452087552.00
2025/07/25 50.34 50.55 49.65 49.71 7511180 385391328.00
2025/07/28 49.51 49.78 49.08 49.31 5994517 303850432.00
2025/07/29 49.38 49.48 48.84 49.13 5499780 276512672.00
2025/07/30 49.13 51.12 48.99 51.01 16431750 850090240.00
2025/07/31 50.73 50.88 49.96 50.33 12047809 621288832.00
2025/08/01 50.33 51.27 50.13 50.43 9007107 467741248.00
2025/08/04 50.43 50.58 49.75 50.26 6233739 320611744.00
2025/08/05 50.26 50.39 49.95 50.38 4386341 225502736.00
2025/08/06 50.39 50.51 49.89 50.03 5290682 271392128.00
2025/08/07 50.03 50.12 49.83 50.00 4081530 209060000.00
2025/08/08 50.00 50.08 49.74 49.83 3534609 180700336.00
2025/08/11 49.88 50.09 49.64 50.00 4663989 238595760.00
2025/08/12 50.03 50.20 49.60 49.67 6759718 345220416.00
2025/08/13 49.68 49.81 49.26 49.32 7201877 364946400.00
2025/08/14 49.35 49.66 48.89 48.92 8835071 446407840.00
2025/08/15 48.88 49.13 48.71 49.06 5746671 288603552.00
2025/08/18 49.22 49.37 48.83 49.13 8768041 441718432.00
2025/08/19 49.15 49.83 49.03 49.41 7589430 384682304.00
2025/08/20 49.28 49.61 49.03 49.54 6573662 332688736.00
2025/08/21 49.62 50.49 49.61 49.86 13592081 698054464.00
2025/08/22 51.28 51.70 50.42 50.90 20589100 1074063872.00
2025/08/25 51.54 51.83 50.94 51.16 16640007 875910656.00
2025/08/26 51.18 51.24 50.60 50.68 11181961 582930944.00
2025/08/27 50.98 51.48 49.91 49.93 13216310 687033472.00
2025/08/28 50.03 50.29 48.89 49.61 11749808 596858048.00
2025/08/29 49.57 50.62 49.57 50.61 11706918 604663296.00
2025/09/01 50.62 51.11 50.24 50.56 12136656 629287936.00
2025/09/02 50.57 50.76 50.08 50.33 9388395 484489760.00
2025/09/03 50.40 50.40 49.13 49.25 10465705 519844352.00
2025/09/04 49.35 49.48 48.54 48.96 7602635 371629472.00
2025/09/05 48.96 49.29 48.82 49.17 4785022 235007792.00
2025/09/08 49.17 49.77 49.02 49.71 6593602 326207264.00
2025/09/09 49.69 49.70 49.02 49.32 7567603 372351584.00
2025/09/10 49.27 49.27 48.90 48.92 6808039 333804384.00
2025/09/11 49.00 49.06 48.60 49.06 7569160 369524640.00
2025/09/12 49.07 49.10 48.61 48.68 8880015 432737984.00
2025/09/15 48.66 48.66 48.02 48.05 10118017 487301280.00
2025/09/16 48.05 48.18 47.55 47.71 8962620 427919968.00
2025/09/17 47.72 47.81 47.40 47.62 8856520 420966944.00
2025/09/18 47.70 47.98 47.30 47.53 10508589 500965568.00
2025/09/19 47.46 47.85 47.02 47.83 7865150 372432000.00
2025/09/22 47.70 47.89 47.15 47.20 6196572 293650560.00
2025/09/23 47.21 47.32 46.09 46.84 10233870 476061888.00
2025/09/24 46.85 48.25 46.83 48.10 10178152 486977440.00
2025/09/25 47.90 47.90 47.34 47.37 7706162 366499296.00
2025/09/26 47.32 48.12 47.20 47.58 8501888 405977920.00
2025/09/29 47.50 47.85 47.01 47.70 5950267 281955040.00
2025/09/30 47.70 47.71 47.21 47.40 5525531 261763456.00
2025/10/09 47.40 47.40 46.73 47.30 7056352 331688800.00
2025/10/10 47.10 47.50 47.04 47.38 5548969 262767280.00
2025/10/13 46.87 47.20 46.63 46.80 7171248 335826176.00
2025/10/14 46.85 47.70 46.71 47.38 8732525 411688640.00
2025/10/15 47.40 48.02 47.17 48.02 7001136 333223360.00
2025/10/16 47.70 48.14 47.57 48.04 6181508 296355872.00
2025/10/17 48.04 48.27 47.73 47.89 6895335 331194592.00
2025/10/20 47.89 47.90 47.25 47.63 4372626 207901168.00
2025/10/21 47.78 48.10 47.59 47.89 4906086 235046928.00
2025/10/22 47.80 48.43 47.75 48.29 4704279 226909360.00
2025/10/23 48.18 48.50 48.01 48.46 4758063 229835232.00
2025/10/24 48.45 48.45 47.70 47.85 5243997 251541520.00
2025/10/27 48.05 48.15 47.79 47.89 6195828 296959872.00
2025/10/28 48.02 48.43 47.40 47.45 8311521 396815936.00
2025/10/29 47.31 47.44 47.08 47.37 4700127 221939280.00
2025/10/30 47.30 47.49 46.90 46.98 6266506 295614144.00
2025/10/31 46.98 47.59 46.81 47.49 6171338 292026336.00
2025/11/03 47.60 47.82 47.50 47.57 5597893 266622784.00
2025/11/04 47.57 47.98 47.41 47.78 7313934 349181248.00
2025/11/05 47.78 48.11 47.50 47.96 5773770 276155776.00
2025/11/06 47.89 47.90 47.54 47.63 5383781 256882064.00
2025/11/07 47.51 48.39 47.47 48.32 8887715 428237248.00
2025/11/10 48.32 48.94 48.12 48.89 9090941 442353600.00
2025/11/11 48.89 48.90 48.45 48.84 6193343 301445792.00
2025/11/12 48.79 49.25 48.75 49.19 8708341 427021280.00
2025/11/13 49.20 49.33 48.70 49.15 8359308 409294400.00
2025/11/14 49.04 49.73 49.04 49.17 7399229 366020288.00
2025/11/17 49.16 49.17 48.36 48.58 6567253 318790560.00
2025/11/18 48.43 48.83 48.33 48.41 3968325 192660976.00
2025/11/19 48.42 48.59 48.18 48.31 3021547 146026320.00
2025/11/20 48.35 48.80 48.18 48.57 4735323 229632928.00
2025/11/21 48.32 48.78 47.96 48.15 8455434 409032800.00
2025/11/24 48.21 48.69 47.30 47.78 11634564 558578176.00
2025/11/25 47.75 47.77 47.29 47.64 6572679 312356352.00
2025/11/26 47.66 48.11 47.28 47.32 5371789 255287856.00
2025/11/27 47.32 47.56 47.03 47.25 4275513 202233024.00
2025/11/28 47.26 47.44 47.10 47.27 4317600 204018416.00
2025/12/01 47.25 47.33 47.05 47.28 7055974 332912224.00
2025/12/02 47.27 47.89 47.17 47.49 8237886 392237600.00
2025/12/03 47.50 48.16 47.37 47.93 6981498 334309888.00
2025/12/04 48.01 48.02 47.52 47.67 4002274 190664256.00
2025/12/05 48.00 48.10 47.61 48.05 6115264 292946080.00
2025/12/08 48.10 48.42 47.84 47.87 5061117 243006544.00
2025/12/09 47.88 47.94 47.22 47.22 5111025 242400560.00
2025/12/10 47.20 47.94 47.12 47.85 5507354 261896464.00
2025/12/11 47.84 48.80 47.78 48.38 9826949 476208256.00
2025/12/12 48.43 49.00 48.13 48.88 10482920 511347904.00
2025/12/15 48.84 49.25 48.68 48.82 6958466 341034944.00
2025/12/16 48.78 48.97 48.26 48.33 4807484 233446512.00
2025/12/17 48.33 48.84 48.06 48.69 4752512 230540016.00
2025/12/18 48.63 49.10 48.53 49.00 4502912 220282016.00
2025/12/19 49.00 49.02 48.58 48.71 5254699 256100832.00
2025/12/22 48.71 49.60 48.51 49.25 6782233 333410144.00
2025/12/23 49.20 49.39 48.96 49.17 5043500 247844560.00
2025/12/24 49.10 49.31 48.90 49.07 4493221 220718544.00
2025/12/25 49.05 49.20 48.90 48.97 3541700 173592784.00
2025/12/26 48.90 49.45 48.82 49.35 4892929 240862752.00
2025/12/29 49.33 49.39 48.82 48.90 3992400 195737344.00
2025/12/30 48.90 48.97 48.66 48.92 3460857 168932768.00
2025/12/31 48.91 49.25 48.54 49.08 5008642 244831504.00
2026/01/05 49.29 49.79 49.12 49.73 8892265 440002880.00
2026/01/06 49.70 51.05 49.64 50.94 13605065 688433664.00
2026/01/07 50.70 50.91 50.18 50.18 6841025 345019936.00
2026/01/08 50.22 50.46 50.04 50.14 4438999 223059472.00
2026/01/09 50.14 50.26 49.65 49.94 6102022 304279712.00
2026/01/12 49.94 50.21 49.66 49.80 5603970 279440640.00
2026/01/13 49.82 50.30 49.33 49.51 6487523 323386336.00
2026/01/14 49.49 49.85 48.45 48.95 10763821 529665664.00
2026/01/15 48.77 49.35 48.72 49.22 6053372 297093024.00
2026/01/16 49.03 49.31 48.76 49.12 4494379 220175376.00
2026/01/19 48.93 49.38 48.72 49.04 4259100 208852560.00
2026/01/20 49.00 49.98 48.91 49.85 6992909 346918400.00
2026/01/21 50.00 50.98 49.80 50.15 8306230 419055840.00
2026/01/22 50.25 50.50 49.73 50.09 4314300 215779584.00
2026/01/23 50.06 50.44 49.83 50.23 4034866 202523264.00
2026/01/26 50.23 50.65 50.06 50.52 7111162 358415872.00
2026/01/27 50.50 50.77 50.10 50.35 6451602 325328000.00
2026/01/28 50.35 50.53 49.78 50.35 8416455 422487296.00
2026/01/29 50.15 51.18 50.12 51.03 11768819 599172096.00
2026/01/30 51.08 52.20 50.63 50.63 14522598 746070784.00
2026/02/02 50.63 52.44 50.49 51.39 16663705 862591488.00
2026/02/03 51.68 53.18 51.43 52.90 15213852 800398336.00
2026/02/04 53.87 55.05 53.08 54.98 20258832 1103522432.00
2026/02/05 54.98 55.76 54.52 55.30 13395422 739381248.00
2026/02/06 55.61 56.29 54.37 54.37 10643087 584951616.00
2026/02/09 54.37 56.55 54.21 56.40 13587453 757598144.00
2026/02/10 56.40 56.50 54.99 55.26 6995834 387313632.00
2026/02/11 55.07 56.13 54.82 55.44 5683509 315944416.00
2026/02/12 55.21 55.56 54.66 54.78 4757013 261581872.00
2026/02/13 54.77 55.46 54.54 54.86 5472698 301146912.00
2026/02/24 55.06 55.75 54.60 55.15 5739220 316742752.00
2026/02/25 55.15 55.71 54.95 55.35 4937280 273450240.00
#Ъ§ОнРДдД:ЭЈДяаХ
