000609 STжаЕЯ ШеЯп ЧАИДШЈ
      ШеЦк	    ПЊХЬ	    зюИп	    зюЕЭ	    ЪеХЬ	    ГЩНЛСП	    ГЩНЛЖю
2021/08/02 2.99 3.00 2.93 2.99 1919532 5687008.00
2021/08/03 2.96 3.14 2.95 3.14 2300710 7026238.50
2021/08/04 3.30 3.30 3.30 3.30 456800 1507440.00
2021/08/05 3.47 3.47 3.37 3.47 16202558 55940612.00
2021/08/06 3.53 3.64 3.49 3.64 7748399 27884036.00
2021/08/09 3.79 3.82 3.73 3.82 3822507 14521408.00
2021/08/10 3.69 3.95 3.65 3.68 18755661 70351864.00
2021/08/11 3.65 3.86 3.58 3.86 6932936 25757074.00
2021/08/12 3.92 4.05 3.83 3.90 19737197 79091064.00
2021/08/13 3.84 4.10 3.76 3.96 15076239 59175008.00
2021/08/16 3.94 4.16 3.88 4.13 21261987 87595040.00
2021/08/17 4.01 4.19 3.92 3.92 18776553 75702808.00
2021/08/18 3.86 4.12 3.86 4.12 16032487 65540912.00
2021/08/19 4.08 4.15 3.91 3.92 13453850 54247664.00
2021/08/20 3.95 3.97 3.77 3.94 8788452 34223736.00
2021/08/23 3.93 4.14 3.90 4.09 6588758 26606766.00
2021/08/24 4.06 4.18 4.02 4.06 7732292 31491652.00
2021/08/25 4.02 4.09 3.98 4.06 4467767 18082652.00
2021/08/26 4.07 4.26 4.04 4.26 11306120 47984596.00
2021/08/27 4.22 4.47 4.22 4.47 5666090 24971664.00
2021/08/30 4.69 4.69 4.57 4.69 3102621 14538439.00
2021/08/31 4.92 4.92 4.92 4.92 1487278 7317408.00
2021/09/01 5.17 5.17 4.67 4.82 19871767 97326248.00
2021/09/02 4.76 5.06 4.71 4.80 14690047 72230432.00
2021/09/03 5.04 5.04 4.80 4.96 18937698 94010712.00
2021/09/06 4.74 5.06 4.71 4.85 15442317 74777992.00
2021/09/07 5.08 5.09 4.94 5.09 12020846 60867476.00
2021/09/08 5.34 5.34 5.34 5.34 1229900 6567666.00
2021/09/09 5.61 5.61 5.61 5.61 1071700 6012237.00
2021/09/10 5.85 5.89 5.62 5.89 33047429 193601968.00
2021/09/13 5.91 6.14 5.74 5.96 19111825 112752880.00
2021/09/14 5.89 5.96 5.66 5.68 15258424 87867792.00
2021/09/15 5.42 5.63 5.40 5.40 15643767 84756264.00
2021/09/16 5.36 5.53 5.13 5.13 13965802 73690232.00
2021/09/17 5.14 5.18 4.87 4.92 10667729 52981480.00
2021/09/22 4.86 5.08 4.71 4.95 8392400 41179120.00
2021/09/23 4.85 4.98 4.70 4.91 14196478 67620880.00
2021/09/24 4.84 4.85 4.66 4.66 9152600 43123604.00
2021/09/27 4.50 4.56 4.43 4.43 5534986 24615980.00
2021/09/28 4.54 4.56 4.21 4.21 14532208 62112336.00
2021/09/29 4.15 4.24 4.01 4.17 9896595 40602240.00
2021/09/30 4.34 4.38 4.30 4.38 2976613 12964157.00
2021/10/08 4.60 4.60 4.35 4.52 13676610 61497572.00
2021/10/11 4.55 4.75 4.50 4.75 6187054 28645228.00
2021/10/12 4.80 4.99 4.73 4.99 11609434 57381548.00
2021/10/13 4.89 5.11 4.88 4.90 8272581 41105720.00
2021/10/14 4.91 4.92 4.66 4.66 5767401 27056014.00
2021/10/15 4.43 4.64 4.43 4.51 9698800 43444496.00
2021/10/18 4.53 4.53 4.28 4.34 7881300 34021540.00
2021/10/19 4.34 4.46 4.26 4.29 5633527 24381488.00
2021/10/20 4.25 4.38 4.13 4.38 6363729 26929354.00
2021/10/21 4.25 4.35 4.22 4.27 3568500 15260203.00
2021/10/22 4.22 4.25 4.10 4.17 4534102 18822142.00
2021/10/25 4.14 4.14 3.96 3.96 6209000 24836094.00
2021/10/26 4.11 4.16 4.03 4.16 1888353 7800614.50
2021/10/27 4.30 4.37 4.25 4.37 6650823 28915450.00
2021/10/28 4.59 4.59 4.50 4.59 4977400 22830780.00
2021/10/29 4.66 4.76 4.47 4.71 11767652 54202876.00
2021/11/01 4.64 4.95 4.56 4.95 7885313 37868252.00
2021/11/02 4.90 4.97 4.70 4.70 7930727 38269964.00
2021/11/03 4.63 4.90 4.56 4.82 7281040 34157404.00
2021/11/04 4.77 4.87 4.71 4.80 5312889 25338324.00
2021/11/05 4.74 5.04 4.71 4.91 7769336 38080964.00
2021/11/08 4.83 5.10 4.76 4.99 6613470 32615416.00
2021/11/09 4.96 5.24 4.94 5.24 12966600 67405984.00
2021/11/10 5.15 5.20 5.05 5.09 9870300 50514476.00
2021/11/11 5.05 5.32 5.05 5.13 8842666 45842368.00
2021/11/12 5.02 5.11 4.98 5.09 6347923 32069784.00
2021/11/15 5.01 5.30 4.99 5.12 5197996 26737300.00
2021/11/16 5.12 5.29 5.06 5.25 6645999 34547420.00
2021/11/17 5.27 5.45 5.23 5.41 6135972 32982144.00
2021/11/18 5.37 5.54 5.28 5.38 7356702 39718340.00
2021/11/19 5.40 5.65 5.31 5.62 8640929 48127648.00
2021/11/22 5.51 5.83 5.50 5.78 7967340 45020452.00
2021/11/23 5.75 5.75 5.49 5.49 9344700 52137984.00
2021/11/24 5.22 5.35 5.22 5.22 14101755 73861952.00
2021/11/25 5.20 5.48 5.18 5.33 11904458 64081860.00
2021/11/26 5.31 5.60 5.27 5.60 14677278 81362824.00
2021/11/29 5.68 5.75 5.36 5.48 13588750 75952016.00
2021/11/30 5.26 5.75 5.21 5.21 26154073 141493424.00
2021/12/01 4.95 4.95 4.95 4.95 3312600 16397370.00
2021/12/02 4.83 5.10 4.77 4.90 15389725 75210312.00
2021/12/03 4.83 4.84 4.66 4.72 9999398 47270848.00
2021/12/06 4.71 4.89 4.60 4.77 4794763 23013778.00
2021/12/07 4.79 5.01 4.78 5.01 5831169 29008082.00
2021/12/08 5.11 5.13 4.92 4.94 7247022 36316844.00
2021/12/09 5.00 5.04 4.89 4.99 3110611 15430724.00
2021/12/10 5.03 5.07 4.92 4.98 3366521 16793346.00
2021/12/13 4.92 5.03 4.80 4.83 4110501 20201444.00
2021/12/14 4.79 4.86 4.66 4.76 3133000 14796435.00
2021/12/15 4.74 4.90 4.72 4.78 2022400 9694506.00
2021/12/16 4.80 4.83 4.75 4.75 1536200 7337412.00
2021/12/17 4.75 4.79 4.66 4.73 1812900 8559014.00
2021/12/20 4.68 4.76 4.50 4.56 2555792 11857213.00
2021/12/21 4.56 4.79 4.38 4.79 4156610 19144278.00
2021/12/22 4.79 4.96 4.70 4.74 2930500 14162607.00
2021/12/23 4.62 4.76 4.62 4.70 1427490 6708961.50
2021/12/24 4.77 4.92 4.72 4.79 2184600 10553440.00
2021/12/27 4.78 4.93 4.74 4.84 2049002 9955912.00
2021/12/28 4.81 4.88 4.79 4.81 1110200 5355420.00
2021/12/29 4.79 4.86 4.75 4.80 1366800 6551573.00
2021/12/30 5.03 5.04 4.83 4.87 4350202 21565318.00
2021/12/31 4.78 4.88 4.74 4.84 2569590 12367258.00
2022/01/04 4.84 4.95 4.79 4.82 2433306 11787223.00
2022/01/05 4.86 4.89 4.75 4.82 2193100 10563886.00
2022/01/06 4.81 4.89 4.76 4.81 1767810 8519958.00
2022/01/07 4.80 4.83 4.79 4.83 2283600 10979758.00
2022/01/10 4.82 4.87 4.74 4.76 1712360 8207635.00
2022/01/11 4.80 4.82 4.75 4.79 1629800 7801350.50
2022/01/12 4.80 4.82 4.74 4.78 1491111 7100443.00
2022/01/13 4.83 5.02 4.73 4.77 3842508 18725922.00
2022/01/14 4.75 4.79 4.61 4.75 1549156 7332151.00
2022/01/17 4.51 4.68 4.51 4.52 5313400 24204740.00
2022/01/18 4.68 4.68 4.56 4.65 2350098 10907125.00
2022/01/19 4.64 4.88 4.58 4.84 3770802 18144118.00
2022/01/20 4.94 4.94 4.83 4.83 2564410 12512353.00
2022/01/21 4.93 4.93 4.78 4.82 1582810 7628793.00
2022/01/24 4.77 4.82 4.73 4.75 927400 4422636.00
2022/01/25 4.73 4.77 4.51 4.53 1638000 7539442.00
2022/01/26 4.50 4.60 4.46 4.58 1134900 5165453.00
2022/01/27 4.59 4.61 4.38 4.39 1848800 8324381.00
2022/01/28 4.39 4.53 4.37 4.46 1063400 4748409.00
2022/02/07 4.46 4.53 4.40 4.49 792587 3549732.50
2022/02/08 4.50 4.66 4.50 4.62 787278 3610223.00
2022/02/09 4.66 4.69 4.65 4.66 824700 3846597.25
2022/02/10 4.67 4.78 4.63 4.76 1352500 6348875.00
2022/02/11 4.77 4.81 4.68 4.68 982100 4655977.00
2022/02/14 4.66 4.68 4.49 4.62 1192900 5510425.00
2022/02/15 4.63 4.66 4.56 4.57 984232 4514491.00
2022/02/16 4.61 4.62 4.54 4.58 979900 4478291.00
2022/02/17 4.58 4.64 4.57 4.58 1031600 4739011.00
2022/02/18 4.58 4.63 4.51 4.62 1796210 8250827.50
2022/02/21 4.58 4.62 4.54 4.59 1428300 6541510.00
2022/02/22 4.56 4.59 4.52 4.53 1174200 5339493.00
2022/02/23 4.53 4.58 4.52 4.54 1548274 7026489.00
2022/02/24 4.53 4.64 4.39 4.47 2643500 11920270.00
2022/02/25 4.46 4.53 4.46 4.47 762327 3432510.00
2022/02/28 4.47 4.53 4.39 4.45 746928 3311178.25
2022/03/01 4.44 4.67 4.43 4.67 3829428 17641382.00
2022/03/02 4.67 4.78 4.65 4.77 3572502 16849126.00
2022/03/03 4.79 5.01 4.75 5.01 6052053 29981390.00
2022/03/04 5.18 5.23 4.97 5.03 8267648 42320972.00
2022/03/07 5.04 5.23 4.78 4.78 10174000 50603820.00
2022/03/08 4.54 4.62 4.54 4.54 6138532 27943540.00
2022/03/09 4.50 4.55 4.32 4.45 4203319 18694802.00
2022/03/10 4.55 4.61 4.49 4.54 3942500 18012392.00
2022/03/11 4.59 4.76 4.55 4.72 5881100 27453220.00
2022/03/14 4.75 4.75 4.54 4.56 2876400 13362151.00
2022/03/15 4.50 4.54 4.33 4.33 3457600 15206570.00
2022/03/16 4.43 4.43 4.23 4.39 3003757 13050536.00
2022/03/17 4.41 4.47 4.33 4.35 3434754 15053503.00
2022/03/18 4.30 4.47 4.30 4.45 2072610 9118807.00
2022/03/21 4.40 4.53 4.40 4.49 1601900 7168666.00
2022/03/22 4.48 4.62 4.43 4.60 2163557 9820676.00
2022/03/23 4.57 4.74 4.57 4.73 2487020 11621385.00
2022/03/24 4.70 4.81 4.60 4.72 2793337 13125264.00
2022/03/25 4.72 4.81 4.60 4.68 2164500 10237705.00
2022/03/28 4.65 4.65 4.51 4.57 1999500 9131944.00
2022/03/29 4.60 4.62 4.53 4.57 1000200 4570137.00
2022/03/30 4.56 4.66 4.56 4.63 1442310 6680162.00
2022/03/31 4.60 4.79 4.60 4.71 2719110 12855672.00
2022/04/01 4.67 4.78 4.67 4.76 1270300 6037412.00
2022/04/06 4.81 4.84 4.74 4.79 2312000 11082922.00
2022/04/07 4.79 4.80 4.55 4.77 6885507 31917520.00
2022/04/08 4.74 4.92 4.72 4.90 5942478 28882976.00
2022/04/11 4.90 4.95 4.72 4.87 6211908 30048580.00
2022/04/12 5.11 5.11 4.90 4.99 12271974 62022148.00
2022/04/13 4.86 5.08 4.85 4.98 6660759 33074958.00
2022/04/14 4.98 5.02 4.87 4.89 3973900 19599198.00
2022/04/15 4.86 4.97 4.85 4.87 2700899 13257871.00
2022/04/18 4.88 4.92 4.77 4.82 2180600 10515507.00
2022/04/19 4.81 4.93 4.75 4.88 2008900 9758651.00
2022/04/20 4.88 4.90 4.67 4.72 2701242 12918459.00
2022/04/21 4.65 4.78 4.53 4.60 2758242 12779742.00
2022/04/22 4.57 4.59 4.45 4.51 1633586 7387219.50
2022/04/25 4.48 4.59 4.28 4.28 2816600 12409536.00
2022/04/26 4.29 4.38 4.13 4.26 1475301 6288134.50
2022/04/27 4.06 4.27 4.05 4.15 3214451 13164168.00
2022/04/28 4.05 4.05 3.94 3.94 3468556 13746141.00
2022/04/29 3.89 4.14 3.87 4.14 2604502 10631092.00
2022/05/05 4.19 4.23 4.11 4.21 1689080 7025261.50
2022/05/06 4.19 4.19 4.04 4.09 1075410 4404207.50
2022/05/09 4.09 4.21 4.02 4.19 1127300 4669226.00
2022/05/10 4.16 4.40 4.13 4.32 2733400 11815057.00
2022/05/11 4.32 4.43 4.32 4.36 1840780 8074724.00
2022/05/12 4.35 4.48 4.33 4.45 1968011 8688495.00
2022/05/16 4.90 4.90 4.90 4.90 537820 2635318.00
2022/05/17 5.39 5.39 5.39 5.39 1340493 7225257.50
2022/05/18 5.50 5.93 5.40 5.93 38095112 219681488.00
2022/05/19 6.00 6.52 6.00 6.52 40504894 258016112.00
2022/05/20 6.99 7.17 6.33 6.61 88956717 619752704.00
2022/05/23 5.95 5.95 5.95 5.95 7499700 44623216.00
2022/05/24 5.36 5.68 5.36 5.36 61461270 334876640.00
2022/05/25 5.16 5.28 4.93 5.10 37054700 189418912.00
2022/05/26 5.08 5.28 5.04 5.10 23764950 122035544.00
2022/05/27 5.09 5.09 4.90 4.92 21629294 107428160.00
2022/05/30 4.96 5.01 4.78 4.98 19188966 94199448.00
2022/05/31 5.03 5.10 4.90 5.09 15426683 77108552.00
2022/06/01 5.06 5.06 4.96 4.99 9894300 49548888.00
2022/06/02 4.94 5.21 4.94 5.04 12098000 61179344.00
2022/06/06 5.01 5.07 4.95 5.00 10630204 53159852.00
2022/06/07 5.02 5.12 4.93 5.11 13044648 65774672.00
2022/06/08 5.11 5.12 4.95 5.01 9011200 45298860.00
2022/06/09 5.00 5.41 4.96 5.24 24607136 128222752.00
2022/06/10 5.10 5.18 5.02 5.11 15539284 78848648.00
2022/06/13 5.02 5.08 4.90 4.91 12689900 63166320.00
2022/06/14 4.88 5.02 4.82 5.00 7630707 37637636.00
2022/06/15 5.01 5.15 4.95 5.03 11605085 58765588.00
2022/06/16 5.03 5.23 5.03 5.06 9285883 47484152.00
2022/06/17 5.06 5.10 4.98 5.00 7334122 36862900.00
2022/06/20 5.00 5.07 4.99 5.03 6011416 30230330.00
2022/06/21 5.07 5.38 5.06 5.17 14588210 76131376.00
2022/06/22 5.18 5.65 5.10 5.48 25107498 134809632.00
2022/06/23 5.37 5.38 5.21 5.29 15480842 81814248.00
2022/06/24 5.31 5.35 5.19 5.33 10480500 55038744.00
2022/06/27 5.34 5.41 5.23 5.27 8849301 47060292.00
2022/06/28 5.26 5.31 5.22 5.23 6950116 36508352.00
2022/06/29 5.23 5.28 5.19 5.25 7441432 38991008.00
2022/06/30 5.27 5.33 5.14 5.16 7375432 38404240.00
2022/07/01 5.12 5.21 5.07 5.14 4572500 23564088.00
2022/07/04 5.20 5.21 5.08 5.09 5519000 28333688.00
2022/07/05 5.10 5.25 5.06 5.11 5680900 29232748.00
2022/07/06 5.12 5.13 5.02 5.11 3925092 19909512.00
2022/07/07 5.11 5.19 5.08 5.12 3540127 18189184.00
2022/07/08 5.15 5.16 5.08 5.08 3688502 18838982.00
2022/07/11 5.08 5.15 5.05 5.14 3143392 16055340.00
2022/07/12 5.15 5.21 5.10 5.21 4514600 23308128.00
2022/07/13 5.21 5.34 5.17 5.32 7266301 38401512.00
2022/07/14 5.33 5.38 5.07 5.09 8487700 43860928.00
2022/07/15 5.02 5.08 4.96 4.96 5660200 28328608.00
2022/07/18 4.95 5.19 4.95 5.14 6120241 31293886.00
2022/07/19 5.15 5.23 5.11 5.18 3412400 17621232.00
2022/07/20 5.18 5.21 5.14 5.19 2495401 12912349.00
2022/07/21 5.19 5.27 5.16 5.23 4502801 23528494.00
2022/07/22 5.26 5.42 5.25 5.29 8460900 45110284.00
2022/07/25 5.29 5.41 5.26 5.33 6099020 32638420.00
2022/07/26 5.33 5.53 5.31 5.53 9360821 51021280.00
2022/07/27 5.50 5.60 5.36 5.38 8102142 43878988.00
2022/07/28 5.38 5.43 5.30 5.35 5762641 30838844.00
2022/07/29 5.38 5.40 5.25 5.28 4573901 24332278.00
2022/08/01 5.25 5.28 5.16 5.17 3773202 19581504.00
2022/08/02 5.13 5.15 4.84 4.92 8197541 40499704.00
2022/08/03 4.93 5.09 4.92 4.98 5372766 26830838.00
2022/08/04 4.99 5.05 4.91 5.00 5264500 26169240.00
2022/08/05 5.02 5.02 4.91 4.97 5092155 25214758.00
2022/08/08 5.00 5.09 4.96 5.08 3654385 18449464.00
2022/08/09 5.08 5.12 5.00 5.01 3688800 18561124.00
2022/08/10 5.01 5.06 4.98 5.04 2738500 13756364.00
2022/08/11 5.07 5.13 5.03 5.06 3438100 17490190.00
2022/08/12 5.07 5.12 5.04 5.08 2886801 14666733.00
2022/08/15 5.11 5.14 5.06 5.08 3346601 17066608.00
2022/08/16 5.08 5.59 5.08 5.59 10547786 57104608.00
2022/08/17 5.43 5.86 5.30 5.53 25617743 143090640.00
2022/08/18 5.45 5.65 5.34 5.40 13598208 73806576.00
2022/08/19 5.40 5.55 5.38 5.45 8650258 47251720.00
2022/08/22 5.38 5.62 5.33 5.57 9615474 52858640.00
2022/08/23 5.51 5.75 5.50 5.72 11973301 67935928.00
2022/08/24 5.71 5.77 5.46 5.47 10385700 58051120.00
2022/08/25 5.54 5.63 5.40 5.46 7150900 39277904.00
2022/08/26 5.45 5.58 5.40 5.50 5886900 32364260.00
2022/08/29 5.40 5.61 5.32 5.61 6453700 35533964.00
2022/08/30 5.62 6.17 5.61 5.91 26816976 158559248.00
2022/08/31 5.92 6.29 5.81 5.87 28358806 171029616.00
2022/09/01 5.65 6.09 5.65 5.87 20486277 120774968.00
2022/09/02 6.00 6.13 5.87 5.99 16172129 97326960.00
2022/09/05 6.01 6.17 5.92 6.10 13720023 83129304.00
2022/09/06 6.07 6.44 6.07 6.33 16691758 104820216.00
2022/09/07 6.30 6.33 6.10 6.16 10584200 65400732.00
2022/09/08 6.17 6.23 5.97 6.04 10084450 60811528.00
2022/09/09 6.06 6.12 6.00 6.01 5776339 34937672.00
2022/09/13 6.01 6.05 5.86 5.93 6323409 37569304.00
2022/09/14 5.86 5.97 5.85 5.93 3786609 22444818.00
2022/09/15 5.93 6.06 5.79 5.93 6894300 40772640.00
2022/09/16 5.82 5.97 5.74 5.75 6756700 39517044.00
2022/09/19 5.72 5.77 5.57 5.73 5921100 33546592.00
2022/09/20 5.76 5.91 5.70 5.73 3863400 22363656.00
2022/09/21 5.80 6.30 5.62 6.30 9519156 57669808.00
2022/09/22 6.35 6.50 6.13 6.20 27045185 170696944.00
2022/09/23 6.18 6.37 5.81 5.94 27281700 166099280.00
2022/09/26 5.82 6.53 5.81 6.53 36592035 230214448.00
2022/09/27 6.64 6.79 6.17 6.33 38995862 247366240.00
2022/09/28 6.25 6.37 6.17 6.26 26374326 164981248.00
2022/09/29 6.24 6.28 5.63 5.63 26981373 157895200.00
2022/09/30 5.34 5.49 5.07 5.25 25071195 132082576.00
2022/10/10 5.25 5.47 5.18 5.22 14334900 76524208.00
2022/10/11 5.15 5.36 5.15 5.26 9701000 51113960.00
2022/10/12 5.36 5.59 5.28 5.57 13453199 73296472.00
2022/10/13 5.53 5.53 5.37 5.37 10790483 58620080.00
2022/10/14 5.39 5.45 5.35 5.42 7812600 42176752.00
2022/10/17 5.32 5.52 5.32 5.49 6644077 36074308.00
2022/10/18 5.50 5.62 5.44 5.57 7589700 41964984.00
2022/10/19 5.51 5.80 5.49 5.65 9500001 53394912.00
2022/10/20 5.60 5.66 5.45 5.47 8832594 48826204.00
2022/10/21 5.76 6.02 5.62 5.70 27356554 159524656.00
2022/10/24 5.61 5.73 5.41 5.47 18072291 101080696.00
2022/10/25 5.45 5.53 5.34 5.38 7773700 41998560.00
2022/10/26 5.39 5.46 5.36 5.41 6705521 36235244.00
2022/10/27 5.42 5.95 5.39 5.93 37416106 218560912.00
2022/10/28 5.73 5.81 5.52 5.66 22313100 126460344.00
2022/10/31 5.61 5.88 5.61 5.70 15836519 90822608.00
2022/11/01 5.70 5.72 5.55 5.66 9197600 51657268.00
2022/11/02 5.66 5.69 5.52 5.59 10468200 58397304.00
2022/11/03 5.55 5.65 5.47 5.60 6306400 35095632.00
2022/11/04 5.66 5.66 5.54 5.62 10045945 56230704.00
2022/11/07 5.62 6.08 5.60 5.95 22340737 131290504.00
2022/11/08 6.02 6.15 5.94 5.99 13841338 83331664.00
2022/11/09 6.16 6.35 6.05 6.08 12980002 80054424.00
2022/11/10 6.10 6.49 6.01 6.26 20970372 132172176.00
2022/11/11 6.27 6.69 6.27 6.54 22751377 148386416.00
2022/11/14 6.57 6.72 6.29 6.33 18012905 115568528.00
2022/11/15 6.33 6.65 6.30 6.57 18292537 119338336.00
2022/11/16 6.57 6.77 6.47 6.48 14803791 97071264.00
2022/11/17 6.42 6.52 6.38 6.47 7844500 50520320.00
2022/11/18 6.43 6.62 6.30 6.50 11026600 71155432.00
2022/11/21 6.50 6.70 6.37 6.57 10728850 70440560.00
2022/11/22 6.58 6.68 6.52 6.62 7380143 48695164.00
2022/11/23 6.65 6.65 6.26 6.43 10474920 67109120.00
2022/11/24 6.48 6.61 6.42 6.49 7618252 49680088.00
2022/11/25 6.53 6.58 6.38 6.49 7681700 49802236.00
2022/11/28 6.38 6.45 6.27 6.45 6343100 40590888.00
2022/11/29 6.98 6.98 6.40 6.65 19422893 127900824.00
2022/11/30 6.60 6.65 6.35 6.42 15608881 101278936.00
2022/12/01 6.46 6.63 6.34 6.49 10342085 67265496.00
2022/12/02 6.40 6.51 6.34 6.50 7017700 45160352.00
2022/12/05 6.65 6.79 6.53 6.61 13043312 86586488.00
2022/12/06 6.53 6.81 6.53 6.64 8691100 57610796.00
2022/12/07 6.60 6.65 6.50 6.50 6348300 41609008.00
2022/12/08 6.55 6.60 6.40 6.50 4781195 30973900.00
2022/12/09 6.50 6.53 6.35 6.46 6867700 44239352.00
2022/12/12 6.46 6.50 6.35 6.50 5851421 37672872.00
2022/12/13 6.50 7.15 6.45 7.15 34819478 243772832.00
2022/12/14 7.06 7.36 6.73 6.78 29892248 210214800.00
2022/12/15 6.82 6.90 6.68 6.77 10028814 68101968.00
2022/12/16 6.88 7.14 6.50 6.59 16518426 111885568.00
2022/12/19 6.54 6.67 6.19 6.25 12607345 80139768.00
2022/12/20 6.20 6.42 5.96 6.29 9518700 59370032.00
2022/12/21 6.31 6.38 6.22 6.23 4829300 30319720.00
2022/12/22 6.35 6.66 6.24 6.42 8835294 57110500.00
2022/12/23 6.33 6.52 6.32 6.40 4184601 26796928.00
2022/12/26 6.45 6.45 6.33 6.39 3908900 24894600.00
2022/12/27 6.41 6.43 6.32 6.35 3447358 21928182.00
2022/12/28 6.37 6.75 6.30 6.66 10321700 68050208.00
2022/12/29 6.66 6.66 6.21 6.24 10087058 64643440.00
2022/12/30 6.25 6.55 6.16 6.50 8096100 51779032.00
2023/01/03 6.48 6.62 6.44 6.62 5120026 33612656.00
2023/01/04 6.62 6.92 6.54 6.70 7268926 49123540.00
2023/01/05 6.76 6.80 6.57 6.72 6129600 41017376.00
2023/01/06 6.74 6.79 6.57 6.57 5862450 38960744.00
2023/01/09 6.72 6.85 6.56 6.66 6580001 44119996.00
2023/01/10 6.63 6.78 6.56 6.56 5232145 34772304.00
2023/01/11 6.56 6.62 6.43 6.43 4222801 27401750.00
2023/01/12 6.40 6.46 6.25 6.30 4781200 30372136.00
2023/01/13 6.30 6.32 6.15 6.27 5164102 32208920.00
2023/01/16 6.29 6.29 6.02 6.09 9918702 60419716.00
2023/01/17 6.09 6.25 6.07 6.15 5786079 35651528.00
2023/01/18 6.20 6.21 6.10 6.16 3646909 22471554.00
2023/01/19 6.16 6.16 6.08 6.12 3411593 20888970.00
2023/01/20 6.10 6.10 5.54 5.65 18425420 104434472.00
2023/01/30 5.61 5.61 5.41 5.59 16811683 93026408.00
2023/01/31 5.58 6.15 5.49 6.15 18215160 105896832.00
2023/02/01 6.26 6.26 5.93 6.07 30683140 186081600.00
2023/02/02 6.07 6.11 5.87 5.92 20585693 122563360.00
2023/02/03 5.87 5.88 5.75 5.82 13756426 79765768.00
2023/02/06 5.80 5.93 5.77 5.85 13058608 76441952.00
2023/02/07 5.83 5.90 5.79 5.88 11090449 64842396.00
2023/02/08 5.88 6.05 5.85 5.91 10791857 64117888.00
2023/02/09 5.82 5.94 5.81 5.89 6328501 37238492.00
2023/02/10 5.90 6.05 5.88 5.96 9788212 58555196.00
2023/02/13 6.00 6.14 5.95 6.09 11935982 72501136.00
2023/02/14 6.15 6.15 5.98 6.00 9230765 55793644.00
2023/02/15 5.99 6.02 5.87 5.92 6519201 38565340.00
2023/02/16 5.92 5.95 5.71 5.75 7990024 46740224.00
2023/02/17 5.76 5.87 5.73 5.75 5440500 31513152.00
2023/02/20 5.63 5.84 5.60 5.71 9886595 56138156.00
2023/02/21 5.75 5.82 5.68 5.69 6304350 36173764.00
2023/02/22 5.69 5.71 5.62 5.67 4577951 25893784.00
2023/02/23 5.69 5.74 5.67 5.69 5233800 29821338.00
2023/02/24 5.66 5.71 5.59 5.67 4586410 25829518.00
2023/02/27 5.71 5.72 5.58 5.59 4527279 25544978.00
2023/02/28 5.61 5.65 5.58 5.65 3293200 18498644.00
2023/03/01 5.65 5.70 5.61 5.69 3431540 19456396.00
2023/03/02 5.70 5.72 5.62 5.62 3706055 20967116.00
2023/03/03 5.62 5.68 5.61 5.64 3956901 22295202.00
2023/03/06 5.66 5.66 5.50 5.54 5593000 30965762.00
2023/03/07 5.54 5.57 5.45 5.45 3887979 21402748.00
2023/03/08 5.45 5.56 5.40 5.55 3258624 17963210.00
2023/03/09 5.54 5.56 5.51 5.51 1802400 9962469.00
2023/03/10 5.52 5.52 5.41 5.43 2334900 12726579.00
2023/03/13 5.45 5.45 5.28 5.34 4913600 26236646.00
2023/03/14 5.34 5.39 5.14 5.24 6161601 32266182.00
2023/03/15 5.26 5.35 5.16 5.28 4113500 21781608.00
2023/03/16 5.28 5.33 5.17 5.18 3575300 18692448.00
2023/03/17 5.24 5.28 5.19 5.21 2631400 13780627.00
2023/03/20 5.18 5.24 5.08 5.10 4688000 24077000.00
2023/03/21 5.10 5.24 5.07 5.23 3989700 20648156.00
2023/03/22 5.24 5.31 5.19 5.27 2704300 14243280.00
2023/03/23 5.27 5.31 5.22 5.27 3874101 20436054.00
2023/03/24 5.30 5.32 5.23 5.30 2814243 14855951.00
2023/03/27 5.30 5.34 5.23 5.23 2448010 12899856.00
2023/03/28 5.23 5.27 5.14 5.15 2425200 12558068.00
2023/03/29 5.16 5.19 5.04 5.06 2937200 14920229.00
2023/03/30 5.06 5.07 4.95 4.99 3786800 18896808.00
2023/03/31 5.00 5.08 5.00 5.02 3056345 15382000.00
2023/04/03 5.06 5.09 4.99 5.09 2741445 13858420.00
2023/04/04 5.08 5.08 4.92 4.94 3321300 16546997.00
2023/04/06 4.93 4.96 4.79 4.89 5622900 27351308.00
2023/04/07 4.88 5.06 4.86 5.05 4812701 24117506.00
2023/04/10 5.05 5.05 4.88 4.91 4512159 22251444.00
2023/04/11 4.90 4.94 4.84 4.91 3853900 18826400.00
2023/04/12 4.93 5.03 4.89 5.03 4649601 23088670.00
2023/04/13 5.01 5.08 4.98 5.05 3490800 17590902.00
2023/04/14 5.07 5.10 4.95 4.96 2738600 13704304.00
2023/04/17 4.98 4.99 4.89 4.93 2361901 11635383.00
2023/04/18 4.97 4.97 4.77 4.78 4322100 20848710.00
2023/04/19 4.80 4.80 4.58 4.59 6667800 30952156.00
2023/04/20 4.61 4.62 4.42 4.49 7809301 34986060.00
2023/04/21 4.53 4.63 4.41 4.44 4949312 22272902.00
2023/04/24 4.40 4.49 4.29 4.40 5534241 24292534.00
2023/04/25 4.38 4.43 4.29 4.38 4000401 17407958.00
2023/04/26 4.37 4.49 4.34 4.48 3753900 16702045.00
2023/04/27 4.49 4.52 4.38 4.38 3834610 17057264.00
2023/04/28 4.38 4.56 4.36 4.52 5074400 22777660.00
2023/05/04 4.63 4.88 4.63 4.83 12087602 58098144.00
2023/05/05 4.88 4.99 4.84 4.98 8537700 41958352.00
2023/05/08 4.96 4.98 4.83 4.84 4636600 22588594.00
2023/05/09 4.83 4.94 4.79 4.84 5308300 25732860.00
2023/05/10 4.82 4.90 4.73 4.75 3485200 16648584.00
2023/05/11 4.76 4.91 4.74 4.89 3414600 16589296.00
2023/05/12 4.86 4.95 4.83 4.84 2852900 13918915.00
2023/05/15 4.93 4.93 4.77 4.85 3102800 14950353.00
2023/05/16 4.85 4.85 4.71 4.76 2745500 13075132.00
2023/05/17 4.76 4.79 4.69 4.78 2773201 13131270.00
2023/05/18 4.79 4.90 4.76 4.89 4542568 22069390.00
2023/05/19 4.90 4.95 4.76 4.81 2856126 13757866.00
2023/05/22 4.83 4.86 4.76 4.82 3116300 14968523.00
2023/05/23 4.84 4.92 4.81 4.89 2516300 12263204.00
2023/05/24 4.84 4.86 4.74 4.75 3745700 17886376.00
2023/05/25 4.75 4.77 4.61 4.75 2695600 12686358.00
2023/05/26 4.76 4.84 4.66 4.80 2742400 13007628.00
2023/05/29 4.79 4.81 4.61 4.63 3260899 15247441.00
2023/05/30 4.65 4.69 4.57 4.69 2841001 13182326.00
2023/05/31 4.70 4.77 4.67 4.67 2433002 11451670.00
2023/06/01 4.72 4.74 4.54 4.55 4620734 21203222.00
2023/06/02 4.55 4.80 4.54 4.73 4669631 21842454.00
2023/06/05 4.73 4.78 4.65 4.76 3138200 14837667.00
2023/06/06 4.76 4.78 4.64 4.66 2886500 13582192.00
2023/06/07 4.73 4.85 4.61 4.73 3184199 15123213.00
2023/06/08 4.73 4.95 4.71 4.85 8965100 43591052.00
2023/06/09 4.89 4.89 4.66 4.67 6524100 30813696.00
2023/06/12 4.68 4.72 4.56 4.70 4608653 21405936.00
2023/06/13 4.72 4.80 4.65 4.66 4149202 19592836.00
2023/06/14 4.71 4.71 4.56 4.58 3974411 18300250.00
2023/06/15 4.59 4.61 4.53 4.60 2936500 13410716.00
2023/06/16 4.64 4.66 4.55 4.55 3247602 14932401.00
2023/06/19 4.55 4.57 4.32 4.34 6040500 26616384.00
2023/06/20 4.33 4.36 4.13 4.16 7602403 31794694.00
2023/06/21 4.18 4.44 4.16 4.17 7218652 30596160.00
2023/06/26 4.17 4.26 4.09 4.09 4758922 19831780.00
2023/06/27 4.13 4.50 4.12 4.50 7225872 31480778.00
2023/06/28 4.86 4.95 4.72 4.95 12093624 58898432.00
2023/06/29 5.20 5.21 4.75 4.81 40087171 200523376.00
2023/06/30 4.70 5.17 4.70 4.81 32180401 157637888.00
2023/07/03 4.58 4.74 4.55 4.71 22929390 106731416.00
2023/07/04 4.68 4.70 4.59 4.67 12155092 56353956.00
2023/07/05 4.69 4.89 4.66 4.74 16991772 81308832.00
2023/07/06 4.72 4.85 4.64 4.77 13412600 63650488.00
2023/07/07 4.76 4.92 4.72 4.84 14154303 68643584.00
2023/07/10 4.82 4.83 4.71 4.76 8131300 38668880.00
2023/07/11 4.93 5.09 4.78 4.81 14853501 72184856.00
2023/07/12 4.83 4.85 4.65 4.66 9428200 44610380.00
2023/07/13 4.70 4.75 4.62 4.66 5536000 25821844.00
2023/07/14 4.59 5.13 4.55 5.13 21099847 104163648.00
2023/07/17 5.00 5.10 4.90 5.03 25158600 126090136.00
2023/07/18 5.05 5.08 4.90 4.98 10452100 51938372.00
2023/07/19 5.01 5.38 4.99 5.23 32998036 172122064.00
2023/07/20 5.18 5.35 5.12 5.25 24388655 128017216.00
2023/07/21 5.25 5.39 5.20 5.33 25236790 133947160.00
2023/07/24 5.30 5.33 5.10 5.18 18170990 94596344.00
2023/07/25 5.32 5.50 5.25 5.36 23100001 123526360.00
2023/07/26 5.36 5.90 5.30 5.61 56530168 318739840.00
2023/07/27 5.43 5.58 5.30 5.36 44796935 244021296.00
2023/07/28 5.41 5.90 5.41 5.90 49458901 283926624.00
2023/07/31 6.19 6.35 5.81 5.81 76365066 460957632.00
2023/08/01 5.65 5.90 5.65 5.72 46700395 267145120.00
2023/08/02 5.59 5.83 5.59 5.62 31806119 180916928.00
2023/08/03 5.62 5.85 5.52 5.80 39556253 225572576.00
2023/08/04 5.90 6.38 5.75 6.38 71240647 435093920.00
2023/08/07 6.30 6.92 6.08 6.25 89076616 573285952.00
2023/08/08 6.38 6.50 5.63 5.72 68459694 406712896.00
2023/08/09 5.57 5.60 5.35 5.37 45642300 249441056.00
2023/08/10 5.37 5.62 5.20 5.43 40777400 219260768.00
2023/08/11 5.62 5.72 5.40 5.42 31036001 170545376.00
2023/08/14 5.25 5.54 5.22 5.39 22045300 118931520.00
2023/08/15 5.43 5.47 5.25 5.34 16152800 86120944.00
2023/08/16 5.31 5.87 5.27 5.87 32909810 185101568.00
2023/08/17 5.80 6.14 5.77 5.93 50765134 300578528.00
2023/08/18 5.95 6.04 5.72 5.73 32289407 189424064.00
2023/08/21 5.73 5.82 5.55 5.56 19415807 109325224.00
2023/08/22 5.69 5.75 5.48 5.62 16648828 92816520.00
2023/08/23 5.52 5.65 5.35 5.52 16887400 92688656.00
2023/08/24 5.47 5.60 5.29 5.40 12608400 68015016.00
2023/08/25 5.36 5.94 5.35 5.94 27649375 158099248.00
2023/08/28 6.53 6.53 6.53 6.53 11179400 73001480.00
2023/08/29 6.60 7.18 6.37 7.18 69552770 485194720.00
2023/08/30 7.75 7.75 6.76 6.90 115031370 832828736.00
2023/08/31 6.46 6.85 6.21 6.21 69494822 446269792.00
2023/09/01 6.46 6.83 6.45 6.83 92959043 630627968.00
2023/09/04 6.90 7.51 6.88 7.51 67411168 492174112.00
2023/09/05 6.90 7.09 6.76 6.76 63740762 434050048.00
2023/09/06 6.41 6.80 6.12 6.47 79243952 512778816.00
2023/09/07 6.39 6.90 6.27 6.56 74022840 490680832.00
2023/09/08 6.27 6.37 5.90 6.06 68047040 411351968.00
2023/09/11 5.93 5.98 5.58 5.79 44240301 253801152.00
2023/09/12 5.80 5.82 5.66 5.69 27253900 155864400.00
2023/09/13 5.72 5.84 5.65 5.83 32850580 188542976.00
2023/09/14 5.73 5.75 5.50 5.55 29738300 166342752.00
2023/09/15 5.60 5.64 5.47 5.49 20559300 113857792.00
2023/09/18 5.48 5.55 5.32 5.51 15510601 85085416.00
2023/09/19 5.50 5.85 5.46 5.66 35043300 198729120.00
2023/09/20 5.53 5.93 5.53 5.87 42678741 246540576.00
2023/09/21 5.76 6.13 5.72 5.83 40696947 241441184.00
2023/09/22 5.77 6.05 5.66 5.92 33067648 193895680.00
2023/09/25 5.80 5.81 5.59 5.64 32437839 183264144.00
2023/09/26 5.62 5.63 5.43 5.44 20872000 114764672.00
2023/09/27 5.48 5.48 5.23 5.25 19592700 104238648.00
2023/09/28 5.28 5.48 5.25 5.45 19249800 103682048.00
2023/10/09 5.45 5.45 5.21 5.27 15273200 80479528.00
2023/10/10 5.30 5.80 5.30 5.80 22475393 127858240.00
2023/10/11 5.68 5.96 5.68 5.92 48825016 285573216.00
2023/10/12 5.85 5.92 5.72 5.86 23662507 137934192.00
2023/10/13 5.84 5.87 5.74 5.76 16079523 93068144.00
2023/10/16 5.75 5.77 5.60 5.65 12609586 71317088.00
2023/10/17 5.69 5.89 5.69 5.75 16581606 95542648.00
2023/10/18 5.69 5.75 5.59 5.62 11062768 62424176.00
2023/10/19 5.59 5.60 5.42 5.48 10446600 57471520.00
2023/10/20 5.44 5.90 5.40 5.70 28079368 160109328.00
2023/10/23 5.50 5.56 5.31 5.43 21565700 117141776.00
2023/10/24 5.43 5.97 5.43 5.97 24484168 140283872.00
2023/10/25 6.10 6.28 6.05 6.14 44680000 274514368.00
2023/10/26 6.09 6.25 6.00 6.06 27755300 168894256.00
2023/10/27 6.06 6.19 5.99 6.05 22250900 135122976.00
2023/10/30 6.11 6.35 5.95 6.14 29560368 182361088.00
2023/10/31 6.16 6.25 6.03 6.19 23451300 144034192.00
2023/11/01 6.15 6.50 6.11 6.19 32156800 200561136.00
2023/11/02 6.14 6.81 6.07 6.81 57720487 378284672.00
2023/11/03 6.39 6.60 6.27 6.39 54309737 348789216.00
2023/11/06 6.34 6.51 6.24 6.42 37987462 241918720.00
2023/11/07 6.37 6.42 6.22 6.36 34076100 215020816.00
2023/11/08 6.35 6.42 6.23 6.29 24918900 157579312.00
2023/11/09 6.39 6.40 6.15 6.17 24415500 153316352.00
2023/11/10 6.21 6.60 6.19 6.28 24268661 153731824.00
2023/11/13 6.28 6.29 6.17 6.29 16765901 104464656.00
2023/11/14 6.27 6.43 6.23 6.34 16140094 102184896.00
2023/11/15 6.35 6.57 6.32 6.48 28178639 181118528.00
2023/11/16 6.39 6.40 6.26 6.29 17457500 110193416.00
2023/11/17 6.26 6.31 6.23 6.29 10968593 68747400.00
2023/11/20 6.32 6.47 6.28 6.40 15360500 97688320.00
2023/11/21 6.48 7.04 6.45 7.04 77324887 531794336.00
2023/11/22 6.99 7.50 6.81 6.82 73484093 522084320.00
2023/11/23 6.74 6.99 6.63 6.93 47421132 322614016.00
2023/11/24 6.90 7.43 6.87 7.03 60027344 427340864.00
2023/11/27 6.87 7.73 6.75 7.40 84829599 633548992.00
2023/11/28 7.00 7.02 6.66 6.66 66658538 449460480.00
2023/11/29 6.55 7.33 6.54 7.33 28063360 201524528.00
2023/11/30 7.50 8.06 7.18 7.66 107917052 840841600.00
2023/12/01 7.38 7.39 7.06 7.23 68336763 493792640.00
2023/12/04 7.20 7.34 6.96 7.04 44568100 316363136.00
2023/12/05 7.03 7.74 6.93 7.74 50595232 377377344.00
2023/12/06 7.84 7.84 7.38 7.55 69477201 523703904.00
2023/12/07 7.34 8.27 7.32 7.73 75356780 586172160.00
2023/12/08 7.64 7.94 7.26 7.29 52734264 394755552.00
2023/12/11 7.29 8.02 7.21 8.02 60683665 469160192.00
2023/12/12 8.00 8.82 7.88 8.82 83212287 712384256.00
2023/12/13 8.82 9.58 8.40 8.42 120426617 1072588096.00
2023/12/14 8.56 8.72 8.01 8.08 73132479 603537216.00
2023/12/15 8.18 8.69 8.14 8.25 72901601 609941376.00
2023/12/18 8.11 8.80 7.82 8.60 70269598 587102336.00
2023/12/19 8.35 8.40 8.13 8.31 42766801 352998048.00
2023/12/20 8.29 8.67 8.16 8.44 38034632 321075840.00
2023/12/21 8.32 8.98 8.05 8.65 57130117 490031392.00
2023/12/22 8.48 8.60 7.79 7.79 53755310 436943008.00
2023/12/25 7.53 7.63 7.01 7.13 46464507 333830432.00
2023/12/26 7.10 7.13 6.71 6.76 31331707 215530080.00
2023/12/27 6.73 6.94 6.57 6.85 26059992 176135392.00
2023/12/28 6.76 7.01 6.70 6.95 24568700 169580944.00
2023/12/29 6.99 7.15 6.59 6.62 35840972 245657664.00
2024/01/02 6.64 6.72 6.36 6.39 31705301 204566912.00
2024/01/03 6.41 6.48 6.32 6.40 23220172 148410688.00
2024/01/04 6.38 6.41 6.19 6.29 18520300 116174912.00
2024/01/05 6.29 6.39 6.25 6.31 17397172 109822248.00
2024/01/08 6.38 6.46 6.18 6.19 16451272 103463616.00
2024/01/09 6.22 6.36 6.18 6.20 14517400 90735304.00
2024/01/10 6.16 6.20 6.04 6.04 14418300 87910960.00
2024/01/11 6.08 6.25 6.07 6.23 17639549 108929712.00
2024/01/12 6.23 6.42 6.16 6.19 18475000 115405136.00
2024/01/15 6.15 6.32 6.11 6.25 14708200 91493040.00
2024/01/16 6.26 6.30 6.06 6.14 15334600 94179656.00
2024/01/17 6.12 6.15 5.88 5.93 13137900 78933896.00
2024/01/18 5.86 6.00 5.74 6.00 15177801 88757528.00
2024/01/19 5.92 5.94 5.78 5.80 10293200 60238144.00
2024/01/22 5.75 5.82 5.42 5.46 14311600 80376376.00
2024/01/23 5.47 5.60 5.34 5.45 11380700 61721800.00
2024/01/24 5.46 5.88 5.46 5.84 22177400 125313760.00
2024/01/25 5.75 6.14 5.74 6.10 25172600 150771440.00
2024/01/26 6.10 6.35 6.07 6.19 22782700 141962752.00
2024/01/29 6.31 6.34 5.92 5.95 17671842 107298064.00
2024/01/30 5.96 6.00 5.68 5.72 11239211 65064828.00
2024/01/31 5.72 5.73 5.20 5.22 16386200 88372672.00
2024/02/01 5.23 5.24 4.94 5.07 13226463 67079332.00
2024/02/02 5.14 5.28 4.70 4.88 14552600 73143560.00
2024/02/05 4.85 4.87 4.39 4.39 13671800 60933332.00
2024/02/06 3.95 4.30 3.95 4.00 21959200 87829216.00
2024/02/07 4.00 4.01 3.60 3.60 15331800 55547960.00
2024/02/08 3.31 3.79 3.24 3.73 38664997 131559240.00
2024/02/19 3.75 3.99 3.45 3.88 30258458 113946672.00
2024/02/20 3.80 4.27 3.77 4.27 25428346 102189520.00
2024/02/21 4.30 4.70 4.20 4.57 43980438 199803184.00
2024/02/22 4.40 4.72 4.30 4.62 32398776 147272000.00
2024/02/23 4.61 4.78 4.57 4.72 23531089 109820456.00
2024/02/26 4.73 5.03 4.65 4.81 22628487 108670792.00
2024/02/27 4.80 5.08 4.71 5.08 22043813 109639856.00
2024/02/28 5.11 5.43 4.62 4.62 33161325 166367280.00
2024/02/29 4.58 4.75 4.53 4.74 19850672 92717920.00
2024/03/01 4.85 4.87 4.62 4.75 13944630 65718116.00
2024/03/04 4.72 4.76 4.56 4.65 10565838 49026780.00
2024/03/05 4.65 4.71 4.53 4.56 8180000 37565424.00
2024/03/06 4.52 4.79 4.52 4.74 13431635 62836228.00
2024/03/07 4.76 4.79 4.59 4.61 10588161 49659844.00
2024/03/08 4.61 4.66 4.47 4.56 8109200 36775488.00
2024/03/11 4.55 4.70 4.54 4.70 8895800 41109680.00
2024/03/12 4.70 5.03 4.69 4.94 20688696 100955296.00
2024/03/13 4.88 4.93 4.75 4.82 13594000 65541128.00
2024/03/14 4.83 5.08 4.78 4.96 18871997 93402136.00
2024/03/15 4.93 4.99 4.82 4.95 12446300 61012008.00
2024/03/18 4.95 5.10 4.91 5.10 14120201 70782640.00
2024/03/19 5.11 5.19 5.04 5.07 12879086 65874832.00
2024/03/20 5.04 5.17 5.00 5.16 9066011 46345568.00
2024/03/21 5.16 5.45 5.16 5.38 17512901 92976488.00
2024/03/22 5.38 5.50 5.25 5.35 16854301 90717400.00
2024/03/25 5.34 5.46 5.15 5.30 14296056 75691280.00
2024/03/26 5.25 5.56 5.13 5.36 16516886 87823008.00
2024/03/27 5.36 5.36 5.04 5.09 16101000 83178680.00
2024/03/28 5.05 5.33 5.04 5.15 12091332 62607332.00
2024/03/29 5.20 5.21 5.02 5.05 10292200 52214820.00
2024/04/01 5.09 5.18 5.06 5.13 8753600 44992540.00
2024/04/02 5.14 5.40 5.13 5.35 16963881 90018952.00
2024/04/03 5.31 5.33 5.13 5.16 11822500 61699740.00
2024/04/08 5.13 5.13 4.87 4.88 12999529 64908520.00
2024/04/09 4.89 5.03 4.86 4.99 8898601 44252844.00
2024/04/10 5.01 5.03 4.67 4.80 9743900 46734484.00
2024/04/11 4.77 4.86 4.70 4.81 5671500 27264986.00
2024/04/12 4.81 4.90 4.67 4.69 5848380 27869778.00
2024/04/15 4.50 4.57 4.22 4.22 8136500 35087236.00
2024/04/16 3.80 3.80 3.80 3.80 3578000 13596400.00
2024/04/17 3.42 4.04 3.42 3.86 19847801 76519816.00
2024/04/18 3.93 4.25 3.86 4.20 17369900 71142160.00
2024/04/19 4.15 4.58 4.11 4.49 21137900 92752368.00
2024/04/22 4.45 4.53 4.06 4.08 16387600 68630704.00
2024/04/23 3.96 4.26 3.87 3.95 15853000 64484816.00
2024/04/24 3.89 4.04 3.59 3.65 28626900 107857248.00
2024/04/25 3.68 3.82 3.60 3.73 23383700 87036400.00
2024/04/29 3.54 3.54 3.54 3.54 250100 885354.00
2024/04/30 3.36 3.36 3.36 3.36 247500 831600.00
2024/05/06 3.19 3.19 3.19 3.19 424800 1355112.00
2024/05/07 3.03 3.03 3.03 3.03 218600 662358.00
2024/05/08 2.88 2.88 2.88 2.88 260400 749952.00
2024/05/09 2.74 2.74 2.74 2.74 111400 305236.00
2024/05/10 2.60 2.60 2.60 2.60 185100 481260.00
2024/05/13 2.47 2.47 2.47 2.47 1820100 4495647.00
2024/05/14 2.35 2.43 2.35 2.35 48752248 114789944.00
2024/05/15 2.23 2.30 2.23 2.23 42339072 94671312.00
2024/05/16 2.20 2.34 2.18 2.34 34194942 77356168.00
2024/05/17 2.39 2.43 2.22 2.31 32532666 75797464.00
2024/05/20 2.31 2.31 2.19 2.19 19392005 42674036.00
2024/05/21 2.13 2.13 2.08 2.08 6578200 13722634.00
2024/05/22 1.98 1.98 1.98 1.98 3308900 6551622.00
2024/05/23 1.88 2.07 1.88 2.02 22777676 44586124.00
2024/05/24 1.95 2.09 1.92 2.02 20020980 39504008.00
2024/05/27 2.05 2.08 1.92 1.92 13927900 27427978.00
2024/05/28 1.92 1.96 1.82 1.82 8100400 14899248.00
2024/05/29 1.81 1.90 1.73 1.73 18151802 32128376.00
2024/05/30 1.68 1.68 1.64 1.64 5824000 9570545.00
2024/05/31 1.56 1.64 1.56 1.56 18095801 28496128.00
2024/06/03 1.51 1.52 1.48 1.48 2582905 3841459.50
2024/06/04 1.41 1.41 1.41 1.41 394400 556104.00
2024/06/05 1.34 1.40 1.34 1.34 26865288 36220260.00
2024/06/06 1.27 1.27 1.27 1.27 3893100 4944237.00
2024/06/07 1.22 1.27 1.21 1.21 15784900 19242080.00
2024/06/11 1.17 1.27 1.15 1.27 17907032 21683672.00
2024/06/12 1.27 1.33 1.27 1.33 2705101 3572846.25
2024/06/13 1.40 1.40 1.40 1.40 615100 861140.00
2024/06/14 1.47 1.47 1.39 1.47 16660103 24371952.00
2024/06/17 1.53 1.54 1.53 1.54 3773700 5797033.00
2024/06/18 1.62 1.62 1.55 1.62 6474602 10463361.00
2024/06/19 1.68 1.70 1.67 1.70 7618158 12905701.00
2024/06/20 1.79 1.79 1.79 1.79 2911758 5212047.00
2024/06/21 1.88 1.88 1.83 1.88 5381689 10079550.00
2024/06/24 1.97 1.97 1.97 1.97 2395338 4718816.00
2024/06/25 2.07 2.07 2.07 2.07 1105689 2288776.25
2024/06/26 2.16 2.16 1.97 1.97 6975100 14558881.00
2024/06/27 1.87 1.87 1.87 1.87 811800 1518066.00
2024/06/28 1.78 1.78 1.78 1.78 260200 463156.00
2024/07/01 1.69 1.87 1.69 1.87 12591405 21436396.00
2024/07/02 1.96 1.96 1.87 1.88 22378409 43440720.00
2024/07/03 1.79 1.87 1.79 1.79 11674690 21088964.00
2024/07/04 1.76 1.88 1.71 1.80 8044889 14288025.00
2024/07/05 1.80 1.87 1.74 1.82 6304500 11442046.00
2024/07/08 1.83 1.86 1.73 1.80 7816002 13926058.00
2024/07/09 1.76 1.82 1.71 1.71 6504700 11480085.00
2024/07/10 1.76 1.77 1.72 1.74 3713301 6480520.00
2024/07/11 1.83 1.83 1.83 1.83 2447317 4478590.00
2024/07/12 1.92 1.92 1.84 1.86 8145718 15423333.00
2024/07/15 1.84 1.85 1.77 1.84 4990501 8960485.00
2024/07/16 1.84 1.86 1.78 1.81 2632501 4786622.00
2024/07/17 1.82 1.90 1.81 1.88 11869372 22399462.00
2024/07/18 1.88 1.89 1.79 1.83 9954602 18082268.00
2024/07/19 1.80 1.89 1.79 1.84 4621101 8542572.00
2024/07/22 1.88 1.91 1.85 1.86 3800401 7119501.00
2024/07/23 1.88 1.91 1.81 1.82 5964903 11142042.00
2024/07/24 1.79 1.82 1.76 1.78 3622603 6464688.50
2024/07/25 1.78 1.80 1.76 1.77 2173400 3869391.00
2024/07/26 1.78 1.80 1.75 1.79 1846000 3291370.00
2024/07/29 1.78 1.79 1.74 1.74 3014602 5321701.50
2024/07/30 1.74 1.81 1.73 1.80 3352956 5918362.50
2024/07/31 1.78 1.82 1.76 1.81 3765617 6737964.50
2024/08/01 1.81 1.82 1.78 1.81 3014238 5414867.00
2024/08/02 1.79 1.90 1.78 1.87 4867510 9015421.00
2024/08/05 1.87 1.94 1.85 1.88 4879155 9265486.00
2024/08/06 1.88 1.91 1.86 1.90 3159401 5963381.00
2024/08/07 1.89 2.00 1.89 2.00 10646640 21135910.00
2024/08/08 2.03 2.10 1.98 2.10 13189251 27171274.00
2024/08/09 2.13 2.15 2.00 2.00 13710210 27966766.00
2024/08/12 1.94 1.95 1.90 1.90 2943600 5621544.00
2024/08/13 1.81 1.87 1.81 1.83 7449110 13545566.00
2024/08/14 1.81 1.85 1.78 1.81 3507512 6341316.50
2024/08/15 1.80 1.82 1.77 1.82 3964300 7109884.00
2024/08/16 1.82 1.82 1.77 1.79 2997001 5370609.00
2024/08/19 1.79 1.80 1.77 1.77 1864200 3325075.00
2024/08/20 1.79 1.81 1.75 1.76 2271062 4017931.50
2024/08/21 1.78 1.78 1.75 1.77 1214900 2135594.00
2024/08/22 1.78 1.85 1.75 1.81 3616004 6581771.00
2024/08/23 1.81 1.81 1.72 1.72 6864100 11869833.00
2024/08/26 1.73 1.74 1.69 1.69 2659811 4557227.50
2024/08/27 1.69 1.72 1.68 1.72 2330485 3971241.50
2024/08/28 1.71 1.81 1.69 1.81 6582510 11756230.00
2024/08/29 1.90 1.90 1.88 1.90 7886785 14975182.00
2024/08/30 1.98 2.00 1.95 2.00 13633800 27210788.00
2024/09/02 2.00 2.04 1.91 1.93 14895316 29406452.00
2024/09/03 1.97 2.03 1.93 2.03 14378066 28724788.00
2024/09/04 2.05 2.05 1.93 1.93 13075585 25805018.00
2024/09/05 1.94 2.03 1.94 2.03 5756254 11594713.00
2024/09/06 2.08 2.10 1.96 2.00 9740788 19621106.00
2024/09/09 1.98 1.99 1.93 1.95 3925039 7645711.00
2024/09/10 1.96 2.01 1.91 1.94 3373300 6576567.00
2024/09/11 1.91 1.96 1.91 1.93 2488200 4790479.00
2024/09/12 1.93 1.98 1.92 1.93 2791640 5439879.50
2024/09/13 1.94 2.00 1.93 1.96 3625018 7095756.00
2024/09/18 1.96 1.96 1.86 1.86 5778801 10888957.00
2024/09/19 1.88 1.90 1.83 1.87 2567758 4807213.00
2024/09/20 1.88 1.90 1.85 1.88 1182881 2208780.75
2024/09/23 1.88 1.88 1.83 1.85 3136500 5822343.00
2024/09/24 1.85 1.88 1.83 1.88 5022101 9317528.00
2024/09/25 1.90 1.97 1.89 1.97 4597900 9025493.00
2024/09/26 1.97 2.05 1.92 2.00 7948800 15842713.00
2024/09/27 2.00 2.05 1.97 2.00 9172698 18416730.00
2024/09/30 2.01 2.09 1.98 2.08 17358562 35219760.00
2024/10/08 2.18 2.18 2.01 2.05 20965800 43877248.00
2024/10/09 2.01 2.04 1.95 1.95 8417000 16502072.00
2024/10/10 1.93 1.93 1.85 1.85 8855200 16504595.00
2024/10/11 1.85 1.89 1.82 1.84 6068308 11241555.00
2024/10/14 1.86 1.89 1.84 1.86 5405900 10052890.00
2024/10/15 1.86 1.87 1.80 1.86 4098400 7524542.00
2024/10/16 1.83 1.88 1.83 1.88 5786381 10723360.00
2024/10/17 1.92 1.95 1.85 1.86 7213400 13642199.00
2024/10/18 1.83 1.87 1.82 1.85 6869132 12683981.00
2024/10/21 1.84 1.85 1.81 1.82 6460502 11788213.00
2024/10/22 1.82 1.84 1.77 1.84 5988228 10807138.00
2024/10/23 1.84 1.93 1.82 1.93 10237196 19249382.00
2024/10/24 1.96 2.03 1.96 2.03 16077360 32359096.00
2024/10/25 2.06 2.13 2.05 2.13 12905739 27192648.00
2024/10/28 2.23 2.24 2.20 2.24 6244210 13947652.00
2024/10/29 2.24 2.35 2.13 2.33 33570432 74817496.00
2024/10/30 2.24 2.45 2.24 2.45 27533715 65395904.00
2024/10/31 2.42 2.54 2.33 2.34 27927127 67825952.00
2024/11/01 2.34 2.39 2.22 2.22 17875036 40650448.00
2024/11/04 2.20 2.33 2.13 2.33 13793065 31409770.00
2024/11/05 2.37 2.45 2.37 2.45 5898484 14271321.00
2024/11/06 2.57 2.57 2.40 2.45 22896548 57359660.00
2024/11/07 2.38 2.54 2.37 2.48 15182600 37472344.00
2024/11/08 2.47 2.53 2.36 2.37 21457400 51787680.00
2024/11/11 2.38 2.49 2.29 2.49 12622400 30543452.00
2024/11/12 2.61 2.61 2.49 2.61 15590914 40396440.00
2024/11/13 2.65 2.74 2.56 2.74 22336314 60107012.00
2024/11/14 2.83 2.88 2.79 2.88 4551600 13010232.00
2024/11/15 2.85 2.86 2.74 2.74 18999800 52643712.00
2024/11/18 2.60 2.63 2.60 2.60 4746800 12343952.00
2024/11/19 2.49 2.56 2.47 2.47 9678201 24026294.00
2024/11/20 2.47 2.56 2.42 2.49 12128701 30256048.00
2024/11/21 2.50 2.61 2.45 2.61 9044800 22834550.00
2024/11/22 2.61 2.73 2.49 2.53 13178201 34624912.00
2024/11/25 2.54 2.63 2.47 2.54 6436201 16370025.00
2024/11/26 2.54 2.57 2.41 2.49 6050001 15129827.00
2024/11/27 2.47 2.50 2.37 2.49 8264300 20055472.00
2024/11/28 2.50 2.60 2.50 2.53 6348936 16170458.00
2024/11/29 2.52 2.54 2.48 2.52 6267701 15750410.00
2024/12/02 2.46 2.50 2.39 2.47 8918001 21830128.00
2024/12/03 2.50 2.51 2.41 2.44 7016200 17184072.00
2024/12/04 2.45 2.45 2.32 2.32 11730600 27602748.00
2024/12/05 2.33 2.44 2.28 2.44 7763600 18396916.00
2024/12/06 2.47 2.55 2.38 2.42 10585800 25903432.00
2024/12/09 2.44 2.53 2.38 2.52 9500100 23341906.00
2024/12/10 2.54 2.58 2.47 2.47 9058400 22817132.00
2024/12/11 2.48 2.56 2.45 2.50 7549700 18878054.00
2024/12/12 2.51 2.62 2.49 2.59 10631210 27272360.00
2024/12/13 2.58 2.58 2.47 2.49 9128800 23058796.00
2024/12/16 2.50 2.61 2.47 2.61 13609000 35009996.00
2024/12/17 2.61 2.67 2.48 2.48 12420068 31414026.00
2024/12/18 2.43 2.44 2.36 2.40 8256510 19749436.00
2024/12/19 2.36 2.42 2.34 2.37 6187910 14707116.00
2024/12/20 2.38 2.43 2.35 2.39 4164399 9976454.00
2024/12/23 2.37 2.37 2.27 2.27 6145100 14014851.00
2024/12/24 2.16 2.21 2.16 2.17 9963060 21565956.00
2024/12/25 2.17 2.19 2.06 2.07 9944000 20744564.00
2024/12/26 2.07 2.17 2.02 2.17 8037712 17052236.00
2024/12/27 2.17 2.28 2.17 2.28 7944914 17940732.00
2024/12/30 2.28 2.39 2.19 2.39 10844502 25030728.00
2024/12/31 2.39 2.51 2.39 2.51 17372173 43407256.00
2025/01/02 2.53 2.54 2.38 2.43 15443446 37238260.00
2025/01/03 2.45 2.53 2.37 2.44 9362900 22815148.00
2025/01/06 2.40 2.42 2.32 2.32 5952500 13851174.00
2025/01/07 2.24 2.37 2.20 2.35 7976528 18135018.00
2025/01/08 2.33 2.46 2.31 2.45 8160602 19639246.00
2025/01/09 2.46 2.51 2.42 2.44 6115288 15096495.00
2025/01/10 2.56 2.56 2.46 2.48 8791500 22155028.00
2025/01/13 2.42 2.53 2.37 2.53 5454742 13241057.00
2025/01/14 2.53 2.64 2.50 2.56 8033512 20818254.00
2025/01/15 2.53 2.60 2.49 2.54 5168300 13157290.00
2025/01/16 2.52 2.62 2.52 2.59 5612000 14385904.00
2025/01/17 2.60 2.62 2.55 2.59 4655935 12037915.00
2025/01/20 2.56 2.71 2.56 2.70 12309031 32607066.00
2025/01/21 2.69 2.72 2.61 2.68 6829259 18196566.00
2025/01/22 2.69 2.75 2.64 2.74 6036609 16337174.00
2025/01/23 2.81 2.88 2.68 2.68 17541079 49558948.00
2025/01/24 2.55 2.55 2.55 2.55 4145400 10570770.00
2025/01/27 2.42 2.58 2.42 2.44 16258224 39765892.00
2025/02/05 2.42 2.49 2.38 2.48 4782503 11656157.00
2025/02/06 2.48 2.53 2.47 2.53 4023710 10078561.00
2025/02/07 2.53 2.59 2.50 2.52 6023105 15240442.00
2025/02/10 2.46 2.50 2.40 2.49 10240508 25099164.00
2025/02/11 2.49 2.51 2.44 2.45 4946600 12214030.00
2025/02/12 2.47 2.47 2.33 2.39 8678442 20706782.00
2025/02/13 2.39 2.40 2.33 2.36 6045703 14298882.00
2025/02/14 2.36 2.40 2.34 2.37 4040400 9565030.00
2025/02/17 2.40 2.44 2.38 2.38 4051600 9714462.00
2025/02/18 2.37 2.50 2.36 2.50 16696946 41410040.00
2025/02/19 2.49 2.63 2.47 2.63 11712781 30439902.00
2025/02/20 2.76 2.76 2.70 2.76 9271628 25578212.00
2025/02/21 2.75 2.79 2.63 2.69 23422842 63222552.00
2025/02/24 2.71 2.82 2.60 2.68 14192317 38269196.00
2025/02/25 2.68 2.73 2.62 2.69 5825201 15557479.00
2025/02/26 2.69 2.77 2.64 2.73 8709700 23590398.00
2025/02/27 2.75 2.78 2.64 2.70 7936700 21392484.00
2025/02/28 2.70 2.72 2.63 2.66 5331000 14235774.00
2025/03/03 2.67 2.67 2.59 2.60 5550500 14564507.00
2025/03/04 2.61 2.61 2.50 2.58 4748200 12143952.00
2025/03/05 2.56 2.60 2.53 2.57 2768700 7101717.00
2025/03/06 2.60 2.63 2.53 2.56 5956901 15377283.00
2025/03/07 2.53 2.69 2.49 2.67 8208382 21289234.00
2025/03/10 2.67 2.80 2.67 2.75 15550599 43120540.00
2025/03/11 2.80 2.85 2.68 2.73 10093408 27741254.00
2025/03/12 2.59 2.59 2.59 2.59 2378300 6159797.00
2025/03/13 2.46 2.46 2.46 2.46 1134300 2790378.00
2025/03/14 2.47 2.58 2.37 2.46 21359296 52793904.00
2025/03/17 2.40 2.46 2.35 2.45 10053585 24344810.00
2025/03/18 2.45 2.56 2.44 2.47 6753000 16833634.00
2025/03/19 2.48 2.50 2.44 2.45 4506501 11091679.00
2025/03/20 2.46 2.48 2.38 2.40 6445577 15538760.00
2025/03/21 2.38 2.44 2.38 2.42 6389800 15337153.00
2025/03/24 2.40 2.42 2.33 2.38 4495237 10706437.00
2025/03/25 2.38 2.39 2.26 2.35 5079903 11809102.00
2025/03/26 2.34 2.35 2.29 2.34 3938402 9158455.00
2025/03/27 2.32 2.33 2.27 2.30 4065900 9329951.00
2025/03/28 2.30 2.34 2.26 2.29 3006634 6873732.50
2025/03/31 2.29 2.40 2.29 2.40 8009904 19134176.00
2025/04/01 2.35 2.51 2.35 2.42 6287700 15280122.00
2025/04/02 2.40 2.46 2.38 2.43 3165510 7663216.00
2025/04/03 2.40 2.43 2.37 2.38 3148000 7509797.00
2025/04/07 2.26 2.35 2.26 2.26 1898600 4303235.00
2025/04/08 2.15 2.25 2.15 2.15 3473501 7484127.00
2025/04/09 2.10 2.13 2.04 2.11 9505156 19681248.00
2025/04/10 2.11 2.20 2.11 2.13 4252208 9178945.00
2025/04/11 2.13 2.13 2.08 2.09 3848806 8107207.50
2025/04/14 2.08 2.19 2.07 2.15 5431706 11625217.00
2025/04/15 2.15 2.26 2.12 2.26 8016603 17699554.00
2025/04/16 2.37 2.37 2.31 2.37 4986200 11784613.00
2025/04/17 2.39 2.49 2.36 2.46 14146713 34642728.00
2025/04/18 2.46 2.48 2.35 2.35 9633243 23178782.00
2025/04/21 2.41 2.47 2.35 2.47 6851948 16725466.00
2025/04/22 2.52 2.59 2.52 2.59 16783249 43142924.00
2025/04/23 2.72 2.72 2.50 2.54 27527500 72789016.00
2025/04/24 2.47 2.53 2.42 2.50 15023104 37141132.00
2025/04/25 2.51 2.53 2.44 2.45 8344201 20739424.00
2025/04/28 2.46 2.49 2.38 2.42 9275402 22585686.00
2025/04/29 2.30 2.38 2.30 2.30 12364300 28662448.00
2025/04/30 2.30 2.40 2.30 2.31 7703045 18086820.00
2025/05/06 2.33 2.43 2.33 2.43 7473701 18085816.00
2025/05/07 2.51 2.55 2.47 2.55 16696771 42219504.00
2025/05/08 2.52 2.60 2.50 2.52 15001101 38079468.00
2025/05/09 2.55 2.59 2.47 2.48 12635802 31936840.00
2025/05/12 2.51 2.59 2.44 2.54 13326700 33547576.00
2025/05/13 2.53 2.65 2.48 2.60 17192992 44049660.00
2025/05/14 2.59 2.73 2.57 2.73 13223540 35527492.00
2025/05/15 2.84 2.86 2.68 2.72 26339300 73148352.00
2025/05/16 2.75 2.86 2.71 2.86 29374374 83141752.00
2025/05/19 3.00 3.00 2.82 2.94 41507903 121549264.00
2025/05/20 2.93 3.09 2.85 3.09 20670400 60962160.00
2025/05/21 3.13 3.24 3.13 3.24 43861890 140682336.00
2025/05/22 3.21 3.21 3.08 3.08 27198105 85366168.00
2025/05/23 2.97 3.04 2.93 2.93 29307712 86786088.00
2025/05/26 2.95 3.08 2.95 3.08 23242107 70420592.00
2025/05/27 3.13 3.19 3.04 3.07 20116692 62618516.00
2025/05/28 3.11 3.22 3.11 3.22 22538092 71856208.00
2025/05/29 3.27 3.38 3.25 3.38 22702394 76230504.00
2025/05/30 3.37 3.55 3.21 3.39 34761676 116314960.00
2025/06/03 3.35 3.42 3.23 3.29 18859183 62658924.00
2025/06/04 3.29 3.45 3.29 3.32 13435592 45188180.00
2025/06/05 3.22 3.29 3.15 3.19 21298900 68150824.00
2025/06/06 3.19 3.30 3.16 3.21 16818100 54313700.00
2025/06/09 3.24 3.37 3.22 3.37 14376800 47737812.00
2025/06/11 3.54 3.54 3.41 3.54 10496701 37077144.00
2025/06/12 3.60 3.72 3.45 3.50 38321604 138202816.00
2025/06/13 3.51 3.62 3.37 3.49 21155900 74035728.00
2025/06/16 3.49 3.55 3.42 3.42 13721906 47579424.00
2025/06/17 3.42 3.53 3.39 3.42 13319245 45952444.00
2025/06/18 3.40 3.40 3.25 3.32 16037722 52880776.00
2025/06/19 3.34 3.39 3.16 3.19 13569600 44216008.00
2025/06/20 3.20 3.25 3.11 3.20 11338300 36346488.00
2025/06/23 3.18 3.27 3.15 3.27 6917000 22284516.00
2025/06/24 3.30 3.43 3.30 3.33 11241600 37746888.00
2025/06/25 3.32 3.33 3.19 3.21 13846900 45044216.00
2025/06/26 3.22 3.34 3.21 3.29 11889511 38817892.00
2025/06/27 3.28 3.37 3.26 3.27 9691400 31995244.00
2025/06/30 3.28 3.42 3.26 3.35 11922900 40048944.00
2025/07/01 3.33 3.42 3.33 3.35 8127200 27373096.00
2025/07/02 3.35 3.35 3.23 3.28 12000500 39175664.00
2025/07/03 3.28 3.30 3.23 3.24 9617675 31351992.00
2025/07/04 3.22 3.25 3.10 3.13 14092800 44749812.00
2025/07/07 3.12 3.16 3.10 3.12 8061000 25193124.00
2025/07/08 3.11 3.15 3.06 3.12 12810700 39827744.00
2025/07/09 3.13 3.23 3.10 3.13 11499010 36282924.00
2025/07/10 3.15 3.18 3.13 3.14 7446000 23450250.00
2025/07/11 3.15 3.15 3.07 3.08 9154300 28389304.00
2025/07/14 3.08 3.14 3.08 3.10 8249900 25593452.00
2025/07/15 3.10 3.12 3.00 3.09 13654400 41649688.00
2025/07/16 3.10 3.24 3.09 3.24 11869000 37925548.00
2025/07/17 3.25 3.36 3.23 3.30 15497100 50978632.00
2025/07/18 3.33 3.41 3.22 3.22 9709900 31951484.00
2025/07/21 3.20 3.26 3.17 3.18 10186400 32615674.00
2025/07/22 3.18 3.21 3.13 3.16 7470974 23647340.00
2025/07/23 3.16 3.17 3.10 3.11 5611200 17543580.00
2025/07/24 3.11 3.18 3.11 3.16 5049600 15923187.00
2025/07/25 3.16 3.19 3.15 3.17 3560200 11252096.00
2025/07/28 3.16 3.17 3.12 3.15 4752401 14937202.00
2025/07/29 3.15 3.17 3.13 3.14 5392902 16945090.00
2025/07/30 3.16 3.16 3.12 3.15 4136101 12967389.00
2025/07/31 3.15 3.24 3.13 3.18 9656300 30734232.00
2025/08/01 3.17 3.26 3.15 3.26 6119491 19650038.00
2025/08/04 3.26 3.38 3.23 3.33 7157400 23726950.00
2025/08/05 3.34 3.35 3.21 3.24 10272174 33520532.00
2025/08/06 3.25 3.31 3.24 3.28 7325600 23964832.00
2025/08/07 3.27 3.34 3.26 3.28 6710901 22103028.00
2025/08/08 3.29 3.29 3.22 3.26 8584900 27884088.00
2025/08/11 3.26 3.26 3.18 3.19 9752500 31333826.00
2025/08/12 3.18 3.23 3.17 3.19 5863700 18744888.00
2025/08/13 3.20 3.22 3.16 3.18 4564600 14545998.00
2025/08/14 3.17 3.19 3.10 3.10 7544000 23680676.00
2025/08/15 3.12 3.26 3.11 3.26 12103900 38896688.00
2025/08/18 3.26 3.36 3.24 3.29 11184105 36890064.00
2025/08/19 3.29 3.32 3.24 3.30 9147600 29919450.00
2025/08/20 3.31 3.47 3.31 3.47 9753127 33358872.00
2025/08/21 3.64 3.64 3.64 3.64 2531400 9214296.00
2025/08/22 3.82 3.82 3.82 3.82 750067 2865256.00
2025/08/25 4.01 4.01 4.01 4.01 1526468 6121136.50
2025/08/26 4.08 4.21 4.05 4.21 29639496 123005184.00
2025/08/27 4.27 4.42 4.21 4.31 28082264 122667624.00
2025/08/28 4.41 4.48 4.09 4.09 34001024 143394544.00
2025/08/29 4.12 4.20 3.99 4.20 27045748 110817424.00
2025/09/01 4.25 4.41 4.22 4.29 24747801 106788680.00
2025/09/02 4.28 4.50 4.20 4.50 19496856 84371824.00
2025/09/03 4.62 4.69 4.36 4.43 23779201 107481384.00
2025/09/04 4.39 4.44 4.21 4.26 18430048 78978320.00
2025/09/05 4.26 4.47 4.24 4.47 14684802 64080052.00
2025/09/08 4.44 4.53 4.35 4.44 15105100 67063496.00
2025/09/09 4.50 4.66 4.41 4.61 23475400 108079608.00
2025/09/10 4.59 4.84 4.54 4.82 21433439 100164880.00
2025/09/11 4.81 4.85 4.65 4.73 16993200 80266288.00
2025/09/12 4.73 4.94 4.64 4.88 12545308 60116628.00
2025/09/15 4.85 4.93 4.77 4.81 11723614 56808088.00
2025/09/16 4.76 4.76 4.57 4.57 15979814 73714592.00
2025/09/17 4.58 4.67 4.47 4.53 12612690 57631800.00
2025/09/18 4.55 4.57 4.38 4.38 12738020 56788380.00
2025/09/19 4.32 4.52 4.24 4.39 11042600 48751828.00
2025/09/22 4.46 4.57 4.41 4.56 14752386 66694340.00
2025/09/23 4.55 4.55 4.33 4.33 9424000 41065688.00
2025/09/24 4.11 4.17 4.11 4.11 5654100 23259488.00
2025/09/25 3.96 4.17 3.94 4.16 26571956 107563872.00
2025/09/26 4.13 4.24 4.05 4.24 12322455 50977600.00
2025/09/29 4.20 4.26 4.15 4.23 8208543 34523088.00
2025/09/30 4.24 4.34 4.15 4.31 9150400 38982144.00
2025/10/09 4.40 4.53 4.36 4.43 13134700 58403832.00
2025/10/10 4.35 4.37 4.21 4.31 13159439 56406892.00
2025/10/13 4.19 4.33 4.12 4.30 8359000 35449584.00
2025/10/14 4.32 4.37 4.26 4.29 8335300 35855048.00
2025/10/15 4.26 4.29 4.13 4.23 10814081 45432040.00
2025/10/16 4.15 4.28 4.13 4.24 9283800 38983392.00
2025/10/17 4.15 4.45 4.12 4.45 8464400 36386128.00
2025/10/20 4.67 4.67 4.67 4.67 568638 2655539.50
2025/10/21 4.90 4.90 4.90 4.90 380600 1864940.00
2025/10/22 5.15 5.15 5.15 5.15 680500 3504575.00
2025/10/23 5.41 5.41 5.41 5.41 511001 2764515.50
2025/10/24 5.68 5.68 5.68 5.68 896601 5092693.50
2025/10/27 5.96 5.96 5.96 5.96 568014 3385363.50
2025/10/28 6.26 6.26 6.26 6.26 1538312 9629833.00
2025/10/29 6.57 6.57 6.57 6.57 12759715 83831328.00
2025/10/30 6.90 6.90 6.90 6.90 2120578 14631988.00
2025/10/31 7.25 7.25 7.25 7.25 1652307 11979226.00
2025/11/03 7.61 7.61 7.61 7.61 3133501 23845942.00
2025/11/04 7.99 7.99 7.99 7.99 2347161 18753816.00
2025/11/05 8.39 8.39 8.39 8.39 1713814 14378899.00
2025/11/06 8.81 8.81 8.81 8.81 315801 2782206.75
2025/11/07 9.25 9.25 8.56 9.25 59256840 540822912.00
2025/11/10 9.71 9.71 9.71 9.71 553683 5376262.00
2025/11/11 10.20 10.20 10.20 10.20 228610 2331822.00
2025/11/12 10.71 10.71 10.71 10.71 158901 1701829.75
2025/11/18 11.25 11.25 11.25 11.25 692337 7788791.00
2025/11/19 11.81 11.81 11.81 11.81 706968 8349292.00
2025/11/20 12.40 12.40 11.91 12.40 24232896 300338112.00
2025/11/21 12.40 13.02 12.05 12.72 67348472 861319552.00
2025/11/24 12.08 12.08 12.08 12.08 2495100 30140808.00
2025/11/25 12.10 12.68 12.10 12.68 20678384 251931744.00
2025/11/26 13.31 13.31 13.31 13.31 592002 7879546.50
2025/11/27 13.40 13.98 12.64 12.64 59355212 796621056.00
2025/11/28 12.01 12.04 12.01 12.01 24080000 289204672.00
2025/12/01 11.59 11.87 11.41 11.41 22374500 256902272.00
2025/12/02 10.84 11.98 10.84 11.98 49082572 568774208.00
2025/12/03 11.65 11.88 11.38 11.38 18866974 216018096.00
2025/12/04 11.40 11.95 11.01 11.19 39832832 465097344.00
2025/12/05 10.75 10.95 10.63 10.63 10650400 113861040.00
2025/12/08 10.28 10.66 10.10 10.42 32755724 334613792.00
2025/12/09 10.13 10.28 9.90 9.90 15997427 159780320.00
2025/12/10 9.55 9.62 9.41 9.41 15541808 146728656.00
2025/12/11 9.12 9.79 9.01 9.40 25471330 237677936.00
2025/12/12 9.20 9.30 8.93 8.98 21702642 195344240.00
2025/12/15 9.16 9.43 9.10 9.43 10767241 100783880.00
2025/12/16 9.90 9.90 9.40 9.40 33517784 328720192.00
2025/12/17 8.93 9.87 8.93 9.79 28277521 264720784.00
2025/12/18 9.87 10.28 9.81 10.28 18864516 191916816.00
2025/12/19 10.65 10.65 9.92 10.21 27684078 286681504.00
2025/12/22 10.01 10.11 9.70 9.79 24882700 243226912.00
2025/12/23 9.88 9.89 9.30 9.30 16204714 153414848.00
2025/12/24 9.01 9.35 8.94 9.15 13739591 125238192.00
2025/12/25 9.35 9.61 9.34 9.61 9076901 86464576.00
2025/12/26 9.98 9.98 9.16 9.16 22072987 209509472.00
2025/12/29 9.05 9.41 8.97 9.20 13216004 121030496.00
2025/12/30 9.30 9.41 8.74 8.74 20676906 185310080.00
2025/12/31 8.70 8.90 8.30 8.90 19424108 165092064.00
2026/01/05 8.71 8.89 8.52 8.52 13474100 116175024.00
2026/01/06 8.41 8.95 8.40 8.95 13585168 118118288.00
2026/01/07 9.19 9.36 8.94 9.04 19848056 181622080.00
2026/01/08 8.98 9.18 8.85 8.94 15416879 138653520.00
2026/01/09 8.87 9.39 8.87 9.39 15407786 140887952.00
2026/01/12 9.36 9.36 8.92 8.92 19310900 174430368.00
2026/01/13 8.80 8.82 8.47 8.47 16637500 141929648.00
2026/01/14 8.48 8.64 8.41 8.48 10594803 90302832.00
2026/01/15 8.48 8.48 8.06 8.06 14810615 120730344.00
2026/01/16 7.99 8.11 7.68 7.82 15064803 118635416.00
2026/01/19 7.66 8.13 7.66 8.01 13752257 108826256.00
2026/01/20 8.15 8.41 7.88 8.03 11280957 91747616.00
2026/01/21 7.86 8.12 7.77 8.03 8915400 70953032.00
2026/01/22 8.10 8.43 7.94 8.31 21276282 177098464.00
2026/01/23 8.24 8.28 8.08 8.12 13908600 113427008.00
2026/01/26 8.12 8.16 7.74 7.90 12424554 98119672.00
2026/01/27 7.87 8.02 7.72 7.94 8927200 70475792.00
2026/01/28 7.89 8.14 7.54 7.54 16649000 128700200.00
2026/01/29 7.40 7.58 7.16 7.28 15332600 112672728.00
2026/01/30 7.16 7.64 7.16 7.41 23171612 171753808.00
2026/02/02 7.28 7.66 7.16 7.36 15058600 111628696.00
2026/02/03 7.41 7.73 7.37 7.65 20396800 155266736.00
2026/02/04 7.68 7.73 7.44 7.47 12808300 96841200.00
2026/02/05 7.84 7.84 7.84 7.84 1532700 12016368.00
2026/02/06 8.23 8.23 8.23 8.23 706500 5814495.00
2026/02/09 8.64 8.64 8.64 8.64 209901 1813544.63
2026/02/10 9.07 9.07 9.07 9.07 242700 2201289.00
2026/02/11 9.52 9.52 9.52 9.52 380900 3626168.00
2026/02/12 10.00 10.00 9.80 10.00 17342244 173271264.00
2026/02/13 10.50 10.50 10.35 10.50 14757114 154882576.00
2026/02/24 11.00 11.00 9.98 9.98 38785400 403846848.00
2026/02/25 10.10 10.48 10.01 10.48 9483610 97026624.00
#Ъ§ОнРДдД:ЭЈДяаХ
