002585 ЫЋаЧаТВФ ШеЯп ЧАИДШЈ
      ШеЦк	    ПЊХЬ	    зюИп	    зюЕЭ	    ЪеХЬ	    ГЩНЛСП	    ГЩНЛЖю
2021/08/02 18.16 18.43 17.84 18.16 17565878 328442304.00
2021/08/03 18.23 18.89 18.06 18.22 18455504 351879008.00
2021/08/04 18.09 18.89 18.02 18.67 20291142 388416096.00
2021/08/05 18.65 20.16 18.55 19.91 32633626 658593728.00
2021/08/06 20.04 20.14 19.49 19.67 17897449 362428832.00
2021/08/09 19.69 20.48 19.24 20.28 23473864 482472128.00
2021/08/10 20.43 21.22 20.05 20.92 34997809 746374272.00
2021/08/11 21.06 23.07 20.96 23.07 42647895 979122304.00
2021/08/12 23.44 25.01 23.14 24.09 52340635 1297326720.00
2021/08/13 24.14 24.54 23.70 24.11 25048839 618256128.00
2021/08/16 24.39 24.93 23.87 24.57 31888206 793793280.00
2021/08/17 24.44 24.44 22.64 22.84 33514679 799952064.00
2021/08/18 23.19 24.79 23.12 24.11 29789472 731490560.00
2021/08/19 24.15 25.41 23.59 24.74 27576871 696003008.00
2021/08/20 24.74 24.74 23.87 24.35 19248653 477749248.00
2021/08/23 25.14 26.84 24.61 26.84 42869527 1146927104.00
2021/08/24 27.61 28.08 26.70 27.07 41759458 1163520128.00
2021/08/25 27.03 28.77 26.57 28.60 34386151 982393152.00
2021/08/26 28.66 28.83 26.77 26.94 31080209 871064640.00
2021/08/27 26.12 28.04 26.04 27.69 24090603 675602240.00
2021/08/30 28.24 29.43 27.45 27.91 25899344 745021120.00
2021/08/31 27.75 28.28 27.10 27.92 18484732 521744160.00
2021/09/01 27.92 28.10 25.47 26.76 29909543 813045312.00
2021/09/02 26.57 28.03 26.46 27.23 19999924 561780224.00
2021/09/03 27.41 27.53 25.99 26.61 18230741 495893312.00
2021/09/06 26.94 27.84 26.07 27.22 17359226 475977440.00
2021/09/07 27.14 27.64 26.44 27.51 14666802 406704000.00
2021/09/08 27.79 29.12 27.59 27.82 25337316 730979840.00
2021/09/09 27.80 27.80 26.64 27.00 13395624 369958944.00
2021/09/10 26.78 27.44 25.89 26.79 17074206 461865632.00
2021/09/13 27.09 27.76 26.22 26.46 13085422 358047328.00
2021/09/14 27.74 29.16 26.84 29.16 46118864 1336350464.00
2021/09/15 28.67 29.54 26.94 27.75 48067113 1374407040.00
2021/09/16 27.65 28.11 25.97 26.10 29196056 801158016.00
2021/09/17 26.12 26.58 24.54 26.43 21877802 575798656.00
2021/09/22 26.36 26.82 25.45 26.52 13247035 356259616.00
2021/09/23 26.21 26.57 25.51 25.60 17400836 459767520.00
2021/09/24 25.64 25.87 24.14 24.49 23498862 593026368.00
2021/09/27 24.30 25.14 23.63 24.89 25895491 648637184.00
2021/09/28 24.94 25.34 24.12 24.24 15605868 393702208.00
2021/09/29 24.46 24.48 23.03 23.30 19169943 461424512.00
2021/09/30 23.54 24.49 23.26 24.40 15575141 380910048.00
2021/10/08 24.91 25.95 24.44 25.28 20043099 514846816.00
2021/10/11 24.94 25.75 24.10 25.74 16585868 426091712.00
2021/10/12 25.61 25.62 24.03 24.03 22920042 576252032.00
2021/10/13 24.22 24.74 23.54 24.62 15312534 379111488.00
2021/10/14 24.62 24.94 24.33 24.34 11076592 279208672.00
2021/10/15 24.34 24.75 23.32 23.97 17738539 434700704.00
2021/10/18 23.96 24.49 23.50 24.48 13757006 337296832.00
2021/10/19 24.45 24.65 23.89 24.36 10246720 254414064.00
2021/10/20 24.30 26.26 24.06 25.50 24241018 628860416.00
2021/10/21 25.44 25.86 24.69 24.73 16197186 417582784.00
2021/10/22 24.82 25.19 24.54 24.67 11925694 302973728.00
2021/10/25 24.65 24.95 23.74 24.48 15642584 388004064.00
2021/10/26 24.47 25.12 24.18 24.39 13785690 346427872.00
2021/10/27 24.39 24.96 24.00 24.89 14734850 368864416.00
2021/10/28 24.63 25.29 24.33 24.54 13725372 347004832.00
2021/10/29 24.40 24.59 22.29 23.14 39083632 933756544.00
2021/11/01 23.02 25.24 22.84 24.74 31836650 798287488.00
2021/11/02 24.98 25.02 23.77 24.24 22100300 547193728.00
2021/11/03 24.43 24.67 23.34 23.67 14052145 343940608.00
2021/11/04 23.68 24.28 23.49 24.16 15419355 375724800.00
2021/11/05 23.91 24.23 22.92 22.93 17795296 427168320.00
2021/11/08 22.94 23.09 21.40 21.91 36591436 825381248.00
2021/11/09 21.99 22.99 21.91 22.54 18178404 418848832.00
2021/11/10 22.77 23.32 22.37 23.24 19657767 458897344.00
2021/11/11 23.44 25.28 23.16 25.11 31961189 798316416.00
2021/11/12 25.09 27.64 24.98 27.03 40904010 1116492672.00
2021/11/15 27.49 27.94 26.78 27.10 26327437 731773312.00
2021/11/16 27.20 27.34 26.14 26.24 21411906 583049344.00
2021/11/17 26.24 26.39 25.47 25.61 23449750 618079552.00
2021/11/18 25.60 26.22 24.91 25.52 23340573 608349888.00
2021/11/19 25.52 27.75 25.30 27.16 29391392 804445696.00
2021/11/22 27.37 27.45 26.80 27.29 15953494 442017248.00
2021/11/23 27.24 28.26 27.14 27.82 22093811 626486784.00
2021/11/24 27.62 27.73 26.78 26.89 14531608 402467968.00
2021/11/25 26.64 27.16 26.35 26.83 12249773 334690592.00
2021/11/26 26.81 27.54 26.24 26.44 13965531 379546528.00
2021/11/29 25.90 27.20 25.75 26.63 13013257 353220800.00
2021/11/30 26.79 27.27 26.23 26.26 14481199 392376448.00
2021/12/01 26.17 27.04 25.93 26.84 17737701 480774176.00
2021/12/02 26.74 26.74 26.10 26.25 11818001 317814400.00
2021/12/03 26.21 27.09 26.19 26.49 17545707 476932384.00
2021/12/06 28.28 29.14 27.13 27.34 38881717 1111643776.00
2021/12/07 27.54 27.62 25.43 26.17 33916557 908300608.00
2021/12/08 24.83 25.79 24.74 25.79 34162896 884771648.00
2021/12/09 26.10 27.06 25.89 26.13 21765536 587214400.00
2021/12/10 26.06 28.69 25.75 28.43 35244583 993774784.00
2021/12/13 28.84 29.47 27.58 28.94 27310062 799034560.00
2021/12/14 28.89 29.74 28.35 29.30 18500798 550692032.00
2021/12/15 29.14 29.81 28.84 29.00 15610311 465998208.00
2021/12/16 28.88 29.62 28.55 28.95 10623037 315306304.00
2021/12/17 28.95 29.08 27.54 27.60 13832206 396918112.00
2021/12/20 27.89 27.92 26.19 26.20 17841223 486936416.00
2021/12/21 26.10 26.62 26.04 26.36 9300459 250826800.00
2021/12/22 26.38 27.38 26.24 26.90 13494483 369299776.00
2021/12/23 26.97 27.52 26.64 27.10 9376939 260092656.00
2021/12/24 27.09 27.23 26.54 26.67 9926561 271403872.00
2021/12/27 26.83 26.92 26.22 26.38 9561969 258678912.00
2021/12/28 26.32 26.62 26.22 26.41 7627832 205565536.00
2021/12/29 26.29 26.56 25.79 25.84 14043653 375151584.00
2021/12/30 25.85 26.17 25.29 25.85 15251979 400849632.00
2021/12/31 26.69 27.20 26.18 26.52 17311658 471643424.00
2022/01/04 26.76 26.92 25.91 25.99 10272079 275232960.00
2022/01/05 26.04 26.05 24.61 24.91 16170815 414882816.00
2022/01/06 24.82 25.15 24.42 24.89 8953084 226872992.00
2022/01/07 24.84 24.93 23.15 23.30 23716054 577662976.00
2022/01/10 23.30 24.54 23.24 24.04 13361688 328135520.00
2022/01/11 24.06 24.41 23.78 23.86 8440040 207305552.00
2022/01/12 24.04 26.30 23.94 26.30 30615036 799606784.00
2022/01/13 26.43 26.77 25.55 25.58 20584123 551018240.00
2022/01/14 25.60 26.65 25.40 26.40 13376890 358875648.00
2022/01/17 26.38 26.78 26.15 26.74 12041685 325760416.00
2022/01/18 26.54 26.76 26.28 26.44 8165915 221068480.00
2022/01/19 26.14 26.53 25.63 25.88 9099164 241752976.00
2022/01/20 25.70 26.03 24.64 24.75 11732813 301443104.00
2022/01/21 24.90 24.94 23.73 23.84 13270697 328300768.00
2022/01/24 23.85 24.90 23.60 24.69 11104905 276415616.00
2022/01/25 24.44 24.80 23.75 23.99 7669640 190436528.00
2022/01/26 24.24 24.37 23.24 23.66 8579927 208215088.00
2022/01/27 23.45 23.87 22.66 22.73 9324561 220779136.00
2022/01/28 22.98 24.23 22.65 23.52 13105118 314835904.00
2022/02/07 24.05 24.39 23.63 23.94 14675430 360964960.00
2022/02/08 23.94 24.04 22.34 22.96 17790001 418767936.00
2022/02/09 22.99 23.38 22.44 23.33 11113310 262199952.00
2022/02/10 23.43 23.43 22.21 22.32 18503527 426782560.00
2022/02/11 22.14 22.29 21.36 21.49 17028526 379946848.00
2022/02/14 21.34 22.38 21.05 21.64 12600908 281875296.00
2022/02/15 21.90 22.57 21.68 22.48 14669030 334369056.00
2022/02/16 22.87 23.88 22.75 23.48 17622100 422619872.00
2022/02/17 23.62 23.79 23.27 23.52 11190334 269524704.00
2022/02/18 23.43 24.38 23.18 24.24 13536035 330247712.00
2022/02/21 24.25 24.57 24.08 24.41 8847409 220438448.00
2022/02/22 23.99 24.33 23.67 23.96 8192990 200358352.00
2022/02/23 23.94 24.88 23.87 24.78 9163540 230469184.00
2022/02/24 24.62 25.06 23.46 24.03 15121331 375140992.00
2022/02/25 24.38 25.00 24.18 24.25 10464876 262932704.00
2022/02/28 24.13 24.33 23.74 24.00 9290139 227583920.00
2022/03/01 24.10 24.48 23.49 23.83 10443119 255557776.00
2022/03/02 23.39 23.43 22.22 22.29 27847112 643224960.00
2022/03/03 22.45 22.63 21.54 21.54 19104519 428721152.00
2022/03/04 21.45 21.61 20.24 20.54 27481269 587281984.00
2022/03/07 19.87 20.31 19.33 19.44 25657800 520609856.00
2022/03/08 19.67 19.84 18.47 18.87 27043423 531464672.00
2022/03/09 19.00 19.32 17.73 18.60 23957986 456099584.00
2022/03/10 19.80 19.97 19.24 19.39 27571588 556427456.00
2022/03/11 19.01 19.53 18.46 19.31 19571781 382765888.00
2022/03/14 19.44 19.56 18.75 18.75 15616370 308217024.00
2022/03/15 18.55 18.92 17.81 17.81 20149926 382358592.00
2022/03/16 18.44 18.94 17.53 18.84 24999881 473456032.00
2022/03/17 19.65 20.47 19.45 20.27 35143957 722810176.00
2022/03/18 19.94 20.64 19.75 20.54 18898172 393440928.00
2022/03/21 20.59 20.82 20.04 20.31 15954660 334706592.00
2022/03/22 20.20 20.60 19.92 20.54 12715149 264193584.00
2022/03/23 20.55 20.60 20.16 20.40 8407600 176137184.00
2022/03/24 20.20 20.29 19.74 19.90 15185589 311269984.00
2022/03/25 19.89 20.13 19.17 19.20 16433250 330625536.00
2022/03/28 18.93 18.94 17.22 17.23 48988561 902542976.00
2022/03/29 17.64 17.86 16.31 16.71 54735058 962030144.00
2022/03/30 17.31 17.60 16.99 17.48 42402954 757825472.00
2022/03/31 17.13 17.32 15.68 15.71 88978135 1465994880.00
2022/04/01 15.45 15.84 15.18 15.69 47531675 767852800.00
2022/04/06 15.68 16.27 15.26 16.01 33702910 552096448.00
2022/04/07 15.83 16.02 15.29 15.29 25135247 406625024.00
2022/04/08 15.33 15.41 14.82 15.04 30166095 471289408.00
2022/04/11 15.00 15.01 14.09 14.17 35490981 527607552.00
2022/04/12 14.35 14.52 13.85 14.39 27083837 400592352.00
2022/04/13 14.31 14.34 13.93 13.94 19210811 281898944.00
2022/04/14 14.24 14.29 13.71 13.83 22821657 330320960.00
2022/04/15 13.64 13.94 13.47 13.72 21433259 305036160.00
2022/04/18 13.83 14.26 13.46 14.17 21617181 313814368.00
2022/04/19 14.23 14.76 14.23 14.45 28548162 429813440.00
2022/04/20 14.44 14.44 13.87 13.95 20392845 300037984.00
2022/04/21 13.82 13.92 13.05 13.17 24115585 338212640.00
2022/04/22 13.17 13.65 13.12 13.44 22302862 311803424.00
2022/04/25 12.97 13.15 12.04 12.04 34315497 445814336.00
2022/04/26 11.84 11.96 10.91 11.01 42864035 510209536.00
2022/04/27 11.33 12.17 11.24 12.17 33962473 418032288.00
2022/04/28 12.32 12.61 12.02 12.18 36654639 469211488.00
2022/04/29 12.29 12.94 11.89 12.82 37772876 493210976.00
2022/05/05 12.87 13.25 12.65 12.92 23741946 321281152.00
2022/05/06 12.52 12.81 12.34 12.36 24797874 324436192.00
2022/05/09 12.37 12.83 12.37 12.67 12842439 169629472.00
2022/05/10 12.40 13.19 12.40 13.04 24423240 328556320.00
2022/05/11 13.15 14.09 13.04 13.54 37130595 530348128.00
2022/05/12 13.39 14.11 13.28 13.90 29125543 420328576.00
2022/05/13 13.96 13.96 13.59 13.80 19514138 279495200.00
2022/05/16 14.04 14.32 13.71 13.96 24887879 360519360.00
2022/05/17 13.97 14.16 13.77 14.07 19685445 280168832.00
2022/05/18 14.11 14.60 13.99 14.24 22336457 326184960.00
2022/05/19 13.95 14.52 13.88 14.49 26490831 384626976.00
2022/05/20 14.61 14.78 14.29 14.66 22753768 336890976.00
2022/05/23 14.54 14.74 14.45 14.61 13983062 207636544.00
2022/05/24 14.60 15.20 14.17 14.19 35953701 536631904.00
2022/05/25 14.18 14.39 13.91 14.32 20593980 297145728.00
2022/05/26 14.32 14.47 13.84 14.37 21183040 306289152.00
2022/05/27 14.42 14.74 14.04 14.12 14733519 215102976.00
2022/05/30 14.17 14.42 13.95 14.31 17059723 246650512.00
2022/05/31 14.31 14.92 14.15 14.84 27266690 405153600.00
2022/06/01 14.74 15.12 14.67 14.85 21477550 325325632.00
2022/06/02 14.69 14.90 14.48 14.82 18538389 278182336.00
2022/06/06 14.65 15.64 14.65 15.61 32277057 503150464.00
2022/06/07 15.75 15.87 15.23 15.36 25584320 401313312.00
2022/06/08 15.34 15.47 14.74 15.10 24593277 377239392.00
2022/06/09 15.12 15.18 14.36 14.44 23893535 356139296.00
2022/06/10 14.35 15.17 14.31 15.03 24123374 365886400.00
2022/06/13 14.89 15.21 14.72 14.90 20843455 317367104.00
2022/06/14 14.69 15.42 14.51 15.33 31448515 481255168.00
2022/06/15 15.33 16.10 15.29 15.76 50562068 806933696.00
2022/06/16 15.74 16.26 15.54 15.62 41118129 664334208.00
2022/06/17 15.46 15.75 15.34 15.67 27122969 429921952.00
2022/06/20 15.84 16.74 15.66 16.44 39966953 658356800.00
2022/06/21 16.74 17.40 16.39 16.68 48356916 827574400.00
2022/06/22 16.63 16.68 16.13 16.19 26156777 436115360.00
2022/06/23 16.49 16.56 15.76 16.52 27366199 450934496.00
2022/06/24 16.54 17.01 16.51 16.66 31747871 539474624.00
2022/06/27 16.63 16.77 16.25 16.62 28362273 474991328.00
2022/06/28 16.61 17.12 16.40 17.12 26452686 453392896.00
2022/06/29 17.27 18.23 17.14 17.23 41437759 739813888.00
2022/06/30 17.64 18.23 17.58 17.83 31792244 576808576.00
2022/07/01 17.95 18.21 17.62 18.03 24312263 443320256.00
2022/07/04 17.95 18.06 17.62 17.88 19242974 348247968.00
2022/07/05 18.00 18.02 17.35 17.57 23683021 422658912.00
2022/07/06 17.40 17.61 16.85 17.14 23966263 417709120.00
2022/07/07 17.06 17.52 16.90 17.20 15694844 274181856.00
2022/07/08 17.29 17.88 17.20 17.20 19319507 343044352.00
2022/07/11 17.25 17.27 16.43 16.86 19345083 328708320.00
2022/07/12 16.82 17.26 16.76 16.77 14388556 247377520.00
2022/07/13 16.73 18.47 16.50 18.47 68583547 1252919168.00
2022/07/14 19.18 19.97 19.18 19.71 95259578 1889731584.00
2022/07/15 19.94 21.40 19.47 20.35 64929880 1349356160.00
2022/07/18 20.84 22.41 20.84 22.41 86120859 1917803520.00
2022/07/19 23.04 23.60 22.62 22.79 81612209 1910428928.00
2022/07/20 23.25 24.06 22.84 23.34 53133677 1258173184.00
2022/07/21 23.67 23.68 22.32 22.89 48076288 1112296064.00
2022/07/22 23.75 23.99 22.84 23.82 51823626 1237230208.00
2022/07/25 24.67 25.46 22.43 22.55 77744706 1870423808.00
2022/07/26 23.14 24.83 22.23 24.83 72122927 1735238016.00
2022/07/27 25.40 26.58 24.89 26.37 73635165 1915918208.00
2022/07/28 26.85 27.63 25.79 26.82 62067086 1674091392.00
2022/07/29 26.49 27.80 26.35 27.43 46806447 1279404160.00
2022/08/01 27.65 28.32 25.97 27.74 58792515 1608952576.00
2022/08/02 26.62 27.24 26.08 26.50 51358710 1380552064.00
2022/08/03 27.18 27.57 24.74 25.67 68892559 1838773248.00
2022/08/04 25.72 26.03 24.18 24.55 56549126 1416787328.00
2022/08/05 24.91 25.05 24.04 24.66 32611222 807672832.00
2022/08/08 24.34 26.20 23.62 26.09 50096263 1278553088.00
2022/08/09 26.10 26.69 25.67 25.79 32257335 849085760.00
2022/08/10 24.82 25.04 23.19 24.30 96846837 2344962816.00
2022/08/11 24.31 24.60 22.42 23.39 75988392 1808735104.00
2022/08/12 24.09 25.19 23.83 23.94 68269368 1687050496.00
2022/08/15 23.74 25.46 23.48 24.72 45904045 1141049600.00
2022/08/16 24.24 26.92 24.24 26.16 54548431 1426064384.00
2022/08/17 26.14 26.73 25.54 25.62 34784713 914557376.00
2022/08/18 25.65 26.62 25.44 25.96 28425879 748053696.00
2022/08/19 25.76 26.04 24.20 24.36 35388308 890382720.00
2022/08/22 24.45 24.64 22.94 23.80 33772193 807245568.00
2022/08/23 23.84 24.30 23.40 23.89 25576981 615687680.00
2022/08/24 23.82 23.93 21.52 21.57 57272981 1293966848.00
2022/08/25 21.79 22.04 20.28 20.71 52165251 1096208896.00
2022/08/26 20.95 21.16 19.79 19.93 37994084 785424064.00
2022/08/29 19.93 20.87 19.76 20.18 36290200 748471936.00
2022/08/30 20.34 20.98 19.88 20.24 36023666 745976256.00
2022/08/31 20.14 20.50 18.72 18.99 51429973 1006727232.00
2022/09/01 19.05 19.41 18.66 19.14 28092647 542366080.00
2022/09/02 19.15 19.90 18.95 19.37 30941678 610923008.00
2022/09/05 19.40 19.90 18.95 19.11 28719000 563780928.00
2022/09/06 19.17 20.37 18.73 20.05 42322812 843930944.00
2022/09/07 19.69 20.39 19.53 19.64 37730357 759079808.00
2022/09/08 19.76 20.00 18.94 19.04 29321024 576260480.00
2022/09/09 19.04 19.37 18.38 19.21 35511739 680001088.00
2022/09/13 19.38 19.78 18.64 18.88 24155953 465950752.00
2022/09/14 18.46 18.84 18.12 18.41 30158866 563620032.00
2022/09/15 18.50 18.53 16.64 16.99 52136047 913250560.00
2022/09/16 16.84 17.27 16.70 16.80 26027890 448169856.00
2022/09/19 16.74 17.10 16.39 16.59 22349400 379332032.00
2022/09/20 16.84 17.28 16.74 16.89 22306403 385500800.00
2022/09/21 16.88 17.64 16.65 17.18 28307050 494156384.00
2022/09/22 16.26 16.86 16.11 16.52 61568108 1029625280.00
2022/09/23 16.53 16.63 15.49 15.80 51118192 824889856.00
2022/09/26 15.72 16.33 15.48 15.85 33928562 548936896.00
2022/09/27 16.00 16.04 15.51 16.04 28241160 452453184.00
2022/09/28 15.90 16.00 15.12 15.16 24454410 383768512.00
2022/09/29 15.35 15.42 15.06 15.23 19888444 307621280.00
2022/09/30 15.23 15.23 14.62 14.66 19175521 290029696.00
2022/10/10 14.71 14.77 13.94 13.99 26292280 381280544.00
2022/10/11 14.26 14.39 13.84 14.18 18105857 260204608.00
2022/10/12 14.13 14.84 13.64 14.71 31888422 463071648.00
2022/10/13 14.59 14.98 14.44 14.55 27721698 415051296.00
2022/10/14 14.79 15.39 14.48 15.21 37316068 568473728.00
2022/10/17 15.04 15.38 14.59 14.99 32621729 493814752.00
2022/10/18 15.24 15.82 14.96 15.64 47699305 748451264.00
2022/10/19 15.65 16.03 15.32 15.43 48705881 776745536.00
2022/10/20 15.19 15.46 14.74 15.16 29354571 450326400.00
2022/10/21 15.15 15.22 14.82 14.96 18163263 277297024.00
2022/10/24 15.06 15.62 14.69 14.84 29949814 461417408.00
2022/10/25 14.75 15.43 14.27 15.11 33923573 517494816.00
2022/10/26 15.23 15.49 14.90 15.05 34962732 540688320.00
2022/10/27 15.02 15.27 14.14 14.22 49227692 730751488.00
2022/10/28 12.77 12.77 12.77 12.77 6162100 80292160.00
2022/10/31 11.47 11.47 11.47 11.47 19542600 229234704.00
2022/11/01 10.79 11.11 10.39 10.99 122197260 1333566592.00
2022/11/02 11.03 11.78 10.94 11.56 87348801 1018452736.00
2022/11/03 11.37 11.93 11.35 11.67 51621558 616473920.00
2022/11/04 11.94 12.79 11.93 12.63 67590289 856260096.00
2022/11/07 12.85 12.97 12.44 12.89 46412200 604550400.00
2022/11/08 12.79 13.10 12.56 12.67 31155828 404151776.00
2022/11/09 12.79 13.04 12.57 12.84 30777500 402084544.00
2022/11/10 12.65 12.80 12.43 12.60 32972805 424232320.00
2022/11/11 13.06 13.10 12.46 12.53 38022848 494114912.00
2022/11/14 12.45 12.77 12.23 12.29 29291368 373191680.00
2022/11/15 12.29 12.94 12.17 12.94 40857157 528861952.00
2022/11/16 12.92 13.14 12.64 12.73 31082128 405847712.00
2022/11/17 12.64 12.72 12.29 12.63 28907151 366955808.00
2022/11/18 12.63 12.82 12.35 12.36 27837114 357334080.00
2022/11/21 12.54 13.62 12.32 13.62 41244527 547100800.00
2022/11/22 14.24 15.01 14.09 14.81 172737928 2592379136.00
2022/11/23 14.24 15.29 14.07 14.88 132737617 1992534144.00
2022/11/24 14.76 16.39 14.45 15.94 153506671 2398222592.00
2022/11/25 15.75 16.34 15.33 15.54 109720613 1764036480.00
2022/11/28 15.09 15.90 14.94 15.23 80420216 1252268928.00
2022/11/29 14.98 15.94 14.94 15.50 81800983 1293780224.00
2022/11/30 15.41 15.62 15.00 15.06 60821235 943835776.00
2022/12/01 15.17 15.68 15.05 15.30 59929607 938997248.00
2022/12/02 15.25 15.57 14.86 14.96 61881579 956207680.00
2022/12/05 14.91 15.08 14.52 14.66 57597019 860812032.00
2022/12/06 14.73 15.04 14.26 14.83 61721218 922133440.00
2022/12/07 14.78 15.95 14.51 15.52 98049410 1536411904.00
2022/12/08 15.34 15.50 15.02 15.07 54468734 842135616.00
2022/12/09 14.94 15.17 14.72 14.80 39910935 604028032.00
2022/12/12 14.64 14.93 14.44 14.64 31477803 470089088.00
2022/12/13 14.60 14.60 13.89 13.91 53370153 766627392.00
2022/12/14 13.75 14.16 13.69 13.84 31153568 441338880.00
2022/12/15 13.67 14.02 13.66 14.00 24384580 344339360.00
2022/12/16 13.84 13.85 13.15 13.17 48617847 663663808.00
2022/12/19 13.17 13.31 12.88 12.94 23505322 313569408.00
2022/12/20 12.95 13.09 12.79 13.03 20610901 271982624.00
2022/12/21 12.94 13.06 12.62 12.76 22715947 296854208.00
2022/12/22 12.75 12.86 12.41 12.46 22895478 295126368.00
2022/12/23 12.36 12.49 11.99 12.06 24029778 298878080.00
2022/12/26 12.05 12.80 12.01 12.76 30909808 395260928.00
2022/12/27 12.78 13.11 12.64 13.06 32224427 423873952.00
2022/12/28 12.98 12.98 12.60 12.76 26847467 349669056.00
2022/12/29 12.75 12.86 12.51 12.52 20298408 262406448.00
2022/12/30 12.64 12.71 12.43 12.49 14200822 181624032.00
2023/01/03 12.45 12.97 12.26 12.84 27761605 358621536.00
2023/01/04 12.84 12.93 12.44 12.52 26429206 340871744.00
2023/01/05 12.57 13.00 12.50 12.89 33012562 432788480.00
2023/01/06 12.82 13.63 12.80 13.26 44776687 608190976.00
2023/01/09 13.24 13.51 13.05 13.32 27803979 377257984.00
2023/01/10 13.31 13.46 13.06 13.30 27914829 377142496.00
2023/01/11 13.32 13.32 12.90 12.91 25581867 340977248.00
2023/01/12 12.89 13.30 12.85 13.06 19143354 255116368.00
2023/01/13 12.99 13.21 12.69 12.87 22199970 291853856.00
2023/01/16 12.85 13.31 12.65 13.12 26672944 355277376.00
2023/01/17 13.15 13.96 13.08 13.94 55874757 776343360.00
2023/01/18 13.84 13.92 13.62 13.78 30879602 433115104.00
2023/01/19 13.71 13.85 13.60 13.73 20727919 290049344.00
2023/01/20 13.85 13.94 13.73 13.86 19713412 277564544.00
2023/01/30 14.11 14.13 13.74 13.75 28660427 406026912.00
2023/01/31 13.72 14.24 13.67 14.24 36529582 524302624.00
2023/02/01 14.15 14.48 14.09 14.36 27566586 401204224.00
2023/02/02 14.39 14.45 14.14 14.20 26158664 379121856.00
2023/02/03 14.20 14.36 13.81 14.29 29314789 418799264.00
2023/02/06 14.24 14.24 13.90 13.94 18004237 256942368.00
2023/02/07 13.94 14.16 13.89 14.00 15629798 223026784.00
2023/02/08 14.07 14.43 13.96 13.98 23046304 332383840.00
2023/02/09 13.94 14.36 13.86 14.30 30253314 438204352.00
2023/02/10 14.33 14.37 13.99 14.11 20767894 299279584.00
2023/02/13 14.09 14.14 13.89 14.05 15308326 218850416.00
2023/02/14 14.13 14.22 13.89 14.02 19489751 278577376.00
2023/02/15 14.04 15.08 14.03 14.99 71617218 1068967424.00
2023/02/16 14.98 14.98 14.04 14.22 59782186 883671552.00
2023/02/17 14.22 14.30 13.87 13.88 29093159 416274336.00
2023/02/20 13.79 13.86 13.34 13.76 29967456 414937088.00
2023/02/21 13.79 14.08 13.67 13.88 22756333 322505568.00
2023/02/22 13.71 13.85 13.65 13.71 15402514 215461296.00
2023/02/23 13.71 13.81 13.62 13.69 13399778 186871776.00
2023/02/24 13.70 13.73 13.52 13.54 11457178 158755728.00
2023/02/27 13.42 13.60 13.35 13.38 11610500 159164944.00
2023/02/28 13.39 13.54 13.32 13.54 10102842 138400720.00
2023/03/01 13.53 13.64 13.43 13.61 12381676 170949456.00
2023/03/02 13.62 13.96 13.55 13.83 23442855 329723520.00
2023/03/03 13.76 13.81 13.59 13.69 12179049 169810720.00
2023/03/06 13.65 13.66 13.38 13.54 12369911 170254000.00
2023/03/07 13.62 13.62 13.22 13.22 13587508 185459360.00
2023/03/08 13.13 13.29 13.07 13.23 8738650 117688432.00
2023/03/09 13.23 13.28 13.09 13.11 7969213 106948888.00
2023/03/10 13.04 13.09 12.71 12.73 13876092 181555552.00
2023/03/13 12.67 12.84 12.56 12.77 9928013 128692224.00
2023/03/14 12.65 12.76 12.26 12.44 16122039 204960480.00
2023/03/15 12.51 12.80 12.51 12.56 10985274 141983552.00
2023/03/16 12.54 12.62 12.26 12.27 12483386 158069968.00
2023/03/17 12.34 12.41 12.23 12.34 11524411 145128128.00
2023/03/20 12.43 12.52 12.13 12.42 12289275 154751776.00
2023/03/21 12.43 12.81 12.38 12.79 12500397 161278464.00
2023/03/22 12.84 12.96 12.66 12.70 12091532 157682208.00
2023/03/23 12.65 12.67 12.57 12.64 9704701 124936672.00
2023/03/24 12.67 12.78 12.56 12.65 11452171 147978480.00
2023/03/27 12.63 12.64 12.38 12.63 12265682 157085008.00
2023/03/28 12.59 12.63 12.35 12.38 11033128 140051408.00
2023/03/29 12.40 12.54 12.17 12.22 10323164 129967608.00
2023/03/30 12.18 12.29 12.07 12.29 9595941 119389736.00
2023/03/31 12.28 12.66 12.20 12.43 13854890 176763584.00
2023/04/03 12.34 12.45 12.24 12.38 15306858 192946832.00
2023/04/04 12.34 12.38 11.85 11.92 24254266 297994112.00
2023/04/06 11.92 11.95 11.72 11.78 13699191 165430976.00
2023/04/07 11.75 11.94 11.72 11.81 10073100 121876272.00
2023/04/10 11.89 12.04 11.82 11.92 10270484 125068360.00
2023/04/11 11.93 11.94 11.58 11.66 16740474 199980336.00
2023/04/12 11.70 11.82 11.52 11.77 15965835 190452976.00
2023/04/13 11.77 11.77 11.50 11.51 12493500 147926448.00
2023/04/14 11.53 11.77 11.50 11.64 12680573 151036480.00
2023/04/17 11.58 11.91 11.58 11.80 11918121 143723952.00
2023/04/18 11.80 12.00 11.79 11.93 13184159 160475616.00
2023/04/19 11.91 11.92 11.64 11.70 11735118 140761920.00
2023/04/20 11.64 11.69 11.34 11.35 14319681 167400208.00
2023/04/21 11.34 11.44 11.02 11.04 13188014 150958976.00
2023/04/24 10.96 11.01 10.75 10.89 11238740 125278832.00
2023/04/25 10.89 10.93 10.32 10.57 18740239 202449392.00
2023/04/26 9.49 9.49 9.49 9.49 11055400 107790152.00
2023/04/27 9.10 9.83 9.10 9.74 30685276 302605952.00
2023/04/28 9.74 10.02 9.62 9.66 15428316 154599984.00
2023/05/04 9.61 10.14 9.56 9.75 15653830 158459056.00
2023/05/05 9.79 9.84 9.55 9.68 9240595 91672864.00
2023/05/08 9.69 9.78 9.62 9.66 9064591 90235552.00
2023/05/09 9.66 9.81 9.53 9.56 12332314 122208800.00
2023/05/10 9.52 10.30 9.49 10.05 26845137 273584256.00
2023/05/11 10.12 10.22 9.88 10.11 15999741 165028832.00
2023/05/12 10.06 10.16 9.79 9.80 11084518 112908256.00
2023/05/15 9.82 10.09 9.78 10.06 11750379 119991680.00
2023/05/16 10.12 10.22 10.01 10.04 9515270 98351616.00
2023/05/17 10.04 10.15 9.94 10.05 8460927 87218264.00
2023/05/18 10.09 10.10 9.90 9.94 7506233 76766568.00
2023/05/19 9.89 10.16 9.86 10.09 10197111 105006016.00
2023/05/22 10.04 10.19 9.95 10.18 11500291 119018840.00
2023/05/23 10.14 10.23 10.08 10.11 7058802 73452744.00
2023/05/24 10.09 10.16 9.96 10.06 7256042 74862952.00
2023/05/25 10.07 10.21 9.90 10.03 11325219 116777024.00
2023/05/26 10.06 10.08 9.82 9.94 7482309 76086816.00
2023/05/29 10.00 10.00 9.72 9.73 8434166 84889864.00
2023/05/30 9.71 9.92 9.63 9.78 9895206 99043384.00
2023/05/31 9.76 9.77 9.42 9.45 11928006 116836568.00
2023/06/01 9.50 9.84 9.36 9.77 14731856 146331392.00
2023/06/02 9.81 10.27 9.75 10.17 18994516 196718544.00
2023/06/05 10.18 10.24 10.02 10.11 9053800 93826152.00
2023/06/06 10.11 10.11 9.75 9.76 11061707 112280264.00
2023/06/07 9.72 9.79 9.61 9.65 10243780 101696560.00
2023/06/08 9.61 9.89 9.46 9.47 12999458 128222936.00
2023/06/09 9.50 9.60 8.50 8.57 55243800 498937056.00
2023/06/12 8.60 9.11 8.55 9.01 36375779 332995808.00
2023/06/13 8.99 9.05 8.73 8.74 18171469 164642384.00
2023/06/14 8.72 8.78 8.52 8.55 16598792 147104320.00
2023/06/15 8.58 9.43 8.51 9.43 36532243 341345536.00
2023/06/16 9.69 10.16 9.45 9.86 57172007 578841088.00
2023/06/19 9.83 10.19 9.72 9.91 36010004 365320064.00
2023/06/20 9.92 10.19 9.78 10.07 28603166 293515968.00
2023/06/21 11.10 11.10 11.10 11.10 10294595 116946600.00
2023/06/26 12.24 12.24 11.54 12.24 132146963 1630173056.00
2023/06/27 12.22 12.28 11.54 11.94 100850082 1226644352.00
2023/06/28 11.74 12.24 11.56 11.89 70581659 855306240.00
2023/06/29 11.77 11.78 11.21 11.36 67457755 773722304.00
2023/06/30 11.44 12.50 11.22 12.50 95202026 1148370560.00
2023/07/03 12.94 13.52 12.72 12.81 139258801 1837814144.00
2023/07/04 12.83 13.06 12.60 12.84 72704492 932434240.00
2023/07/05 12.55 13.72 12.54 13.13 109876488 1456996608.00
2023/07/06 12.98 13.44 12.61 13.16 70453903 920590848.00
2023/07/07 12.94 13.40 12.66 12.67 63228358 825257408.00
2023/07/10 12.78 12.80 12.04 12.23 60346533 745336320.00
2023/07/11 12.29 12.33 12.03 12.29 32120178 394434272.00
2023/07/12 12.19 12.27 11.82 11.85 43789851 526888512.00
2023/07/13 11.93 11.94 11.67 11.82 32711998 388180992.00
2023/07/14 11.30 11.68 11.08 11.51 45361159 520568256.00
2023/07/17 11.41 11.71 11.32 11.44 23364219 270376096.00
2023/07/18 11.44 11.60 11.35 11.49 23772730 274557248.00
2023/07/19 11.49 11.49 11.18 11.33 25934266 294912864.00
2023/07/20 11.38 11.51 11.04 11.06 22351577 252385376.00
2023/07/21 11.07 11.23 10.86 10.89 20864874 231203840.00
2023/07/24 10.82 10.97 10.64 10.67 19325113 208853072.00
2023/07/25 10.80 10.89 10.59 10.79 22988491 248699168.00
2023/07/26 10.79 10.82 10.56 10.61 14886420 159546240.00
2023/07/27 10.61 10.74 10.39 10.43 18820424 199557920.00
2023/07/28 10.40 10.48 10.27 10.43 18249871 190480976.00
2023/07/31 10.39 10.59 10.39 10.45 17379304 183108592.00
2023/08/01 10.45 10.47 10.27 10.32 13202677 137273552.00
2023/08/02 10.30 11.11 10.29 10.95 61165080 663093120.00
2023/08/03 10.78 10.97 10.60 10.69 32833789 353525280.00
2023/08/04 10.69 10.76 10.51 10.70 23354220 250151488.00
2023/08/07 10.67 10.71 10.42 10.52 18784475 198929408.00
2023/08/08 10.51 10.63 10.30 10.37 14689140 153884976.00
2023/08/09 10.33 10.49 10.16 10.35 11668735 121256520.00
2023/08/10 10.35 10.60 10.34 10.44 13637800 142955408.00
2023/08/11 10.41 10.42 10.16 10.17 13731997 142056096.00
2023/08/14 10.04 10.18 9.95 10.16 12580799 127240904.00
2023/08/15 10.17 10.23 9.88 9.96 14702848 147568608.00
2023/08/16 9.92 10.03 9.85 9.87 10248149 102344968.00
2023/08/17 9.82 10.06 9.76 10.01 11061901 110361672.00
2023/08/18 10.00 10.06 9.73 9.74 9218250 91604920.00
2023/08/21 9.72 9.82 9.61 9.61 8788800 85758032.00
2023/08/22 9.70 9.79 9.50 9.69 10108600 98024056.00
2023/08/23 9.69 9.89 9.51 9.61 15898401 155122064.00
2023/08/24 9.59 9.71 9.44 9.52 12498906 120478040.00
2023/08/25 9.57 9.57 9.30 9.34 11874090 112470760.00
2023/08/28 9.83 9.84 9.21 9.24 20140170 192792912.00
2023/08/29 9.19 9.70 9.14 9.64 21345682 204948144.00
2023/08/30 9.55 9.87 9.55 9.62 14645677 142936496.00
2023/08/31 9.59 9.61 9.42 9.44 11029500 105253024.00
2023/09/01 9.51 9.57 9.44 9.50 7366900 70435192.00
2023/09/04 9.56 9.79 9.49 9.78 16206927 157785248.00
2023/09/05 9.75 9.98 9.75 9.88 19608500 194991440.00
2023/09/06 9.84 9.94 9.65 9.90 16477866 162405856.00
2023/09/07 9.93 9.94 9.64 9.65 12559309 123158376.00
2023/09/08 9.62 9.71 9.59 9.60 7731490 74986208.00
2023/09/11 9.54 9.79 9.46 9.72 11586604 112714584.00
2023/09/12 9.67 9.81 9.63 9.75 8930856 87433632.00
2023/09/13 9.71 9.75 9.47 9.55 10883000 105038440.00
2023/09/14 9.54 9.54 9.36 9.41 8160000 77321488.00
2023/09/15 9.43 9.58 9.35 9.44 9603000 91221496.00
2023/09/18 9.44 9.65 9.35 9.52 10722033 102885744.00
2023/09/19 9.52 9.58 9.20 9.26 11529824 107867488.00
2023/09/20 9.29 9.34 9.11 9.12 8256560 76353920.00
2023/09/21 9.11 9.22 9.06 9.09 6120990 56222820.00
2023/09/22 9.09 9.37 9.07 9.36 11946605 111382480.00
2023/09/25 9.34 9.36 8.97 9.12 19106098 174989776.00
2023/09/26 9.11 9.12 8.94 8.96 10771693 97578192.00
2023/09/27 8.96 9.22 8.90 9.09 13121325 120246192.00
2023/09/28 9.10 9.22 9.08 9.11 8102798 74574928.00
2023/10/09 9.12 9.18 9.02 9.06 7584428 69367864.00
2023/10/10 9.16 9.36 9.01 9.06 10592738 97147384.00
2023/10/11 9.14 9.30 9.05 9.14 13037760 120271520.00
2023/10/12 9.19 9.44 9.11 9.42 18668931 175025744.00
2023/10/13 9.35 9.36 9.09 9.13 17623373 162679696.00
2023/10/16 9.11 9.13 8.89 8.95 13346080 120405224.00
2023/10/17 8.99 9.00 8.89 8.98 8567139 77158640.00
2023/10/18 8.94 8.94 8.74 8.74 8469129 75091608.00
2023/10/19 8.74 8.82 8.61 8.65 7928802 69463456.00
2023/10/20 8.62 8.76 8.60 8.62 8607480 75155784.00
2023/10/23 8.67 8.68 8.28 8.32 12693431 107706592.00
2023/10/24 8.34 8.62 8.33 8.49 12068747 103169568.00
2023/10/25 8.55 8.78 8.52 8.56 9333700 81224760.00
2023/10/26 8.49 8.58 8.33 8.54 10739264 91271144.00
2023/10/27 8.49 8.79 8.38 8.72 12074034 104930680.00
2023/10/30 8.59 8.84 8.54 8.82 12437035 109106320.00
2023/10/31 8.81 8.82 8.67 8.74 8312453 73101808.00
2023/11/01 8.74 8.79 8.68 8.72 6429302 56559896.00
2023/11/02 8.73 8.82 8.58 8.60 7484603 65417672.00
2023/11/03 8.58 8.82 8.58 8.76 10529663 92861328.00
2023/11/06 8.83 9.17 8.83 9.07 15558224 141204320.00
2023/11/07 9.07 9.37 9.01 9.20 16415635 151487136.00
2023/11/08 9.22 9.24 8.94 9.03 15336403 139850960.00
2023/11/09 9.03 9.17 8.99 9.07 9854947 90141976.00
2023/11/10 9.04 9.07 8.92 9.00 7202558 65187512.00
2023/11/13 9.01 9.14 8.97 9.07 6965500 63343464.00
2023/11/14 9.07 9.19 9.03 9.10 7742900 71040968.00
2023/11/15 9.17 9.20 9.12 9.16 8554700 78859064.00
2023/11/16 9.15 9.15 8.99 9.00 10201600 92964072.00
2023/11/17 9.00 9.53 8.95 9.44 48807674 459055328.00
2023/11/20 9.32 9.59 9.26 9.49 37784939 358337184.00
2023/11/21 9.63 9.63 9.28 9.29 23610800 223158144.00
2023/11/22 9.29 9.33 9.09 9.10 16375116 151432992.00
2023/11/23 9.10 9.20 9.07 9.19 11427917 105191320.00
2023/11/24 9.13 9.14 8.85 8.89 18949773 170919808.00
2023/11/27 8.91 8.96 8.79 8.82 10560061 93999464.00
2023/11/28 8.82 8.91 8.74 8.89 9158713 81468424.00
2023/11/29 8.84 8.96 8.81 8.86 8287237 74049480.00
2023/11/30 8.84 8.85 8.60 8.62 11724370 102546248.00
2023/12/01 8.64 8.67 8.52 8.62 9645262 83369528.00
2023/12/04 8.62 8.67 8.56 8.57 8351386 72316048.00
2023/12/05 8.57 8.58 8.39 8.39 9650900 82301936.00
2023/12/06 8.38 8.53 8.36 8.42 7852435 66868604.00
2023/12/07 8.42 8.44 8.25 8.30 9602587 80256728.00
2023/12/08 8.32 8.37 8.23 8.23 7818100 65164244.00
2023/12/11 8.25 8.27 8.04 8.26 11093842 91047976.00
2023/12/12 8.26 8.28 8.15 8.19 8054444 66498076.00
2023/12/13 8.16 8.16 8.06 8.08 6579700 53641212.00
2023/12/14 8.09 8.17 7.98 7.99 8373739 68024856.00
2023/12/15 8.01 8.08 7.86 7.89 10156766 81537040.00
2023/12/18 7.89 7.89 7.69 7.70 10435960 81602520.00
2023/12/19 7.74 7.78 7.66 7.73 6256347 48648508.00
2023/12/20 7.73 7.77 7.60 7.60 6807931 52655640.00
2023/12/21 7.57 7.77 7.50 7.71 10344532 79646696.00
2023/12/22 7.71 7.82 7.63 7.65 10227892 79383144.00
2023/12/25 7.65 7.73 7.58 7.61 5428600 41762332.00
2023/12/26 7.60 7.61 7.45 7.47 7664600 58053432.00
2023/12/27 7.49 7.54 7.42 7.53 6706200 50588748.00
2023/12/28 7.52 7.96 7.50 7.91 19129859 150642704.00
2023/12/29 7.92 8.08 7.89 8.05 13989171 112933768.00
2024/01/02 7.99 8.13 7.98 8.05 10432200 84838448.00
2024/01/03 8.04 8.08 7.91 8.00 8210668 66118448.00
2024/01/04 8.00 8.01 7.85 7.90 6968230 55487796.00
2024/01/05 7.89 8.00 7.72 7.76 7592000 60017756.00
2024/01/08 7.76 7.83 7.51 7.53 8877900 68150872.00
2024/01/09 7.53 7.79 7.47 7.57 9318472 71483632.00
2024/01/10 7.57 7.67 7.42 7.51 7615226 57950168.00
2024/01/11 7.55 7.76 7.47 7.69 10356200 79779768.00
2024/01/12 7.70 7.87 7.66 7.72 9175198 71804384.00
2024/01/15 7.71 7.73 7.55 7.61 7724944 59442364.00
2024/01/16 7.62 7.71 7.44 7.57 8154470 62085600.00
2024/01/17 7.56 7.57 7.24 7.24 10594426 78804120.00
2024/01/18 7.23 7.33 7.01 7.30 13592801 98280720.00
2024/01/19 7.28 7.44 7.16 7.16 8893594 65433060.00
2024/01/22 7.16 7.17 6.68 6.75 12486200 87505456.00
2024/01/23 6.77 6.85 6.61 6.77 11008928 74824384.00
2024/01/24 6.84 6.89 6.58 6.85 11698010 79621896.00
2024/01/25 6.85 7.04 6.78 7.03 10088196 70646136.00
2024/01/26 7.05 7.08 6.92 6.93 9279100 65402516.00
2024/01/29 6.94 6.98 6.70 6.71 8622676 59162604.00
2024/01/30 6.68 6.74 6.38 6.40 9382104 62143164.00
2024/01/31 6.13 6.26 5.81 5.81 24927151 150442512.00
2024/02/01 5.81 6.06 5.70 5.90 20146900 119854808.00
2024/02/02 5.90 5.98 5.32 5.54 19729787 112570336.00
2024/02/05 5.54 5.63 4.98 4.98 24809888 128399456.00
2024/02/06 4.79 5.39 4.68 5.25 27092579 137075408.00
2024/02/07 5.24 5.70 5.24 5.59 29114053 163361984.00
2024/02/08 5.59 6.02 5.59 5.95 25860906 152591472.00
2024/02/19 6.00 6.12 5.88 5.96 18229928 110216656.00
2024/02/20 5.93 5.98 5.81 5.96 10706497 63845380.00
2024/02/21 5.92 6.32 5.85 6.06 17779006 110006024.00
2024/02/22 6.06 6.15 6.00 6.14 11084580 68197376.00
2024/02/23 6.16 6.35 6.12 6.33 15193900 95537432.00
2024/02/26 6.37 6.53 6.30 6.41 14228669 92099104.00
2024/02/27 6.36 6.60 6.33 6.60 12137702 79468080.00
2024/02/28 6.62 6.79 6.17 6.18 24932763 164507904.00
2024/02/29 6.20 6.50 6.16 6.50 15831909 101854080.00
2024/03/01 6.55 6.61 6.43 6.57 12812320 84498536.00
2024/03/04 6.62 6.63 6.37 6.43 14540597 94636144.00
2024/03/05 6.41 6.41 6.25 6.31 12557850 80028480.00
2024/03/06 6.27 6.47 6.21 6.35 11438231 73082136.00
2024/03/07 6.40 6.44 6.23 6.23 10162600 64760172.00
2024/03/08 6.20 6.31 6.15 6.30 8127200 51202272.00
2024/03/11 6.35 6.62 6.32 6.57 23539090 154452208.00
2024/03/12 6.64 6.83 6.60 6.82 23173439 157238944.00
2024/03/13 6.81 6.81 6.65 6.74 14661546 99455720.00
2024/03/14 6.72 6.76 6.53 6.64 13268977 89182504.00
2024/03/15 6.64 6.74 6.54 6.71 10759568 72002624.00
2024/03/18 6.76 6.84 6.69 6.84 14284846 97423872.00
2024/03/19 6.84 6.94 6.80 6.85 13986694 96908896.00
2024/03/20 6.81 7.06 6.81 6.98 17936590 125754600.00
2024/03/21 6.95 7.03 6.84 6.92 12743290 89059448.00
2024/03/22 6.90 6.94 6.74 6.77 11275827 77490344.00
2024/03/25 6.74 6.78 6.54 6.55 11179318 75207240.00
2024/03/26 6.61 6.69 6.45 6.64 10313540 68491152.00
2024/03/27 6.63 6.67 6.30 6.30 11274759 73605776.00
2024/03/28 6.32 6.53 6.31 6.45 10742212 69851112.00
2024/03/29 6.54 6.56 6.35 6.41 7981600 51733980.00
2024/04/01 6.42 6.91 6.41 6.91 22692763 154664496.00
2024/04/02 6.96 6.99 6.79 6.90 15033686 104056880.00
2024/04/03 6.90 6.93 6.82 6.87 9865200 68438432.00
2024/04/08 6.85 6.87 6.51 6.54 15133420 102052288.00
2024/04/09 6.57 6.98 6.55 6.85 25564093 175827520.00
2024/04/10 6.79 6.85 6.56 6.61 16876696 113579984.00
2024/04/11 6.54 6.74 6.48 6.60 14442700 96534224.00
2024/04/12 6.59 6.67 6.27 6.30 17327800 111649024.00
2024/04/15 6.27 6.36 5.89 6.01 18853975 115268152.00
2024/04/16 6.04 6.04 5.58 5.59 17609573 101830280.00
2024/04/17 5.70 6.04 5.69 6.04 14911706 89156464.00
2024/04/18 6.05 6.07 5.85 5.92 12964966 78333496.00
2024/04/19 5.87 5.97 5.75 5.87 10435448 61712404.00
2024/04/22 5.84 5.96 5.70 5.85 11172600 66107428.00
2024/04/23 5.87 5.95 5.79 5.89 8985100 53442068.00
2024/04/24 5.89 5.96 5.83 5.96 7724130 46104028.00
2024/04/25 5.94 6.15 5.90 6.05 10000303 61266332.00
2024/04/26 6.03 6.19 5.95 6.17 12245465 75494200.00
2024/04/29 5.98 6.40 5.95 6.31 17887028 112868776.00
2024/04/30 6.31 6.41 6.24 6.38 14100000 90101344.00
2024/05/06 6.44 6.65 6.44 6.47 12843294 84196232.00
2024/05/07 6.47 6.58 6.43 6.57 11116927 73203152.00
2024/05/08 6.58 6.61 6.46 6.47 9241100 60847968.00
2024/05/09 6.47 6.65 6.45 6.58 8922600 59417212.00
2024/05/10 6.66 6.68 6.47 6.49 9943900 65517804.00
2024/05/13 6.45 6.45 6.30 6.32 9519337 61091920.00
2024/05/14 6.36 6.46 6.29 6.29 8137300 52112264.00
2024/05/15 6.30 6.34 6.22 6.23 6592996 41758752.00
2024/05/16 6.26 6.36 6.25 6.29 8621631 54899732.00
2024/05/17 6.26 6.48 6.24 6.48 9244900 59446992.00
2024/05/20 6.54 6.54 6.35 6.36 8541493 55547180.00
2024/05/21 6.36 6.68 6.33 6.41 23403398 153223840.00
2024/05/22 6.39 6.53 6.34 6.46 16913648 109988776.00
2024/05/23 6.41 6.45 6.23 6.25 11589400 73790432.00
2024/05/24 6.17 6.27 6.06 6.07 11084100 68755456.00
2024/05/27 6.10 6.13 5.84 6.00 12758089 76516320.00
2024/05/28 5.99 6.04 5.89 5.90 8494400 51069528.00
2024/05/29 5.90 6.10 5.89 5.98 9079554 55129632.00
2024/05/30 5.98 6.06 5.92 5.95 6833729 41278320.00
2024/05/31 5.96 6.02 5.91 5.91 5962505 35862676.00
2024/06/03 5.89 5.90 5.72 5.78 11367584 66549500.00
2024/06/04 5.74 5.74 5.58 5.70 10237000 58481928.00
2024/06/05 5.69 5.73 5.57 5.58 6498168 37053388.00
2024/06/06 5.60 5.66 5.26 5.30 16152466 87804728.00
2024/06/07 5.34 5.48 5.32 5.43 11199752 61230596.00
2024/06/11 5.38 5.56 5.31 5.56 9276600 51171356.00
2024/06/12 5.54 5.67 5.52 5.59 8893100 50373068.00
2024/06/13 5.60 5.64 5.51 5.55 5861200 32948540.00
2024/06/14 5.53 5.56 5.44 5.51 6716221 37301628.00
2024/06/17 5.49 5.53 5.43 5.47 6019163 33349966.00
2024/06/18 5.48 5.60 5.46 5.56 7768003 43563364.00
2024/06/19 5.59 5.62 5.46 5.47 5886100 32774672.00
2024/06/20 5.42 5.49 5.29 5.29 6885736 37283208.00
2024/06/21 5.26 5.30 5.10 5.12 9634450 50570732.00
2024/06/24 5.04 5.06 4.84 4.87 11838143 59054188.00
2024/06/25 4.90 4.95 4.82 4.87 7748400 38063704.00
2024/06/26 4.87 5.08 4.81 5.08 10436798 51847688.00
2024/06/27 5.09 5.12 4.93 4.93 8260050 41624068.00
2024/06/28 4.93 5.07 4.91 4.93 8283154 41636348.00
2024/07/01 4.95 5.02 4.85 5.00 6819722 33951164.00
2024/07/02 4.97 5.05 4.95 4.99 5872850 29494844.00
2024/07/03 4.96 5.07 4.96 5.01 7609984 38429464.00
2024/07/04 5.01 5.04 4.80 4.82 9042389 44417124.00
2024/07/05 4.84 4.89 4.76 4.87 6587405 32129782.00
2024/07/08 4.61 4.72 4.52 4.56 17638420 81883424.00
2024/07/09 4.56 4.62 4.40 4.52 15239840 69307936.00
2024/07/10 4.50 4.63 4.45 4.51 10668200 48706728.00
2024/07/11 4.62 4.82 4.60 4.80 14626950 69855816.00
2024/07/12 4.82 4.90 4.79 4.83 9074090 44254484.00
2024/07/15 4.81 4.86 4.62 4.68 8457406 40016212.00
2024/07/16 4.65 4.67 4.57 4.60 7619970 35309104.00
2024/07/17 4.59 4.65 4.57 4.60 7513200 34850924.00
2024/07/18 4.57 4.61 4.46 4.59 7893410 36022716.00
2024/07/19 4.55 4.65 4.51 4.59 7091516 32698098.00
2024/07/22 4.58 4.61 4.51 4.56 7861472 36021808.00
2024/07/23 4.57 4.63 4.47 4.47 8820168 40383824.00
2024/07/24 4.46 4.49 4.35 4.35 9387600 41520208.00
2024/07/25 4.34 4.49 4.27 4.44 8965100 39700996.00
2024/07/26 4.44 4.57 4.44 4.53 7641700 34840240.00
2024/07/29 4.58 4.60 4.45 4.49 6342400 28687912.00
2024/07/30 4.49 4.55 4.44 4.52 5799400 26314476.00
2024/07/31 4.53 4.76 4.50 4.76 11816940 55587696.00
2024/08/01 4.82 4.84 4.63 4.66 12107430 57142100.00
2024/08/02 4.62 4.71 4.55 4.58 9292300 43339324.00
2024/08/05 4.57 4.64 4.45 4.45 10521300 48148960.00
2024/08/06 4.49 4.59 4.49 4.57 9993700 45653124.00
2024/08/07 4.57 4.58 4.48 4.55 7423400 33882680.00
2024/08/08 4.52 4.59 4.48 4.57 7809700 35731280.00
2024/08/09 4.58 4.77 4.51 4.55 21124600 97820816.00
2024/08/12 4.47 4.56 4.42 4.43 15135635 68085072.00
2024/08/13 4.43 4.52 4.36 4.51 9388300 42092712.00
2024/08/14 4.50 4.54 4.40 4.43 8079556 36162072.00
2024/08/15 4.40 4.55 4.37 4.50 10540300 47495072.00
2024/08/16 4.52 4.56 4.37 4.37 12799532 57041652.00
2024/08/19 4.37 4.42 4.33 4.35 7125351 31334190.00
2024/08/20 4.36 4.38 4.21 4.23 10349837 44547944.00
2024/08/21 4.22 4.25 4.11 4.21 7023200 29800548.00
2024/08/22 4.19 4.27 4.12 4.12 7596200 31888340.00
2024/08/23 4.13 4.16 4.08 4.10 7420930 30694286.00
2024/08/26 4.12 4.35 4.10 4.29 13306744 57196868.00
2024/08/27 4.27 4.31 4.17 4.19 8914590 37846608.00
2024/08/28 4.19 4.31 4.13 4.26 8287030 35355596.00
2024/08/29 4.25 4.42 4.22 4.41 12308130 53957216.00
2024/08/30 4.40 4.58 4.39 4.50 13372900 60658268.00
2024/09/02 4.49 4.55 4.44 4.47 9732200 44068456.00
2024/09/03 4.47 4.56 4.42 4.54 9275250 42070212.00
2024/09/04 4.52 4.58 4.48 4.53 9091700 41457076.00
2024/09/05 4.54 4.58 4.48 4.53 6669600 30396980.00
2024/09/06 4.54 4.55 4.39 4.41 8855637 39686668.00
2024/09/09 4.38 4.45 4.35 4.38 7382230 32631492.00
2024/09/10 4.38 4.41 4.27 4.36 6550700 28553168.00
2024/09/11 4.33 4.46 4.31 4.40 7672900 34065496.00
2024/09/12 4.37 4.50 4.37 4.40 7853200 35077224.00
2024/09/13 4.41 4.42 4.26 4.26 7086500 30734056.00
2024/09/18 4.30 4.31 4.11 4.16 7233200 30407994.00
2024/09/19 4.19 4.34 4.14 4.32 10741018 46168808.00
2024/09/20 4.31 4.32 4.23 4.25 8241239 35446336.00
2024/09/23 4.25 4.36 4.19 4.26 8598600 36970084.00
2024/09/24 4.26 4.52 4.26 4.52 16989284 75633328.00
2024/09/25 4.60 4.74 4.58 4.64 15108234 71019160.00
2024/09/26 4.62 4.82 4.60 4.82 15153894 71909744.00
2024/09/27 4.93 5.20 4.88 5.14 26211444 132998512.00
2024/09/30 5.41 5.66 5.33 5.66 40069292 223779984.00
2024/10/08 6.23 6.23 5.76 6.08 45893044 278994560.00
2024/10/09 5.97 5.97 5.54 5.55 34974312 202665520.00
2024/10/10 5.55 5.72 5.44 5.49 22468658 126001240.00
2024/10/11 5.48 5.51 5.08 5.17 22309932 117664528.00
2024/10/14 5.17 5.34 5.08 5.31 16423790 86014104.00
2024/10/15 5.31 5.34 5.14 5.14 14298300 75308408.00
2024/10/16 5.10 5.23 5.07 5.15 13806980 71508400.00
2024/10/17 5.20 5.24 5.06 5.07 14638800 75784752.00
2024/10/18 5.06 5.39 5.03 5.29 23355520 122663120.00
2024/10/21 5.32 5.42 5.30 5.33 18503254 99561672.00
2024/10/22 5.33 5.57 5.29 5.48 22286376 121435792.00
2024/10/23 5.49 5.59 5.45 5.51 20542574 114043000.00
2024/10/24 5.49 5.53 5.40 5.44 11714807 64168756.00
2024/10/25 5.44 5.82 5.37 5.74 26292848 149371280.00
2024/10/28 5.69 5.77 5.66 5.74 17350930 99803816.00
2024/10/29 5.78 5.84 5.56 5.59 19189416 109247128.00
2024/10/30 5.57 5.68 5.51 5.56 16422331 92297248.00
2024/10/31 5.58 5.77 5.54 5.72 21087372 120038576.00
2024/11/01 5.71 5.76 5.47 5.48 19541566 109057784.00
2024/11/04 5.52 5.63 5.45 5.60 12947471 72369016.00
2024/11/05 5.59 5.75 5.56 5.74 19110624 109434944.00
2024/11/06 5.75 6.00 5.75 5.84 24673300 145828992.00
2024/11/07 5.82 5.97 5.77 5.94 22707484 134650592.00
2024/11/08 5.99 6.03 5.88 5.90 21039924 126025024.00
2024/11/11 5.90 6.06 5.86 6.05 20479334 123569448.00
2024/11/12 6.08 6.31 5.97 6.07 45551224 280176416.00
2024/11/13 6.06 6.12 5.84 5.99 27543002 164944560.00
2024/11/14 5.98 6.03 5.73 5.75 20686150 121378208.00
2024/11/15 5.72 5.82 5.63 5.63 16116100 92788952.00
2024/11/18 5.73 6.03 5.63 5.72 32036016 187480864.00
2024/11/19 5.75 5.97 5.70 5.92 25297140 148757952.00
2024/11/20 5.98 6.09 5.88 6.00 23461522 141092160.00
2024/11/21 6.02 6.26 5.98 6.17 40283296 247864032.00
2024/11/22 6.15 6.27 5.95 5.97 34024584 209470976.00
2024/11/25 5.97 6.35 5.87 6.33 42358708 261723584.00
2024/11/26 6.35 6.36 6.08 6.12 35376656 218920032.00
2024/11/27 6.14 6.27 5.93 6.25 30985672 189173488.00
2024/11/28 6.22 6.28 6.10 6.12 20271600 125897904.00
2024/11/29 6.10 6.18 5.98 6.06 25896200 158004496.00
2024/12/02 6.05 6.15 5.94 6.13 27829724 170529696.00
2024/12/03 6.13 6.25 6.03 6.09 20732156 127202896.00
2024/12/04 6.05 6.09 5.79 5.83 31373814 186790176.00
2024/12/05 5.82 5.99 5.78 5.97 18631382 110639560.00
2024/12/06 5.94 6.35 5.92 6.31 53110728 331219776.00
2024/12/09 6.28 6.30 6.13 6.22 32034104 200114400.00
2024/12/10 6.35 6.39 6.16 6.18 26524556 166706944.00
2024/12/11 6.16 6.47 6.15 6.43 42500896 272289216.00
2024/12/12 6.42 6.45 6.28 6.39 24364192 155414992.00
2024/12/13 6.37 6.37 6.19 6.19 23215226 145743296.00
2024/12/16 6.19 6.23 6.06 6.11 18523800 114327256.00
2024/12/17 6.11 6.12 5.84 5.85 22961960 137060768.00
2024/12/18 5.90 5.93 5.79 5.81 13433720 79071256.00
2024/12/19 5.76 5.81 5.64 5.75 16920898 97177504.00
2024/12/20 5.76 5.95 5.68 5.87 17047670 100357368.00
2024/12/23 5.88 5.90 5.53 5.55 20248284 115550640.00
2024/12/24 5.49 5.68 5.49 5.63 11113664 62779636.00
2024/12/25 5.63 5.63 5.40 5.46 12363068 67929064.00
2024/12/26 5.45 5.55 5.44 5.49 9202748 50931912.00
2024/12/27 5.50 5.67 5.46 5.61 13059671 73655144.00
2024/12/30 5.59 5.61 5.41 5.47 14090469 77580232.00
2024/12/31 5.47 5.52 5.30 5.31 12996886 70411008.00
2025/01/02 5.31 5.34 5.07 5.13 17062368 89768552.00
2025/01/03 5.14 5.20 4.89 4.92 15186103 76690640.00
2025/01/06 4.92 4.99 4.78 4.95 12163978 60031796.00
2025/01/07 5.01 5.03 4.91 5.02 8548064 42811804.00
2025/01/08 5.04 5.05 4.77 4.90 13299040 65378280.00
2025/01/09 4.87 4.99 4.85 4.94 9396599 46727688.00
2025/01/10 4.96 5.01 4.80 4.80 9464904 46637924.00
2025/01/13 4.76 4.92 4.70 4.89 10350677 50313528.00
2025/01/14 4.89 5.07 4.89 5.06 11696034 58718636.00
2025/01/15 5.06 5.09 4.94 4.99 11222600 56373640.00
2025/01/16 5.00 5.12 4.98 5.03 11162059 56720608.00
2025/01/17 5.02 5.07 4.96 5.04 7804202 39452512.00
2025/01/20 5.08 5.20 5.04 5.17 13212700 68401608.00
2025/01/21 5.25 5.26 5.14 5.16 11578322 60332900.00
2025/01/22 5.14 5.15 5.03 5.05 11258188 57574020.00
2025/01/23 5.07 5.12 4.88 4.97 25051526 125698576.00
2025/01/24 4.96 5.02 4.89 4.92 14274740 71076176.00
2025/01/27 4.94 5.06 4.88 4.89 12504207 62348776.00
2025/02/05 4.94 4.99 4.89 4.93 9264927 46063784.00
2025/02/06 4.93 5.03 4.87 5.03 11918569 59603856.00
2025/02/07 5.02 5.21 5.01 5.11 24023514 123871440.00
2025/02/10 5.11 5.17 5.07 5.12 19452968 100343712.00
2025/02/11 5.14 5.15 4.98 5.06 17757016 89807112.00
2025/02/12 5.03 5.14 5.03 5.14 13339467 68245480.00
2025/02/13 5.13 5.20 5.09 5.10 12234900 63205504.00
2025/02/14 5.10 5.20 5.06 5.08 12526315 64473664.00
2025/02/17 5.08 5.12 5.02 5.06 13700255 69785840.00
2025/02/18 5.07 5.08 4.90 4.93 15539488 77967752.00
2025/02/19 4.91 4.99 4.90 4.98 10655594 53090880.00
2025/02/20 4.97 5.07 4.92 5.06 16733459 84342448.00
2025/02/21 5.06 5.46 5.06 5.26 44211088 235784752.00
2025/02/24 5.23 5.29 5.17 5.20 25228140 132540024.00
2025/02/25 5.20 5.24 5.11 5.17 18051772 94286320.00
2025/02/26 5.20 5.31 5.18 5.30 21839560 115699512.00
2025/02/27 5.31 5.32 5.17 5.24 22152954 116774088.00
2025/02/28 5.21 5.24 5.07 5.12 17992318 93465424.00
2025/03/03 5.12 5.24 5.10 5.13 16955532 88354088.00
2025/03/04 5.10 5.13 5.05 5.10 13884199 70908080.00
2025/03/05 5.10 5.11 4.97 5.05 14637786 73875576.00
2025/03/06 5.06 5.11 5.02 5.09 13360574 68226952.00
2025/03/07 5.17 5.25 5.04 5.07 23283520 120502616.00
2025/03/10 5.04 5.38 5.03 5.18 31497944 164616624.00
2025/03/11 5.14 5.32 5.12 5.32 28031608 147265952.00
2025/03/12 5.33 5.46 5.27 5.29 27211386 146328992.00
2025/03/13 5.28 5.39 5.21 5.32 25552400 136066656.00
2025/03/14 5.30 5.52 5.23 5.46 41164008 223344704.00
2025/03/17 5.47 5.49 5.36 5.39 24261032 131556832.00
2025/03/18 5.43 5.50 5.33 5.37 20347172 110203776.00
2025/03/19 5.35 5.38 5.29 5.31 13824300 73932960.00
2025/03/20 5.29 5.37 5.27 5.34 13790210 73911192.00
2025/03/21 5.32 5.36 5.20 5.22 16526559 87595376.00
2025/03/24 5.23 5.23 4.97 5.06 21546400 110065024.00
2025/03/25 5.06 5.17 5.03 5.14 14701245 75481528.00
2025/03/26 5.13 5.31 5.12 5.26 20555332 108595888.00
2025/03/27 5.24 5.28 5.14 5.22 14019600 73539056.00
2025/03/28 5.23 5.23 5.06 5.07 13426972 69203200.00
2025/03/31 5.05 5.05 4.94 4.99 16434217 82426560.00
2025/04/01 4.98 5.15 4.98 5.11 14200661 72722896.00
2025/04/02 5.12 5.16 5.07 5.09 8171901 41957172.00
2025/04/03 5.04 5.14 5.03 5.07 12000839 61435752.00
2025/04/07 4.91 4.92 4.56 4.56 20576944 95977520.00
2025/04/08 4.55 4.59 4.32 4.40 27472004 122028952.00
2025/04/09 4.33 4.58 4.14 4.55 25009244 110567496.00
2025/04/10 4.60 4.70 4.57 4.60 15253330 71132424.00
2025/04/11 4.56 4.70 4.55 4.67 11312734 53052032.00
2025/04/14 4.72 4.75 4.68 4.70 8099900 38420372.00
2025/04/15 4.70 4.75 4.68 4.75 8655526 41158124.00
2025/04/16 4.75 4.76 4.58 4.66 9297818 43632436.00
2025/04/17 4.65 4.81 4.62 4.74 10437838 49889212.00
2025/04/18 4.75 4.81 4.70 4.78 7853500 37516336.00
2025/04/21 4.81 4.89 4.77 4.87 9092462 44422308.00
2025/04/22 4.86 4.90 4.80 4.88 9030100 44171392.00
2025/04/23 4.90 5.04 4.88 4.93 12613438 62937416.00
2025/04/24 4.94 4.96 4.84 4.87 8910460 43938908.00
2025/04/25 4.92 4.92 4.83 4.84 9344901 45810380.00
2025/04/28 4.83 4.87 4.73 4.82 9982321 48262020.00
2025/04/29 4.83 4.95 4.80 4.92 10622900 52522784.00
2025/04/30 4.91 5.03 4.91 4.92 15183395 75914368.00
2025/05/06 4.93 4.97 4.89 4.93 13347775 66067272.00
2025/05/07 4.98 5.32 4.95 5.08 34702800 178173744.00
2025/05/08 5.02 5.19 5.00 5.07 21881900 111672192.00
2025/05/09 5.07 5.10 5.00 5.02 10624627 53762560.00
2025/05/12 5.06 5.08 5.02 5.05 9826095 49893816.00
2025/05/13 5.10 5.14 5.06 5.09 11931629 61129964.00
2025/05/14 5.06 5.12 5.05 5.09 10432232 53340172.00
2025/05/15 5.09 5.23 5.02 5.05 15411628 78974336.00
2025/05/16 5.03 5.36 5.03 5.17 32562200 170278784.00
2025/05/19 5.09 5.14 5.05 5.12 20454700 104956200.00
2025/05/20 5.11 5.16 5.09 5.11 12968570 66637404.00
2025/05/21 5.10 5.12 5.05 5.06 11041244 56367048.00
2025/05/22 5.06 5.10 4.97 4.98 11427267 57695372.00
2025/05/23 4.97 5.07 4.95 4.98 12350008 62419176.00
2025/05/26 4.98 5.04 4.96 5.04 11055983 55678304.00
2025/05/27 5.01 5.10 4.96 5.10 12670826 64198172.00
2025/05/28 5.10 5.12 4.98 4.99 11752917 59403000.00
2025/05/29 4.98 5.07 4.97 5.05 10053558 51017556.00
2025/05/30 5.03 5.06 4.98 4.99 9068693 45651488.00
2025/06/03 4.97 5.05 4.96 5.01 9642580 48634032.00
2025/06/04 5.03 5.10 5.01 5.10 13695051 69900584.00
2025/06/05 5.10 5.11 5.03 5.06 8907900 45276764.00
2025/06/06 5.06 5.10 5.04 5.08 7934348 40492872.00
2025/06/09 5.09 5.14 5.09 5.13 11563017 59517356.00
2025/06/10 5.15 5.16 5.07 5.11 15810236 81449056.00
2025/06/11 5.12 5.26 5.11 5.16 16419831 85850376.00
2025/06/12 5.13 5.18 5.09 5.12 16290462 83915896.00
2025/06/13 5.10 5.11 4.98 4.98 18926602 95814560.00
2025/06/16 4.96 5.03 4.93 4.97 14863883 74509144.00
2025/06/17 4.98 5.01 4.95 4.98 12800021 64136032.00
2025/06/18 4.99 5.04 4.92 4.97 13452597 66935088.00
2025/06/19 4.94 5.02 4.89 4.90 10643300 52648748.00
2025/06/20 4.90 5.10 4.89 5.00 19174334 96083816.00
2025/06/23 4.98 5.18 4.95 5.18 24153672 123298912.00
2025/06/24 5.22 5.37 5.18 5.36 31913344 169167680.00
2025/06/25 5.38 5.48 5.34 5.38 28049068 151310656.00
2025/06/26 5.37 5.51 5.34 5.41 24558192 133914240.00
2025/06/27 5.42 5.59 5.42 5.46 24418328 134071256.00
2025/06/30 5.48 5.49 5.37 5.46 17492646 95028656.00
2025/07/01 5.46 5.53 5.43 5.50 15777240 86576160.00
2025/07/02 5.50 5.56 5.41 5.54 21650572 118761800.00
2025/07/03 5.50 5.53 5.42 5.51 14737300 80710896.00
2025/07/04 5.51 5.53 5.41 5.42 12324900 67327088.00
2025/07/07 5.44 5.47 5.40 5.44 10797200 58682248.00
2025/07/08 5.44 5.58 5.40 5.58 21424604 118485736.00
2025/07/09 5.60 5.62 5.50 5.53 13698661 75960432.00
2025/07/10 5.53 5.75 5.52 5.64 29571730 167592992.00
2025/07/11 5.63 5.69 5.58 5.59 17501976 98468784.00
2025/07/14 5.59 5.72 5.58 5.66 14612200 82663048.00
2025/07/15 5.53 5.85 5.49 5.69 30404976 171848336.00
2025/07/16 5.69 5.72 5.58 5.61 14743101 82775904.00
2025/07/17 5.58 5.69 5.56 5.67 12882190 72712200.00
2025/07/18 5.69 6.24 5.67 5.84 117444112 705584064.00
2025/07/21 5.72 5.90 5.68 5.83 72806176 422357600.00
2025/07/22 5.83 5.86 5.72 5.76 37590768 216866640.00
2025/07/23 5.75 5.76 5.65 5.66 31103804 177292208.00
2025/07/24 5.64 5.85 5.63 5.81 32721846 188461632.00
2025/07/25 5.80 5.87 5.77 5.78 23135512 134434272.00
2025/07/28 5.76 6.08 5.71 6.01 51322684 304528160.00
2025/07/29 5.99 6.01 5.85 5.89 26505012 156400640.00
2025/07/30 5.86 5.97 5.75 5.81 29570328 172958368.00
2025/07/31 5.76 5.83 5.64 5.66 22813062 130522976.00
2025/08/01 5.66 5.78 5.66 5.72 16471938 94455688.00
2025/08/04 5.70 5.72 5.60 5.69 14640179 82923632.00
2025/08/05 5.68 5.86 5.67 5.86 21358176 124319656.00
2025/08/06 5.86 5.86 5.77 5.81 17174456 99757624.00
2025/08/07 5.80 5.83 5.69 5.72 15865135 90997888.00
2025/08/08 5.70 5.72 5.65 5.68 14421536 81876864.00
2025/08/11 5.70 5.84 5.69 5.80 18988360 109710528.00
2025/08/12 5.80 5.84 5.70 5.75 17069140 98075640.00
2025/08/13 5.78 5.87 5.74 5.76 22767980 132108152.00
2025/08/14 5.76 5.78 5.58 5.58 25115200 142408432.00
2025/08/15 5.59 5.83 5.57 5.79 31921108 184097744.00
2025/08/18 5.81 5.84 5.76 5.79 26650866 154399312.00
2025/08/19 5.79 5.88 5.75 5.85 25639890 149394560.00
2025/08/20 5.84 5.86 5.78 5.86 18571734 108250208.00
2025/08/21 5.86 5.88 5.78 5.84 20340044 118612192.00
2025/08/22 5.84 5.87 5.75 5.79 23606804 136676432.00
2025/08/25 5.82 5.85 5.76 5.81 21388394 124180272.00
2025/08/26 5.79 5.86 5.72 5.83 21990544 127985192.00
2025/08/27 5.83 5.88 5.66 5.67 29330604 169930080.00
2025/08/28 5.69 5.81 5.43 5.64 35788192 200431248.00
2025/08/29 5.64 5.68 5.56 5.58 22507636 126603424.00
2025/09/01 5.57 5.65 5.51 5.58 22223400 124009496.00
2025/09/02 5.58 5.58 5.41 5.47 20555652 112657608.00
2025/09/03 5.48 5.52 5.33 5.35 15328863 82943888.00
2025/09/04 5.37 5.63 5.36 5.50 30293492 166971728.00
2025/09/05 5.53 5.73 5.52 5.73 35298648 200033360.00
2025/09/08 5.77 5.83 5.70 5.83 28496760 164628640.00
2025/09/09 5.80 5.92 5.78 5.86 31187300 182821216.00
2025/09/10 5.85 5.91 5.78 5.85 20809054 121543904.00
2025/09/11 5.85 5.99 5.75 5.89 26886580 157715328.00
2025/09/12 5.91 5.92 5.81 5.84 24547840 143501840.00
2025/09/15 5.85 5.89 5.79 5.81 15166558 88452992.00
2025/09/16 5.80 5.82 5.70 5.80 17910466 103057720.00
2025/09/17 5.78 6.23 5.76 6.01 86613552 525055840.00
2025/09/18 6.01 6.03 5.77 5.82 47226048 278424768.00
2025/09/19 5.82 5.85 5.70 5.74 23405264 134567840.00
2025/09/22 5.71 5.74 5.60 5.62 18183800 102594048.00
2025/09/23 5.59 5.68 5.38 5.45 28045440 152841072.00
2025/09/24 5.42 5.62 5.39 5.61 20264082 111954312.00
2025/09/25 5.60 5.67 5.51 5.55 15078192 84124672.00
2025/09/26 5.54 5.63 5.51 5.53 15511150 86292168.00
2025/09/29 5.51 5.68 5.50 5.64 17434758 97832416.00
2025/09/30 5.66 5.80 5.61 5.67 17895744 102225480.00
2025/10/09 5.69 5.83 5.66 5.80 25719432 148644608.00
2025/10/10 5.78 5.88 5.74 5.78 17998978 104265640.00
2025/10/13 5.55 5.78 5.53 5.76 20533128 116326192.00
2025/10/14 5.80 5.88 5.73 5.75 20121180 116681552.00
2025/10/15 5.74 5.81 5.69 5.75 13435014 77261120.00
2025/10/16 5.74 5.74 5.61 5.64 16225567 91881936.00
2025/10/17 5.62 5.72 5.46 5.47 15749413 87650024.00
2025/10/20 5.52 5.60 5.49 5.56 12886101 71444664.00
2025/10/21 5.58 5.65 5.52 5.65 12228600 68555840.00
2025/10/22 5.62 5.68 5.59 5.61 11545130 64976068.00
2025/10/23 5.63 5.74 5.53 5.73 17041746 96094256.00
2025/10/24 5.73 5.81 5.68 5.69 19914118 114154752.00
2025/10/27 5.65 5.69 5.41 5.46 39353008 216412208.00
2025/10/28 5.46 5.47 5.35 5.36 28171590 151924032.00
2025/10/29 5.39 5.39 5.25 5.35 20874480 110787888.00
2025/10/30 5.36 5.40 5.29 5.36 17791376 95088192.00
2025/10/31 5.35 5.51 5.35 5.44 26224632 143197232.00
2025/11/03 5.47 5.47 5.38 5.47 16349268 88904040.00
2025/11/04 5.48 5.48 5.37 5.43 14020620 75914504.00
2025/11/05 5.39 5.49 5.38 5.46 17617512 96177888.00
2025/11/06 5.46 5.51 5.44 5.49 14917562 81774688.00
2025/11/07 5.49 5.72 5.48 5.66 33720500 189829456.00
2025/11/10 5.66 5.71 5.64 5.70 22145820 125788248.00
2025/11/11 5.70 6.12 5.67 6.05 70803320 421046656.00
2025/11/12 6.05 6.13 5.89 5.91 47396776 283083232.00
2025/11/13 5.92 6.10 5.90 6.01 33514312 202070992.00
2025/11/14 6.04 6.09 5.97 6.03 27320172 164734352.00
2025/11/17 6.01 6.16 5.95 6.13 38856804 235859904.00
2025/11/18 6.10 6.20 5.91 5.94 31156732 186613376.00
2025/11/19 5.90 6.02 5.83 5.89 23709800 139795104.00
2025/11/20 5.90 6.13 5.90 5.96 32612710 196224256.00
2025/11/21 5.88 5.98 5.56 5.56 41830008 237522240.00
2025/11/24 5.60 5.66 5.43 5.52 26708100 147113456.00
2025/11/25 5.56 5.66 5.49 5.61 17788700 99627296.00
2025/11/26 5.61 5.66 5.54 5.57 16581884 92767328.00
2025/11/27 5.57 5.66 5.56 5.61 17326828 97320352.00
2025/11/28 5.59 5.73 5.58 5.69 15805904 89453256.00
2025/12/01 5.69 5.77 5.62 5.64 18853530 107000856.00
2025/12/02 5.63 5.84 5.61 5.73 29612996 169811216.00
2025/12/03 5.73 5.88 5.67 5.73 24280288 139810672.00
2025/12/04 5.76 6.30 5.68 6.30 110299536 677141824.00
2025/12/05 6.60 6.93 6.60 6.93 113380376 779932800.00
2025/12/08 7.62 7.62 7.62 7.62 20727314 157942128.00
2025/12/09 7.55 7.86 7.05 7.16 280309248 2085374848.00
2025/12/10 7.15 7.53 6.80 6.93 203534256 1455229568.00
2025/12/11 6.75 6.91 6.41 6.45 156692960 1029596992.00
2025/12/12 6.44 6.63 6.34 6.50 98450408 639349312.00
2025/12/15 6.41 6.60 6.40 6.51 71402376 463322144.00
2025/12/16 6.44 6.49 6.20 6.25 72899376 457561152.00
2025/12/17 6.25 6.42 6.14 6.40 57870844 363930816.00
2025/12/18 6.35 6.41 6.27 6.28 45028632 285031456.00
2025/12/19 6.30 6.48 6.28 6.46 54051752 345126816.00
2025/12/22 6.47 6.64 6.46 6.56 57200564 374666656.00
2025/12/23 6.53 6.87 6.52 6.72 84409648 568934016.00
2025/12/24 6.65 7.02 6.52 6.78 82089224 554209728.00
2025/12/25 6.75 6.87 6.66 6.75 45801544 308943424.00
2025/12/26 6.73 6.80 6.61 6.75 48161492 322966880.00
2025/12/29 6.69 6.91 6.64 6.82 47767040 324422976.00
2025/12/30 6.75 6.88 6.59 6.71 47202120 316406752.00
2025/12/31 6.72 6.86 6.66 6.73 34570652 232913792.00
2026/01/05 6.73 7.14 6.66 7.03 77030832 534721376.00
2026/01/06 6.99 7.50 6.88 7.42 104157936 753167296.00
2026/01/07 7.35 7.97 7.34 7.46 110688720 835520448.00
2026/01/08 7.58 7.88 7.46 7.50 84000464 640690624.00
2026/01/09 7.38 7.48 7.22 7.35 65183288 477955872.00
2026/01/12 7.35 7.39 7.15 7.18 55636968 401116096.00
2026/01/13 7.19 7.27 6.98 7.05 68871840 487808576.00
2026/01/14 7.05 7.41 6.96 7.10 83889608 601230656.00
2026/01/15 7.02 7.20 6.93 6.98 42256632 296542944.00
2026/01/16 7.00 7.18 6.93 7.04 45408544 319538656.00
2026/01/19 7.00 7.74 7.00 7.74 81944608 618577088.00
2026/01/20 7.67 7.75 7.49 7.70 95589610 726699584.00
2026/01/21 7.74 7.77 7.55 7.58 48852308 373568288.00
2026/01/22 7.66 7.68 7.45 7.55 41679454 313271136.00
2026/01/23 7.60 8.25 7.56 7.99 93885016 741598208.00
2026/01/26 7.87 7.93 7.56 7.67 65795184 509259584.00
2026/01/27 7.59 7.65 7.29 7.58 50574444 377556832.00
2026/01/28 7.57 7.73 7.45 7.57 42381436 322075808.00
2026/01/29 7.29 7.83 7.22 7.30 67760584 508366432.00
2026/01/30 7.27 7.29 6.73 7.02 70162512 489254048.00
2026/02/02 6.89 6.99 6.69 6.70 34142820 232315648.00
2026/02/03 6.84 6.94 6.77 6.93 30629200 210696384.00
2026/02/04 6.90 7.15 6.86 7.02 34609068 243044784.00
2026/02/05 6.99 6.99 6.78 6.79 25766522 176504816.00
2026/02/06 6.75 7.02 6.68 6.89 24595764 169382512.00
2026/02/09 7.02 7.28 7.00 7.18 34853716 250634720.00
2026/02/10 7.17 7.49 7.08 7.30 33297496 242652464.00
2026/02/11 7.24 7.57 7.20 7.40 31908010 236327072.00
2026/02/12 7.36 7.49 7.29 7.39 22401100 165508640.00
2026/02/13 7.34 7.47 7.29 7.32 21102248 155453088.00
2026/02/24 7.45 7.68 7.43 7.50 35438812 267721056.00
2026/02/25 7.65 8.12 7.50 7.95 71297976 561359680.00
#Ъ§ОнРДдД:ЭЈДяаХ
