002552 БІЖІПЦММ ШеЯп ЧАИДШЈ
      ШеЦк	    ПЊХЬ	    зюИп	    зюЕЭ	    ЪеХЬ	    ГЩНЛСП	    ГЩНЛЖю
2021/08/02 10.81 11.01 10.56 10.99 763900 8575866.00
2021/08/03 10.98 11.26 10.93 11.00 893600 10206568.00
2021/08/04 11.00 11.21 11.00 11.18 1034400 11870536.00
2021/08/05 11.16 11.94 11.06 11.46 3054400 36232104.00
2021/08/06 11.36 11.38 10.28 11.15 1635301 18795338.00
2021/08/09 11.16 11.31 11.04 11.14 864500 9915801.00
2021/08/10 11.14 11.41 11.10 11.35 1466800 17017988.00
2021/08/11 11.28 11.46 11.28 11.39 1074339 12576820.00
2021/08/12 11.38 11.49 11.34 11.38 1052847 12363532.00
2021/08/13 11.33 11.69 11.32 11.61 1856523 22148866.00
2021/08/16 11.73 12.01 11.56 11.83 2708433 32985792.00
2021/08/17 11.86 11.92 11.43 11.44 2000933 23884776.00
2021/08/18 11.45 11.55 11.36 11.54 1013700 11980487.00
2021/08/19 11.48 11.78 11.39 11.67 1442600 17195068.00
2021/08/20 11.78 11.82 11.42 11.58 1411900 16790308.00
2021/08/23 11.65 12.01 11.52 11.99 3028100 36987400.00
2021/08/24 11.97 12.00 11.77 11.89 1796900 21935502.00
2021/08/25 11.89 12.09 11.78 11.95 2387100 29352332.00
2021/08/26 11.92 12.20 11.84 12.06 2858500 35517576.00
2021/08/27 12.08 12.61 11.96 12.54 4918872 62888972.00
2021/08/30 12.51 12.68 12.26 12.43 3424900 43673672.00
2021/08/31 12.40 12.40 12.01 12.14 2457202 30688744.00
2021/09/01 12.17 13.39 12.17 13.39 7743550 103390336.00
2021/09/02 14.11 14.59 13.66 14.21 12597027 182514640.00
2021/09/03 13.77 14.10 13.48 13.56 7136461 100347208.00
2021/09/06 13.76 14.95 13.52 14.95 9357498 138206944.00
2021/09/07 15.15 15.30 14.46 14.72 8096081 121874528.00
2021/09/08 14.69 15.16 14.46 14.95 6605318 100113168.00
2021/09/09 15.26 15.26 14.44 14.51 5195900 77803752.00
2021/09/10 14.42 14.42 13.55 14.09 6566553 93541208.00
2021/09/13 13.76 14.21 13.76 14.14 3102140 44588716.00
2021/09/14 13.99 14.11 13.64 13.64 3225256 45748436.00
2021/09/15 13.63 14.02 13.58 13.88 2149738 30551132.00
2021/09/16 13.87 14.13 13.71 13.71 2489400 35419540.00
2021/09/17 13.71 14.45 13.56 14.31 4187482 60309788.00
2021/10/12 15.78 15.78 14.91 15.78 3367002 54000296.00
2021/10/13 16.70 17.39 16.28 17.39 5826735 102008560.00
2021/10/14 19.06 19.06 15.85 16.05 18947974 337702272.00
2021/10/15 14.64 15.25 14.41 14.41 12913848 192848144.00
2021/10/18 13.96 14.40 13.79 14.26 6185600 89059472.00
2021/10/19 14.25 14.25 13.81 13.96 5067200 72353776.00
2021/10/20 13.96 14.24 13.65 14.10 4539836 65153248.00
2021/10/21 13.96 14.07 13.41 13.65 5365377 75177424.00
2021/10/22 13.47 13.65 13.02 13.07 4149791 56196056.00
2021/10/25 13.08 13.35 12.89 13.25 3158700 42533808.00
2021/10/26 13.21 13.39 12.95 12.96 2348400 31612100.00
2021/10/27 13.14 13.14 12.68 12.84 2119600 27960612.00
2021/10/28 12.92 12.92 12.40 12.49 2403038 31148924.00
2021/10/29 12.49 13.21 12.47 13.20 3749656 49928620.00
2021/11/01 13.20 13.42 13.07 13.33 2587402 35241692.00
2021/11/02 13.41 13.91 13.28 13.80 5189360 72907760.00
2021/11/03 13.78 14.04 13.27 13.66 4124502 57707684.00
2021/11/04 13.51 13.83 13.48 13.68 2321860 32528822.00
2021/11/05 13.52 13.73 13.31 13.54 2480100 34392044.00
2021/11/08 13.53 13.54 13.21 13.26 1308100 17868900.00
2021/11/09 13.27 13.54 13.22 13.40 1296400 17775632.00
2021/11/10 13.36 13.52 13.09 13.48 1581600 21643190.00
2021/11/11 13.46 13.95 13.28 13.94 3342700 47294792.00
2021/11/12 14.06 14.65 14.06 14.58 5754620 84602912.00
2021/11/15 14.58 14.92 14.29 14.36 4303200 63939652.00
2021/11/16 14.35 14.46 13.87 13.91 2774123 39956820.00
2021/11/17 13.95 14.32 13.82 14.06 2138400 30857080.00
2021/11/18 14.04 15.16 13.96 15.12 7913807 119703888.00
2021/11/19 15.08 15.08 14.48 14.73 4871600 73217992.00
2021/11/22 14.75 14.83 14.42 14.71 2877820 43153736.00
2021/11/23 14.77 14.96 14.52 14.92 3159001 47744984.00
2021/11/24 14.87 14.87 14.49 14.50 2896100 43268704.00
2021/11/25 14.50 14.61 14.13 14.19 2145100 31251414.00
2021/11/26 14.19 14.39 14.09 14.30 1443300 21104408.00
2021/11/29 14.30 14.36 13.87 14.10 1769200 25536158.00
2021/11/30 14.10 14.45 14.06 14.23 1891300 27678142.00
2021/12/01 14.21 14.31 13.96 14.30 1429800 20764440.00
2021/12/02 14.33 14.54 14.16 14.54 2515800 37047152.00
2021/12/03 14.55 14.82 14.43 14.53 2519500 37722492.00
2021/12/06 14.47 14.55 14.06 14.07 2314500 33621564.00
2021/12/07 14.08 14.17 13.53 13.64 1804800 25451910.00
2021/12/08 13.82 14.03 13.62 14.02 1249200 17742932.00
2021/12/09 14.02 14.13 13.85 14.00 1093900 15734528.00
2021/12/10 14.00 14.08 13.82 13.86 1082000 15422053.00
2021/12/13 13.87 13.96 13.75 13.87 1340600 19043432.00
2021/12/14 13.94 14.01 13.80 13.90 889500 12638693.00
2021/12/15 13.87 14.05 13.82 13.96 851600 12190152.00
2021/12/16 14.03 14.03 13.64 13.68 1959400 27600240.00
2021/12/17 13.67 14.06 13.49 13.85 1862500 26223530.00
2021/12/20 13.81 13.85 13.57 13.61 1191514 16668799.00
2021/12/21 13.63 13.90 13.53 13.83 1364600 19218728.00
2021/12/22 13.84 13.99 13.78 13.99 1136600 16209864.00
2021/12/23 13.88 14.02 13.68 13.77 1036900 14648414.00
2021/12/24 13.77 13.95 13.56 13.59 957801 13363126.00
2021/12/27 13.75 13.75 13.51 13.65 556400 7773913.00
2021/12/28 13.58 13.73 13.54 13.62 683725 9530837.00
2021/12/29 13.60 14.19 13.42 14.09 2715525 38619764.00
2021/12/30 14.08 14.17 13.95 14.09 1607425 23174502.00
2021/12/31 14.10 14.36 14.03 14.27 2120402 30970484.00
2022/01/04 14.26 14.74 14.11 14.72 3216769 47948468.00
2022/01/05 14.74 14.81 14.37 14.44 1843001 27416630.00
2022/01/06 14.32 14.59 14.32 14.57 1374535 20390102.00
2022/01/07 14.57 14.96 14.45 14.61 2531269 38209108.00
2022/01/10 14.56 14.61 14.34 14.47 1472002 21777374.00
2022/01/11 14.47 14.61 14.28 14.28 1233000 18218980.00
2022/01/12 14.41 14.72 14.31 14.70 1758300 26254192.00
2022/01/13 14.88 14.91 14.62 14.79 1828134 27666204.00
2022/01/14 14.89 15.62 14.70 15.48 4987764 78358344.00
2022/01/17 15.59 15.71 15.06 15.15 3134870 48701588.00
2022/01/18 15.06 15.28 14.76 14.87 2175400 33293360.00
2022/01/19 14.87 15.31 14.66 14.80 1341700 20428136.00
2022/01/20 14.92 15.66 14.92 15.58 4894787 77271168.00
2022/01/21 15.55 15.55 14.81 14.94 3053378 47033988.00
2022/01/24 15.04 15.34 14.83 14.94 1402700 21568078.00
2022/01/25 14.94 14.94 14.07 14.12 2241386 32964884.00
2022/01/26 14.15 14.23 13.91 14.05 934702 13432987.00
2022/01/27 14.15 14.15 13.51 13.52 1196900 16842710.00
2022/01/28 14.00 14.73 13.66 14.51 2133666 31374738.00
2022/02/07 14.66 15.03 14.31 14.42 1361700 20328946.00
2022/02/08 14.42 15.16 14.41 15.16 2564000 38982900.00
2022/02/09 15.19 15.20 14.87 15.03 1637700 25142910.00
2022/02/10 15.00 15.24 14.89 15.07 1544300 23812300.00
2022/02/11 15.15 15.16 14.78 15.11 1496000 22952032.00
2022/02/14 15.10 15.33 14.97 15.23 1556700 24218636.00
2022/02/15 15.28 15.46 14.97 15.25 1599404 24964300.00
2022/02/16 15.23 15.43 15.15 15.30 1540500 24112420.00
2022/02/17 15.17 15.44 15.07 15.16 1544778 24026110.00
2022/02/18 14.96 15.20 14.96 15.14 861800 13323566.00
2022/02/21 15.13 15.48 15.12 15.28 1217300 19095742.00
2022/02/22 15.28 15.52 15.06 15.43 1595001 25005208.00
2022/02/23 15.37 15.54 15.31 15.44 1328971 20956530.00
2022/02/24 15.44 15.54 14.58 14.95 3591933 55238572.00
2022/02/25 14.96 15.44 14.96 15.25 1732200 27048522.00
2022/02/28 15.23 15.31 14.96 15.13 1128600 17477030.00
2022/03/01 15.18 16.68 15.13 16.68 4546503 75656184.00
2022/03/02 17.46 17.84 15.96 16.78 13721135 234638688.00
2022/03/03 16.38 16.95 16.35 16.77 7224646 122350288.00
2022/03/04 16.71 17.24 16.17 16.99 7516897 129143304.00
2022/03/07 17.30 17.34 16.63 16.68 4458035 76753240.00
2022/03/08 16.69 16.96 16.17 16.96 4271173 72550944.00
2022/03/09 17.31 18.54 16.48 17.63 8731439 153904176.00
2022/03/10 17.25 17.66 16.68 17.52 6377486 111902024.00
2022/03/11 16.99 17.02 16.44 16.77 4546401 78004552.00
2022/03/14 16.76 16.77 15.57 15.66 5318120 87440128.00
2022/03/15 15.43 16.53 14.78 15.69 5428800 87135808.00
2022/03/16 15.96 16.15 15.27 16.02 3654385 58907228.00
2022/03/17 16.76 17.54 15.92 16.04 8091474 136189920.00
2022/03/18 15.80 16.20 15.26 16.13 3675560 59783016.00
2022/03/21 16.10 16.14 15.43 15.60 3969400 63611168.00
2022/03/22 15.57 15.65 15.29 15.34 2341800 36855900.00
2022/03/23 15.36 15.37 14.78 14.97 3608800 55435624.00
2022/03/24 14.94 14.94 14.29 14.32 2855100 42386288.00
2022/03/25 14.32 14.81 14.24 14.25 2214300 32766288.00
2022/03/28 14.24 14.34 13.78 14.25 1999133 28897942.00
2022/03/29 14.25 14.40 13.72 13.74 2237500 31925368.00
2022/03/30 13.78 13.96 13.72 13.89 1404600 19900066.00
2022/03/31 13.89 13.98 13.31 13.84 2502100 34999852.00
2022/04/01 13.95 13.95 13.57 13.58 1571601 22033444.00
2022/04/06 13.58 14.08 13.51 13.94 1889400 26720232.00
2022/04/07 13.86 14.29 13.77 14.01 1776504 25621638.00
2022/04/08 13.97 14.12 13.68 13.80 1293600 18364396.00
2022/04/11 13.80 14.01 13.59 13.79 1172200 16575487.00
2022/04/12 13.80 13.94 13.36 13.77 1160200 16251624.00
2022/04/13 13.66 13.76 13.46 13.56 905106 12634302.00
2022/04/14 13.78 13.78 13.44 13.47 918500 12769540.00
2022/04/15 13.46 13.46 12.86 12.99 1609203 21560618.00
2022/04/18 12.99 13.16 12.79 13.02 790952 10505244.00
2022/04/19 13.13 13.20 12.76 12.87 1102600 14644175.00
2022/04/20 12.77 13.03 12.77 12.91 724200 9566379.00
2022/04/21 12.93 12.93 12.07 12.12 1865300 23742568.00
2022/04/22 12.12 12.19 11.68 11.99 1456339 17861944.00
2022/04/25 11.94 11.94 11.03 11.10 1944700 22796832.00
2022/04/26 11.15 11.19 10.46 10.49 1691000 18882012.00
2022/04/27 10.37 11.03 10.17 11.03 1926200 21073528.00
2022/04/28 10.99 11.36 10.97 11.06 1384100 15911887.00
2022/04/29 11.36 11.69 11.01 11.60 1536600 18198880.00
2022/05/05 11.49 12.22 11.43 11.88 1583800 19420784.00
2022/05/06 11.73 11.96 11.52 11.74 976700 11798771.00
2022/05/09 11.91 11.95 11.56 11.83 663000 8082627.00
2022/05/10 11.83 12.00 11.56 11.91 812500 9932844.00
2022/05/11 11.93 12.20 11.76 11.82 1014600 12522219.00
2022/05/12 11.78 12.05 11.74 11.91 755667 9231424.00
2022/05/13 12.01 12.02 11.75 11.92 458300 5597258.00
2022/05/16 12.06 12.11 11.86 11.94 453769 5575842.00
2022/05/17 12.01 12.01 11.67 11.83 521102 6327120.50
2022/05/18 11.92 12.03 11.69 11.95 659502 8100837.50
2022/05/19 11.79 11.97 11.79 11.87 551400 6730170.00
2022/05/20 11.88 12.16 11.83 11.91 649500 7981086.00
2022/05/23 11.88 12.16 11.88 12.15 1035023 12838913.00
2022/05/24 12.14 12.29 11.66 11.66 1572159 19289632.00
2022/05/25 11.71 11.86 11.66 11.72 626400 7561011.00
2022/05/26 11.72 11.93 11.52 11.90 937659 11338079.00
2022/05/27 11.94 12.64 11.89 12.45 3051500 38763920.00
2022/05/30 12.37 13.34 12.16 13.04 3898900 51426544.00
2022/05/31 13.04 13.25 12.86 12.91 2610200 34805496.00
2022/06/01 12.88 13.24 12.78 13.23 2093400 27981540.00
2022/06/02 13.14 13.35 12.97 13.25 1439000 19447386.00
2022/06/06 13.90 14.61 13.38 14.61 5782795 84308608.00
2022/06/07 14.31 15.66 13.87 14.44 7787379 117714608.00
2022/06/08 14.29 14.45 13.67 13.72 4816402 68973288.00
2022/06/09 13.73 13.86 13.26 13.35 2362500 32577932.00
2022/06/10 13.27 13.51 13.27 13.31 1586510 21731250.00
2022/06/13 13.31 13.74 13.28 13.50 2010124 27730618.00
2022/06/14 13.27 13.46 13.04 13.45 1817200 24770480.00
2022/06/15 13.43 13.97 13.36 13.56 2499900 35012204.00
2022/06/16 13.57 13.61 13.36 13.38 1570557 21680134.00
2022/06/17 13.45 13.95 13.36 13.91 3195137 45171644.00
2022/06/20 14.01 14.21 13.82 14.20 2457300 35392272.00
2022/06/21 14.36 14.36 13.83 13.88 2183900 31481800.00
2022/06/22 13.86 13.95 13.71 13.75 1237481 17515400.00
2022/06/23 13.67 13.91 13.66 13.91 1189900 16835024.00
2022/06/24 13.77 14.01 13.67 13.72 1541744 21767034.00
2022/06/27 13.96 14.24 13.82 14.09 2164267 31082986.00
2022/06/28 14.08 14.56 13.96 14.46 2632200 38682600.00
2022/06/29 14.38 14.54 13.73 13.77 2816700 40465912.00
2022/06/30 13.71 13.95 13.58 13.67 1328712 18654702.00
2022/07/01 13.67 13.88 13.61 13.71 809724 11384616.00
2022/07/04 13.85 13.86 13.46 13.71 997812 13967774.00
2022/07/05 13.71 13.82 13.49 13.68 1069491 14917207.00
2022/07/06 13.68 13.72 13.56 13.67 706468 9864100.00
2022/07/07 13.67 13.79 13.62 13.75 913138 12834786.00
2022/07/08 13.73 14.03 13.67 13.83 1377767 19549448.00
2022/07/11 13.93 13.98 13.65 13.95 1075100 15236987.00
2022/07/12 13.96 15.38 13.96 15.38 4974453 76692472.00
2022/07/13 16.00 16.95 15.66 16.95 7889465 132319384.00
2022/07/14 18.24 18.24 15.34 15.46 22633279 387479104.00
2022/07/15 14.56 15.33 14.56 15.13 13710855 207897936.00
2022/07/18 14.88 15.52 13.89 15.48 11852100 181954864.00
2022/07/19 15.33 15.66 14.89 15.06 8508288 131697768.00
2022/07/20 15.04 16.60 14.92 16.60 12676568 213211296.00
2022/07/21 17.16 17.16 16.23 16.23 21055346 359482112.00
2022/07/22 16.06 17.58 15.76 17.09 19056646 329581024.00
2022/07/25 16.75 16.84 15.69 15.88 12734900 210557136.00
2022/07/26 15.61 17.50 15.56 17.50 5768487 101093992.00
2022/07/27 18.01 19.28 16.99 19.28 28090546 517652320.00
2022/07/28 20.55 21.24 19.28 19.48 39299129 819714752.00
2022/07/29 18.09 18.40 17.50 17.61 28210531 513322496.00
2022/08/01 17.61 18.36 17.28 18.18 19208699 349097664.00
2022/08/02 17.81 20.03 17.50 18.98 27781359 540992704.00
2022/08/03 18.37 18.96 17.36 17.90 19101559 356039584.00
2022/08/04 17.55 18.14 16.66 17.08 14346979 249460800.00
2022/08/05 17.40 17.88 16.76 16.76 11986601 209349584.00
2022/08/08 16.66 16.82 15.87 16.77 10075124 168846096.00
2022/08/09 16.89 16.89 16.11 16.21 10230135 171166032.00
2022/08/11 17.16 17.16 16.30 16.42 11303035 192380240.00
2022/08/12 16.03 16.09 15.56 15.62 11227137 180679392.00
2022/08/15 15.35 15.91 15.31 15.79 6300435 100950480.00
2022/08/16 15.81 16.55 15.68 16.45 9957735 165468240.00
2022/08/17 16.44 16.59 16.11 16.40 6858633 114100680.00
2022/08/18 16.40 16.56 16.18 16.23 5318381 88761528.00
2022/08/19 16.15 16.15 15.68 15.74 5352799 86910640.00
2022/08/22 15.49 16.32 15.49 16.32 5737381 93987216.00
2022/08/23 16.26 16.52 16.02 16.37 5505398 91491328.00
2022/08/24 16.37 16.37 15.67 15.70 4548335 73980480.00
2022/08/25 15.77 16.19 15.57 15.93 3349700 54384824.00
2022/08/26 15.73 16.09 15.63 15.77 3073700 49755708.00
2022/08/29 15.43 15.97 15.28 15.67 2636664 42254708.00
2022/08/30 15.68 15.76 15.16 15.16 4081300 64093496.00
2022/08/31 15.24 15.36 14.62 14.70 4406002 66665636.00
2022/09/01 14.70 14.94 14.50 14.58 2345300 35183460.00
2022/09/02 14.59 15.03 14.46 14.88 2821100 42612000.00
2022/09/05 14.88 15.16 14.76 15.14 2519788 38719660.00
2022/09/06 15.26 15.54 15.01 15.49 2256648 35398936.00
2022/09/07 15.57 16.03 15.56 15.69 3269100 52731748.00
2022/09/08 15.81 15.88 15.44 15.47 2581300 41206496.00
2022/09/09 15.55 15.62 15.26 15.26 2056400 32236168.00
2022/09/13 15.27 15.61 15.27 15.37 1694702 26683664.00
2022/09/14 15.21 15.43 14.97 15.15 1452296 22553236.00
2022/09/15 15.15 15.23 14.62 14.75 2505096 37848124.00
2022/09/16 14.60 15.36 14.55 15.12 3779646 58095104.00
2022/09/19 14.95 14.98 14.30 14.32 2889800 43111924.00
2022/09/20 14.40 15.08 14.40 15.01 2815102 42921220.00
2022/09/21 15.02 15.05 14.59 14.74 1369700 20658422.00
2022/09/22 14.71 14.91 14.55 14.60 1481100 22290592.00
2022/09/23 14.65 14.75 14.18 14.33 1964300 28964408.00
2022/09/26 14.33 14.37 13.86 13.89 1771900 25529080.00
2022/09/27 13.98 14.31 13.87 14.28 1678391 24235028.00
2022/09/28 14.53 14.53 13.74 13.74 1669728 23884554.00
2022/09/29 13.87 14.54 13.76 13.94 1388004 19798840.00
2022/09/30 13.79 14.00 13.57 13.57 1165700 16433356.00
2022/10/10 13.65 14.26 13.52 13.64 1719899 24192378.00
2022/10/11 13.64 13.81 13.36 13.75 1306021 18238782.00
2022/10/12 13.72 14.26 13.45 14.22 2254300 32054294.00
2022/10/13 14.21 14.65 14.08 14.41 1768300 26160574.00
2022/10/14 14.56 14.71 14.43 14.50 1409398 20976258.00
2022/10/17 14.50 14.82 14.37 14.73 1429600 21486160.00
2022/10/18 14.81 14.86 14.60 14.64 1251900 18845696.00
2022/10/19 14.64 14.81 14.47 14.51 1147100 17163838.00
2022/10/20 14.63 15.21 14.38 15.03 3463902 52635376.00
2022/10/21 14.98 15.37 14.84 14.86 2232601 34244728.00
2022/10/24 14.85 15.16 14.61 14.79 2239800 34173716.00
2022/10/25 14.56 15.05 14.48 14.94 1784300 27110556.00
2022/10/26 15.39 15.39 14.91 14.98 2382159 36605436.00
2022/10/27 14.98 15.05 14.80 14.88 1447500 22067074.00
2022/10/28 14.77 15.00 14.57 14.86 1684302 25475848.00
2022/10/31 14.87 15.07 14.49 14.52 2356710 35586724.00
2022/11/01 14.65 15.08 14.52 14.86 2797408 42598276.00
2022/11/02 14.95 15.05 14.80 14.87 1692300 25822344.00
2022/11/03 14.80 15.16 14.71 15.01 1848541 28375298.00
2022/11/04 15.12 15.13 14.92 15.03 2064004 31676612.00
2022/11/07 15.13 15.67 15.01 15.25 3056957 47580928.00
2022/11/08 15.23 15.33 15.00 15.23 1800857 27910602.00
2022/11/09 15.26 15.31 15.12 15.24 1338439 20808996.00
2022/11/10 15.20 15.31 14.95 14.96 2101450 32444714.00
2022/11/11 15.15 15.23 14.84 14.86 2025300 31037896.00
2022/11/14 14.86 14.93 14.68 14.74 1448000 21890020.00
2022/11/15 14.68 15.05 14.68 15.05 1613600 24638730.00
2022/11/16 15.05 15.43 15.01 15.29 2650800 41250940.00
2022/11/17 15.27 15.31 14.76 14.92 2464408 37739904.00
2022/11/18 14.84 15.16 14.80 14.86 1448038 22110850.00
2022/11/21 14.76 15.20 14.68 15.14 2115702 32563538.00
2022/11/22 15.16 16.66 15.05 15.75 8468584 137496592.00
2022/11/23 15.61 16.11 15.41 15.93 5332708 86102320.00
2022/11/24 15.76 15.96 15.38 15.96 4752333 76161712.00
2022/11/25 15.66 15.97 15.64 15.70 2675433 43129416.00
2022/11/28 15.40 15.96 15.08 15.93 3580633 57712348.00
2022/11/29 15.94 16.05 15.66 15.82 2469800 39795276.00
2022/11/30 15.82 15.82 15.46 15.53 2247506 35816972.00
2022/12/01 15.63 15.79 15.47 15.70 2121900 33858180.00
2022/12/02 15.62 15.86 15.51 15.51 2037902 32581142.00
2022/12/05 15.45 15.74 15.22 15.65 3087017 49042024.00
2022/12/06 15.71 15.86 15.44 15.69 1949244 31131814.00
2022/12/07 15.61 15.65 15.41 15.51 1648515 26120616.00
2022/12/08 15.46 15.46 15.08 15.08 2140900 33409282.00
2022/12/09 15.18 15.37 14.97 15.09 1349172 20833772.00
2022/12/12 14.96 15.22 14.85 15.21 1355400 20857724.00
2022/12/13 15.01 15.26 14.76 14.83 1559390 23796056.00
2022/12/14 14.82 15.17 14.82 14.92 1201800 18453448.00
2022/12/15 14.68 15.31 14.68 15.16 1563041 24134266.00
2022/12/16 15.26 15.32 14.97 15.20 1553937 24101906.00
2022/12/19 15.30 16.21 14.87 16.05 7166060 116051248.00
2022/12/20 15.94 16.19 15.76 15.98 3676910 59864688.00
2022/12/21 15.83 16.05 15.71 15.94 2313050 37402740.00
2022/12/22 16.09 16.09 15.00 15.06 3449900 54616360.00
2022/12/23 14.86 15.18 14.76 14.99 1258298 19261758.00
2022/12/26 15.13 15.13 14.87 15.11 805600 12387785.00
2022/12/27 15.21 15.22 14.87 15.01 964006 14768813.00
2022/12/28 14.92 14.96 14.76 14.81 1036736 15744065.00
2022/12/29 14.78 15.07 14.77 14.96 856900 13058952.00
2022/12/30 14.96 15.02 14.63 14.74 1435400 21727188.00
2023/01/03 14.74 14.99 14.70 14.97 861000 13093228.00
2023/01/04 14.97 15.82 14.87 15.42 2343891 36913768.00
2023/01/05 15.34 15.47 15.26 15.34 1220400 19165012.00
2023/01/06 15.33 15.51 15.26 15.41 1153601 18147950.00
2023/01/09 15.36 15.58 15.30 15.56 1414200 22372816.00
2023/01/10 15.55 15.55 15.26 15.38 968500 15216534.00
2023/01/11 15.44 15.65 15.28 15.51 1166501 18477736.00
2023/01/12 15.55 15.65 15.27 15.27 964105 15181576.00
2023/01/13 15.52 15.52 14.93 15.05 1490404 22919376.00
2023/01/16 15.05 15.14 14.93 14.99 1168400 17940186.00
2023/01/17 14.98 15.18 14.85 15.04 1049100 16112948.00
2023/01/18 15.01 15.25 14.91 15.10 932600 14428659.00
2023/01/19 15.23 15.23 14.97 15.19 858700 13259472.00
2023/01/20 15.20 16.26 15.20 15.67 4028100 64814628.00
2023/01/30 15.78 16.04 15.68 15.89 3694700 59869852.00
2023/01/31 15.60 15.83 15.51 15.70 2771010 44403540.00
2023/02/01 15.70 15.86 15.68 15.86 2141141 34514936.00
2023/02/02 15.82 16.46 15.79 15.86 3746253 61145376.00
2023/02/03 15.87 16.04 15.73 15.89 2159700 34913156.00
2023/02/06 15.89 15.96 15.72 15.94 2043300 33144592.00
2023/02/07 15.94 16.10 15.75 15.95 1767741 28621586.00
2023/02/08 16.01 16.01 15.76 15.76 1552300 25181780.00
2023/02/09 16.04 16.39 15.67 16.25 5694697 93882600.00
2023/02/10 16.22 16.25 15.88 16.07 2900400 47587704.00
2023/02/13 16.04 16.44 15.99 16.36 3414002 56853304.00
2023/02/14 16.36 16.36 16.08 16.22 2078100 34342716.00
2023/02/15 16.13 16.24 15.93 15.96 2306602 37785056.00
2023/02/16 15.96 15.99 15.45 15.66 3794514 60865548.00
2023/02/17 15.56 15.71 15.34 15.40 1994500 31523232.00
2023/02/20 15.41 15.65 15.28 15.63 1286900 20425694.00
2023/02/21 15.63 15.78 15.55 15.73 1206101 19298576.00
2023/02/22 15.73 15.79 15.57 15.76 803900 12909602.00
2023/02/23 15.76 15.84 15.59 15.65 936100 15007420.00
2023/02/24 15.66 15.79 15.54 15.63 595600 9505833.00
2023/02/27 15.47 15.77 15.44 15.47 913297 14531083.00
2023/02/28 15.41 15.59 15.41 15.56 770700 12222833.00
2023/03/01 15.69 15.71 15.52 15.68 731502 11685033.00
2023/03/02 15.76 15.79 15.61 15.67 818100 13112776.00
2023/03/03 15.74 15.74 15.50 15.63 625100 9964580.00
2023/03/06 15.63 15.72 15.54 15.69 846200 13513275.00
2023/03/07 15.72 15.72 15.46 15.47 1427100 22688150.00
2023/03/08 15.35 15.59 15.35 15.59 891600 14128304.00
2023/03/09 15.63 15.76 15.52 15.72 1064104 16998744.00
2023/03/10 15.73 15.91 15.45 15.50 1894702 30365836.00
2023/03/13 15.46 15.62 15.39 15.60 952802 15101710.00
2023/03/14 15.54 16.01 15.52 15.99 3315026 53761620.00
2023/03/15 15.99 17.62 15.85 17.62 11365048 197050288.00
2023/03/16 17.26 17.96 16.80 16.86 13716034 239982432.00
2023/03/17 17.02 17.15 16.64 17.13 7680904 132907736.00
2023/03/20 17.06 18.79 16.96 18.37 15334289 279830304.00
2023/03/21 17.96 18.86 17.86 18.36 11180673 209718480.00
2023/03/22 18.07 18.36 17.04 17.41 12720844 227880000.00
2023/03/23 17.16 17.51 16.82 17.33 6336338 111093448.00
2023/03/24 17.22 17.24 16.83 16.93 4597166 79488480.00
2023/03/27 16.96 17.12 16.68 17.10 3806803 65989204.00
2023/03/28 17.27 18.34 17.13 18.07 9711693 175732848.00
2023/03/29 18.03 18.05 17.60 17.81 5126465 92660488.00
2023/03/30 17.81 18.56 17.69 18.36 7318202 136389904.00
2023/03/31 17.82 18.74 17.66 17.86 6563100 120821464.00
2023/04/03 17.86 18.29 17.80 18.00 4306397 79001840.00
2023/04/04 17.86 18.31 17.78 18.09 3722305 68359376.00
2023/04/06 18.09 19.36 17.81 18.94 7458098 141305680.00
2023/04/07 19.01 19.22 18.57 18.75 4633860 88761416.00
2023/04/10 18.90 19.08 18.39 18.50 3871866 73988776.00
2023/04/11 18.47 18.83 18.31 18.76 2402137 45477108.00
2023/04/12 18.77 18.79 18.41 18.46 2162402 40803752.00
2023/04/13 18.47 18.56 17.91 18.12 2675304 49414252.00
2023/04/14 17.96 18.66 17.96 18.16 2228200 41593604.00
2023/04/17 17.89 18.15 17.66 17.98 3657400 66582228.00
2023/04/18 18.00 18.46 17.88 18.37 2116100 39131744.00
2023/04/19 18.25 18.84 17.96 18.44 2571700 48501484.00
2023/04/20 18.31 18.65 18.03 18.24 1498401 27769556.00
2023/04/21 18.54 18.54 17.91 17.95 1990000 36823968.00
2023/04/24 17.87 18.32 17.71 17.81 2479000 45316240.00
2023/04/25 17.68 17.95 17.07 17.39 3307909 58724928.00
2023/04/26 17.31 18.21 17.28 18.08 2331304 42575240.00
2023/04/27 18.08 18.20 17.69 17.71 1578100 28802468.00
2023/04/28 17.71 18.05 17.66 17.95 845220 15403073.00
2023/05/04 17.85 18.81 17.83 18.53 2669900 50015316.00
2023/05/05 18.40 18.65 17.91 18.07 1704600 31497928.00
2023/05/08 17.98 18.61 17.84 18.06 2928996 54122592.00
2023/05/09 18.07 18.19 17.72 17.84 1630099 29696658.00
2023/05/10 17.72 17.79 17.29 17.69 1976771 35312344.00
2023/05/11 17.82 18.46 17.72 18.31 2446002 45301220.00
2023/05/12 18.30 18.68 18.11 18.20 2058299 38493000.00
2023/05/15 18.16 18.52 17.88 18.49 1372213 25505652.00
2023/05/16 18.55 18.76 18.31 18.52 2602687 49226448.00
2023/05/17 18.42 18.90 18.32 18.65 2374727 45101380.00
2023/05/18 18.76 18.81 18.28 18.47 1521301 28605048.00
2023/05/19 18.46 18.56 18.29 18.52 1328399 24933850.00
2023/05/22 18.51 18.83 18.33 18.59 1654100 31317980.00
2023/05/23 18.49 18.86 18.43 18.64 1876001 35700120.00
2023/05/24 18.20 18.65 17.52 17.53 7202701 132052504.00
2023/05/25 17.54 18.04 17.38 17.60 2858206 51613420.00
2023/05/26 17.46 18.06 17.46 17.96 2145900 39111348.00
2023/05/29 17.88 18.12 17.72 17.76 1250500 22825652.00
2023/05/30 17.76 18.09 17.31 17.66 1657000 29647046.00
2023/05/31 17.76 17.81 17.44 17.56 876596 15667310.00
2023/06/01 17.56 17.65 17.33 17.47 724796 12914453.00
2023/06/02 17.62 17.77 17.42 17.44 1111500 19852840.00
2023/06/05 17.40 17.40 17.01 17.09 1655900 28926716.00
2023/06/06 17.09 17.22 16.68 16.79 1728900 29712788.00
2023/06/07 16.79 17.01 16.50 16.86 1296300 22132988.00
2023/06/08 17.09 17.09 16.63 16.71 674900 11526388.00
2023/06/09 16.64 17.17 16.57 16.94 1717400 29561100.00
2023/06/12 18.65 18.67 17.32 18.67 7498230 140683632.00
2023/06/13 18.67 19.06 18.16 18.89 10291642 195403072.00
2023/06/14 18.92 19.15 18.56 18.63 5011900 95841424.00
2023/06/15 18.51 18.60 17.89 17.92 3850709 71455720.00
2023/06/16 18.10 18.26 17.79 18.08 2278000 41846828.00
2023/06/19 18.08 18.38 17.99 18.01 1889700 34946992.00
2023/06/20 17.96 18.17 17.95 18.06 1159700 21307548.00
2023/06/21 18.06 18.20 17.66 17.76 1707800 31071050.00
2023/06/26 17.76 17.84 17.07 17.15 2394700 42263184.00
2023/06/27 17.15 17.69 17.13 17.66 1212500 21659782.00
2023/06/28 17.66 17.66 17.31 17.62 923602 16473071.00
2023/06/29 17.66 17.77 17.44 17.57 1108096 19945130.00
2023/06/30 17.82 17.82 17.39 17.46 1187600 21200118.00
2023/07/03 17.46 17.74 17.44 17.58 1008600 18103738.00
2023/07/04 17.56 17.62 17.37 17.40 989900 17616344.00
2023/07/05 17.38 17.51 17.13 17.21 895300 15763870.00
2023/07/06 17.21 17.55 17.09 17.26 1244000 21836764.00
2023/07/07 17.23 17.31 16.98 17.00 871200 15169690.00
2023/07/10 17.09 17.17 16.76 17.06 1274196 22005636.00
2023/07/11 17.15 17.18 16.93 17.01 572800 9959850.00
2023/07/12 17.06 17.16 16.81 16.81 943900 16286511.00
2023/07/13 16.90 17.61 16.81 17.13 1599200 27959908.00
2023/07/14 17.21 17.72 17.12 17.54 2139800 38119480.00
2023/07/17 17.72 17.78 17.44 17.68 2104696 37774556.00
2023/07/18 17.69 17.94 17.56 17.77 2278413 41389508.00
2023/07/19 17.69 18.13 17.61 17.69 4291700 77969608.00
2023/07/20 17.65 17.81 17.34 17.38 3406700 61188608.00
2023/07/21 17.31 17.49 17.09 17.12 1729902 30517588.00
2023/07/24 17.20 17.43 17.07 17.19 1671029 29430214.00
2023/07/25 17.25 17.61 17.11 17.20 1749803 30727704.00
2023/07/26 17.12 17.39 17.02 17.20 1535500 26909154.00
2023/07/27 17.11 17.54 17.11 17.28 1114801 19695854.00
2023/07/28 17.21 17.46 17.16 17.39 884400 15625568.00
2023/07/31 17.39 17.71 17.34 17.48 1404202 25053530.00
2023/08/01 17.62 17.71 17.43 17.70 1431900 25691346.00
2023/08/02 17.75 17.99 17.53 17.90 1635100 29707918.00
2023/08/03 17.99 18.18 17.90 18.07 1650900 30384770.00
2023/08/04 18.03 18.33 17.77 17.90 1745300 31951972.00
2023/08/07 17.88 18.06 17.73 17.83 891200 16249605.00
2023/08/08 17.91 17.91 17.66 17.76 794700 14388490.00
2023/08/09 17.86 17.96 17.63 17.80 1117500 20249416.00
2023/08/10 17.81 18.16 17.72 18.01 1227000 22499908.00
2023/08/11 18.13 18.15 17.88 17.88 830500 15198662.00
2023/08/14 18.00 18.10 17.66 18.10 1019500 18597104.00
2023/08/15 18.24 18.32 17.89 18.12 1568000 28919976.00
2023/08/16 18.13 18.29 17.84 17.86 1096400 20062504.00
2023/08/17 17.92 18.25 17.75 18.22 1534700 28298808.00
2023/08/18 18.31 18.38 18.16 18.22 1548100 28819460.00
2023/08/21 18.09 18.26 17.55 17.55 2227705 40395732.00
2023/08/22 17.78 18.10 17.54 18.00 2762214 50013452.00
2023/08/23 17.96 18.08 17.56 17.59 2071202 37503700.00
2023/08/24 17.72 17.72 17.31 17.48 1483300 26482404.00
2023/08/25 17.54 17.54 17.03 17.03 1599700 28075404.00
2023/08/28 17.70 17.84 16.61 16.76 2750102 48015852.00
2023/08/29 16.86 17.48 16.77 17.37 1947800 34305936.00
2023/08/30 17.37 19.14 17.37 18.32 5986702 112365192.00
2023/08/31 18.32 18.79 17.99 18.43 4756500 89299848.00
2023/09/01 18.36 18.84 18.26 18.48 3427502 64739912.00
2023/09/04 18.82 19.58 18.70 19.26 8264360 160277152.00
2023/09/05 19.16 20.43 19.09 20.17 8797984 178615872.00
2023/09/06 20.46 20.46 18.12 18.27 14200142 268547616.00
2023/09/07 17.84 17.97 17.11 17.13 8287300 146546224.00
2023/09/08 17.05 17.34 16.75 16.82 3934906 67889544.00
2023/09/11 16.86 16.99 16.64 16.98 2193700 37765320.00
2023/09/12 16.93 17.05 16.83 16.87 1521500 26224712.00
2023/09/13 16.79 17.00 16.42 16.64 2595500 44154020.00
2023/09/14 16.55 16.67 16.28 16.30 1969500 32981588.00
2023/09/15 16.40 16.41 16.04 16.17 1906900 31573316.00
2023/09/18 16.07 16.67 16.06 16.50 1586400 26555280.00
2023/09/19 16.51 16.67 16.20 16.24 1247700 20860212.00
2023/09/20 16.24 17.90 16.18 17.90 8576413 153125792.00
2023/09/21 18.12 18.17 17.60 17.66 7897300 143056448.00
2023/09/22 17.53 17.81 17.35 17.73 4447900 80090336.00
2023/09/25 17.71 17.74 17.43 17.65 2921600 52256640.00
2023/09/26 17.65 17.84 17.38 17.45 2203910 39443112.00
2023/09/27 17.51 17.58 17.14 17.14 2733700 48339908.00
2023/09/28 17.28 17.32 16.94 17.07 2403413 41935992.00
2023/10/09 17.16 17.19 16.88 16.92 2198200 38139152.00
2023/10/10 16.93 17.10 16.66 16.71 1688900 28891462.00
2023/10/11 16.75 16.92 16.61 16.86 1757102 30103438.00
2023/10/12 16.88 17.04 15.74 16.36 4074600 67630704.00
2023/10/13 16.49 16.49 16.06 16.19 1885100 31152072.00
2023/10/16 16.12 16.43 16.11 16.20 1745500 28916156.00
2023/10/17 16.20 16.33 15.84 15.89 1804700 29417850.00
2023/10/18 15.82 15.97 15.52 15.55 1749318 27961554.00
2023/10/19 15.54 15.88 15.48 15.52 1424400 22798180.00
2023/10/20 15.44 15.78 15.39 15.57 1982500 31525544.00
2023/10/23 15.57 15.66 14.81 14.87 1906512 29403188.00
2023/10/24 15.14 15.29 14.89 15.12 1351700 20859596.00
2023/10/25 15.20 15.34 14.94 15.00 1870600 28908356.00
2023/10/26 14.86 15.10 14.76 15.03 1244191 19011336.00
2023/10/27 15.03 15.13 14.78 15.09 1748852 26761318.00
2023/10/30 15.19 15.26 14.87 15.10 2411400 37078236.00
2023/10/31 15.01 15.08 14.66 14.90 2888300 43763472.00
2023/11/01 14.87 15.83 14.78 15.43 4591735 72140232.00
2023/11/02 15.39 15.55 14.70 14.82 3899454 59838112.00
2023/11/03 14.74 15.16 14.73 15.07 1879902 28861404.00
2023/11/06 15.08 15.26 14.98 15.25 2883900 44648244.00
2023/11/07 15.14 15.34 15.03 15.26 2376700 36956200.00
2023/11/08 15.25 15.25 14.90 15.02 2826900 43471468.00
2023/11/09 15.02 15.14 14.92 14.97 1555900 23879584.00
2023/11/10 15.03 15.03 14.81 14.91 1725700 26269232.00
2023/11/13 14.97 15.00 14.67 14.79 2937041 44599852.00
2023/11/14 14.79 14.89 14.72 14.89 1925741 29138520.00
2023/11/15 14.92 15.15 14.72 14.99 3037400 46283508.00
2023/11/16 14.99 14.99 14.68 14.69 2762600 41700108.00
2023/11/17 14.69 14.83 14.38 14.83 2803200 41958892.00
2023/11/20 14.93 15.24 14.83 15.24 4350900 67248184.00
2023/11/21 15.24 15.29 15.03 15.08 2486600 38485964.00
2023/11/22 15.09 15.14 14.72 14.74 2505900 38079752.00
2023/11/23 14.67 14.96 14.65 14.93 1997800 30332368.00
2023/11/24 14.91 15.10 14.67 14.91 2199400 33238034.00
2023/11/27 14.77 14.91 14.64 14.88 1863100 28159606.00
2023/11/28 14.87 15.15 14.79 14.97 2251200 34549056.00
2023/11/29 14.95 15.08 14.89 14.91 1360700 20857624.00
2023/11/30 14.95 14.97 14.56 14.68 1973200 29701032.00
2023/12/01 14.68 15.01 14.56 14.95 1736300 26312188.00
2023/12/04 14.89 15.95 14.89 15.29 5903900 93364304.00
2023/12/05 15.16 15.16 14.76 14.77 3215000 49169972.00
2023/12/06 14.78 15.32 14.69 15.14 3206000 49326600.00
2023/12/07 15.15 15.31 14.82 14.96 2012400 30868994.00
2023/12/08 14.96 15.14 14.75 14.75 2412200 36695832.00
2023/12/11 14.74 14.98 14.46 14.85 3245802 48821900.00
2023/12/12 14.89 15.13 14.77 14.84 2650600 40560700.00
2023/12/13 14.90 14.90 14.68 14.69 1545300 23323816.00
2023/12/14 14.69 14.78 14.38 14.47 2447400 36458728.00
2023/12/15 14.58 14.61 14.14 14.16 2251300 32897248.00
2023/12/18 14.16 14.26 13.95 14.00 1689100 24297596.00
2023/12/19 13.94 14.13 13.76 13.92 1818400 25995260.00
2023/12/20 13.91 14.00 13.51 13.52 3330629 46614996.00
2023/12/21 13.46 13.81 13.33 13.71 2567300 35792248.00
2023/12/22 13.71 13.79 13.43 13.54 2436300 33792956.00
2023/12/25 13.59 13.59 13.06 13.14 2326900 31535008.00
2023/12/26 13.25 14.04 13.02 13.51 4124629 56875548.00
2023/12/27 13.51 13.51 13.09 13.10 3147106 42679784.00
2023/12/28 13.14 13.71 12.87 13.64 3454877 47559524.00
2023/12/29 13.57 14.03 13.55 13.95 3236100 46117208.00
2024/01/02 13.86 14.10 13.86 13.98 1840700 26439004.00
2024/01/03 13.98 14.07 13.80 13.90 1558400 22228168.00
2024/01/04 13.90 13.90 13.63 13.73 1830400 25716386.00
2024/01/05 13.73 13.78 13.37 13.50 1934371 26948520.00
2024/01/08 13.50 13.50 13.23 13.23 1554300 21258592.00
2024/01/09 13.23 14.39 13.20 13.73 3455371 48520988.00
2024/01/10 13.60 13.69 13.30 13.47 2782920 38547056.00
2024/01/11 13.39 13.91 13.39 13.79 2380971 33532414.00
2024/01/12 13.86 14.01 13.72 13.78 1682300 23856782.00
2024/01/15 13.71 13.76 13.53 13.59 1372100 19183900.00
2024/01/16 13.58 13.73 13.44 13.60 1765800 24527392.00
2024/01/17 13.60 13.67 13.32 13.33 1349180 18653040.00
2024/01/18 13.24 13.34 12.58 12.97 2719200 35947752.00
2024/01/19 13.01 13.05 12.80 12.84 1215300 16081552.00
2024/01/22 12.82 13.00 11.96 12.12 1983900 25308202.00
2024/01/23 11.99 12.53 11.75 12.44 1798700 22474732.00
2024/01/24 12.64 12.71 12.16 12.64 1430000 18324542.00
2024/01/25 12.64 13.15 12.63 13.11 1590000 21189172.00
2024/01/26 13.11 13.24 13.02 13.09 1059400 14253115.00
2024/01/29 13.10 13.22 12.65 12.72 1501400 19788804.00
2024/01/30 12.52 12.77 12.42 12.44 1247400 16086396.00
2024/01/31 13.51 13.51 12.16 12.21 3674800 47797876.00
2024/02/01 11.79 12.43 11.79 12.10 2486826 30941152.00
2024/02/02 12.01 12.52 11.41 11.53 3115702 38379596.00
2024/02/05 11.65 11.69 10.61 10.79 2842002 32234586.00
2024/02/06 10.79 11.54 10.12 11.23 3066706 33957204.00
2024/02/07 11.46 11.46 10.78 10.99 2404362 27587136.00
2024/02/08 10.87 11.76 10.59 11.69 3692500 42543388.00
2024/02/19 11.75 12.38 11.70 12.29 2649998 33178032.00
2024/02/20 12.30 12.30 11.91 12.22 1509494 18842008.00
2024/02/21 11.82 12.33 11.80 12.10 4347329 53828912.00
2024/02/22 12.06 12.20 11.88 11.99 3333900 41084268.00
2024/02/23 11.99 12.30 11.83 12.29 3833900 47490900.00
2024/02/26 12.35 12.64 12.23 12.39 3292203 42003632.00
2024/02/27 12.39 12.60 12.16 12.58 3361500 43055520.00
2024/02/28 12.66 12.92 11.80 11.81 4199129 53595960.00
2024/02/29 11.81 12.34 11.72 12.33 2788200 34812840.00
2024/03/01 12.36 12.86 12.29 12.86 4168300 53979132.00
2024/03/04 12.87 12.89 12.31 12.55 3241900 41655044.00
2024/03/05 12.49 12.49 12.23 12.29 2707502 34284612.00
2024/03/06 12.18 12.49 12.11 12.34 2317300 29281710.00
2024/03/07 12.34 12.65 12.30 12.33 2622800 33563396.00
2024/03/08 12.34 12.52 12.14 12.37 1774600 22364156.00
2024/03/11 12.52 12.84 12.39 12.63 3183900 41235840.00
2024/03/12 12.65 12.75 12.42 12.68 2528000 32671780.00
2024/03/13 12.69 12.69 12.46 12.57 1808000 23338452.00
2024/03/14 12.56 12.65 12.27 12.37 1959100 25086316.00
2024/03/15 12.39 12.62 12.28 12.62 1907530 24494078.00
2024/03/18 12.69 12.78 12.58 12.74 2859700 37297924.00
2024/03/19 12.77 12.79 12.63 12.65 2989600 38943928.00
2024/03/20 12.66 13.83 12.56 13.11 8100830 108893408.00
2024/03/21 13.09 13.79 13.09 13.33 7571680 104202120.00
2024/03/22 13.16 13.25 12.81 12.98 4628530 61650448.00
2024/03/25 13.18 13.52 12.92 13.03 6308300 85753168.00
2024/03/26 13.00 13.00 12.49 12.62 4632500 60352544.00
2024/03/27 12.54 12.57 12.07 12.08 3990900 50409360.00
2024/03/28 12.08 12.82 12.06 12.66 4244100 54597016.00
2024/03/29 12.85 12.95 12.68 12.95 3229850 42561112.00
2024/04/01 13.12 13.21 12.87 13.12 3009850 40262864.00
2024/04/02 13.10 13.15 12.93 13.03 3063952 40986628.00
2024/04/03 13.03 13.76 13.00 13.70 8952800 123089336.00
2024/04/08 13.75 14.75 13.75 14.15 13483137 196777264.00
2024/04/09 14.42 14.76 13.91 13.98 10868381 158515248.00
2024/04/10 13.96 14.26 13.36 13.84 7454135 105318312.00
2024/04/11 13.32 14.42 13.05 13.94 9411355 133123728.00
2024/04/12 15.37 15.37 15.16 15.37 13096491 205692864.00
2024/04/15 14.55 15.07 13.86 14.34 18281632 271703712.00
2024/04/16 14.62 15.81 14.62 15.81 31241676 498489344.00
2024/04/17 15.16 17.32 15.16 16.41 35966156 594688384.00
2024/04/18 16.00 16.00 14.81 15.79 28431102 447645920.00
2024/04/19 15.22 15.86 15.06 15.39 16710568 263278112.00
2024/04/22 14.75 14.79 14.12 14.15 12963300 191052480.00
2024/04/23 13.77 14.05 13.27 13.44 12152168 169298400.00
2024/04/24 13.44 14.01 13.19 13.91 10148029 142571216.00
2024/04/25 13.72 14.02 13.46 13.75 6866300 96672424.00
2024/04/26 13.78 14.10 13.77 13.93 8303179 118511032.00
2024/04/29 13.98 14.14 13.85 14.07 8473800 121788352.00
2024/04/30 14.08 14.30 13.87 14.01 8129804 117207432.00
2024/05/06 14.01 14.26 13.88 14.26 7598700 109433424.00
2024/05/07 14.26 14.34 14.06 14.19 5510700 79929216.00
2024/05/08 14.02 14.33 13.87 14.23 7155037 103488960.00
2024/05/09 14.19 14.32 14.05 14.20 5413900 78674392.00
2024/05/10 14.34 14.51 13.96 14.05 6013329 87375568.00
2024/05/13 13.81 14.02 13.59 13.65 5297530 74595192.00
2024/05/14 13.71 13.80 13.52 13.70 3129000 43900096.00
2024/05/15 13.74 13.83 13.61 13.62 2587629 36340792.00
2024/05/16 13.67 14.00 13.67 13.91 4669366 66326472.00
2024/05/17 13.85 13.86 13.62 13.75 3015900 42344800.00
2024/05/20 14.04 14.48 13.95 14.38 9780250 142518032.00
2024/05/21 14.54 14.64 13.95 14.04 7548700 109907080.00
2024/05/22 14.02 14.16 13.74 13.86 4140700 58994736.00
2024/05/23 13.60 13.73 13.42 13.47 4095800 56804940.00
2024/05/24 13.36 13.59 13.20 13.22 3383100 46281012.00
2024/05/27 13.20 13.41 12.86 13.40 3392000 45356988.00
2024/05/28 13.41 13.60 13.24 13.30 2458400 33799824.00
2024/05/29 13.28 13.56 13.23 13.48 2245700 30952840.00
2024/05/30 13.36 13.38 13.15 13.28 2074800 28191508.00
2024/05/31 13.26 13.51 13.21 13.41 1977000 27169480.00
2024/06/03 13.40 13.75 13.22 13.75 4584400 63205464.00
2024/06/04 13.62 14.34 13.47 14.17 9023400 129782768.00
2024/06/05 13.88 13.98 13.30 13.37 5569100 78076304.00
2024/06/06 13.39 14.16 13.37 13.50 6551500 92235352.00
2024/06/07 13.38 13.52 12.76 12.92 6421400 85908712.00
2024/06/11 12.64 13.04 12.25 13.03 5144400 67042004.00
2024/06/12 12.87 13.31 12.83 12.99 3482900 46840712.00
2024/06/13 13.01 13.12 12.83 12.86 2389200 31630440.00
2024/06/14 12.89 12.93 12.66 12.84 1959200 25720560.00
2024/06/17 12.76 13.36 12.70 13.15 3797100 50963216.00
2024/06/18 13.09 13.32 12.99 13.17 2470800 33357456.00
2024/06/19 13.11 13.28 13.02 13.07 1948600 26265208.00
2024/06/20 13.02 13.11 12.66 12.69 2486100 32740070.00
2024/06/21 12.70 12.85 12.56 12.84 1800700 23545158.00
2024/06/24 12.84 13.11 12.57 12.57 2930100 38537132.00
2024/06/25 12.69 12.73 12.43 12.56 2174463 28061680.00
2024/06/26 12.56 12.94 12.38 12.93 2400101 31352220.00
2024/06/27 12.80 12.93 12.50 12.51 2057415 26821042.00
2024/06/28 12.38 12.85 12.38 12.68 2164424 28248754.00
2024/07/01 12.76 13.17 12.61 12.90 2603711 34301880.00
2024/07/02 12.86 14.22 12.82 14.22 7417300 102862712.00
2024/07/03 14.46 15.16 13.53 14.06 19633200 286335520.00
2024/07/04 13.83 14.34 13.48 14.07 13423363 191782000.00
2024/07/05 13.76 13.86 13.12 13.77 15139975 209905104.00
2024/07/08 13.63 14.22 13.54 14.10 14027475 200793824.00
2024/07/09 13.96 14.82 13.68 14.67 20188182 296627808.00
2024/07/10 14.65 14.86 14.23 14.38 15857396 235804144.00
2024/07/11 14.54 14.66 14.28 14.58 11844000 175934416.00
2024/07/12 14.49 14.49 13.99 14.11 9495600 137987168.00
2024/07/15 13.26 13.51 12.67 12.67 15139696 200662240.00
2024/07/16 12.67 12.78 12.38 12.52 7258601 93374968.00
2024/07/17 12.68 13.05 12.47 12.49 6102297 79522776.00
2024/07/18 11.86 12.04 11.50 11.80 9037600 109329224.00
2024/07/19 11.62 11.73 11.45 11.65 4810801 57392504.00
2024/07/22 11.63 11.63 11.36 11.54 3684001 43629164.00
2024/07/23 11.46 11.67 11.26 11.26 3542300 41863712.00
2024/07/24 11.02 11.16 10.55 10.58 6449530 71306992.00
2024/07/25 10.46 10.66 10.27 10.57 3568600 38584000.00
2024/07/26 10.69 11.03 10.69 10.92 4425164 49596348.00
2024/07/29 10.92 10.98 10.69 10.71 2978600 33110232.00
2024/07/30 10.67 10.80 10.52 10.74 2230000 24564868.00
2024/07/31 10.72 11.14 10.60 11.08 3998200 45122832.00
2024/08/01 11.23 11.34 11.07 11.17 4003000 46197252.00
2024/08/02 11.11 11.34 10.96 11.15 3381100 38917120.00
2024/08/05 10.93 11.23 10.62 10.62 3525700 39596972.00
2024/08/06 10.71 10.89 10.66 10.89 2794700 31152338.00
2024/08/07 10.93 10.98 10.82 10.87 2137100 24018550.00
2024/08/08 10.88 10.90 10.66 10.81 1837353 20451948.00
2024/08/09 10.87 11.01 10.76 10.76 1637600 18332764.00
2024/08/12 10.72 10.80 10.61 10.64 1876400 20694176.00
2024/08/13 10.67 10.81 10.60 10.73 1753400 19335790.00
2024/08/14 10.74 10.78 10.61 10.67 1614001 17796634.00
2024/08/15 10.65 10.81 10.56 10.78 2547002 28218768.00
2024/08/16 10.86 10.89 10.73 10.73 1613701 17960902.00
2024/08/19 10.76 11.19 10.71 10.92 3494600 39528856.00
2024/08/20 10.87 10.95 10.52 10.60 2624600 28953982.00
2024/08/21 10.57 10.72 10.47 10.65 1322800 14536069.00
2024/08/22 10.65 10.65 10.41 10.41 1784653 19362494.00
2024/08/23 10.27 10.39 10.21 10.24 1543253 16401046.00
2024/08/26 10.23 10.33 10.16 10.26 1246200 13189846.00
2024/08/27 10.25 10.25 9.89 9.91 2160900 22373594.00
2024/08/28 9.86 9.97 9.79 9.90 1531900 15675365.00
2024/08/29 9.80 10.08 9.76 10.03 2023729 20847696.00
2024/08/30 9.96 10.39 9.96 10.26 2697630 28559456.00
2024/09/02 10.26 10.34 10.07 10.08 1802800 18923924.00
2024/09/03 10.08 10.26 10.05 10.20 1436600 15116709.00
2024/09/04 10.20 10.32 10.09 10.20 1450418 15322279.00
2024/09/05 10.22 10.38 10.21 10.36 1568200 16722924.00
2024/09/06 10.38 10.40 10.17 10.18 1224300 12971873.00
2024/09/09 10.18 10.21 10.05 10.09 958518 10013513.00
2024/09/10 10.14 10.25 10.01 10.22 1301800 13626558.00
2024/09/11 10.22 10.43 10.12 10.27 1517600 16133520.00
2024/09/12 10.31 10.54 10.26 10.41 1980300 21293700.00
2024/09/13 10.66 10.83 10.38 10.40 3343303 36410308.00
2024/09/18 10.18 10.41 9.96 10.15 1928000 20284024.00
2024/09/19 10.16 10.37 10.10 10.17 2566500 27131964.00
2024/09/20 10.19 10.19 10.03 10.17 1619300 16923856.00
2024/09/23 10.16 10.62 10.12 10.46 2999997 32188260.00
2024/09/24 10.51 10.67 10.39 10.67 3356713 36610880.00
2024/09/25 10.95 11.26 10.78 10.83 6101200 69142896.00
2024/09/26 10.82 11.15 10.69 11.15 3286900 37166228.00
2024/09/27 11.24 11.71 11.17 11.56 5366600 63182856.00
2024/09/30 11.84 12.59 11.69 12.48 9344930 117044024.00
2024/10/08 13.76 13.76 12.33 12.92 13375230 177356480.00
2024/10/09 12.56 12.61 11.84 11.86 7428600 93429920.00
2024/10/10 12.03 12.16 11.76 11.88 4754310 58606696.00
2024/10/11 11.82 11.93 11.36 11.44 3784756 45069788.00
2024/10/14 11.47 11.93 11.47 11.87 3759301 45405172.00
2024/10/15 11.94 11.96 11.61 11.61 3079900 37297872.00
2024/10/16 11.43 11.80 11.43 11.62 2402400 28805120.00
2024/10/17 11.67 11.82 11.47 11.51 2852220 34196584.00
2024/10/18 11.51 11.97 11.39 11.82 4810201 58229016.00
2024/10/21 11.98 12.08 11.81 11.88 4463500 54775356.00
2024/10/22 11.96 11.98 11.77 11.97 3317500 40652720.00
2024/10/23 11.99 12.21 11.97 12.11 3820400 47457544.00
2024/10/24 11.98 12.16 11.86 12.08 2788256 34409608.00
2024/10/25 12.16 12.34 12.09 12.34 3509300 44196988.00
2024/10/28 12.36 12.58 12.28 12.58 5486192 70234640.00
2024/10/29 12.58 12.71 12.24 12.27 4174992 53173400.00
2024/10/30 12.09 12.45 12.09 12.36 3461300 43707044.00
2024/10/31 12.46 12.56 12.25 12.37 5052202 63638504.00
2024/11/01 12.37 12.83 11.94 12.27 8696646 109463000.00
2024/11/04 12.21 12.38 12.06 12.27 4731146 58851600.00
2024/11/05 12.30 12.52 12.23 12.50 5507799 69431368.00
2024/11/06 12.53 12.59 12.26 12.35 5682900 71748624.00
2024/11/07 12.29 12.57 12.20 12.51 5474300 68971240.00
2024/11/08 12.70 12.70 12.36 12.41 5247599 66586136.00
2024/11/11 12.34 12.73 12.30 12.72 6532301 83617296.00
2024/11/12 12.72 13.06 12.65 12.81 7826800 102391392.00
2024/11/13 12.75 12.87 12.43 12.75 5565400 71486096.00
2024/11/14 12.65 12.74 12.26 12.27 4013620 50894040.00
2024/11/15 12.30 12.48 12.05 12.06 3950315 49382924.00
2024/11/18 12.10 12.22 11.68 11.75 4284600 51797712.00
2024/11/19 11.74 12.26 11.72 12.25 3393400 41470968.00
2024/11/20 12.33 12.33 12.15 12.25 2903553 36075196.00
2024/11/21 12.23 12.30 12.05 12.26 2438400 30266764.00
2024/11/22 12.28 12.70 11.80 11.83 4532200 56367440.00
2024/11/25 11.80 12.06 11.78 11.96 3110653 37647044.00
2024/11/26 11.85 11.99 11.76 11.77 2468500 29760708.00
2024/11/27 11.80 11.88 11.37 11.87 3398460 40005120.00
2024/11/28 11.88 11.97 11.83 11.85 2207152 26707836.00
2024/11/29 11.84 12.05 11.70 11.99 3390400 41007472.00
2024/12/02 12.02 12.40 11.99 12.38 4342800 53949276.00
2024/12/03 12.38 12.52 12.19 12.38 3502700 43947296.00
2024/12/04 12.34 12.44 12.02 12.12 2503600 31080828.00
2024/12/05 12.03 12.31 12.03 12.30 2236300 27805308.00
2024/12/06 12.28 12.44 12.09 12.40 3164902 39507548.00
2024/12/09 12.39 13.50 12.30 12.99 15669406 205400848.00
2024/12/10 13.25 13.45 12.73 12.79 11769573 155871168.00
2024/12/11 12.76 12.89 12.67 12.83 4698800 61021764.00
2024/12/12 12.97 13.44 12.88 13.05 11283000 150584192.00
2024/12/13 13.04 14.38 13.04 13.70 23442416 332202464.00
2024/12/16 13.31 13.60 12.85 12.95 15695600 209792464.00
2024/12/17 12.94 13.13 12.67 12.68 9257901 120925552.00
2024/12/18 12.70 12.80 12.47 12.55 6522800 83856552.00
2024/12/19 12.35 12.58 12.28 12.56 5193843 65692820.00
2024/12/20 12.52 12.77 12.50 12.66 4915702 63217796.00
2024/12/23 12.70 12.75 12.13 12.14 5281300 66322528.00
2024/12/24 12.15 12.36 12.07 12.32 3333853 41432784.00
2024/12/25 12.26 12.30 11.87 11.94 3237054 39477524.00
2024/12/26 11.82 12.35 11.81 12.19 3635600 44887576.00
2024/12/27 12.17 13.43 12.04 13.43 13439744 178746144.00
2024/12/30 13.70 13.76 13.15 13.40 22584800 307493088.00
2024/12/31 13.32 13.39 12.79 12.92 11996818 158844672.00
2025/01/02 12.81 13.20 12.60 12.96 11184218 146039584.00
2025/01/03 12.99 14.28 12.88 14.28 27072056 371692352.00
2025/01/06 14.30 15.73 13.97 15.73 32983352 513463008.00
2025/01/07 16.30 16.68 14.30 15.12 52681116 812856960.00
2025/01/08 14.50 15.15 13.60 14.19 37687004 545983232.00
2025/01/09 14.02 15.63 14.02 15.63 17999900 280396896.00
2025/01/10 16.30 17.21 15.00 15.05 55465344 920409920.00
2025/01/13 13.53 15.02 13.53 14.53 37165744 529789024.00
2025/01/14 14.37 15.25 14.21 15.00 34537696 519406048.00
2025/01/15 14.68 16.52 13.92 16.52 44895256 687247360.00
2025/01/16 16.30 16.80 15.42 15.69 42082448 682562624.00
2025/01/17 15.69 17.28 15.60 17.28 38898816 654990208.00
2025/01/20 17.80 18.14 16.48 16.71 49712384 869344576.00
2025/01/21 16.99 18.10 16.04 17.38 42322556 722432256.00
2025/01/22 16.78 17.24 16.31 16.56 26747126 453497856.00
2025/01/23 16.72 16.80 15.30 15.53 28605572 465776224.00
2025/01/24 15.24 16.13 15.24 15.86 17797512 284386272.00
2025/01/27 15.69 15.70 14.45 14.50 19343828 293173344.00
2025/02/05 14.66 14.89 14.21 14.89 14732300 218066384.00
2025/02/06 14.89 15.29 14.63 15.27 17318400 264369216.00
2025/02/07 15.27 15.60 14.98 15.16 19709900 305065856.00
2025/02/10 15.11 15.29 14.92 15.25 14354501 219906768.00
2025/02/11 15.35 16.80 15.27 16.31 36516024 596689344.00
2025/02/12 16.05 16.44 15.80 16.15 24457200 397084672.00
2025/02/13 15.99 16.12 15.41 15.42 18006600 285982336.00
2025/02/14 15.26 15.60 15.05 15.09 12918232 200058144.00
2025/02/17 14.99 15.47 14.82 15.39 12906200 198974464.00
2025/02/18 15.30 15.54 14.60 14.65 12902300 196869904.00
2025/02/19 14.78 15.09 14.70 15.08 9916632 149959952.00
2025/02/20 15.06 15.20 14.91 15.11 8795369 134113904.00
2025/02/21 15.13 15.24 14.89 15.12 11423400 174555008.00
2025/02/24 15.10 15.12 14.78 14.93 8545569 129102888.00
2025/02/25 14.78 15.02 14.71 14.75 7026476 105781224.00
2025/02/26 14.80 14.95 14.68 14.82 7316786 109583576.00
2025/02/27 14.82 14.86 14.28 14.59 8834629 130152568.00
2025/02/28 14.51 14.55 13.93 13.97 6888200 99332216.00
2025/03/03 13.96 14.36 13.84 14.19 5543400 79863976.00
2025/03/04 14.18 14.41 14.08 14.41 4640331 67391952.00
2025/03/05 14.54 14.78 14.39 14.64 6292131 92884480.00
2025/03/06 14.57 14.94 14.57 14.88 8162600 122568840.00
2025/03/07 14.83 15.30 14.77 14.91 12649799 192751776.00
2025/03/10 14.90 15.05 14.76 14.99 6828599 103091016.00
2025/03/11 14.80 15.39 14.70 15.18 11283999 173001440.00
2025/03/12 15.18 15.33 15.15 15.26 9379088 144713520.00
2025/03/13 15.26 15.45 14.91 15.09 8515100 130625968.00
2025/03/14 15.35 15.44 15.08 15.21 8552900 132064760.00
2025/03/17 15.17 15.22 15.00 15.15 7403500 113268208.00
2025/03/18 15.20 15.53 15.18 15.43 12342129 192351296.00
2025/03/19 15.47 15.55 15.10 15.37 8913400 138490688.00
2025/03/20 15.38 15.45 15.20 15.22 8033200 124844632.00
2025/03/21 15.10 15.43 14.95 15.04 6706400 102893392.00
2025/03/24 15.11 15.27 14.60 15.05 7495131 113407032.00
2025/03/25 15.06 15.07 14.55 14.63 5470699 81979120.00
2025/03/26 14.55 14.89 14.53 14.68 3635904 54241980.00
2025/03/27 14.60 14.70 14.31 14.57 4187900 61651536.00
2025/03/28 14.60 14.78 14.25 14.50 4724400 69381032.00
2025/03/31 14.30 14.78 14.07 14.58 6489793 94687416.00
2025/04/01 14.82 15.33 14.65 14.91 7898200 120258704.00
2025/04/02 14.80 14.97 14.56 14.63 5904900 87825128.00
2025/04/03 14.60 14.73 14.22 14.25 4974400 72804328.00
2025/04/07 12.81 13.29 12.81 12.81 5138300 67083584.00
2025/04/08 12.22 12.56 11.66 11.96 9924200 120663648.00
2025/04/09 11.65 12.18 10.90 12.06 10164500 120642728.00
2025/04/10 12.40 12.68 12.40 12.46 7720900 98127952.00
2025/04/11 12.49 13.09 12.49 12.78 7423893 97031520.00
2025/04/14 13.01 13.28 12.89 13.09 5408193 71722576.00
2025/04/15 13.09 13.20 12.90 13.08 4529093 60044128.00
2025/04/16 13.07 13.16 12.56 12.83 4302693 56114336.00
2025/04/17 13.10 13.36 12.81 12.81 6638693 88146328.00
2025/04/18 12.76 12.91 12.57 12.70 4058700 52451968.00
2025/04/21 12.81 13.47 12.75 13.45 7651497 102619064.00
2025/04/22 13.46 14.82 13.41 14.82 13625405 195231552.00
2025/04/23 14.40 14.46 14.05 14.06 15997992 230914960.00
2025/04/24 14.13 14.24 13.70 13.84 8317297 117506096.00
2025/04/25 13.88 13.99 13.74 13.87 6797900 95740592.00
2025/04/28 13.45 13.50 12.80 12.81 10732200 141542640.00
2025/04/29 12.89 13.00 12.71 12.95 4754000 62326472.00
2025/04/30 12.96 13.08 12.68 12.70 6747100 88250736.00
2025/05/06 12.89 13.25 12.82 13.25 7394500 98728288.00
2025/05/07 13.39 13.49 13.17 13.30 5263900 71016976.00
2025/05/08 13.33 13.58 13.27 13.44 4825800 65909140.00
2025/05/09 13.44 13.45 13.12 13.22 3492400 46943352.00
2025/05/12 13.29 13.59 13.29 13.47 4094900 55775136.00
2025/05/13 13.56 13.60 13.31 13.33 3863300 52591588.00
2025/05/14 13.34 13.39 13.12 13.23 3327098 44631416.00
2025/05/15 13.17 13.25 12.91 12.94 3532800 46612212.00
2025/05/16 12.92 13.14 12.92 12.95 3455800 45749792.00
2025/05/19 12.95 13.38 12.75 13.17 5508400 73217152.00
2025/05/20 13.17 13.39 13.07 13.37 4421100 59603036.00
2025/05/21 13.37 13.51 13.25 13.40 3501800 47402540.00
2025/05/22 13.40 14.15 13.21 13.52 13711100 190721376.00
2025/05/23 13.63 13.81 13.40 13.46 8785000 121083128.00
2025/05/26 13.40 13.72 13.31 13.51 5497426 75465816.00
2025/05/27 13.51 13.69 13.30 13.46 5391000 73712992.00
2025/05/28 13.49 13.54 13.22 13.35 4311900 58336284.00
2025/05/29 13.35 13.45 13.26 13.39 3491400 47415864.00
2025/05/30 13.39 13.40 13.02 13.04 3818300 50885724.00
2025/06/03 13.18 13.65 13.05 13.48 6326069 86007584.00
2025/06/04 13.57 14.04 13.45 13.76 9744967 136325744.00
2025/06/05 13.72 13.83 13.57 13.74 5346900 74328256.00
2025/06/06 13.73 13.83 13.62 13.83 4314500 60110012.00
2025/06/09 13.85 13.91 13.66 13.74 5137400 71667440.00
2025/06/10 13.74 13.76 13.39 13.55 4987200 68658144.00
2025/06/11 13.50 13.74 13.50 13.58 3858100 53298752.00
2025/06/12 13.58 13.66 13.49 13.55 2936100 40427396.00
2025/06/13 13.68 14.13 13.50 13.51 11328100 158430304.00
2025/06/16 13.41 13.77 13.40 13.52 5852500 80591600.00
2025/06/17 13.52 13.58 13.31 13.38 4562554 62037612.00
2025/06/18 13.31 13.82 13.26 13.75 6377102 87951704.00
2025/06/19 13.75 13.92 13.20 13.32 5957154 81784616.00
2025/06/20 13.32 13.73 13.15 13.18 4121555 55923276.00
2025/06/23 13.05 13.56 13.00 13.51 4964500 67464448.00
2025/06/24 13.46 13.72 13.41 13.67 4687500 64838224.00
2025/06/25 13.67 13.83 13.58 13.73 3976693 55260944.00
2025/06/26 14.08 14.24 13.67 13.72 8415296 118775896.00
2025/06/27 13.83 14.00 13.72 13.88 6315997 89004928.00
2025/06/30 13.89 14.03 13.87 13.97 5717197 80913840.00
2025/07/01 13.98 14.06 13.86 14.02 5333300 75652424.00
2025/07/02 14.03 14.37 13.89 14.07 7046500 101014880.00
2025/07/03 14.06 14.56 13.98 14.45 10507700 152475904.00
2025/07/04 14.76 14.88 14.37 14.42 16428200 242728384.00
2025/07/07 14.38 15.65 14.23 14.62 11712800 174790928.00
2025/07/08 14.58 16.10 14.40 16.10 19180504 303917024.00
2025/07/09 16.12 16.80 15.85 15.93 46821196 773125824.00
2025/07/10 15.79 16.26 15.79 15.84 21014276 339978720.00
2025/07/11 15.80 15.81 15.21 15.26 17981502 279593664.00
2025/07/14 15.35 16.81 15.26 16.81 28837016 476083200.00
2025/07/15 16.93 17.10 16.24 16.34 37618516 632165312.00
2025/07/16 16.29 16.97 16.05 16.18 23031300 384923104.00
2025/07/17 16.11 17.33 15.85 16.55 28241708 474483168.00
2025/07/18 16.32 16.64 15.87 16.12 20207200 331494048.00
2025/07/21 16.10 16.90 15.97 16.33 18234700 301165216.00
2025/07/22 16.34 17.98 16.15 16.73 24807300 427551520.00
2025/07/23 16.69 17.19 16.16 16.41 23396400 392328000.00
2025/07/24 16.42 16.78 15.93 16.40 18958100 313455392.00
2025/07/25 16.67 16.67 15.95 15.97 13429775 219667920.00
2025/07/28 15.92 16.44 15.72 16.29 13512303 221113024.00
2025/07/29 16.10 16.95 16.08 16.80 18314992 308801152.00
2025/07/30 16.75 16.97 16.56 16.68 12198081 206437216.00
2025/07/31 16.68 16.87 16.40 16.46 10680101 179636912.00
2025/08/01 16.37 18.13 16.20 17.30 44286604 788677632.00
2025/08/04 17.32 18.05 17.01 17.15 29097404 510644992.00
2025/08/05 17.20 17.28 16.21 16.53 26243016 437773696.00
2025/08/06 16.36 16.50 16.00 16.13 17305900 283100160.00
2025/08/07 16.16 16.25 15.80 15.87 12224300 197555408.00
2025/08/08 15.95 16.09 15.65 15.99 10288601 165389392.00
2025/08/11 15.98 16.61 15.87 16.57 14781900 243984720.00
2025/08/12 16.49 16.50 15.89 16.12 10077101 164430224.00
2025/08/13 16.06 16.15 15.88 16.05 9221300 149280464.00
2025/08/14 16.09 16.09 15.24 15.24 13805300 217192400.00
2025/08/15 15.17 16.27 15.15 16.24 18067200 290753248.00
2025/08/18 16.20 16.43 16.13 16.18 12416500 204336976.00
2025/08/19 16.18 16.18 15.79 16.01 8213300 132844672.00
2025/08/20 16.02 16.16 15.82 16.03 6164800 99708616.00
2025/08/21 16.07 16.07 15.65 15.68 7552400 120852320.00
2025/08/22 15.76 15.97 15.73 15.85 5943402 95401352.00
2025/08/25 15.86 16.03 15.73 15.97 10693800 172155104.00
2025/08/26 15.98 16.11 15.81 15.91 6110600 98706296.00
2025/08/27 15.95 16.51 15.56 15.58 15844800 258011424.00
2025/08/28 15.54 16.00 15.00 15.96 13903000 218650304.00
2025/08/29 16.09 16.13 15.64 15.67 6919000 110532224.00
2025/09/01 15.75 16.48 15.60 16.37 14785002 240729456.00
2025/09/02 16.37 16.42 15.66 15.89 10693000 172597200.00
2025/09/03 15.98 16.39 15.47 15.58 9968100 160753920.00
2025/09/04 15.86 16.25 14.88 15.19 13250997 209344448.00
2025/09/05 15.19 15.75 15.08 15.73 9994400 156853408.00
2025/09/08 15.78 16.10 15.55 16.03 8502300 136173456.00
2025/09/09 16.03 16.60 15.93 16.19 12974800 214584992.00
2025/09/10 16.13 16.48 15.89 16.17 8772501 143550880.00
2025/09/11 16.16 17.01 16.08 16.73 17101800 288989632.00
2025/09/12 16.62 16.98 16.54 16.86 11683762 197934144.00
2025/09/15 16.80 16.86 16.36 16.53 7715500 129022160.00
2025/09/16 16.79 17.03 16.46 16.67 8631502 145840144.00
2025/09/17 16.70 16.85 16.43 16.62 8040820 135428144.00
2025/09/18 16.44 16.77 16.17 16.26 9344656 154984592.00
2025/09/19 16.27 16.39 16.07 16.18 5396700 88564944.00
2025/09/22 16.35 16.35 15.80 16.23 5313300 86314904.00
2025/09/23 16.33 16.69 15.73 16.04 7291456 118818096.00
2025/09/24 15.95 15.95 15.57 15.91 5535100 88325296.00
2025/09/25 15.93 16.36 15.77 15.95 7542546 122191432.00
2025/09/26 15.80 15.92 15.64 15.66 5007500 79784968.00
2025/09/29 15.78 16.53 15.71 16.29 9881225 162248720.00
2025/09/30 16.35 16.43 15.90 15.91 5887631 96125512.00
2025/10/09 16.62 17.42 16.54 16.55 13585902 230852064.00
2025/10/10 16.60 16.94 16.30 16.76 10131259 170893888.00
2025/10/13 16.33 17.12 16.30 16.93 10074902 172032368.00
2025/10/14 17.30 18.00 16.72 16.90 11960100 209112768.00
2025/10/15 17.10 17.30 16.86 17.24 8206300 141956096.00
2025/10/16 17.15 17.41 16.69 16.80 6892300 118575984.00
2025/10/17 18.50 18.50 18.03 18.50 15992289 298883264.00
2025/10/20 17.80 17.80 16.70 16.84 38159768 659497728.00
2025/10/21 17.29 17.45 16.71 17.08 27725122 480236576.00
2025/10/22 16.33 16.33 15.57 15.81 24948676 399958336.00
2025/10/23 15.79 15.89 15.13 15.43 14472502 225882896.00
2025/10/24 15.41 15.50 15.12 15.14 10144500 157113984.00
2025/10/27 15.26 15.55 15.16 15.49 9716500 151483520.00
2025/10/28 15.27 15.50 15.24 15.40 6041600 94002840.00
2025/10/29 15.91 16.10 15.60 16.02 15380800 248008560.00
2025/10/30 16.00 16.28 15.86 15.97 9442606 153360688.00
2025/10/31 15.96 16.18 15.88 16.00 6692800 108686288.00
2025/11/03 15.96 16.15 15.84 16.10 5620400 91165792.00
2025/11/04 16.22 16.52 16.07 16.20 8039906 130877048.00
2025/11/05 16.09 16.66 16.07 16.58 8418800 138402032.00
2025/11/06 16.60 16.97 16.60 16.73 7341000 123135128.00
2025/11/07 16.61 17.08 16.61 16.93 6461530 109306056.00
2025/11/10 16.93 17.19 16.80 17.14 6424772 109700880.00
2025/11/11 17.16 17.43 17.07 17.26 6269400 108185136.00
2025/11/12 17.26 17.26 16.71 16.88 6892500 116329360.00
2025/11/13 16.92 17.12 16.83 17.08 5433225 92500328.00
2025/11/14 17.00 17.37 16.96 17.10 5852875 100647216.00
2025/11/17 17.08 17.16 16.77 16.82 5216100 87948696.00
2025/11/18 16.78 16.89 16.34 16.47 6079302 100305920.00
2025/11/19 16.48 16.70 16.14 16.31 4010502 65413068.00
2025/11/20 16.32 16.46 16.23 16.26 3565000 58229352.00
2025/11/21 16.15 16.23 15.37 15.38 6595100 103527952.00
2025/11/24 15.56 16.07 15.43 15.90 6437700 101110072.00
2025/11/25 16.03 16.55 16.03 16.49 6220400 101823904.00
2025/11/26 16.47 16.62 16.33 16.40 4624502 76088472.00
2025/11/27 16.40 16.75 16.40 16.66 3811977 63462292.00
2025/11/28 16.60 16.93 16.40 16.84 4202277 70131992.00
2025/12/01 16.99 17.23 16.89 17.05 6759600 115561136.00
2025/12/02 16.92 17.03 16.77 16.97 4758539 80418328.00
2025/12/03 16.96 17.08 16.78 16.86 3144700 53245488.00
2025/12/04 16.89 16.96 16.50 16.53 4056600 67494440.00
2025/12/05 16.58 16.67 16.29 16.63 3790600 62485296.00
2025/12/08 16.63 16.72 16.42 16.55 4316000 71408544.00
2025/12/09 16.47 16.59 16.18 16.20 3583000 58570480.00
2025/12/10 16.20 16.39 16.18 16.31 3927588 63943276.00
2025/12/11 16.33 16.87 16.14 16.21 6022800 98953232.00
2025/12/12 16.44 17.03 16.28 16.82 8968500 150216608.00
2025/12/15 16.68 17.30 16.63 16.99 7291600 123900240.00
2025/12/16 16.87 16.88 15.82 15.98 9080588 147221280.00
2025/12/17 16.05 16.49 15.65 16.38 7094888 113896696.00
2025/12/18 16.30 16.57 16.21 16.28 5277700 86413088.00
2025/12/19 16.23 16.39 16.08 16.29 3680700 59864436.00
2025/12/22 16.40 16.85 16.36 16.76 6606000 110392880.00
2025/12/23 16.80 17.05 16.71 16.83 6211618 104880688.00
2025/12/24 16.91 17.16 16.81 17.06 5732500 97452568.00
2025/12/25 16.98 17.08 16.70 17.00 4550000 76894920.00
2025/12/26 17.05 17.29 16.93 16.97 5665900 96876560.00
2025/12/29 17.10 17.34 16.85 17.04 7416818 127213584.00
2025/12/30 16.84 16.90 16.40 16.68 6464900 107734704.00
2025/12/31 16.66 16.78 16.48 16.51 4535600 75103600.00
2026/01/05 16.65 17.04 16.58 16.97 6717700 112578512.00
2026/01/06 16.98 17.09 16.89 16.96 5425784 92098720.00
2026/01/07 17.04 17.67 17.00 17.46 10084100 174710064.00
2026/01/08 17.35 17.56 17.13 17.32 8228500 142180688.00
2026/01/09 17.29 17.68 17.16 17.53 7431300 129438256.00
2026/01/12 17.63 17.85 17.23 17.75 11305800 198781200.00
2026/01/13 18.03 19.51 18.03 18.44 23382042 440606016.00
2026/01/14 18.36 18.64 18.09 18.30 16571700 304269024.00
2026/01/15 18.30 19.00 18.17 18.80 13432862 251214768.00
2026/01/16 18.80 18.88 18.07 18.21 13352897 244661136.00
2026/01/19 18.22 18.87 18.22 18.72 11794359 219725744.00
2026/01/20 18.84 19.09 18.45 18.87 11253600 211176528.00
2026/01/21 19.52 20.00 19.13 19.61 20223596 393117824.00
2026/01/22 19.55 19.60 18.90 19.17 13863600 264956544.00
2026/01/23 19.69 19.69 19.22 19.31 12340438 239800624.00
2026/01/26 19.90 20.50 19.69 20.01 19358032 387232768.00
2026/01/27 19.60 20.45 19.35 19.71 17640900 350084896.00
2026/01/28 20.09 21.08 19.88 21.03 22689464 467853888.00
2026/01/29 21.98 22.87 20.55 21.21 33250392 715731200.00
2026/01/30 20.52 20.86 19.09 19.25 23651464 465187936.00
2026/02/02 18.54 19.40 18.54 18.76 19036296 362246336.00
2026/02/03 19.00 19.36 18.75 19.21 12076200 229857248.00
2026/02/04 19.71 20.47 19.40 20.07 16886504 337479040.00
2026/02/05 20.02 20.30 19.58 20.00 9383962 187016896.00
2026/02/06 19.76 21.09 19.66 20.60 11978400 244688800.00
2026/02/09 20.93 21.61 20.80 20.94 8899200 187581248.00
2026/02/10 20.53 20.53 19.13 19.46 19936838 390416928.00
2026/02/11 19.38 20.59 19.22 20.17 14890438 297212352.00
2026/02/12 20.07 20.73 20.07 20.35 8943400 182913344.00
2026/02/13 20.42 20.42 19.70 19.72 7842600 156320688.00
2026/02/24 20.30 20.60 20.16 20.45 8294100 169355536.00
2026/02/25 20.42 20.94 20.27 20.88 7109801 146989376.00
#Ъ§ОнРДдД:ЭЈДяаХ
