001259 РћШЪПЦММ ШеЯп ЧАИДШЈ
      ШеЦк	    ПЊХЬ	    зюИп	    зюЕЭ	    ЪеХЬ	    ГЩНЛСП	    ГЩНЛЖю
2022/08/31 23.14 27.88 23.14 27.88 665356 18833188.00
2022/09/01 30.72 30.72 30.72 30.72 101600 3178048.00
2022/09/02 33.85 33.85 33.85 33.85 145966 5022690.00
2022/09/05 37.29 37.29 37.29 37.29 468426 17729924.00
2022/09/06 40.21 40.26 34.52 34.77 12058796 456215456.00
2022/09/07 31.94 34.44 31.24 31.24 7843156 252549024.00
2022/09/08 29.86 30.42 29.41 29.58 6440277 195593856.00
2022/09/09 29.65 30.12 29.46 29.70 3620672 109647192.00
2022/09/13 29.39 30.21 28.76 29.79 3678489 111503272.00
2022/09/14 29.09 30.79 28.75 30.79 5347799 163797040.00
2022/09/15 30.74 30.74 28.64 28.64 4902501 147752608.00
2022/09/16 28.34 31.56 28.05 31.56 6968637 213870096.00
2022/09/19 31.78 34.77 31.50 34.77 10919512 370836672.00
2022/09/20 36.43 38.30 32.95 38.30 12569022 466513888.00
2022/09/21 37.74 42.19 37.43 42.19 7369820 302194208.00
2022/09/22 43.04 46.47 39.22 46.47 9857133 440128128.00
2022/09/23 42.88 44.12 41.77 42.94 10493179 450019968.00
2022/09/26 42.54 45.79 42.54 43.58 9347421 417281856.00
2022/09/27 42.45 43.63 39.17 40.34 9730319 396185760.00
2022/09/28 39.52 42.80 37.26 37.40 11547894 469634208.00
2022/09/29 36.29 36.94 33.60 33.60 9394353 329919296.00
2022/09/30 32.43 32.60 30.19 30.64 8040093 254826816.00
2022/10/10 30.64 31.80 29.77 31.23 8298308 260977456.00
2022/10/11 30.74 30.79 29.59 29.94 5598631 171191792.00
2022/10/12 30.04 31.19 29.86 31.14 6096082 189025952.00
2022/10/13 31.77 31.78 30.57 31.12 6337726 200654720.00
2022/10/14 32.05 32.39 30.81 31.59 7280049 233535664.00
2022/10/17 31.06 31.41 30.47 31.30 4916900 155144080.00
2022/10/18 31.24 34.22 31.11 32.57 8323700 276074720.00
2022/10/19 31.60 32.43 31.27 31.32 5272200 170303904.00
2022/10/20 30.44 30.85 29.59 29.82 5290002 161865728.00
2022/10/21 29.65 29.82 28.76 29.00 3781204 112486312.00
2022/10/24 29.34 29.70 28.65 28.98 3085220 92017032.00
2022/10/25 28.70 29.22 27.51 28.02 3045100 87245168.00
2022/10/26 28.02 29.09 28.01 28.91 3146200 92228784.00
2022/10/27 28.64 29.37 28.34 28.37 2352055 68780344.00
2022/10/28 28.74 31.26 28.60 31.26 4186202 129789128.00
2022/10/31 32.69 34.44 31.24 31.27 10186341 339560608.00
2022/11/01 30.33 31.21 29.76 31.21 6816273 210380768.00
2022/11/02 30.94 31.40 30.63 30.85 5302355 167004432.00
2022/11/03 30.44 31.79 30.23 31.00 4808184 152003392.00
2022/11/04 30.49 31.74 30.49 31.24 4513100 142762032.00
2022/11/07 31.31 32.92 31.14 32.28 6406058 208664144.00
2022/11/08 31.82 32.08 30.94 31.55 4111570 131312736.00
2022/11/09 31.39 31.91 31.06 31.72 3313000 106073424.00
2022/11/10 31.39 31.39 29.94 30.05 4569616 142501632.00
2022/11/11 30.36 31.04 29.57 29.83 3800186 116942928.00
2022/11/14 30.07 31.07 29.85 30.72 4541425 141402896.00
2022/11/15 30.64 31.08 30.15 30.94 3045100 95330960.00
2022/11/16 30.93 30.93 30.11 30.16 2534500 78474080.00
2022/11/17 30.02 32.62 29.64 31.69 6434100 205619824.00
2022/11/18 31.22 31.80 29.95 30.24 4959377 155933472.00
2022/11/21 30.24 30.29 28.94 29.98 2299072 69653168.00
2022/11/22 29.73 29.93 28.85 29.09 3048416 91126544.00
2022/11/23 28.99 29.09 28.05 28.73 2268000 65801296.00
2022/11/24 28.74 29.41 28.74 29.06 1773506 52628392.00
2022/11/25 29.08 29.34 28.77 28.96 1470416 43479064.00
2022/11/28 28.24 29.06 28.10 28.52 1421000 41369112.00
2022/11/29 28.79 29.32 28.68 29.10 1787216 52869980.00
2022/11/30 29.20 29.52 28.88 29.12 1807900 53773324.00
2022/12/01 29.29 29.73 29.21 29.65 1834700 55218028.00
2022/12/02 29.48 30.21 29.29 30.10 2595716 79006264.00
2022/12/05 30.29 30.94 29.85 30.40 2766832 85186992.00
2022/12/06 30.24 30.90 29.87 30.04 2437616 75251736.00
2022/12/07 29.87 30.24 29.75 29.83 1846100 56312936.00
2022/12/08 29.49 30.95 29.26 30.33 3602384 111173504.00
2022/12/09 30.28 32.74 30.26 30.95 5614961 179270848.00
2022/12/12 30.49 32.42 30.07 30.74 3964645 125281776.00
2022/12/13 30.18 31.59 30.18 31.14 3170300 100257424.00
2022/12/14 30.75 31.94 30.39 31.92 4112819 131152984.00
2022/12/15 31.93 32.04 30.64 30.89 4064306 129442616.00
2022/12/16 30.26 30.85 29.39 30.07 3447844 105540216.00
2022/12/19 29.94 30.37 28.84 29.07 2311832 68923000.00
2022/12/20 28.95 30.39 28.95 29.51 1984800 59984736.00
2022/12/21 29.51 29.78 28.55 28.61 1782216 52687560.00
2022/12/22 28.61 29.14 27.72 27.81 1935700 55780488.00
2022/12/23 27.51 29.44 27.51 28.14 1998032 57906396.00
2022/12/26 28.16 28.44 28.03 28.32 1243000 35792908.00
2022/12/27 28.27 28.72 27.84 28.58 1596800 46088432.00
2022/12/28 28.45 28.59 27.75 27.99 1375368 39440124.00
2022/12/29 27.66 28.08 26.60 27.04 2253800 62805392.00
2022/12/30 27.20 27.25 26.57 26.89 1632700 44822600.00
2023/01/03 26.90 28.21 26.88 28.03 1986500 56155724.00
2023/01/04 28.03 28.53 27.78 27.87 1643900 47084812.00
2023/01/05 27.79 28.08 27.45 28.02 991500 28165872.00
2023/01/06 27.99 28.19 27.73 27.85 899184 25645044.00
2023/01/09 27.89 28.26 27.75 28.19 1004384 28684832.00
2023/01/10 28.19 28.19 27.77 27.94 739000 21056480.00
2023/01/11 27.94 28.00 27.12 27.14 1235800 34697764.00
2023/01/12 27.02 27.43 26.91 26.98 891800 24654556.00
2023/01/13 27.10 27.82 26.94 27.53 1066884 29842546.00
2023/01/16 27.49 27.84 27.37 27.65 961400 27130404.00
2023/01/17 27.59 27.82 27.20 27.51 757700 21245780.00
2023/01/18 27.52 27.92 27.35 27.75 813536 22978554.00
2023/01/19 27.69 28.01 27.57 27.90 881300 25068556.00
2023/01/20 27.91 28.25 27.91 28.22 832500 23894304.00
2023/01/30 28.45 28.82 28.45 28.70 1435200 41893440.00
2023/01/31 28.79 28.82 28.49 28.65 793716 23131988.00
2023/02/01 28.99 29.19 28.65 29.05 1396148 41254600.00
2023/02/02 29.15 29.28 28.84 28.87 974816 28738746.00
2023/02/03 28.84 29.13 28.39 28.97 1352132 39647720.00
2023/02/06 28.87 29.07 28.46 28.59 686100 20106348.00
2023/02/07 28.79 28.79 28.51 28.73 575100 16800072.00
2023/02/08 28.75 28.89 28.54 28.70 604700 17710500.00
2023/02/09 28.58 28.95 28.55 28.91 785664 23111244.00
2023/02/10 29.04 29.18 28.76 28.89 806700 23806366.00
2023/02/13 29.00 29.36 28.84 29.28 1177160 35043816.00
2023/02/14 29.54 29.91 29.27 29.62 1804300 54350708.00
2023/02/15 29.44 29.54 29.28 29.35 1025816 30713972.00
2023/02/16 29.35 29.52 28.02 28.24 1735800 51093344.00
2023/02/17 28.90 31.12 28.59 31.12 3605784 111659752.00
2023/02/20 32.19 32.64 30.57 31.30 8817075 281454560.00
2023/02/21 31.05 31.33 30.40 31.08 4443160 139578688.00
2023/02/22 30.59 31.11 30.54 30.76 2726964 85517328.00
2023/02/23 30.69 31.69 30.64 31.01 3607791 114578752.00
2023/02/24 30.69 31.66 30.30 31.37 3542232 111994928.00
2023/02/27 31.05 32.52 31.04 31.75 5226944 169873584.00
2023/02/28 31.56 31.72 30.43 30.96 3508900 110542672.00
2023/03/01 31.19 31.19 30.40 30.74 2264315 70595320.00
2023/03/02 30.74 30.87 30.12 30.22 1957307 60529076.00
2023/03/03 30.40 30.40 29.63 29.98 1771500 54070968.00
2023/03/06 30.12 30.45 29.54 30.45 1974400 60565804.00
2023/03/07 30.35 30.35 29.23 29.26 1861711 56336088.00
2023/03/08 29.04 29.51 29.04 29.44 956236 28544458.00
2023/03/09 29.46 29.61 29.14 29.47 686000 20538776.00
2023/03/10 29.36 29.68 28.61 28.69 1176800 34833348.00
2023/03/13 28.67 28.99 28.25 28.91 782600 22914924.00
2023/03/14 28.89 28.89 28.10 28.31 939500 27196472.00
2023/03/15 28.44 28.72 28.43 28.49 547200 15946868.00
2023/03/16 28.12 29.52 28.02 28.89 1274700 37561884.00
2023/03/17 28.92 28.97 28.57 28.76 725368 21268136.00
2023/03/20 28.74 28.74 28.00 28.05 1001768 28879842.00
2023/03/21 28.05 28.87 28.04 28.86 1066500 31100328.00
2023/03/22 28.76 29.24 28.64 29.13 1019800 30117004.00
2023/03/23 28.80 29.58 28.80 29.26 1069000 31890784.00
2023/03/24 29.37 29.54 28.95 29.12 714800 21305450.00
2023/03/27 29.11 29.52 28.72 29.31 899668 26751398.00
2023/03/28 29.31 29.47 28.97 29.04 607600 18057632.00
2023/03/29 29.40 29.60 28.95 29.33 757500 22608280.00
2023/03/30 29.25 29.25 28.45 28.89 920700 27003364.00
2023/03/31 28.89 29.32 28.76 29.10 673600 19985684.00
2023/04/03 29.42 29.42 29.11 29.25 745100 22220660.00
2023/04/04 29.25 29.26 28.29 28.62 1078700 31545656.00
2023/04/06 28.61 28.73 28.35 28.40 553500 16086274.00
2023/04/07 28.59 29.09 28.39 28.84 643600 18920192.00
2023/04/10 28.83 28.83 28.06 28.25 851400 24562990.00
2023/04/11 28.12 28.36 27.95 28.05 496500 14234034.00
2023/04/12 28.05 28.43 27.75 27.84 536800 15311457.00
2023/04/13 27.86 28.10 27.54 28.01 520500 14775034.00
2023/04/14 28.02 28.04 27.53 27.60 638600 18072212.00
2023/04/17 27.77 28.78 27.63 28.58 1457400 42308608.00
2023/04/18 28.34 28.82 28.23 28.40 909700 26509886.00
2023/04/19 28.40 28.86 27.88 27.97 725900 20956684.00
2023/04/20 28.10 28.10 27.34 27.65 641902 18077028.00
2023/04/21 27.65 27.80 26.79 26.80 646600 17943686.00
2023/04/24 26.75 27.21 26.74 26.95 316700 8711642.00
2023/04/25 27.41 27.89 26.44 27.53 693100 19224568.00
2023/04/26 26.04 26.69 25.86 26.65 849200 22872540.00
2023/04/27 26.47 26.97 26.47 26.89 472300 12904652.00
2023/04/28 26.75 27.11 26.74 27.08 477600 13129590.00
2023/05/04 27.31 27.32 26.84 27.24 556300 15401179.00
2023/05/05 27.08 27.29 26.71 27.04 404400 11138996.00
2023/05/08 26.97 27.24 26.61 26.67 313200 8571910.00
2023/05/09 26.58 26.76 25.62 25.82 686200 18215744.00
2023/05/10 25.83 26.11 25.83 26.10 310900 8258929.00
2023/05/11 26.19 26.57 25.95 26.54 348500 9366178.00
2023/05/12 26.33 26.68 26.21 26.43 377800 10187975.00
2023/05/15 26.63 26.79 26.38 26.79 357800 9732431.00
2023/05/16 26.79 26.91 26.34 26.34 324100 8752160.00
2023/05/17 26.23 27.40 26.19 27.16 765300 21083132.00
2023/05/18 27.35 27.37 26.91 27.07 367300 10160796.00
2023/05/19 26.95 27.39 26.89 27.37 446000 12387424.00
2023/05/22 27.37 27.74 27.22 27.63 412500 11594897.00
2023/05/23 27.61 27.81 27.45 27.52 355300 10023463.00
2023/05/24 27.27 29.94 27.27 28.92 2777221 81465904.00
2023/05/25 28.67 30.40 28.53 30.04 5009684 152081104.00
2023/05/26 29.51 30.75 29.02 30.26 3254064 99740056.00
2023/05/29 30.33 30.33 29.37 29.70 2055300 62241792.00
2023/05/30 29.49 29.74 28.58 29.42 1617637 48251012.00
2023/05/31 29.65 29.69 28.25 28.31 1342300 39208176.00
2023/06/01 28.27 28.33 27.67 27.80 847800 24192934.00
2023/06/02 27.96 28.11 27.53 27.94 976800 27705612.00
2023/06/05 28.21 28.21 27.69 28.00 717100 20443432.00
2023/06/06 27.86 28.13 27.33 27.42 689000 19449460.00
2023/06/07 27.75 28.20 27.03 28.16 901000 25599776.00
2023/06/08 27.98 28.16 27.53 27.80 722700 20494324.00
2023/06/09 28.00 29.74 27.84 29.30 2561400 75510672.00
2023/06/12 29.11 29.22 28.34 28.45 1594200 46609424.00
2023/06/13 28.59 28.63 28.09 28.29 958900 27770600.00
2023/06/14 28.31 28.58 27.89 28.40 924200 26588144.00
2023/06/15 28.24 28.94 27.57 27.72 1637900 47056952.00
2023/06/16 27.66 27.90 27.64 27.73 727400 20602984.00
2023/06/19 27.70 27.82 27.47 27.74 545400 15394775.00
2023/06/20 27.74 27.75 27.35 27.51 500700 14058895.00
2023/06/21 27.57 27.65 27.17 27.17 409400 11461322.00
2023/06/26 27.19 27.44 26.97 27.14 526302 14598104.00
2023/06/27 27.14 27.94 27.05 27.64 796300 22480416.00
2023/06/28 27.64 28.42 27.09 28.28 1182300 33684900.00
2023/06/29 28.10 29.03 28.04 28.64 1220600 35803924.00
2023/06/30 28.72 28.94 28.48 28.70 645400 18895080.00
2023/07/03 28.83 28.83 28.39 28.44 571800 16663412.00
2023/07/04 28.57 29.73 28.54 29.51 2084800 62242076.00
2023/07/05 29.39 29.47 29.02 29.11 760100 22645376.00
2023/07/06 29.11 29.14 28.69 28.73 391700 11522812.00
2023/07/07 28.86 29.32 28.45 29.00 605100 17825650.00
2023/07/10 29.00 29.00 28.15 28.38 832800 24089084.00
2023/07/11 28.44 28.70 28.16 28.69 356100 10372845.00
2023/07/12 28.92 29.22 28.49 28.64 572800 16844436.00
2023/07/13 28.80 29.16 28.59 28.79 449900 13195788.00
2023/07/14 28.67 28.89 28.36 28.73 526300 15363649.00
2023/07/17 28.78 28.80 28.24 28.51 666500 19342290.00
2023/07/18 28.45 28.76 28.38 28.61 576400 16800240.00
2023/07/19 28.81 28.87 28.32 28.48 574400 16704429.00
2023/07/20 28.59 28.83 28.21 28.25 588900 17097468.00
2023/07/21 28.25 28.51 28.09 28.30 492500 14234343.00
2023/07/24 28.30 28.43 27.82 27.84 465800 13293699.00
2023/07/25 28.07 29.79 28.05 29.09 1746200 51674000.00
2023/07/26 29.10 29.10 28.68 28.93 670000 19719980.00
2023/07/27 28.67 29.43 28.57 28.62 1138500 33561096.00
2023/07/28 28.47 29.04 28.22 29.03 788600 23149088.00
2023/07/31 29.04 29.19 28.71 28.97 826400 24368942.00
2023/08/01 28.84 28.97 28.49 28.84 634300 18554236.00
2023/08/02 28.85 29.70 28.50 29.29 1346700 40167164.00
2023/08/03 29.20 30.08 28.44 28.52 2020000 60014256.00
2023/08/04 28.52 28.52 27.60 28.29 1720800 49197308.00
2023/08/07 28.01 28.21 27.61 27.78 701700 19890410.00
2023/08/08 27.78 27.90 27.63 27.78 436300 12358903.00
2023/08/09 27.70 27.81 27.39 27.60 435100 12235094.00
2023/08/10 27.77 28.59 27.60 28.59 1334400 38457104.00
2023/08/11 28.64 28.77 28.09 28.19 713800 20685060.00
2023/08/14 28.62 28.62 27.60 28.23 537200 15366044.00
2023/08/15 28.41 29.14 28.02 28.81 843800 24648268.00
2023/08/16 28.79 28.84 28.10 28.24 881900 25584904.00
2023/08/17 28.36 28.69 27.58 28.61 927300 26587030.00
2023/08/18 28.20 29.19 28.09 28.73 1548400 45473160.00
2023/08/21 29.19 29.19 28.64 29.06 1167400 34536864.00
2023/08/22 28.93 29.30 27.78 28.52 1305000 37861556.00
2023/08/23 28.50 28.56 27.66 27.94 915200 26121260.00
2023/08/24 27.94 28.04 26.85 27.54 981900 27466660.00
2023/08/25 27.49 27.49 26.02 26.24 1179400 32083880.00
2023/08/28 27.42 27.64 26.84 27.04 1525800 42508768.00
2023/08/29 26.93 28.64 26.84 28.61 1693100 48831000.00
2023/08/30 28.87 29.14 28.24 28.81 1053800 30946084.00
2023/08/31 29.03 29.61 28.91 29.28 1208000 36086960.00
2023/09/01 29.27 29.71 29.10 29.27 1201300 35988800.00
2023/09/04 29.26 29.71 28.81 29.05 901100 26704844.00
2023/09/05 29.05 29.37 28.82 29.15 672500 19959644.00
2023/09/06 28.94 30.44 28.94 29.84 1878700 57102312.00
2023/09/07 29.63 29.78 28.72 28.90 1153700 34295920.00
2023/09/08 28.74 29.10 28.53 28.77 591200 17368728.00
2023/09/11 28.77 29.10 28.53 28.89 532200 15622657.00
2023/09/12 28.85 28.92 28.40 28.56 523100 15250995.00
2023/09/13 28.68 28.92 28.27 28.52 653600 18992254.00
2023/09/14 28.61 28.62 27.98 28.13 644300 18542920.00
2023/09/15 28.52 28.52 27.92 28.28 458900 13196245.00
2023/09/18 28.28 29.52 27.97 29.35 1442800 42843608.00
2023/09/19 29.54 29.84 29.13 29.28 1113900 33555004.00
2023/09/20 29.28 29.52 28.94 29.20 637600 19000076.00
2023/09/21 29.20 29.27 28.39 28.57 433000 12722518.00
2023/09/22 28.56 29.34 28.24 29.34 655200 19367190.00
2023/09/25 29.28 29.41 28.51 28.81 449600 13180834.00
2023/09/26 29.04 29.04 28.37 28.54 330500 9618861.00
2023/09/27 28.54 29.42 28.28 29.24 766500 22707662.00
2023/09/28 29.23 29.41 28.42 28.66 1227800 36190056.00
2023/10/09 28.66 29.02 28.17 28.64 1176200 34268336.00
2023/10/10 28.62 28.71 27.97 28.16 620900 17880220.00
2023/10/11 28.16 28.17 27.78 27.98 711700 20294614.00
2023/10/12 28.06 28.36 27.80 27.92 711800 20356876.00
2023/10/13 27.81 28.01 27.40 27.46 781500 22061896.00
2023/10/16 27.46 27.92 27.46 27.84 496900 14060506.00
2023/10/17 28.04 28.36 27.86 27.90 594100 16994988.00
2023/10/18 27.91 27.91 27.07 27.37 583400 16323259.00
2023/10/19 27.23 27.93 26.97 27.22 422300 11805543.00
2023/10/20 27.09 27.66 27.04 27.23 326200 9062778.00
2023/10/23 27.22 27.22 26.34 26.61 549100 14948908.00
2023/10/24 26.71 27.87 26.71 27.73 689700 19384096.00
2023/10/25 27.91 28.07 27.34 27.84 616800 17426268.00
2023/10/26 27.44 28.03 27.31 28.03 480400 13542595.00
2023/10/27 27.89 28.36 27.71 28.12 786400 22548568.00
2023/10/30 28.06 28.13 27.69 27.92 660600 18789360.00
2023/10/31 27.92 28.12 27.67 28.03 506019 14376744.00
2023/11/01 27.97 28.42 27.89 28.14 555000 15922893.00
2023/11/02 28.08 28.31 27.44 27.71 932300 26361820.00
2023/11/03 27.74 28.17 27.71 27.97 877500 25051412.00
2023/11/06 28.24 28.34 27.93 28.30 661700 19006962.00
2023/11/07 28.39 28.81 28.12 28.68 1546300 45111264.00
2023/11/08 28.65 28.67 28.12 28.31 827800 23951174.00
2023/11/09 28.31 28.72 28.04 28.34 737700 21255570.00
2023/11/10 28.28 28.50 27.96 28.33 593619 17151948.00
2023/11/13 28.35 28.81 28.35 28.74 626700 18303368.00
2023/11/14 28.74 29.00 28.56 28.90 640500 18797020.00
2023/11/15 29.04 29.10 28.65 28.87 588300 17295884.00
2023/11/16 28.99 29.17 28.67 28.92 845800 24938980.00
2023/11/17 28.71 29.07 28.71 28.89 682800 20108660.00
2023/11/20 28.88 29.05 28.67 28.87 975000 28702796.00
2023/11/21 28.87 29.44 28.65 28.99 1423100 42121436.00
2023/11/22 28.98 29.03 28.61 28.73 945802 27790248.00
2023/11/23 28.73 28.87 28.49 28.74 578139 16934918.00
2023/11/24 28.94 28.94 28.10 28.40 701100 20300272.00
2023/11/27 28.42 28.82 28.16 28.71 716500 20870976.00
2023/11/28 28.72 29.14 28.45 28.58 1360800 39912640.00
2023/11/29 28.65 29.42 28.23 29.27 1965700 58098088.00
2023/11/30 29.27 29.27 28.49 29.00 1314700 38576380.00
2023/12/01 28.82 29.06 28.50 28.75 959916 28156638.00
2023/12/04 28.81 28.93 28.44 28.55 852100 24824036.00
2023/12/05 28.46 29.20 28.22 28.34 964664 28163602.00
2023/12/06 28.22 28.80 28.22 28.67 722100 21081468.00
2023/12/07 28.57 28.85 27.50 27.64 1655264 47134320.00
2023/12/08 27.63 27.93 27.14 27.22 1154464 32325924.00
2023/12/11 27.24 27.91 26.94 27.52 666400 18680392.00
2023/12/12 27.78 28.01 27.16 27.84 699700 19709932.00
2023/12/13 27.83 28.15 27.64 27.76 451200 12851036.00
2023/12/14 27.82 27.94 27.59 27.74 427000 12083344.00
2023/12/15 27.73 27.90 27.33 27.44 816400 22928178.00
2023/12/18 27.44 27.68 27.10 27.19 553400 15460340.00
2023/12/19 27.09 27.53 26.95 27.49 461864 12860416.00
2023/12/20 27.61 27.99 27.55 27.72 628100 17829666.00
2023/12/21 27.79 27.89 26.84 27.87 678100 18985840.00
2023/12/22 27.84 27.98 27.26 27.33 537300 15170534.00
2023/12/25 27.33 27.42 26.69 27.10 674300 18621080.00
2023/12/26 27.10 27.19 26.77 26.81 413500 11359544.00
2023/12/27 26.81 27.20 26.64 27.07 441700 12142663.00
2023/12/28 27.12 27.64 26.69 27.44 580800 16167490.00
2023/12/29 27.54 27.81 27.37 27.76 403700 11393224.00
2024/01/02 27.92 29.59 27.76 29.14 2326000 68551264.00
2024/01/03 28.88 31.44 28.48 30.54 6677100 206966256.00
2024/01/04 30.12 30.45 29.32 29.58 3781059 114722200.00
2024/01/05 29.56 30.11 29.31 29.64 3048819 92297688.00
2024/01/08 29.44 29.97 29.29 29.59 1750519 52953648.00
2024/01/09 29.59 30.24 29.44 29.84 1384500 42023048.00
2024/01/10 29.84 30.20 29.44 30.06 1611800 49160896.00
2024/01/11 30.07 30.73 29.61 30.54 3218219 99453976.00
2024/01/12 30.43 30.94 29.94 30.24 2577100 79584312.00
2024/01/15 30.12 30.45 29.60 30.28 1230800 37702508.00
2024/01/16 30.66 31.31 30.16 31.29 2830116 88809440.00
2024/01/17 31.26 32.32 30.59 30.75 3026100 96637376.00
2024/01/18 30.19 31.69 29.86 31.47 2367300 73978760.00
2024/01/19 31.46 32.19 31.31 32.16 3572770 116071056.00
2024/01/22 32.16 32.41 30.04 30.51 3027799 96372416.00
2024/01/23 30.42 32.36 29.28 32.26 2858419 91534432.00
2024/01/24 32.09 32.62 31.34 31.76 2291500 74420584.00
2024/01/25 31.73 31.73 30.37 31.19 3307299 103804264.00
2024/01/26 30.91 30.91 29.04 29.60 2862800 86478584.00
2024/01/29 29.57 29.64 27.76 27.86 2414800 70219912.00
2024/01/30 27.72 27.83 25.02 26.20 3629199 96584024.00
2024/01/31 26.20 27.85 24.74 25.43 3318900 89289656.00
2024/02/01 25.18 25.18 23.45 24.64 1664200 41194528.00
2024/02/02 24.64 25.58 24.09 25.10 2191700 55557328.00
2024/02/05 24.24 25.03 22.68 24.44 2280800 55122568.00
2024/02/06 24.22 24.44 22.44 24.44 2147400 51121520.00
2024/02/07 24.52 25.19 22.70 23.24 2418568 59927876.00
2024/02/08 22.92 25.01 21.02 24.51 2064668 48488832.00
2024/02/19 24.53 25.36 23.82 25.36 1076386 27371782.00
2024/02/20 25.35 25.51 24.84 25.47 698057 18022108.00
2024/02/21 25.41 26.90 25.19 26.08 1141418 30499378.00
2024/02/22 26.01 28.21 26.01 27.93 1981468 55302220.00
2024/02/23 27.73 28.74 27.73 28.44 1507100 43575848.00
2024/02/26 28.45 29.37 27.94 28.62 1384068 40410424.00
2024/02/27 28.62 30.61 28.62 29.74 2803200 85087448.00
2024/02/28 29.74 29.96 26.71 26.71 1384700 40347648.00
2024/02/29 26.71 27.34 26.22 27.26 588700 16212207.00
2024/03/01 27.26 27.82 27.04 27.21 595400 16619730.00
2024/03/04 27.14 27.39 26.55 26.68 2386500 65378504.00
2024/03/05 26.68 26.68 24.48 24.73 3701984 94317072.00
2024/03/06 24.14 24.94 23.44 24.59 3828927 94312504.00
2024/03/07 24.29 24.60 23.64 23.84 2767586 68129080.00
2024/03/08 23.82 24.02 23.35 23.88 2122328 51445256.00
2024/03/11 23.79 23.98 23.42 23.64 3525428 85185552.00
2024/03/12 23.59 24.94 23.59 24.94 4617900 114008280.00
2024/03/13 24.91 25.14 24.50 24.68 3196400 80821672.00
2024/03/14 24.53 24.68 23.81 24.31 2032200 50597600.00
2024/03/15 24.24 24.64 23.85 24.62 1829171 45510664.00
2024/03/18 24.59 25.24 24.54 25.16 2572387 65290964.00
2024/03/19 25.02 25.19 24.75 24.84 1705100 43466428.00
2024/03/20 24.74 24.93 24.54 24.87 1804180 45712088.00
2024/03/21 24.95 25.03 24.14 24.44 2298500 57624464.00
2024/03/22 24.46 24.48 23.74 23.87 1491300 36708360.00
2024/03/25 23.87 24.05 23.69 23.78 1667056 40709608.00
2024/03/26 23.76 23.92 23.48 23.69 1425736 34527312.00
2024/03/27 23.68 23.74 22.54 22.63 1270900 30227936.00
2024/03/28 22.74 23.24 22.59 22.89 1507800 35430548.00
2024/03/29 23.01 23.55 22.89 23.54 1393636 33104436.00
2024/04/01 23.57 24.04 23.44 23.93 1509300 36764396.00
2024/04/02 23.94 24.74 23.88 24.29 2672100 66517308.00
2024/04/03 24.29 24.74 23.88 24.27 2345000 58467956.00
2024/04/08 24.28 24.28 23.13 23.24 1313900 31715684.00
2024/04/09 23.18 23.89 22.94 23.77 937700 22658514.00
2024/04/10 23.75 23.89 23.14 23.22 919196 22079862.00
2024/04/11 23.04 23.62 22.84 23.21 794796 18988738.00
2024/04/12 23.94 24.95 23.65 24.42 3740652 93402208.00
2024/04/15 23.99 24.02 21.92 22.12 3394994 78591136.00
2024/04/16 21.54 21.68 19.85 19.85 2040774 42624156.00
2024/04/17 19.79 21.09 19.74 20.96 1507200 32090208.00
2024/04/18 20.96 21.72 20.24 21.46 1949700 42117336.00
2024/04/19 21.14 21.44 20.74 21.08 1032699 22286088.00
2024/04/22 21.10 23.24 20.74 23.24 2909200 67074104.00
2024/04/23 23.15 25.62 22.64 25.62 6300408 160017136.00
2024/04/24 28.24 28.24 23.76 23.84 10855600 287808384.00
2024/04/25 21.65 22.59 21.65 21.79 6863664 154203840.00
2024/04/26 21.71 21.72 20.96 21.30 4214187 91894048.00
2024/04/29 20.96 21.91 20.96 21.81 4126700 91650192.00
2024/04/30 21.90 22.13 21.61 21.91 3098300 69422528.00
2024/05/06 22.13 22.56 21.94 22.52 2944500 67346968.00
2024/05/07 22.51 22.87 22.16 22.85 2911500 67337000.00
2024/05/08 22.84 22.84 22.14 22.19 2110700 48495824.00
2024/05/09 22.20 22.84 22.20 22.77 2069500 48032476.00
2024/05/10 22.77 22.93 22.24 22.55 1597600 36923196.00
2024/05/13 22.55 22.64 21.81 22.21 1436600 32766318.00
2024/05/14 22.21 22.70 22.10 22.35 1525200 35120356.00
2024/05/15 22.33 22.63 22.04 22.34 1508500 34624672.00
2024/05/16 22.34 22.74 22.19 22.67 1576516 36472952.00
2024/05/17 22.66 23.09 22.50 23.09 1868400 43770116.00
2024/05/20 23.23 23.28 22.75 22.93 1686400 39557560.00
2024/05/21 22.88 23.08 22.72 22.89 1323000 31101576.00
2024/05/22 22.80 23.54 22.80 23.38 2264516 53847608.00
2024/05/23 23.15 23.38 22.71 22.82 1482400 34897896.00
2024/05/24 22.82 23.12 22.34 22.34 1273900 29507924.00
2024/05/27 22.47 22.56 21.99 22.45 1270500 28962176.00
2024/05/28 22.49 22.64 22.17 22.20 972300 21922504.00
2024/05/29 22.15 22.41 21.98 22.33 1048816 23483016.00
2024/05/30 22.31 22.59 22.09 22.26 794700 17817826.00
2024/05/31 22.29 22.31 22.11 22.22 877800 19645748.00
2024/06/03 22.19 22.39 21.44 22.10 1473700 32503692.00
2024/06/04 21.85 21.99 21.25 21.54 1390600 30109546.00
2024/06/05 21.48 21.62 21.07 21.41 884400 19041276.00
2024/06/06 21.40 21.40 19.25 19.68 2666500 53698048.00
2024/06/07 19.91 20.68 19.70 20.57 1486190 30454272.00
2024/06/11 20.64 20.70 20.07 20.58 833100 17086882.00
2024/06/12 20.55 20.98 20.42 20.80 1084100 22732928.00
2024/06/13 20.81 21.05 20.67 20.89 975700 20511154.00
2024/06/14 20.89 20.94 20.53 20.73 929100 19407196.00
2024/06/17 20.74 20.74 20.18 20.24 792000 16276162.00
2024/06/18 20.23 20.78 20.18 20.76 1326100 27509588.00
2024/06/19 20.77 21.01 20.57 20.86 863600 18118504.00
2024/06/20 20.73 21.26 20.46 21.14 1520719 32115028.00
2024/06/21 21.15 21.77 20.44 21.64 1966300 42517840.00
2024/06/24 21.25 22.34 20.83 22.27 3048881 66981248.00
2024/06/25 22.05 22.19 21.42 21.54 2298500 50184664.00
2024/06/26 21.04 22.04 20.66 21.99 2023300 43949284.00
2024/06/27 21.89 22.42 21.44 21.44 1560700 34384484.00
2024/06/28 21.84 21.94 21.30 21.41 1172200 25508576.00
2024/07/01 21.39 21.60 21.05 21.23 964700 20658236.00
2024/07/02 21.21 21.60 21.14 21.53 847700 18257704.00
2024/07/03 21.59 21.86 21.41 21.76 1499852 32701740.00
2024/07/04 21.89 21.89 20.88 20.97 1193952 25545866.00
2024/07/05 21.03 21.07 20.65 20.81 870400 18319196.00
2024/07/08 20.80 20.94 20.06 20.14 1053200 21628740.00
2024/07/09 20.08 20.60 19.84 20.29 1381200 28070900.00
2024/07/10 20.23 20.77 19.79 20.45 1389800 28416436.00
2024/07/11 20.54 21.64 20.45 21.45 3555000 76143528.00
2024/07/12 21.43 21.46 20.69 20.74 1510890 32035450.00
2024/07/15 20.64 20.70 19.94 20.10 1092500 22149904.00
2024/07/16 19.95 20.20 19.78 19.89 1096000 22033744.00
2024/07/17 19.91 19.94 19.59 19.60 840700 16715186.00
2024/07/18 19.55 19.91 18.72 19.87 1111400 21603108.00
2024/07/19 19.71 20.63 19.60 20.50 1142090 23299346.00
2024/07/22 20.17 20.72 20.03 20.25 1931500 39690256.00
2024/07/23 20.04 20.04 19.06 19.39 1651580 32385224.00
2024/07/24 19.24 19.47 19.09 19.14 802200 15548913.00
2024/07/25 19.03 19.45 18.92 19.36 1124000 21741626.00
2024/07/26 19.71 20.63 19.59 19.75 1390600 27969956.00
2024/07/29 19.72 19.84 19.34 19.48 1074400 21183196.00
2024/07/30 19.43 19.66 19.42 19.61 669821 13209001.00
2024/07/31 19.61 20.08 19.58 20.00 942500 18921826.00
2024/08/01 20.09 20.34 19.92 20.02 893800 18076576.00
2024/08/02 19.90 20.39 19.82 20.08 1233000 25077928.00
2024/08/05 19.89 20.20 19.31 19.33 933728 18588222.00
2024/08/06 19.57 19.72 19.48 19.70 667228 13191513.00
2024/08/07 19.72 19.88 19.58 19.65 485300 9644619.00
2024/08/08 19.65 19.77 19.32 19.55 526900 10374230.00
2024/08/09 19.73 20.02 19.49 19.51 683800 13607490.00
2024/08/12 19.64 19.78 19.40 19.62 701190 13869602.00
2024/08/13 19.55 19.79 19.35 19.71 674300 13318199.00
2024/08/14 19.84 19.94 19.64 19.84 623900 12464347.00
2024/08/15 19.82 19.90 19.45 19.47 1095500 21667118.00
2024/08/16 19.52 20.00 19.32 19.98 1568490 31235842.00
2024/08/19 19.72 19.85 19.19 19.33 1391700 27309240.00
2024/08/20 19.33 19.43 18.84 19.05 927800 17814314.00
2024/08/21 18.98 19.18 18.90 19.08 673900 12940025.00
2024/08/22 19.08 19.16 18.72 18.78 592500 11299742.00
2024/08/23 18.55 18.69 18.29 18.55 630200 11760838.00
2024/08/26 18.63 19.08 18.39 19.07 984300 18745044.00
2024/08/27 19.07 19.34 18.92 19.00 769700 14810419.00
2024/08/28 19.16 19.29 18.84 19.24 662400 12816829.00
2024/08/29 19.16 19.38 19.06 19.33 626500 12195844.00
2024/08/30 19.43 19.72 19.22 19.53 934400 18404520.00
2024/09/02 19.44 19.69 19.44 19.51 862700 17013410.00
2024/09/03 19.52 19.67 19.24 19.48 470600 9239996.00
2024/09/04 19.37 19.55 19.24 19.24 412301 8057498.50
2024/09/05 19.36 19.58 19.27 19.54 429500 8423995.00
2024/09/06 19.54 19.58 19.08 19.23 545800 10656787.00
2024/09/09 19.09 19.57 19.09 19.54 521300 10218859.00
2024/09/10 19.54 20.37 19.54 20.30 2037890 41109992.00
2024/09/11 20.45 22.03 19.33 19.62 4907999 100885200.00
2024/09/12 19.34 19.42 18.77 18.77 2021400 38864880.00
2024/09/13 18.79 18.89 18.46 18.46 1003900 18857312.00
2024/09/18 18.46 18.82 17.87 18.14 819600 14980593.00
2024/09/19 18.46 18.70 18.17 18.59 830202 15508597.00
2024/09/20 18.64 18.85 18.34 18.69 867880 16342763.00
2024/09/23 18.56 18.85 18.56 18.69 616600 11640466.00
2024/09/24 18.70 19.01 18.45 18.99 978480 18554742.00
2024/09/25 19.29 19.52 19.02 19.15 1050580 20423674.00
2024/09/26 19.22 19.54 19.04 19.54 1171402 22845354.00
2024/09/27 19.70 20.43 19.59 20.18 1532900 30926656.00
2024/09/30 20.81 21.97 20.33 21.72 3236700 69355480.00
2024/10/08 23.70 23.84 21.10 22.44 4280196 96988216.00
2024/10/09 21.87 22.04 20.50 20.56 2456736 52809336.00
2024/10/10 21.01 21.71 20.61 21.20 1638400 34956912.00
2024/10/11 21.20 21.40 20.04 20.26 1260100 26181714.00
2024/10/14 20.44 20.74 20.16 20.64 1252800 25884686.00
2024/10/15 20.66 20.79 20.31 20.33 904400 18755908.00
2024/10/16 20.19 20.66 19.95 20.46 865200 17838416.00
2024/10/17 20.56 20.96 20.34 20.35 802185 16665192.00
2024/10/18 20.31 20.94 20.21 20.69 1101536 22817396.00
2024/10/21 20.69 20.99 20.58 20.92 1374902 28856670.00
2024/10/22 20.74 21.42 20.74 21.19 1116300 23864744.00
2024/10/23 21.19 21.29 20.97 21.14 978728 20892860.00
2024/10/24 20.98 21.20 20.87 21.06 602400 12761635.00
2024/10/25 21.07 21.62 21.07 21.52 1102300 23738900.00
2024/10/28 21.60 21.90 21.58 21.85 1152038 25243888.00
2024/10/29 22.12 22.12 21.27 21.32 1522800 33149478.00
2024/10/30 21.24 21.53 20.54 20.91 1281436 27126020.00
2024/10/31 20.88 21.33 20.79 21.19 1146600 24408718.00
2024/11/01 21.06 21.40 20.44 20.45 1255900 26336080.00
2024/11/04 20.36 21.14 20.35 21.06 1007628 21201164.00
2024/11/05 21.24 21.38 20.95 21.35 1229196 26244070.00
2024/11/06 21.27 21.47 21.05 21.25 966400 20718404.00
2024/11/07 21.23 21.67 21.19 21.66 1140236 24759236.00
2024/11/08 21.67 21.92 21.42 21.68 1135419 24744902.00
2024/11/11 21.71 22.52 21.61 22.50 1787719 39746632.00
2024/11/12 22.38 23.16 22.25 22.58 2637105 60048532.00
2024/11/13 22.44 23.84 22.19 23.28 3123521 72061112.00
2024/11/14 23.24 23.59 22.58 22.83 3256400 75724888.00
2024/11/15 22.64 23.81 22.55 23.01 3208800 74590048.00
2024/11/18 22.68 23.30 21.51 22.02 2119500 47785276.00
2024/11/19 22.02 22.64 21.79 22.45 2024467 45369324.00
2024/11/20 22.54 23.59 22.29 23.48 3256831 75708816.00
2024/11/21 23.62 24.90 23.18 24.70 4468200 108881888.00
2024/11/22 25.23 25.83 23.91 25.19 5431719 136464800.00
2024/11/25 24.60 26.44 24.45 26.11 4770517 121296720.00
2024/11/26 25.54 27.63 23.84 25.04 5284833 136025312.00
2024/11/27 24.74 25.19 22.84 25.11 3351896 81435472.00
2024/11/28 24.56 26.24 23.26 23.26 7261079 184465392.00
2024/11/29 21.90 23.22 21.90 22.98 7245083 163829184.00
2024/12/02 22.98 23.42 22.87 23.10 4205783 97904752.00
2024/12/03 23.22 23.94 23.01 23.46 2626516 61584764.00
2024/12/04 23.58 24.02 23.44 23.56 3011200 71750264.00
2024/12/05 23.56 23.77 23.44 23.68 1636100 38888428.00
2024/12/06 23.68 23.91 23.48 23.84 1767300 42174396.00
2024/12/09 23.99 24.12 23.69 24.04 1446800 34831776.00
2024/12/10 24.58 24.58 24.01 24.16 2422205 59111900.00
2024/12/11 24.16 24.29 23.87 24.21 1224000 29659368.00
2024/12/12 24.20 24.98 24.10 24.89 2271900 56200496.00
2024/12/13 24.91 25.11 24.50 24.54 1585100 39356336.00
2024/12/16 24.54 24.94 24.35 24.53 1273600 31551518.00
2024/12/17 24.52 24.64 23.25 23.44 2202505 52468232.00
2024/12/18 23.34 23.79 22.96 23.35 1355100 31843172.00
2024/12/19 23.35 23.66 22.90 23.38 1623100 37936348.00
2024/12/20 23.38 23.90 23.21 23.82 2097500 50013592.00
2024/12/23 23.59 24.02 22.24 22.36 2160100 49712928.00
2024/12/24 22.39 22.80 21.88 22.34 1543488 34631800.00
2024/12/25 22.25 22.34 21.39 21.65 1396986 30532174.00
2024/12/26 21.57 22.29 21.57 21.89 970610 21486612.00
2024/12/27 22.06 22.44 21.74 22.24 948500 21261156.00
2024/12/30 22.41 22.41 21.47 21.81 943000 20767108.00
2024/12/31 22.03 22.03 21.34 21.44 1126300 24492898.00
2025/01/02 21.45 21.80 20.95 21.11 1080328 23273920.00
2025/01/03 21.24 21.42 19.95 20.04 1300628 26968136.00
2025/01/06 20.04 20.50 19.24 19.82 1221900 24406882.00
2025/01/07 20.11 20.50 19.75 20.47 957600 19459952.00
2025/01/08 20.73 20.73 19.74 20.40 933100 19057676.00
2025/01/09 20.52 20.70 20.27 20.49 697405 14421432.00
2025/01/10 20.50 20.64 19.64 19.64 1044305 21184992.00
2025/01/13 19.74 19.98 18.91 19.79 1203500 23713840.00
2025/01/14 19.99 21.27 19.94 21.15 1581900 32948400.00
2025/01/15 21.26 21.47 20.86 21.08 1085400 23126316.00
2025/01/16 21.20 22.23 20.95 21.32 1436400 31147320.00
2025/01/17 21.43 21.43 20.84 21.00 1019000 21595328.00
2025/01/20 21.20 21.64 20.89 21.46 1124600 24205620.00
2025/01/21 21.43 21.62 21.04 21.35 1081000 23233664.00
2025/01/22 21.44 21.44 20.90 21.17 734200 15652944.00
2025/01/23 21.62 21.96 21.22 21.84 1494500 32641152.00
2025/01/24 21.84 22.82 21.65 22.75 1825600 41104108.00
2025/01/27 22.94 23.31 22.75 23.04 2144900 49866936.00
2025/02/05 23.33 23.37 22.96 23.12 1549592 36108508.00
2025/02/06 23.21 23.21 22.66 23.09 1376300 31821938.00
2025/02/07 23.13 23.29 22.67 23.07 1222300 28302994.00
2025/02/10 23.09 23.31 22.98 23.08 1347592 31362254.00
2025/02/11 23.08 23.29 22.85 23.16 1146608 26650058.00
2025/02/12 22.93 23.24 22.79 23.02 776900 17984470.00
2025/02/13 23.05 23.20 22.73 22.73 712800 16436436.00
2025/02/14 22.76 22.98 22.64 22.82 774000 17780426.00
2025/02/17 22.82 23.12 22.64 23.01 871900 20092658.00
2025/02/18 23.03 23.09 22.35 22.56 906400 20708828.00
2025/02/19 22.52 23.02 22.35 22.84 771400 17754750.00
2025/02/20 23.01 23.10 22.74 23.03 806100 18661550.00
2025/02/21 23.03 23.12 22.59 22.81 716500 16437005.00
2025/02/24 22.72 23.07 22.58 22.82 929200 21326122.00
2025/02/25 22.64 22.94 22.63 22.84 998000 22854932.00
2025/02/26 22.74 23.04 22.70 22.84 968800 22314124.00
2025/02/27 22.84 22.99 22.40 22.83 1112900 25398744.00
2025/02/28 22.77 22.94 22.31 22.56 1115600 25364582.00
2025/03/03 22.54 22.80 22.40 22.51 1065200 24279824.00
2025/03/04 22.60 22.72 22.36 22.71 807400 18410268.00
2025/03/05 22.72 22.79 22.34 22.70 867400 19691378.00
2025/03/06 22.82 23.24 22.59 23.19 1746300 40336672.00
2025/03/07 23.04 23.42 22.85 23.02 1008900 23454238.00
2025/03/10 22.94 23.41 22.84 22.94 1175800 27338216.00
2025/03/11 22.75 22.99 22.65 22.84 884200 20315790.00
2025/03/12 23.01 23.19 22.84 23.14 791000 18335652.00
2025/03/13 23.14 23.28 22.52 22.96 1131900 25976152.00
2025/03/14 22.84 23.42 22.64 23.38 1635600 38119452.00
2025/03/17 23.34 23.53 23.06 23.39 953800 22385884.00
2025/03/18 23.50 23.54 23.28 23.45 783700 18475260.00
2025/03/19 23.37 23.50 23.17 23.37 787213 18488110.00
2025/03/20 23.40 23.52 23.05 23.39 916000 21530590.00
2025/03/21 23.38 23.38 22.78 22.83 1072608 24848448.00
2025/03/24 22.83 23.02 21.29 21.67 3207208 70705944.00
2025/03/25 21.74 22.08 21.49 21.88 1516400 33248514.00
2025/03/26 21.82 22.22 21.55 22.06 1758600 39113352.00
2025/03/27 22.13 22.13 21.51 21.78 785100 17230716.00
2025/03/28 21.83 21.98 21.55 21.66 755800 16540357.00
2025/03/31 21.54 21.94 21.25 21.55 994000 21526584.00
2025/04/01 21.55 22.11 21.55 21.73 1222300 26943148.00
2025/04/02 21.74 22.12 21.65 21.92 804400 17791768.00
2025/04/03 21.69 21.91 21.47 21.83 804100 17582104.00
2025/04/07 21.24 21.24 19.63 19.63 1358800 27316662.00
2025/04/08 19.84 20.34 19.15 19.44 1627010 32001988.00
2025/04/09 19.25 20.01 18.20 19.88 1466400 28346214.00
2025/04/10 19.98 20.96 19.91 20.74 1639200 33905332.00
2025/04/11 20.64 20.96 20.52 20.65 784600 16404930.00
2025/04/14 20.94 22.73 20.65 22.73 3658300 81581440.00
2025/04/15 22.64 22.64 21.45 21.52 3886799 85349864.00
2025/04/16 21.48 23.69 21.23 23.69 6953619 159880704.00
2025/04/17 23.46 23.67 22.14 22.53 7714215 174884976.00
2025/04/18 22.41 22.44 21.65 21.88 3754464 83131688.00
2025/04/21 21.55 22.13 21.28 21.88 2541226 55798216.00
2025/04/22 21.70 22.54 21.66 22.12 2881288 64065012.00
2025/04/23 22.19 22.47 21.90 21.94 2483620 55266512.00
2025/04/24 21.76 22.06 21.36 21.82 1624200 35559784.00
2025/04/25 21.93 22.13 20.54 21.85 1736455 37970248.00
2025/04/28 21.85 22.13 21.58 21.92 1633755 36042520.00
2025/04/29 21.94 22.72 21.84 22.48 2390647 54003516.00
2025/04/30 22.69 22.81 22.31 22.72 1871462 42762448.00
2025/05/06 23.04 23.26 22.71 23.08 2629700 60987504.00
2025/05/07 23.24 23.44 22.99 23.10 2002775 46817208.00
2025/05/08 23.09 23.49 22.86 23.39 1542650 36189188.00
2025/05/09 23.39 23.56 23.25 23.34 1036101 24414186.00
2025/05/12 23.45 23.70 23.01 23.35 1319901 30946550.00
2025/05/13 23.54 23.64 23.05 23.34 894600 21017224.00
2025/05/14 23.24 23.45 22.60 22.78 1614400 37127300.00
2025/05/15 22.92 23.07 22.45 23.02 960900 22127306.00
2025/05/16 23.14 23.44 23.03 23.33 1055300 24718672.00
2025/05/19 23.54 23.64 23.15 23.48 850000 20067420.00
2025/05/20 23.43 24.48 23.14 24.41 2440700 58946392.00
2025/05/21 24.24 24.59 23.62 23.73 2248671 54329120.00
2025/05/22 23.84 24.12 23.27 23.45 1578302 37591532.00
2025/05/23 23.46 24.39 23.16 23.34 1594380 37988892.00
2025/05/26 23.34 24.19 23.24 23.55 1017500 24034598.00
2025/05/27 23.70 23.79 23.25 23.62 863300 20339092.00
2025/05/28 23.60 23.86 23.35 23.48 883680 20805840.00
2025/05/29 23.55 24.58 23.40 24.41 2045164 49467412.00
2025/05/30 24.52 24.70 23.88 24.19 1082100 26167504.00
2025/06/03 23.87 24.25 23.73 24.18 966300 23255100.00
2025/06/04 24.18 24.50 24.13 24.40 789801 19236802.00
2025/06/05 24.46 24.71 24.18 24.52 830192 20301494.00
2025/06/06 24.44 24.82 24.18 24.75 827000 20332764.00
2025/06/09 24.75 25.07 24.60 24.94 1344630 33502584.00
2025/06/10 24.94 25.12 24.15 24.58 1237400 30583278.00
2025/06/11 24.69 24.94 24.37 24.53 839463 20726344.00
2025/06/12 24.53 25.47 24.46 25.47 1574955 39194524.00
2025/06/13 25.47 28.02 24.50 25.90 6331901 164018640.00
2025/06/16 25.95 26.57 24.41 26.39 5231404 135225760.00
2025/06/17 26.05 26.67 25.79 26.16 3173493 83289640.00
2025/06/18 26.18 26.40 25.34 25.52 2420101 62243528.00
2025/06/19 25.37 25.37 24.35 24.45 2312200 57371908.00
2025/06/20 24.59 24.79 24.31 24.41 1285536 31556350.00
2025/06/23 24.15 24.96 23.94 24.75 1291601 31769514.00
2025/06/24 24.79 25.83 24.70 25.49 2737601 69427472.00
2025/06/25 25.59 25.78 25.32 25.63 1716900 43861540.00
2025/06/26 25.51 25.74 25.16 25.26 1458400 37020256.00
2025/06/27 25.47 25.98 25.10 25.60 1817700 46282920.00
2025/06/30 25.60 25.74 25.30 25.54 1516700 38813536.00
2025/07/01 25.72 26.19 25.54 26.16 3522700 91772848.00
2025/07/02 26.10 26.11 25.40 25.59 1760000 45094872.00
2025/07/03 25.59 25.74 25.50 25.66 943900 24205430.00
2025/07/04 25.66 27.77 25.48 25.66 2981100 77932144.00
2025/07/07 25.22 26.00 25.22 25.82 2648793 68110016.00
2025/07/08 25.98 26.17 25.67 26.13 1750700 45461520.00
2025/07/09 26.13 26.25 25.50 26.08 1132300 29455284.00
2025/07/10 26.03 26.08 25.69 25.90 1147300 29647494.00
2025/07/11 25.91 26.03 25.55 25.80 1060400 27307088.00
2025/07/14 25.81 26.26 25.70 26.25 1363100 35493944.00
2025/07/15 26.10 26.78 25.55 25.83 1638900 42484256.00
2025/07/16 26.29 26.47 25.73 26.01 1053500 27362532.00
2025/07/17 26.16 26.16 25.78 25.78 964750 25008122.00
2025/07/18 25.81 25.90 25.57 25.85 707650 18206522.00
2025/07/21 26.08 26.47 25.89 26.15 1572450 41105768.00
2025/07/22 26.19 26.31 25.90 26.13 966800 25198452.00
2025/07/23 26.14 26.30 25.78 25.88 1053300 27412098.00
2025/07/24 26.15 26.29 25.93 26.16 1309700 34256552.00
2025/07/25 26.26 26.49 25.96 26.33 1308300 34397384.00
2025/07/28 26.38 26.89 26.36 26.66 1797500 47945548.00
2025/07/29 26.75 27.05 26.32 26.70 1359641 36087048.00
2025/07/30 26.51 26.83 26.30 26.67 1128000 29971712.00
2025/07/31 26.60 26.80 26.10 26.15 1243799 32853460.00
2025/08/01 26.35 26.78 26.15 26.78 1305200 34748416.00
2025/08/04 26.70 27.06 26.39 26.99 1122500 30177362.00
2025/08/05 27.28 27.43 27.00 27.32 1040700 28325814.00
2025/08/06 27.35 27.49 27.13 27.38 1048180 28658734.00
2025/08/07 27.47 27.47 27.16 27.41 1049834 28675412.00
2025/08/08 27.20 27.57 27.00 27.50 1123433 30697880.00
2025/08/11 27.45 27.96 27.41 27.88 1288200 35763956.00
2025/08/12 27.91 28.09 27.63 27.93 1068800 29808590.00
2025/08/13 27.88 28.10 27.51 27.61 1161433 32219144.00
2025/08/14 27.78 27.78 26.80 26.80 1232100 33509698.00
2025/08/15 26.93 27.20 26.33 26.54 1627449 43352528.00
2025/08/18 26.55 26.83 26.21 26.64 1419200 37731236.00
2025/08/19 26.53 28.19 26.30 27.79 2393208 65866404.00
2025/08/20 27.99 27.99 27.10 27.58 1228274 33759860.00
2025/08/21 27.54 27.97 27.37 27.52 1207000 33455294.00
2025/08/22 27.70 27.70 26.87 27.42 1374150 37402168.00
2025/08/25 27.44 28.10 27.03 27.28 1809475 49597604.00
2025/08/26 27.45 27.90 26.72 27.50 1212000 33313344.00
2025/08/27 27.49 27.84 26.13 26.14 1838100 49271560.00
2025/08/28 26.16 26.80 24.68 25.90 2379501 61063616.00
2025/08/29 25.76 26.11 25.15 25.48 1744200 44455868.00
2025/09/01 25.35 26.24 24.89 26.04 2534500 64804500.00
2025/09/02 26.19 26.19 24.96 25.40 1691949 42842120.00
2025/09/03 25.54 25.64 24.60 24.76 1435800 36034584.00
2025/09/04 24.76 25.90 24.60 25.25 1831000 46493536.00
2025/09/05 25.20 25.85 24.94 25.57 1259000 32029664.00
2025/09/08 25.57 26.23 25.10 26.15 1488600 38503388.00
2025/09/09 26.10 26.30 25.60 26.02 1051200 27269924.00
2025/09/10 25.93 26.09 25.62 26.09 718641 18588602.00
2025/09/11 26.08 26.09 25.50 25.96 831199 21427986.00
2025/09/12 26.04 26.18 25.60 25.72 690900 17817820.00
2025/09/15 25.71 25.99 25.47 25.79 811000 20857712.00
2025/09/16 25.98 26.40 25.69 26.32 1154100 30184038.00
2025/09/17 26.49 26.65 26.14 26.29 606900 16051958.00
2025/09/18 26.42 26.55 25.35 25.68 1030800 26763900.00
2025/09/19 25.70 25.98 25.46 25.66 990100 25433776.00
2025/09/22 25.65 25.74 25.10 25.47 728500 18523424.00
2025/09/23 25.55 25.55 23.78 25.20 1605074 39574688.00
2025/09/24 25.22 26.05 24.73 25.80 1344600 34428280.00
2025/09/25 25.72 26.23 25.39 25.67 1071100 27648720.00
2025/09/26 25.76 25.90 25.17 25.74 792000 20288754.00
2025/09/29 25.64 26.10 25.11 25.99 801801 20655696.00
2025/09/30 26.00 26.20 25.71 26.00 680600 17679036.00
2025/10/09 25.91 25.93 25.26 25.42 793600 20264766.00
2025/10/10 25.42 26.11 25.35 25.70 964100 24851328.00
2025/10/13 25.08 25.87 24.05 25.53 1143000 28897196.00
2025/10/14 25.74 26.00 25.44 25.60 716800 18431196.00
2025/10/15 25.74 26.14 25.42 25.90 1030426 26717712.00
2025/10/16 26.00 26.10 25.40 25.54 877026 22504586.00
2025/10/17 25.47 25.93 25.22 25.35 731500 18633400.00
2025/10/20 25.80 25.95 25.23 25.95 725100 18664268.00
2025/10/21 26.04 26.66 25.77 26.65 1056596 27854448.00
2025/10/22 26.67 27.17 26.58 26.98 1155700 31122040.00
2025/10/23 26.98 27.52 26.67 27.44 1497800 40777288.00
2025/10/24 27.50 28.77 27.18 28.51 2711668 76474320.00
2025/10/27 28.52 29.13 28.20 28.97 2500068 71856920.00
2025/10/28 28.25 29.19 28.25 28.65 1619200 46527432.00
2025/10/29 28.96 29.06 27.61 28.55 1519400 43178240.00
2025/10/30 28.50 28.76 27.70 27.93 1150600 32320788.00
2025/10/31 28.06 29.20 27.80 28.60 1897300 54197176.00
2025/11/03 29.52 29.74 28.82 29.20 1934000 56436424.00
2025/11/04 29.39 29.99 29.11 29.37 1089200 32083416.00
2025/11/05 29.18 29.46 28.63 29.30 1639901 47809348.00
2025/11/06 29.30 29.88 28.86 29.42 1105400 32442824.00
2025/11/07 29.45 29.60 29.01 29.33 934600 27420046.00
2025/11/10 29.50 29.74 29.06 29.58 1176800 34716356.00
2025/11/11 29.67 30.00 29.28 29.80 919700 27353428.00
2025/11/12 29.74 29.94 29.40 29.77 786400 23395764.00
2025/11/13 29.68 30.35 29.47 30.15 781200 23362142.00
2025/11/14 29.97 32.23 29.86 31.54 2270900 71138296.00
2025/11/17 31.35 32.00 30.52 30.86 1645600 51076204.00
2025/11/18 31.01 31.17 30.16 30.67 1227600 37537528.00
2025/11/19 30.74 31.34 29.69 30.14 1348400 40851072.00
2025/11/20 29.99 30.64 29.59 29.83 1169500 35093856.00
2025/11/21 29.97 30.49 28.06 28.21 1478200 42537020.00
2025/11/24 28.77 29.61 28.35 29.25 1726200 50212616.00
2025/11/25 29.54 30.15 29.26 30.08 1066400 31866780.00
2025/11/26 29.93 30.20 29.44 29.67 815700 24321562.00
2025/11/27 29.54 30.57 29.46 30.24 1120600 33747008.00
2025/11/28 30.33 30.65 29.62 30.65 1055000 31847232.00
2025/12/01 30.81 31.08 30.16 30.27 966800 29589444.00
2025/12/02 30.04 30.50 29.75 30.36 1013018 30535720.00
2025/12/03 30.54 31.60 30.15 30.90 1794000 55449524.00
2025/12/04 30.81 31.33 30.19 30.72 1210000 37247708.00
2025/12/05 30.72 31.11 30.40 30.93 1189400 36587840.00
2025/12/08 30.86 31.86 30.86 31.51 1269000 39907944.00
2025/12/09 31.35 34.66 29.77 29.84 5748616 184243824.00
2025/12/10 29.29 32.82 29.06 30.29 5993044 183921392.00
2025/12/11 29.99 29.99 28.01 28.01 4720700 135549344.00
2025/12/12 28.06 29.39 27.77 28.72 3407744 98373512.00
2025/12/15 28.93 29.05 28.26 28.35 1745900 50007412.00
2025/12/16 28.52 28.80 27.82 27.96 1438800 40530108.00
2025/12/17 28.26 28.79 27.32 28.56 1309100 36741000.00
2025/12/18 28.48 29.77 28.18 29.51 1669700 48986904.00
2025/12/19 29.51 31.00 29.35 30.73 2859717 86627304.00
2025/12/22 30.74 30.90 29.49 29.66 1921600 57425856.00
2025/12/23 29.72 29.94 28.80 29.50 1087128 31782286.00
2025/12/24 29.59 29.89 29.08 29.82 754400 22320130.00
2025/12/25 30.06 30.39 29.57 30.12 1139900 34312572.00
2025/12/26 30.12 30.31 29.70 30.11 938500 28181136.00
2025/12/29 30.12 30.98 30.01 30.44 1364000 41375416.00
2025/12/30 30.43 30.44 29.86 30.00 1072200 32200888.00
2025/12/31 30.23 30.23 29.55 30.01 905000 27031448.00
2026/01/05 30.01 30.40 29.32 29.82 1991700 59523324.00
2026/01/06 29.82 29.93 29.12 29.36 1570800 46188372.00
2026/01/07 29.48 32.30 28.63 28.92 4151000 123316512.00
2026/01/08 28.40 28.97 28.14 28.73 2682200 76556120.00
2026/01/09 28.73 29.23 28.58 29.05 1616000 46733484.00
2026/01/12 29.21 30.94 29.21 30.68 3290600 99795760.00
2026/01/13 31.00 31.48 30.53 30.98 2472192 76728760.00
2026/01/14 30.90 31.37 30.21 30.78 1659592 51074512.00
2026/01/15 30.61 31.29 30.40 30.83 1409500 43577300.00
2026/01/16 30.87 31.50 30.53 31.23 2228700 69338096.00
2026/01/19 31.39 31.80 30.92 31.75 1452200 45713064.00
2026/01/20 31.71 32.53 31.52 31.98 1716500 55016948.00
2026/01/21 31.82 32.49 31.50 32.41 1433200 46152752.00
2026/01/22 32.39 34.50 31.90 32.48 4062500 133206928.00
2026/01/23 32.33 32.90 31.66 32.19 2938600 94666464.00
2026/01/26 32.23 32.39 31.51 31.85 1667300 53424140.00
2026/01/27 31.84 33.48 31.08 33.14 2244100 72852624.00
2026/01/28 33.14 34.14 32.70 33.65 2095500 70628216.00
2026/01/29 33.33 33.76 32.46 32.66 1506800 49912272.00
2026/01/30 32.81 33.30 32.19 33.25 1400800 46068152.00
2026/02/02 33.28 33.81 32.31 32.79 1871800 62327024.00
2026/02/03 33.45 35.28 32.79 34.98 2691200 92269584.00
2026/02/04 34.81 34.81 33.62 34.07 1873262 63939140.00
2026/02/05 34.22 34.63 33.53 33.72 1407300 47976104.00
2026/02/06 33.47 34.48 33.35 34.12 1547600 52596336.00
2026/02/09 34.34 34.97 33.83 34.15 1332200 45587000.00
2026/02/10 34.36 34.44 33.40 33.48 1301000 44152060.00
2026/02/11 33.95 34.07 33.23 33.54 1468200 49347512.00
2026/02/12 33.72 35.49 33.15 34.87 2493617 86426216.00
2026/02/13 34.78 36.30 33.96 35.75 2375100 83361008.00
2026/02/24 35.41 37.66 35.41 37.35 1909600 70446912.00
2026/02/25 37.44 37.97 36.65 36.73 1538200 56829436.00
#Ъ§ОнРДдД:ЭЈДяаХ
