002988 КРУРаТВФ ШеЯп ЧАИДШЈ
      ШеЦк	    ПЊХЬ	    зюИп	    зюЕЭ	    ЪеХЬ	    ГЩНЛСП	    ГЩНЛЖю
2021/08/02 13.86 14.13 13.76 14.12 2970636 43460796.00
2021/08/03 14.09 14.88 14.01 14.72 6541026 99489088.00
2021/08/04 14.73 15.11 14.40 15.02 5096475 78351688.00
2021/08/05 14.87 15.22 14.72 14.85 2437122 37912556.00
2021/08/06 14.81 15.02 14.73 14.96 1808400 28071212.00
2021/08/09 14.94 15.15 14.67 15.13 2984354 46453784.00
2021/08/10 15.11 15.34 15.04 15.31 2090128 33117030.00
2021/08/11 15.33 15.47 15.16 15.40 1560900 24958552.00
2021/08/12 15.34 15.97 15.27 15.87 2699289 44235252.00
2021/08/13 15.87 16.39 15.65 16.18 3793972 63223224.00
2021/08/16 17.26 17.86 17.25 17.86 4215721 77453992.00
2021/08/17 18.01 18.49 16.72 16.87 9529435 170976896.00
2021/08/18 16.85 17.06 16.44 16.95 4383105 76470104.00
2021/08/19 16.67 18.11 16.52 17.95 7099134 129320064.00
2021/08/20 18.32 18.36 17.17 18.10 5847265 107892592.00
2021/08/23 18.02 18.17 17.46 17.77 4476797 82700024.00
2021/08/24 17.77 18.29 17.73 18.20 3596681 67413488.00
2021/08/25 18.27 19.12 17.97 18.88 4787897 92953776.00
2021/08/26 18.76 19.23 18.03 18.92 3352509 65205452.00
2021/08/27 18.56 19.23 18.56 18.87 2554233 49840668.00
2021/08/30 19.18 19.27 18.75 18.96 2497172 48895088.00
2021/08/31 18.86 19.70 18.57 19.58 3144502 62435432.00
2021/09/01 19.58 20.32 18.92 19.38 4239110 86019944.00
2021/09/02 19.27 20.75 19.05 20.32 3830487 79004392.00
2021/09/03 20.58 20.64 19.72 20.07 2347300 48740152.00
2021/09/06 20.07 20.32 19.17 19.27 2512184 50597248.00
2021/09/07 19.17 20.06 19.07 19.85 2348466 47765932.00
2021/09/08 19.84 20.53 19.70 20.32 2504572 52290148.00
2021/09/09 20.07 20.95 20.07 20.37 2296706 48391168.00
2021/09/10 20.77 20.77 19.65 19.90 2554905 52741884.00
2021/09/13 19.70 20.97 19.70 20.91 4094714 86780680.00
2021/09/14 20.75 20.86 20.39 20.45 2935400 62342096.00
2021/09/15 20.66 20.66 20.09 20.33 1457105 30564516.00
2021/09/16 20.15 20.57 19.32 19.47 2560482 52336504.00
2021/09/17 19.55 19.81 18.59 19.08 2316506 45755748.00
2021/09/22 19.01 19.41 18.57 19.12 1768200 34792548.00
2021/09/23 19.12 19.63 19.12 19.35 1042039 20861876.00
2021/09/24 19.35 19.75 18.62 18.62 1219400 23904308.00
2021/09/27 18.58 19.36 17.07 17.13 2709100 50084296.00
2021/09/28 17.13 17.41 16.03 16.72 3424310 59420508.00
2021/09/29 16.76 17.36 15.67 15.78 3529400 59760424.00
2021/09/30 15.81 15.98 15.49 15.75 2017100 32955716.00
2021/10/08 15.90 17.39 15.89 17.39 1656894 29305326.00
2021/10/11 18.37 19.19 17.51 18.06 5076734 96544736.00
2021/10/12 18.17 19.05 17.88 18.85 4668326 89978312.00
2021/10/13 18.61 18.77 17.93 18.07 3034310 57368192.00
2021/10/14 18.07 19.17 18.04 19.01 2987397 57837984.00
2021/10/15 19.01 19.37 18.61 19.13 2260500 44513188.00
2021/10/18 19.11 19.40 18.79 19.27 2416975 47952476.00
2021/10/19 19.63 19.63 18.77 18.96 1880087 36869872.00
2021/10/20 18.96 19.48 18.80 19.10 2095405 41553432.00
2021/10/21 19.27 19.46 18.82 18.85 1176200 23106410.00
2021/10/22 18.68 18.95 18.30 18.38 1787051 34303552.00
2021/10/25 18.38 18.87 18.08 18.11 1752500 33137002.00
2021/10/26 18.36 18.36 17.49 17.64 1856800 34035500.00
2021/10/27 17.81 17.84 17.08 17.25 1216700 21900940.00
2021/10/28 17.26 17.32 16.32 16.71 1221091 21061130.00
2021/10/29 16.65 17.04 16.57 16.77 845247 14733407.00
2021/11/01 16.96 18.11 16.82 17.65 2049047 37465288.00
2021/11/02 17.85 18.27 16.62 16.94 1854240 32995012.00
2021/11/03 16.71 17.81 16.70 17.80 1548993 27959046.00
2021/11/04 17.67 17.73 17.20 17.34 1749605 31463280.00
2021/11/05 17.28 17.65 17.16 17.22 1283093 23149708.00
2021/11/08 17.16 17.21 16.77 16.94 873195 15326158.00
2021/11/09 16.99 17.21 16.81 17.11 694900 12272123.00
2021/11/10 17.25 17.25 16.39 17.07 1318800 22983382.00
2021/11/11 16.97 17.45 16.67 16.69 1524800 26918492.00
2021/11/12 16.75 17.41 16.67 17.30 2437600 43262344.00
2021/11/15 17.55 17.55 16.75 17.25 1534301 27224206.00
2021/11/16 17.30 17.30 16.92 16.92 1174226 20770524.00
2021/11/17 16.99 18.68 16.85 18.68 3394321 62593356.00
2021/11/18 20.17 20.61 19.57 19.80 13554909 284883456.00
2021/11/19 19.71 19.78 18.40 19.18 11004011 217738976.00
2021/11/22 19.19 20.81 19.19 19.81 9110329 187306432.00
2021/11/23 19.97 20.80 19.67 20.25 6177341 129264008.00
2021/11/24 20.28 22.34 20.10 22.34 8336886 186778704.00
2021/11/25 22.45 23.14 21.27 21.66 7212955 162489168.00
2021/11/26 22.00 22.05 21.09 21.61 5081138 112627624.00
2021/11/29 21.61 21.72 20.87 21.25 4938104 108353552.00
2021/11/30 21.67 21.73 20.12 20.27 5271394 111880104.00
2021/12/01 20.34 21.72 19.96 20.97 6532847 140320480.00
2021/12/02 21.24 21.24 20.13 20.43 4204024 88823720.00
2021/12/03 20.45 20.61 19.79 20.08 2813841 58501508.00
2021/12/06 20.14 20.48 19.47 19.62 2328100 47875328.00
2021/12/07 19.67 20.06 18.85 19.06 2819500 55968400.00
2021/12/08 19.06 19.67 18.97 19.45 1725445 34497060.00
2021/12/09 19.40 19.53 18.93 19.11 1887982 37357472.00
2021/12/10 19.13 20.28 18.98 20.28 3932850 80121728.00
2021/12/13 20.37 21.07 19.70 20.28 4389449 91723968.00
2021/12/14 20.17 20.34 19.93 20.17 2430566 50403456.00
2021/12/15 19.96 20.87 19.95 20.48 2708449 57168968.00
2021/12/16 20.37 20.90 20.32 20.71 2335791 49695564.00
2021/12/17 20.94 20.94 20.12 20.32 2207832 46563776.00
2021/12/20 20.38 20.80 20.07 20.10 2031700 42770800.00
2021/12/21 20.17 20.47 19.46 19.69 3213900 65495792.00
2021/12/22 19.82 20.23 19.81 20.02 1901617 39243644.00
2021/12/23 20.02 21.07 19.81 20.40 3626145 76852592.00
2021/12/24 20.91 21.25 19.46 19.62 3723831 76864184.00
2021/12/27 19.22 19.87 19.19 19.58 1952725 39504940.00
2021/12/28 19.75 19.83 19.30 19.77 1415600 28703280.00
2021/12/29 19.77 19.82 19.36 19.36 1710507 34444016.00
2021/12/30 19.36 19.75 19.22 19.71 1699741 34286192.00
2021/12/31 19.38 20.63 19.38 19.98 3108033 64359100.00
2022/01/04 19.98 20.39 19.57 20.24 2265916 46729052.00
2022/01/05 20.20 20.48 19.90 20.36 2452721 51065664.00
2022/01/06 20.37 20.82 20.10 20.33 2957669 62491444.00
2022/01/07 20.41 22.25 20.41 21.32 6990491 154384768.00
2022/01/10 21.29 21.42 20.67 21.12 4560094 98463112.00
2022/01/11 20.94 21.15 20.28 20.37 2783899 59355232.00
2022/01/12 20.36 20.87 19.69 20.33 3857841 80142088.00
2022/01/13 20.51 21.17 19.97 20.14 4205184 88405376.00
2022/01/14 20.17 20.48 19.89 20.19 2435625 50826584.00
2022/01/17 19.92 21.02 19.83 20.76 4962540 105230496.00
2022/01/18 20.73 20.85 20.08 20.13 1890749 39867324.00
2022/01/19 20.12 21.44 20.07 21.35 4181658 89910248.00
2022/01/20 22.17 22.17 20.38 20.45 9616954 205196896.00
2022/01/21 20.55 20.62 19.89 20.04 5249448 109621072.00
2022/01/24 18.78 19.07 17.97 17.97 2083800 39130280.00
2022/01/25 17.04 17.20 16.11 16.11 4743797 81005168.00
2022/01/26 16.31 16.31 15.62 15.97 2826594 46849800.00
2022/01/27 15.97 16.47 15.97 16.11 2632919 44427836.00
2022/01/28 16.14 17.14 16.05 16.96 2474580 42386092.00
2022/02/07 17.00 17.37 16.73 17.17 1761821 31216446.00
2022/02/08 17.24 17.73 17.16 17.58 2921492 52730540.00
2022/02/09 17.77 18.01 17.54 17.95 1667432 30702116.00
2022/02/10 18.02 18.26 17.89 18.13 2943182 55068056.00
2022/02/11 18.14 18.22 17.88 17.98 1973727 36845840.00
2022/02/14 17.98 18.15 17.73 17.83 1676336 31204810.00
2022/02/15 17.84 18.22 17.73 17.83 1620908 30092632.00
2022/02/16 17.97 18.15 17.76 18.09 1080456 20122500.00
2022/02/17 18.11 18.22 17.97 18.01 1287193 24099094.00
2022/02/18 18.16 18.16 17.57 17.96 1288838 23893100.00
2022/02/21 17.96 18.11 17.74 17.93 964656 17914494.00
2022/02/22 18.02 18.06 17.56 17.57 1495370 27377372.00
2022/02/23 17.63 17.69 17.21 17.44 1683626 30279768.00
2022/02/24 17.43 17.62 16.93 17.09 1449171 25933766.00
2022/02/25 17.30 17.73 17.07 17.47 1602300 29074116.00
2022/02/28 17.74 17.75 17.20 17.54 1298012 23515060.00
2022/03/01 17.53 17.73 17.39 17.61 886116 16110248.00
2022/03/02 17.75 18.06 17.57 17.88 1156799 21365998.00
2022/03/03 17.88 17.99 17.68 17.92 1086299 20083160.00
2022/03/04 17.95 17.95 17.17 17.23 1441242 26084684.00
2022/03/07 17.05 17.32 16.42 16.60 2050174 35666460.00
2022/03/08 16.53 16.67 15.78 15.85 2222968 37387304.00
2022/03/09 15.82 15.95 14.85 15.41 1710172 27607664.00
2022/03/10 15.63 15.83 15.23 15.37 1964589 31613236.00
2022/03/11 15.35 15.36 14.80 15.35 2202599 34595724.00
2022/03/14 15.35 15.35 14.82 14.82 2419393 37889592.00
2022/03/15 14.77 14.77 13.69 13.69 2289500 33903116.00
2022/03/16 13.97 14.30 13.17 14.04 3865320 55517736.00
2022/03/17 14.25 14.73 14.08 14.42 1846975 27755740.00
2022/03/18 14.53 15.38 14.37 15.12 3185567 49394012.00
2022/03/21 15.12 15.13 14.56 14.72 2989109 45854804.00
2022/03/22 14.59 14.87 14.43 14.76 1573804 24083610.00
2022/03/23 14.86 14.86 14.62 14.78 1205900 18567380.00
2022/03/24 14.67 14.87 14.49 14.53 1427360 21792124.00
2022/03/25 14.47 14.93 14.47 14.57 1244685 19103540.00
2022/03/28 14.57 14.89 14.06 14.59 1293600 19674408.00
2022/03/29 14.62 14.92 13.95 14.05 1830400 27133190.00
2022/03/30 14.19 14.28 13.88 14.07 1502163 22007626.00
2022/03/31 14.12 14.36 13.95 13.96 1957800 28857720.00
2022/04/01 13.95 13.95 13.62 13.79 1291500 18598002.00
2022/04/06 12.35 13.25 12.35 13.05 7768256 103555832.00
2022/04/07 13.06 13.31 12.48 12.68 4428596 59538608.00
2022/04/08 12.50 12.78 12.50 12.62 2556819 33900980.00
2022/04/11 12.57 12.61 11.87 12.07 2519400 32520928.00
2022/04/12 12.02 12.30 11.83 12.24 2470519 31407860.00
2022/04/13 12.21 12.36 11.97 12.20 1639853 20989832.00
2022/04/14 12.12 12.38 12.08 12.27 2148097 27671076.00
2022/04/15 12.22 12.22 11.87 11.95 2145449 27034872.00
2022/04/18 11.99 12.09 11.52 12.05 1457300 18280262.00
2022/04/19 12.14 12.36 11.96 12.10 1646000 21006800.00
2022/04/20 12.10 12.26 11.91 12.07 1668176 21285956.00
2022/04/21 11.92 12.13 11.53 11.53 1984735 24581314.00
2022/04/22 11.43 11.64 11.27 11.45 1481800 17872970.00
2022/04/25 11.37 11.37 10.24 10.24 2663200 30002958.00
2022/04/26 10.24 10.34 9.48 9.54 3335010 35178668.00
2022/04/27 9.54 9.93 9.14 9.86 3645649 36950664.00
2022/04/28 9.93 10.12 9.70 9.92 2353400 24807336.00
2022/04/29 10.12 10.32 9.87 10.25 1889036 20339652.00
2022/05/05 10.25 10.95 10.17 10.75 2045336 23095230.00
2022/05/06 10.41 10.74 10.37 10.58 1526015 17092368.00
2022/05/09 10.81 10.97 10.60 10.87 1412900 15860416.00
2022/05/10 10.67 10.99 10.66 10.91 1595700 17941962.00
2022/05/11 10.97 11.50 10.91 11.14 2371723 27673648.00
2022/05/12 11.12 11.29 10.94 11.23 1246600 14446501.00
2022/05/13 11.23 11.43 11.06 11.39 1400590 16338925.00
2022/05/16 11.37 11.74 11.37 11.54 1969800 23661174.00
2022/05/17 11.54 11.69 11.39 11.48 1041844 12382800.00
2022/05/18 11.52 11.83 11.40 11.78 1820300 22082872.00
2022/05/19 11.71 11.83 11.39 11.82 1441716 17353850.00
2022/05/20 11.89 12.17 11.72 12.15 2046515 25418972.00
2022/05/23 12.18 12.97 12.13 12.96 4478942 58329100.00
2022/05/24 12.83 12.83 11.74 11.83 5512003 69613208.00
2022/05/25 11.79 12.37 11.75 12.17 2541012 31861376.00
2022/05/26 12.17 12.28 11.89 12.11 2125135 26609722.00
2022/05/27 12.11 12.31 11.83 11.95 1698547 21151506.00
2022/05/30 11.99 12.05 11.77 11.94 1037500 12766852.00
2022/05/31 11.94 11.96 11.60 11.88 1309900 15977806.00
2022/06/01 11.81 12.16 11.78 12.07 1185017 14739457.00
2022/06/02 11.97 12.42 11.84 12.42 1992543 25119160.00
2022/06/06 12.41 13.70 12.41 13.70 9715100 134521456.00
2022/06/07 13.79 13.79 12.69 12.91 11863049 158832000.00
2022/06/08 12.79 12.93 12.30 12.70 5669887 73917368.00
2022/06/09 12.62 12.69 12.31 12.34 3170988 40680980.00
2022/06/10 12.15 12.96 12.15 12.85 4542300 59662036.00
2022/06/13 12.63 13.33 12.63 13.33 5500130 74143408.00
2022/06/14 13.10 13.94 13.06 13.86 9388000 131679832.00
2022/06/15 14.19 15.29 14.00 15.29 21124072 325509376.00
2022/06/16 14.39 15.58 14.36 14.88 14130716 217457232.00
2022/06/17 15.26 16.04 14.79 14.99 13666554 215491856.00
2022/06/20 15.02 16.53 14.54 16.53 17147149 275174848.00
2022/06/21 16.04 18.22 16.04 18.22 15185115 265303200.00
2022/06/22 17.69 19.78 17.67 18.34 14179229 273114784.00
2022/06/23 18.34 19.97 17.80 19.51 12906981 250045104.00
2022/06/24 19.64 19.85 18.43 18.64 10514541 205055040.00
2022/06/27 18.62 18.97 17.34 17.55 11844735 215628384.00
2022/06/28 17.59 18.02 16.95 17.78 8736774 156871632.00
2022/06/29 17.69 17.69 15.96 15.96 8989164 150552320.00
2022/06/30 15.60 15.82 15.42 15.66 6098238 97854528.00
2022/07/01 16.39 16.39 14.44 15.32 8022970 124540984.00
2022/07/04 15.39 15.95 15.03 15.76 5233129 83418040.00
2022/07/05 15.77 16.08 15.34 15.47 4605619 74064096.00
2022/07/06 15.48 15.94 14.99 15.29 4827272 76428200.00
2022/07/07 15.50 16.19 15.05 16.14 6150709 99856800.00
2022/07/08 16.09 16.34 15.24 15.30 5037435 80695784.00
2022/07/11 15.32 15.58 14.83 14.98 4812395 74814496.00
2022/07/12 15.07 15.07 14.48 14.68 4254800 64336280.00
2022/07/13 14.50 14.98 14.50 14.95 2344800 35708400.00
2022/07/14 14.81 15.32 14.75 15.10 2460999 38152464.00
2022/07/15 15.15 15.18 14.60 14.60 3330314 50553012.00
2022/07/18 14.60 15.56 14.58 15.41 4718336 73433896.00
2022/07/19 15.42 16.06 15.30 15.49 4276986 68688672.00
2022/07/20 15.49 15.51 15.05 15.10 4045906 63152464.00
2022/07/21 15.10 15.15 14.59 14.74 4022971 61282776.00
2022/07/22 14.81 15.00 14.49 14.86 3369752 51170844.00
2022/07/25 14.66 15.03 14.04 14.20 4817913 71283152.00
2022/07/26 14.21 14.68 13.94 14.65 4225748 62348636.00
2022/07/27 14.89 14.98 14.44 14.90 3157700 48028444.00
2022/07/28 15.00 15.78 15.00 15.65 5989073 95214840.00
2022/07/29 15.54 16.09 15.45 15.83 4957293 80334224.00
2022/08/01 16.34 16.34 15.60 15.72 4535703 73772808.00
2022/08/02 15.67 15.72 14.66 14.84 4313674 66728428.00
2022/08/03 14.99 15.39 14.47 14.60 3318100 50794084.00
2022/08/04 14.69 14.95 14.39 14.78 2672800 40163320.00
2022/08/05 14.88 15.09 14.54 14.75 2218620 33624516.00
2022/08/08 14.71 15.64 14.52 15.62 3893563 61008188.00
2022/08/09 15.79 16.19 15.51 16.17 5411800 88547584.00
2022/08/10 16.25 16.29 15.62 15.71 5315600 86395360.00
2022/08/11 15.82 15.89 15.56 15.59 3832764 61585472.00
2022/08/12 15.79 16.19 15.64 15.70 5435464 88603064.00
2022/08/15 15.69 15.87 15.35 15.57 3018273 48083308.00
2022/08/16 15.60 15.99 15.50 15.93 3554500 57763128.00
2022/08/17 15.94 15.94 15.46 15.84 4401300 70871896.00
2022/08/18 15.68 16.22 15.64 16.20 4910784 80542944.00
2022/08/19 16.34 17.10 16.12 16.57 7579400 129560440.00
2022/08/22 16.33 16.47 15.64 16.09 4818646 79141936.00
2022/08/23 16.04 16.04 15.60 15.81 3353301 54194556.00
2022/08/24 15.59 15.59 14.27 14.34 6269621 95053080.00
2022/08/25 14.34 14.65 13.70 13.87 4009075 57522252.00
2022/08/26 13.88 14.75 13.88 14.33 2866474 42384268.00
2022/08/29 14.27 14.27 13.85 14.10 1977636 28627742.00
2022/08/30 14.00 14.32 13.81 13.90 1989100 28607644.00
2022/08/31 13.94 14.03 13.14 13.15 3483114 48260424.00
2022/09/01 13.24 13.52 13.08 13.13 1458000 19964136.00
2022/09/02 13.18 13.32 12.91 13.13 1697600 22984082.00
2022/09/05 13.13 14.29 13.00 14.26 4920190 70786384.00
2022/09/06 14.40 15.73 14.30 15.73 8252397 130009920.00
2022/09/07 15.46 16.17 15.36 15.82 8683533 141654432.00
2022/09/08 15.97 16.52 15.49 16.17 7149456 117576288.00
2022/09/09 16.67 16.71 15.49 15.73 4310100 69853024.00
2022/09/13 15.83 16.37 15.83 16.11 3265600 53713736.00
2022/09/14 15.89 16.14 15.47 15.69 2976483 48038628.00
2022/09/15 15.84 15.87 14.69 14.98 3408723 52693524.00
2022/09/16 15.02 15.09 14.48 14.67 2350290 35543868.00
2022/09/19 14.59 15.04 14.49 14.69 2456791 37222340.00
2022/09/20 14.88 15.44 14.62 15.28 3411915 52565172.00
2022/09/21 15.29 15.48 14.77 15.21 3663197 57161568.00
2022/09/22 15.04 15.34 14.98 15.04 1760239 27338600.00
2022/09/23 15.04 15.43 14.69 14.80 2477768 38139612.00
2022/09/26 14.79 14.79 14.09 14.30 2454000 36432924.00
2022/09/27 14.40 14.75 14.04 14.18 1902800 27845684.00
2022/09/28 14.21 14.21 13.44 13.55 1985000 27968276.00
2022/09/29 13.70 13.70 13.19 13.26 1940900 26708062.00
2022/09/30 13.27 13.53 12.99 13.00 1395126 18999592.00
2022/10/10 12.99 13.16 12.60 12.81 1601472 21294114.00
2022/10/11 13.07 13.07 12.61 13.07 1129600 15036997.00
2022/10/12 12.99 13.24 12.47 13.19 2193973 29172448.00
2022/10/13 13.14 13.44 13.07 13.31 1704099 23376630.00
2022/10/14 13.33 13.87 13.33 13.80 1805800 25428532.00
2022/10/17 13.80 14.02 13.60 13.90 1717823 24472402.00
2022/10/18 13.89 14.19 13.75 13.96 1486301 21336974.00
2022/10/19 13.83 14.16 13.82 14.02 1391984 20100310.00
2022/10/20 14.02 14.02 13.63 13.70 1815188 25723096.00
2022/10/21 13.69 14.09 13.61 13.75 1256625 17902052.00
2022/10/24 13.69 13.69 13.24 13.25 1903600 26405646.00
2022/10/25 13.49 13.49 12.79 13.33 1924000 25960468.00
2022/10/26 13.39 13.56 13.19 13.49 1564600 21568480.00
2022/10/27 13.69 14.12 13.50 13.79 2222675 31849930.00
2022/10/28 13.79 13.94 12.90 13.07 2138507 29394686.00
2022/10/31 13.19 13.26 12.96 13.09 1239200 16775144.00
2022/11/01 13.30 13.38 13.01 13.37 1320500 17980324.00
2022/11/02 13.40 13.64 13.20 13.56 1398800 19458044.00
2022/11/03 13.59 13.59 13.35 13.48 1435375 19916178.00
2022/11/04 13.48 14.20 13.40 14.03 2431200 34882976.00
2022/11/07 14.11 14.49 14.03 14.14 1957026 28618112.00
2022/11/08 14.05 14.38 13.98 14.29 1851222 27062910.00
2022/11/09 14.34 14.49 14.19 14.33 1327176 19593132.00
2022/11/10 14.33 14.76 14.33 14.59 2470800 37050376.00
2022/11/11 14.78 15.07 14.39 14.43 2207000 33105254.00
2022/11/14 14.45 14.63 14.19 14.43 1609732 23850130.00
2022/11/15 14.42 14.68 14.38 14.59 1141890 17074652.00
2022/11/16 14.97 14.97 14.53 14.70 1515790 22872012.00
2022/11/17 14.59 14.81 14.47 14.53 1133300 17030094.00
2022/11/18 14.53 14.79 14.37 14.40 1021000 15255902.00
2022/11/21 14.29 14.60 14.06 14.54 1585765 23475042.00
2022/11/22 14.54 14.62 14.28 14.41 1387200 20601202.00
2022/11/23 14.29 14.43 14.09 14.18 1104300 16174081.00
2022/11/24 14.33 14.48 14.13 14.24 761850 11156496.00
2022/11/25 14.22 14.34 13.85 14.03 1247156 18059120.00
2022/11/28 13.87 14.08 13.54 13.84 1299322 18448388.00
2022/11/29 14.03 14.49 13.80 14.19 1653323 24013246.00
2022/11/30 14.17 14.34 13.97 14.09 1167800 16977276.00
2022/12/01 14.10 14.41 14.09 14.20 1006900 14770370.00
2022/12/02 14.14 14.39 14.05 14.20 947676 13830551.00
2022/12/05 14.24 14.24 14.03 14.16 991500 14413751.00
2022/12/06 14.15 14.17 13.80 13.97 1393400 20081352.00
2022/12/07 13.97 14.18 13.87 14.01 932358 13455081.00
2022/12/08 13.97 14.97 13.93 14.64 4113650 61654860.00
2022/12/09 14.57 14.73 14.16 14.38 2419500 35836324.00
2022/12/12 14.24 14.50 14.12 14.19 1320255 19378284.00
2022/12/13 14.23 14.24 13.84 13.93 1173555 16960864.00
2022/12/14 13.98 14.08 13.59 13.72 1143721 16226781.00
2022/12/15 13.63 13.98 13.61 13.76 894325 12641136.00
2022/12/16 13.66 14.11 13.59 13.96 1574400 22548532.00
2022/12/19 13.96 14.15 13.29 13.38 1610300 22567104.00
2022/12/20 13.15 13.49 13.03 13.22 807468 11015769.00
2022/12/21 13.25 13.32 12.87 12.96 1001800 13438495.00
2022/12/22 13.08 13.21 12.39 12.43 1486155 19376558.00
2022/12/23 12.47 12.65 12.33 12.54 1217475 15702019.00
2022/12/26 12.54 12.87 12.43 12.77 1049963 13810919.00
2022/12/27 12.87 13.16 12.61 13.12 1522325 20402348.00
2022/12/28 13.12 13.44 12.96 13.30 1459675 19929900.00
2022/12/29 13.30 13.54 13.15 13.22 965800 13227962.00
2022/12/30 13.16 13.21 12.92 12.94 779800 10469874.00
2023/01/03 12.95 13.22 12.70 13.17 929000 12452300.00
2023/01/04 14.53 14.53 13.79 14.53 4003462 59149216.00
2023/01/05 14.77 14.77 13.90 14.49 6634000 97660840.00
2023/01/06 14.50 14.86 14.40 14.51 3605659 54107328.00
2023/01/09 14.60 14.84 14.45 14.68 2459302 37168412.00
2023/01/10 14.84 14.97 14.64 14.94 2254199 34350448.00
2023/01/11 14.89 15.33 14.85 14.86 2217600 34371392.00
2023/01/12 14.83 15.27 14.83 14.94 2506000 38710760.00
2023/01/13 14.96 15.37 14.94 15.15 2430700 37803240.00
2023/01/16 15.13 15.64 15.13 15.42 2324300 36825908.00
2023/01/17 15.42 15.44 14.99 15.08 1826000 28566076.00
2023/01/18 15.21 15.44 14.99 15.41 1927600 30296608.00
2023/01/19 15.40 15.58 15.19 15.52 1710100 27027470.00
2023/01/20 15.59 15.63 15.31 15.39 1630000 25819472.00
2023/01/30 15.55 16.37 15.49 16.06 4963700 81709328.00
2023/01/31 15.66 16.45 15.49 16.22 4397793 72508832.00
2023/02/01 16.39 16.58 16.20 16.54 3160100 53246544.00
2023/02/02 16.59 16.91 16.34 16.76 2610835 44617964.00
2023/02/03 16.81 17.57 16.64 17.40 3544832 62213368.00
2023/02/06 17.39 17.74 17.12 17.23 2611100 46280364.00
2023/02/07 17.34 18.42 17.34 18.04 3046346 55887684.00
2023/02/08 18.14 18.24 17.79 18.06 2000700 36923996.00
2023/02/09 17.85 18.18 17.58 17.73 2890390 52629940.00
2023/02/10 17.67 17.81 17.34 17.52 1880000 33734408.00
2023/02/13 17.51 17.69 17.29 17.57 1558299 27857952.00
2023/02/14 17.68 17.72 17.36 17.38 1183326 21200730.00
2023/02/15 17.37 17.54 16.67 16.89 3012000 52472928.00
2023/02/16 17.04 17.04 15.87 16.07 3835323 64370736.00
2023/02/17 16.07 16.40 15.99 16.04 1745121 28930812.00
2023/02/20 16.19 16.81 16.04 16.60 2475700 41922992.00
2023/02/21 16.67 16.93 16.48 16.64 1964500 33616952.00
2023/02/22 16.63 16.79 16.21 16.43 1944034 32687278.00
2023/02/23 16.63 16.87 16.34 16.57 2474518 42193236.00
2023/02/24 16.50 16.77 16.25 16.67 1802600 30528680.00
2023/02/27 16.67 16.86 16.41 16.56 1445700 24638254.00
2023/02/28 16.56 17.09 16.45 16.95 1827200 31433592.00
2023/03/01 16.94 17.16 16.70 16.75 1948000 33719156.00
2023/03/02 16.75 16.89 16.29 16.30 1573200 26590756.00
2023/03/03 16.34 16.49 16.15 16.21 1067500 17808368.00
2023/03/06 16.26 16.27 15.84 15.95 1606766 26350108.00
2023/03/07 16.10 16.25 15.74 15.98 1900546 31148914.00
2023/03/08 15.98 16.06 15.70 15.91 1215200 19775794.00
2023/03/09 15.96 16.35 15.73 16.29 1605846 26403460.00
2023/03/10 16.09 16.55 15.92 16.25 2495636 41497248.00
2023/03/13 16.24 16.50 16.00 16.29 1918365 31941336.00
2023/03/14 16.26 16.41 15.69 15.90 1411200 23092936.00
2023/03/15 15.99 17.09 15.89 17.03 3670316 62941780.00
2023/03/16 16.95 17.77 16.81 17.49 5270400 93850848.00
2023/03/17 17.49 17.73 17.11 17.27 3977600 70863464.00
2023/03/20 17.53 17.58 16.82 17.44 3685500 65076752.00
2023/03/21 17.44 17.58 17.11 17.49 1907300 33992712.00
2023/03/22 17.54 17.78 17.39 17.53 1932200 34767136.00
2023/03/23 17.53 17.69 17.27 17.39 1907700 34120188.00
2023/03/24 17.47 17.59 17.34 17.39 1454046 25939702.00
2023/03/27 17.43 18.07 17.21 17.81 3533800 64005452.00
2023/03/28 17.81 18.05 17.50 17.80 2449300 44478788.00
2023/03/29 17.84 17.84 17.14 17.39 2527200 45167432.00
2023/03/30 17.50 17.50 16.81 17.12 1318020 23037268.00
2023/03/31 17.14 17.73 16.99 17.16 1732700 30717728.00
2023/04/03 17.12 17.20 16.70 16.74 1668400 28834180.00
2023/04/04 16.84 16.84 16.27 16.32 1993300 33547342.00
2023/04/06 16.25 16.57 15.60 16.54 3457953 56993200.00
2023/04/07 16.55 17.99 16.55 17.89 5882588 104574784.00
2023/04/10 17.88 17.88 17.06 17.52 5024894 89509296.00
2023/04/11 17.51 17.52 16.33 16.58 4630700 79560272.00
2023/04/12 16.61 16.68 16.01 16.11 2688653 44712588.00
2023/04/13 15.99 16.23 15.63 15.85 3105257 50255904.00
2023/04/14 15.79 15.79 15.21 15.23 2985024 47313236.00
2023/04/17 15.23 15.49 15.09 15.41 1626225 25632758.00
2023/04/18 15.39 15.47 15.19 15.44 1442900 22690780.00
2023/04/19 15.44 17.03 15.40 17.03 6592128 111794256.00
2023/04/20 17.07 17.40 16.37 16.80 5015722 85875920.00
2023/04/21 16.54 16.74 16.02 16.13 2857945 47973544.00
2023/04/24 15.99 16.19 15.43 15.91 2327624 37785716.00
2023/04/25 15.84 15.89 15.14 15.49 1980175 31318674.00
2023/04/26 15.74 16.26 14.41 15.93 3779226 59932424.00
2023/04/27 15.79 16.38 15.62 16.14 2590178 42811560.00
2023/04/28 16.19 16.41 15.87 16.06 2560899 42238148.00
2023/05/04 16.05 16.18 15.40 15.59 2001288 32307830.00
2023/05/05 15.59 15.82 15.22 15.70 2081217 33070040.00
2023/05/08 15.83 16.14 15.62 16.04 2182558 35550540.00
2023/05/09 16.03 16.47 15.87 15.92 2531397 41986308.00
2023/05/10 15.94 16.99 15.79 16.84 3535491 59925852.00
2023/05/11 16.84 17.15 16.34 16.58 4031550 69029824.00
2023/05/12 16.53 16.53 15.55 15.60 2827666 46062828.00
2023/05/15 15.46 15.78 15.36 15.73 1050906 16843848.00
2023/05/16 15.98 15.98 15.47 15.63 1225266 19553262.00
2023/05/17 15.63 15.74 15.52 15.70 1076550 17288498.00
2023/05/18 15.73 16.04 15.63 15.76 1127310 18324588.00
2023/05/19 16.07 16.07 15.49 15.86 765809 12363199.00
2023/05/22 15.95 16.21 15.68 15.92 1301300 21305908.00
2023/05/23 15.84 16.08 15.61 15.79 1252775 20372432.00
2023/05/24 15.83 16.05 15.64 15.87 822405 13408123.00
2023/05/25 15.89 15.99 15.53 15.61 1251771 20150994.00
2023/05/26 15.71 16.02 15.33 15.99 1220096 19728120.00
2023/05/29 16.08 16.19 15.80 15.93 932389 15266633.00
2023/05/30 15.97 16.07 15.64 15.73 1443398 23384052.00
2023/05/31 15.74 15.87 15.47 15.60 952800 15269428.00
2023/06/01 15.73 15.77 15.49 15.58 1045100 16778956.00
2023/06/02 15.64 16.08 15.56 15.95 1413567 22957774.00
2023/06/05 16.19 16.19 15.81 15.91 1038447 16985280.00
2023/06/06 15.90 16.09 15.70 15.78 941317 15342691.00
2023/06/07 15.75 15.98 15.68 15.77 582190 9420329.00
2023/06/08 15.76 15.95 15.70 15.77 752000 12204449.00
2023/06/09 15.80 16.12 15.63 15.81 1000600 16269418.00
2023/06/12 15.81 16.18 15.71 16.09 1330859 21892646.00
2023/06/13 16.19 16.25 15.87 16.09 788117 13001691.00
2023/06/14 16.09 16.44 15.95 16.32 1511800 25234908.00
2023/06/15 16.32 16.62 16.23 16.52 1360600 22997578.00
2023/06/16 16.52 16.78 16.48 16.59 1183200 20148024.00
2023/06/19 16.59 16.96 16.44 16.76 1363400 23424446.00
2023/06/20 16.78 16.97 16.59 16.72 1477000 25392692.00
2023/06/21 16.88 16.88 16.60 16.62 1068105 18272710.00
2023/06/26 16.58 16.78 16.20 16.31 1435888 24207314.00
2023/06/27 16.49 16.73 16.28 16.49 1150331 19465902.00
2023/06/28 16.49 16.72 16.33 16.69 1587564 26899334.00
2023/06/29 16.69 16.87 16.53 16.69 1725397 29545184.00
2023/06/30 16.69 16.89 16.60 16.68 856498 14692451.00
2023/07/03 16.68 17.04 16.68 16.79 1283198 22132936.00
2023/07/04 16.92 16.94 16.60 16.82 864900 14873674.00
2023/07/05 16.87 18.54 16.79 18.22 11738867 219380000.00
2023/07/06 17.66 17.98 17.03 17.44 9219655 163734096.00
2023/07/07 17.27 17.46 17.06 17.23 2885467 50908448.00
2023/07/10 17.27 17.30 17.00 17.09 2207327 38784596.00
2023/07/11 17.10 17.29 16.62 17.06 2405891 41691468.00
2023/07/12 17.04 17.32 16.83 17.13 2685911 47010496.00
2023/07/13 17.10 17.67 16.94 17.47 4176450 74272280.00
2023/07/14 17.57 18.27 17.39 17.92 4885473 89586712.00
2023/07/17 17.87 18.06 17.61 17.79 2864600 52119716.00
2023/07/18 17.67 18.14 17.61 17.95 2377400 43620964.00
2023/07/19 18.12 18.22 17.80 17.98 2631035 48402928.00
2023/07/20 18.01 18.26 17.80 17.89 2257900 41529380.00
2023/07/21 17.79 18.02 17.69 17.75 1640772 29924236.00
2023/07/24 17.66 18.09 17.51 18.01 1872500 34289960.00
2023/07/25 18.22 18.44 18.03 18.14 1773700 32962512.00
2023/07/26 18.15 18.24 17.89 18.07 1055637 19505764.00
2023/07/27 18.19 18.36 17.96 18.10 1532397 28438404.00
2023/07/28 18.11 18.19 17.77 18.00 1192500 21977456.00
2023/07/31 18.05 18.35 17.90 18.03 1546938 28630774.00
2023/08/01 18.09 18.22 17.87 18.12 1501300 27683908.00
2023/08/02 18.12 18.24 17.94 18.19 1148600 21263720.00
2023/08/03 18.17 18.19 17.69 18.16 1421500 26215474.00
2023/08/04 18.21 18.24 17.92 18.13 1367100 25253382.00
2023/08/07 18.00 18.03 17.62 17.76 1164150 21184362.00
2023/08/08 17.89 17.89 17.56 17.79 1011700 18352436.00
2023/08/09 17.81 17.92 17.50 17.58 1019200 18435496.00
2023/08/10 17.54 17.74 17.50 17.59 1105400 19934740.00
2023/08/11 17.68 17.75 17.38 17.46 1215600 21841940.00
2023/08/14 17.47 17.85 17.06 17.47 2003621 35725044.00
2023/08/15 17.54 17.75 17.30 17.49 1686600 30265590.00
2023/08/16 17.49 18.44 17.40 17.93 2978571 54891732.00
2023/08/17 17.89 18.09 17.43 18.00 2071600 37913104.00
2023/08/18 17.89 18.28 17.82 17.99 1721500 31757232.00
2023/08/21 18.00 18.19 17.48 17.49 1540650 28024962.00
2023/08/22 17.49 17.86 17.08 17.34 2616147 46667868.00
2023/08/23 17.41 17.59 17.17 17.23 1712500 30403740.00
2023/08/24 17.35 17.57 16.99 17.08 1617400 28518898.00
2023/08/25 17.04 17.14 16.63 16.68 1516800 26184606.00
2023/08/28 17.39 17.39 15.87 15.99 3578128 60386544.00
2023/08/29 15.99 16.81 15.75 16.72 3587900 60572860.00
2023/08/30 16.84 17.18 16.59 16.83 2014489 34758164.00
2023/08/31 16.79 17.02 16.62 16.77 1323934 22755768.00
2023/09/01 16.89 17.04 16.58 16.87 1824200 31456012.00
2023/09/04 16.87 17.52 16.74 17.47 2909000 51485436.00
2023/09/05 17.56 17.85 17.28 17.54 2124900 38201236.00
2023/09/06 17.59 17.68 17.31 17.60 1344300 24098574.00
2023/09/07 17.59 17.67 17.33 17.44 1292800 23121524.00
2023/09/08 17.44 17.53 17.25 17.32 1475600 26211248.00
2023/09/11 17.32 18.01 17.11 17.88 3065500 55450016.00
2023/09/12 17.88 18.34 17.75 18.17 3138600 58123340.00
2023/09/13 18.17 18.20 17.91 18.10 1800500 33215338.00
2023/09/14 17.99 18.31 17.86 18.18 2793700 51863728.00
2023/09/15 18.18 18.34 17.91 18.04 1555500 28716742.00
2023/09/18 18.00 18.94 17.85 18.81 4688100 89091416.00
2023/09/19 18.84 19.09 18.35 18.47 3164000 60081296.00
2023/09/20 18.34 18.66 18.16 18.41 2696892 50833728.00
2023/09/21 18.30 18.62 18.24 18.40 1991862 37472032.00
2023/09/22 18.21 18.61 18.21 18.49 2768944 52179976.00
2023/09/25 18.34 18.67 18.19 18.44 3131628 58878188.00
2023/09/26 18.30 18.57 18.12 18.31 3389204 63437612.00
2023/09/27 18.19 18.48 18.09 18.18 2538830 47473072.00
2023/09/28 18.18 18.40 18.13 18.36 2246400 41927764.00
2023/10/09 18.34 18.50 18.04 18.48 2705300 50671844.00
2023/10/10 18.53 18.57 18.27 18.47 2277109 42823264.00
2023/10/11 18.48 18.52 18.11 18.24 1793500 33483180.00
2023/10/12 18.77 18.77 18.04 18.44 4119500 77516936.00
2023/10/13 18.41 18.50 18.19 18.40 2450350 45997428.00
2023/10/16 18.49 18.64 18.20 18.51 3472800 65332656.00
2023/10/17 18.46 18.70 18.21 18.52 1925000 36294548.00
2023/10/18 18.50 18.57 18.33 18.39 1465735 27596834.00
2023/10/19 18.46 18.46 18.09 18.28 1102231 20599138.00
2023/10/20 18.21 18.38 17.95 18.16 1791958 33230196.00
2023/10/23 18.16 18.32 17.89 18.21 1843400 34240792.00
2023/10/24 18.24 18.33 18.06 18.22 1388700 25863236.00
2023/10/25 18.23 18.82 18.23 18.73 2376709 45063528.00
2023/10/26 18.61 19.05 18.49 18.97 2170987 41743556.00
2023/10/27 18.82 19.58 18.80 19.46 2232752 43955132.00
2023/10/30 19.57 19.88 18.48 18.66 5711014 110371848.00
2023/10/31 18.59 20.57 18.56 20.11 10055210 206594208.00
2023/11/01 19.39 20.09 19.18 19.80 5758278 115949376.00
2023/11/02 19.79 19.89 19.39 19.58 3312080 66313700.00
2023/11/03 19.69 20.21 19.39 20.07 4455365 90478464.00
2023/11/06 20.19 21.01 19.90 20.91 8148874 169328880.00
2023/11/07 23.04 23.04 23.04 23.04 2823151 66202892.00
2023/11/08 25.39 25.39 25.39 25.39 990471 25554152.00
2023/11/09 27.97 27.97 27.97 27.97 7107339 201706288.00
2023/11/10 29.11 30.81 29.09 30.81 12913806 398490432.00
2023/11/13 32.83 33.93 32.43 33.93 9336748 316192480.00
2023/11/14 37.36 37.36 36.79 37.36 5628691 212497232.00
2023/11/15 38.07 38.07 33.58 35.19 26917048 950575168.00
2023/11/16 35.33 36.22 31.63 31.63 18435886 620628672.00
2023/11/17 28.43 30.55 28.43 28.49 28168264 820032896.00
2023/11/20 27.59 30.91 27.39 30.00 28570440 840776384.00
2023/11/21 29.69 30.29 27.40 28.11 27486655 800846208.00
2023/11/22 27.89 27.90 25.67 25.88 30297344 816370112.00
2023/11/23 25.45 25.71 24.85 25.68 18009149 461859072.00
2023/11/24 25.39 25.85 25.17 25.24 13629183 351418080.00
2023/11/27 23.34 25.07 23.34 24.83 17700265 436456000.00
2023/11/28 24.53 25.32 24.42 24.60 12045269 303930592.00
2023/11/29 24.70 24.79 24.29 24.36 8054200 200640848.00
2023/11/30 24.38 24.49 23.69 24.23 9632547 235179360.00
2023/12/01 24.25 24.81 23.97 24.74 12176973 304021376.00
2023/12/04 24.99 25.35 24.64 24.66 17104324 433900416.00
2023/12/05 24.49 24.78 24.00 24.06 10073079 249643680.00
2023/12/06 23.87 24.74 23.75 24.61 9398603 233656832.00
2023/12/07 24.38 25.05 24.11 24.75 11154525 278596512.00
2023/12/08 24.86 25.44 24.60 25.18 16872484 429518880.00
2023/12/11 25.19 25.24 23.79 24.52 12259815 306713120.00
2023/12/12 24.09 24.39 23.41 23.84 12948074 312916480.00
2023/12/13 23.82 24.18 23.52 23.91 7462136 181110144.00
2023/12/14 23.79 24.09 23.36 23.36 6722141 161290592.00
2023/12/15 23.39 23.59 22.83 22.86 8529814 200291584.00
2023/12/18 22.87 23.10 22.74 22.90 4869936 113760760.00
2023/12/19 22.90 22.97 22.61 22.77 4150539 96269656.00
2023/12/20 22.87 22.91 22.40 22.43 4254485 98190792.00
2023/12/21 22.32 22.81 22.15 22.73 4988159 114330928.00
2023/12/22 22.76 23.10 22.60 22.83 5125488 119218536.00
2023/12/25 22.90 22.91 22.29 22.79 4699310 107977160.00
2023/12/26 22.79 22.87 22.25 22.33 3598189 82183000.00
2023/12/27 22.32 22.96 22.32 22.95 5466662 126565896.00
2023/12/28 23.08 23.35 22.34 23.16 8253171 193042272.00
2023/12/29 23.11 23.54 22.96 23.46 8093771 192665152.00
2024/01/02 23.47 24.09 23.01 23.28 10307581 245493712.00
2024/01/03 23.15 23.59 22.79 22.97 6649342 156234096.00
2024/01/04 22.76 23.41 22.75 23.32 6295713 148489856.00
2024/01/05 23.20 23.49 22.53 22.66 5677549 132769720.00
2024/01/08 22.66 22.82 22.15 22.25 3972788 90785552.00
2024/01/09 22.39 22.59 22.09 22.38 3518007 80131008.00
2024/01/10 22.43 22.43 21.89 21.89 3056047 68728928.00
2024/01/11 21.94 22.59 21.84 22.42 4551084 102804352.00
2024/01/12 22.31 23.35 22.18 22.18 8254690 191510624.00
2024/01/15 22.02 22.30 21.63 22.20 3963743 88817216.00
2024/01/16 22.18 22.19 21.59 22.00 3912352 87083608.00
2024/01/17 21.94 22.08 21.31 21.31 3105655 68475904.00
2024/01/18 21.06 21.55 20.61 21.49 5955842 127269976.00
2024/01/19 21.77 21.79 21.05 21.06 3883726 84637048.00
2024/01/22 21.22 21.24 19.35 19.69 5300145 109281080.00
2024/01/23 19.42 20.10 19.31 20.04 3963101 80004080.00
2024/01/24 19.94 20.33 19.26 19.96 3947153 79748312.00
2024/01/25 19.99 20.51 19.84 20.44 3105075 64202168.00
2024/01/26 20.66 20.79 20.25 20.39 2962107 61817348.00
2024/01/29 20.53 20.53 19.49 19.58 2795346 56538260.00
2024/01/30 19.37 19.83 18.87 18.99 2784267 55171416.00
2024/01/31 18.92 19.19 18.08 18.24 4741282 90043488.00
2024/02/01 18.19 18.45 17.59 17.89 4406937 81035280.00
2024/02/02 17.90 18.26 16.10 16.75 4730558 83038064.00
2024/02/05 16.58 16.90 15.03 15.03 7015311 110634528.00
2024/02/06 13.93 15.68 13.49 14.86 8528882 126373944.00
2024/02/07 15.09 15.09 13.33 13.52 10148257 147545808.00
2024/02/08 13.64 14.91 12.54 14.91 10276525 148303744.00
2024/02/19 15.59 16.44 15.08 16.44 8785269 140653488.00
2024/02/20 16.39 16.59 15.29 16.31 7337459 121677360.00
2024/02/21 16.06 17.19 15.91 16.66 8568600 147666976.00
2024/02/22 16.79 17.10 16.36 17.08 6689670 115544760.00
2024/02/23 17.23 17.89 16.85 17.84 8832352 157767776.00
2024/02/26 17.66 18.79 17.52 18.32 7928780 147760016.00
2024/02/27 17.96 19.78 17.74 19.58 11607782 226045008.00
2024/02/28 19.89 20.39 17.70 17.94 18389680 360612864.00
2024/02/29 17.78 18.64 17.70 18.60 10353894 194531568.00
2024/03/01 18.47 18.63 18.09 18.38 8293133 155641408.00
2024/03/04 18.39 18.46 17.81 18.32 5208933 97048040.00
2024/03/05 18.15 19.09 17.94 18.61 9968337 189678544.00
2024/03/06 18.28 18.81 18.10 18.50 5636500 106156688.00
2024/03/07 18.58 18.94 18.32 18.45 6164039 117451904.00
2024/03/08 18.32 18.51 18.19 18.38 4050375 75898560.00
2024/03/11 18.52 18.85 18.41 18.76 5404469 103224680.00
2024/03/12 18.76 19.25 18.64 19.05 6880303 133513296.00
2024/03/13 19.02 19.34 18.89 19.26 6190900 121170840.00
2024/03/14 19.34 19.57 18.69 19.06 6051382 118039776.00
2024/03/15 18.79 19.52 18.71 19.49 6970172 137334320.00
2024/03/18 19.59 20.38 19.49 20.37 10027449 204878928.00
2024/03/19 20.27 20.27 19.52 19.59 10543369 213439600.00
2024/03/20 19.56 19.79 19.39 19.79 5522496 110518352.00
2024/03/21 19.54 19.96 19.46 19.60 5009100 100625736.00
2024/03/22 19.53 19.75 19.19 19.32 4290222 85171968.00
2024/03/25 19.09 19.77 19.00 19.04 4571357 90773736.00
2024/03/26 18.97 19.57 18.91 19.37 4793700 94416608.00
2024/03/27 19.41 19.47 18.31 18.37 3941769 76052176.00
2024/03/28 18.07 18.95 18.02 18.54 3957600 75580128.00
2024/03/29 18.59 19.13 18.54 19.13 3511500 67827520.00
2024/04/01 19.20 20.76 19.18 20.67 14683989 302222048.00
2024/04/02 21.05 21.08 20.09 20.19 16597588 347225856.00
2024/04/03 19.99 20.56 19.60 20.40 10430300 214193872.00
2024/04/08 20.39 20.39 19.09 19.10 8780817 175968912.00
2024/04/09 18.98 20.27 18.98 19.90 7484966 150933488.00
2024/04/10 19.66 20.02 18.61 18.86 6836900 133270192.00
2024/04/11 18.63 19.23 18.31 18.89 5180105 100267456.00
2024/04/12 19.10 19.22 18.37 18.38 4035500 77104440.00
2024/04/15 18.52 18.97 16.99 17.36 6944880 124621944.00
2024/04/16 17.05 17.39 15.98 16.10 6508399 109151104.00
2024/04/17 17.75 17.75 17.75 17.75 1214700 22058952.00
2024/04/18 18.58 18.63 17.93 18.09 11231692 209814784.00
2024/04/19 17.83 18.40 17.38 17.43 7188445 131108984.00
2024/04/22 17.09 17.39 16.76 17.00 4178500 72888736.00
2024/04/23 16.98 17.17 16.83 17.05 3676400 64097884.00
2024/04/24 16.96 17.99 16.95 17.82 5366700 96281344.00
2024/04/25 17.63 18.70 17.54 18.47 6751011 126503744.00
2024/04/26 18.47 19.85 18.12 19.52 11429947 225551504.00
2024/04/29 19.99 20.21 19.52 19.58 15447500 310647392.00
2024/04/30 19.47 19.52 18.90 18.91 7293278 142431056.00
2024/05/06 19.11 19.25 18.99 19.21 4179600 81696048.00
2024/05/07 19.06 19.24 18.99 19.13 3669400 71750448.00
2024/05/08 19.00 19.05 18.69 18.75 3253600 62611276.00
2024/05/09 18.87 19.17 18.59 19.01 2972600 57785312.00
2024/05/10 19.00 19.21 18.71 18.80 2824800 54391476.00
2024/05/13 18.67 18.67 18.10 18.14 2979960 55579648.00
2024/05/14 18.15 18.52 18.15 18.45 2298300 43195504.00
2024/05/15 18.30 18.51 18.10 18.10 2171400 40501400.00
2024/05/16 18.11 18.54 18.11 18.24 2400100 45007252.00
2024/05/17 18.34 18.51 18.10 18.51 2636500 49374888.00
2024/05/20 18.52 18.87 18.52 18.78 3340300 63959328.00
2024/05/21 18.86 19.02 18.31 18.37 3560400 67540864.00
2024/05/22 18.36 18.51 18.09 18.20 2804600 52251384.00
2024/05/23 18.08 18.09 17.52 17.60 3144599 57049020.00
2024/05/24 17.74 17.74 17.39 17.40 1800700 32314146.00
2024/05/27 17.55 17.55 17.01 17.51 2083400 36783048.00
2024/05/28 17.44 17.68 17.32 17.32 1944300 34795692.00
2024/05/29 17.40 17.78 17.21 17.63 2621872 47237860.00
2024/05/30 17.54 17.79 17.36 17.38 2401099 43142132.00
2024/05/31 17.38 17.54 17.34 17.42 1877300 33514992.00
2024/06/03 17.48 17.48 16.80 16.99 2262530 39500808.00
2024/06/04 16.78 16.90 16.46 16.70 2537499 43216524.00
2024/06/05 16.65 16.67 16.15 16.15 2159766 36252640.00
2024/06/06 16.25 16.44 15.19 15.37 4529702 72771352.00
2024/06/07 15.56 16.12 15.44 15.81 3190300 51870940.00
2024/06/11 15.69 16.26 15.41 16.23 3011722 49273980.00
2024/06/12 16.28 16.34 16.09 16.24 1874984 31216786.00
2024/06/13 16.24 16.37 16.12 16.15 1977400 32953448.00
2024/06/14 16.15 16.25 15.85 16.16 1831400 30201580.00
2024/06/17 15.93 16.19 15.86 15.90 1811800 29661510.00
2024/06/18 15.89 16.17 15.81 16.12 1411900 23250420.00
2024/06/19 16.12 16.30 15.95 16.01 1643000 27176644.00
2024/06/20 16.05 16.11 15.52 15.53 2194933 35566496.00
2024/06/21 15.60 15.69 15.24 15.38 2495030 39681856.00
2024/06/24 15.32 15.59 14.60 14.67 2570022 39300700.00
2024/06/25 14.91 15.02 14.64 14.81 1996300 30443792.00
2024/06/26 14.79 15.49 14.69 15.47 2091477 32516886.00
2024/06/27 15.53 15.57 14.97 15.01 1792010 28133118.00
2024/06/28 15.07 15.29 14.86 14.94 2060377 31946320.00
2024/07/01 14.94 15.32 14.83 15.25 2047822 31711562.00
2024/07/02 15.30 15.38 15.15 15.23 1638400 25683544.00
2024/07/03 15.28 15.33 15.14 15.21 1521100 23780714.00
2024/07/04 15.17 15.33 14.72 14.78 2047300 31452338.00
2024/07/05 14.70 15.06 14.50 15.04 1800000 27377020.00
2024/07/08 15.04 15.08 14.45 14.56 1842500 27806728.00
2024/07/09 14.57 14.84 14.17 14.79 2386700 35722656.00
2024/07/10 15.47 15.51 14.90 15.03 4929856 77170576.00
2024/07/11 15.29 15.64 15.26 15.58 4633700 73662520.00
2024/07/12 15.71 15.71 15.47 15.58 2667236 42635100.00
2024/07/15 15.57 15.60 15.24 15.29 2356306 37286284.00
2024/07/16 15.32 15.36 14.77 14.97 2513000 38682704.00
2024/07/17 15.04 15.04 14.46 14.48 2704949 40609172.00
2024/07/18 14.46 14.46 13.99 14.32 2160719 31557724.00
2024/07/19 14.41 14.41 13.98 14.11 3036200 44180796.00
2024/07/22 14.08 14.37 13.94 14.20 3820829 55610440.00
2024/07/23 14.19 14.54 13.79 13.81 3853365 56159424.00
2024/07/24 13.75 14.46 13.50 13.99 4401000 62854384.00
2024/07/25 13.77 14.27 13.32 13.98 4701474 66938708.00
2024/07/26 13.98 14.27 13.90 14.25 2602252 37951348.00
2024/07/29 14.32 14.33 14.09 14.13 1715263 25021920.00
2024/07/30 14.12 14.19 13.84 14.15 1753563 25352220.00
2024/07/31 14.19 14.94 14.07 14.79 4509019 67779712.00
2024/08/01 14.85 14.97 14.63 14.69 1962401 29801970.00
2024/08/02 14.64 14.68 14.29 14.41 2034629 30302488.00
2024/08/05 14.35 14.57 13.86 13.92 2617200 38223896.00
2024/08/06 14.01 14.26 13.99 14.24 1639000 23824168.00
2024/08/07 14.32 14.34 14.17 14.30 1261722 18505770.00
2024/08/08 14.18 14.29 13.92 14.16 1589400 23045480.00
2024/08/09 14.16 14.31 14.05 14.05 1164926 16994608.00
2024/08/12 14.09 14.12 13.84 13.93 1165500 16753433.00
2024/08/13 13.83 14.02 13.77 14.01 891300 12766870.00
2024/08/14 14.11 14.11 13.79 13.79 1048900 14998623.00
2024/08/15 13.79 14.02 13.55 13.90 1539378 21953892.00
2024/08/16 13.90 14.05 13.82 13.94 900600 12916071.00
2024/08/19 14.03 14.22 13.94 14.06 1959300 28374228.00
2024/08/20 14.06 14.11 13.18 13.40 4423320 61491344.00
2024/08/21 13.46 13.77 13.42 13.64 2315020 32512162.00
2024/08/22 13.65 13.72 13.31 13.32 1395000 19353274.00
2024/08/23 13.36 13.40 13.11 13.30 1085234 14835664.00
2024/08/26 13.27 13.69 13.15 13.59 1614633 22544138.00
2024/08/27 13.54 13.63 13.34 13.36 1017000 14104525.00
2024/08/28 13.25 13.55 13.25 13.41 1010900 13973003.00
2024/08/29 13.34 13.83 13.22 13.76 1665627 23403414.00
2024/08/30 13.76 14.23 13.69 14.03 2112800 30506210.00
2024/09/02 14.04 14.14 13.63 13.64 1561030 22254182.00
2024/09/03 13.70 13.89 13.57 13.70 1160100 16374349.00
2024/09/04 13.70 13.71 13.50 13.55 1373100 19220056.00
2024/09/05 13.52 13.69 13.52 13.62 905000 12683188.00
2024/09/06 13.70 13.71 13.32 13.32 1647600 22921792.00
2024/09/09 13.44 13.44 13.19 13.29 1424049 19515814.00
2024/09/10 13.47 13.47 12.99 13.19 1741954 23595794.00
2024/09/11 13.11 13.26 13.08 13.19 918000 12453152.00
2024/09/12 13.19 13.34 13.00 13.01 1043681 14167996.00
2024/09/13 13.01 13.14 12.69 12.72 1506000 19958444.00
2024/09/18 12.69 12.89 12.33 12.62 1378100 17815740.00
2024/09/19 12.84 13.16 12.70 13.07 2174912 29103332.00
2024/09/20 13.07 13.25 12.94 13.14 1615200 21824508.00
2024/09/23 13.21 13.32 13.06 13.21 1058300 14411122.00
2024/09/24 13.34 13.77 13.29 13.77 2290944 31370186.00
2024/09/25 13.88 14.20 13.85 13.88 2932900 41595480.00
2024/09/26 13.85 14.27 13.80 14.26 2691327 38262116.00
2024/09/27 14.43 15.10 14.35 14.94 4732300 70627464.00
2024/09/30 15.34 16.34 15.08 16.21 8518690 135675856.00
2024/10/08 17.84 17.84 16.21 16.89 9417935 160768672.00
2024/10/09 16.53 16.53 15.56 15.56 6343980 102877088.00
2024/10/10 15.71 15.98 15.39 15.59 4052713 64218972.00
2024/10/11 15.53 15.57 14.84 15.00 3171100 48576432.00
2024/10/14 15.02 15.48 14.97 15.33 2970700 45863524.00
2024/10/15 15.32 15.45 14.97 15.01 2753600 42355040.00
2024/10/16 14.84 15.28 14.81 15.04 1840000 27951116.00
2024/10/17 15.22 16.56 15.06 16.56 7992373 129926800.00
2024/10/18 16.78 17.13 16.16 17.09 18354382 310753152.00
2024/10/21 16.99 18.00 16.78 17.32 15371786 269736832.00
2024/10/22 17.49 18.23 17.44 17.74 12579567 225807344.00
2024/10/23 17.62 18.71 17.62 18.26 11214094 206546544.00
2024/10/24 18.29 19.24 18.02 18.95 11289675 212357248.00
2024/10/25 18.84 19.04 18.17 18.50 10511531 196118624.00
2024/10/28 18.32 20.34 18.20 19.93 14037706 277245696.00
2024/10/29 19.69 20.21 19.34 19.63 8886306 176600176.00
2024/10/30 19.45 20.29 19.45 20.14 7723800 155158304.00
2024/10/31 20.11 20.72 19.86 19.99 7201100 145939936.00
2024/11/01 19.92 19.92 18.64 18.74 10027443 192917392.00
2024/11/04 18.72 19.98 18.52 19.84 8110560 158375296.00
2024/11/05 19.84 20.82 19.80 20.73 8090168 166172576.00
2024/11/06 20.92 21.28 20.20 20.56 9857380 206620352.00
2024/11/07 20.57 22.63 20.34 22.63 8113384 178817056.00
2024/11/08 23.82 23.82 22.25 22.54 16167743 371805472.00
2024/11/11 22.54 23.65 21.42 21.81 15916859 364226528.00
2024/11/12 21.12 21.60 20.03 20.69 14186606 295985856.00
2024/11/13 20.69 21.02 20.04 20.76 7163735 149137440.00
2024/11/14 20.33 21.75 20.33 20.84 10116600 215601632.00
2024/11/15 20.85 21.40 20.04 20.06 6802500 142150624.00
2024/11/18 20.14 20.18 18.84 19.19 8225100 159456256.00
2024/11/19 19.10 19.66 18.91 19.49 4350526 84656888.00
2024/11/20 19.59 19.90 19.40 19.64 4741995 93602024.00
2024/11/21 19.70 19.94 18.96 19.32 4383563 85949256.00
2024/11/22 19.30 21.27 19.07 20.26 18198100 378455136.00
2024/11/25 20.27 20.44 19.44 19.89 10802939 216908928.00
2024/11/26 19.79 21.90 19.79 21.04 15409509 332519264.00
2024/11/27 21.00 21.34 20.34 21.14 10932015 229231280.00
2024/11/28 21.07 21.12 20.06 20.32 7609995 156629600.00
2024/11/29 20.30 20.92 19.92 20.81 6079800 125395176.00
2024/12/02 20.81 22.05 20.73 21.54 8669113 187786560.00
2024/12/03 21.76 22.57 21.07 22.23 11178382 246237152.00
2024/12/04 22.22 22.61 21.74 22.33 7238313 161517456.00
2024/12/05 22.33 22.62 21.84 22.34 6093913 136575744.00
2024/12/06 22.30 23.57 21.85 23.42 9279513 211531184.00
2024/12/09 22.85 23.76 22.35 22.52 9920875 229131664.00
2024/12/10 22.99 23.01 20.99 21.13 12896937 281839168.00
2024/12/11 21.04 21.04 19.94 20.15 10515938 214353168.00
2024/12/12 20.24 20.43 20.03 20.27 5613200 114515120.00
2024/12/13 20.27 21.58 20.15 21.13 9591986 202652064.00
2024/12/16 21.04 21.07 20.24 20.57 5759755 119577392.00
2024/12/17 20.62 20.62 19.69 19.82 3971458 80056248.00
2024/12/18 19.85 21.52 19.84 20.77 9212635 193354656.00
2024/12/19 20.78 20.86 20.16 20.63 4712200 97613960.00
2024/12/20 20.78 21.34 20.68 21.29 5436400 115180824.00
2024/12/23 21.61 22.05 20.94 21.30 7273766 157283616.00
2024/12/24 21.19 21.84 20.94 21.49 5471501 118088800.00
2024/12/25 21.34 21.73 21.11 21.62 4810707 104086440.00
2024/12/26 21.64 22.02 21.39 21.84 4229558 92651128.00
2024/12/27 21.84 22.53 21.56 21.62 6321778 140885824.00
2024/12/30 21.20 21.53 20.49 20.71 4931600 103672160.00
2024/12/31 20.77 21.43 20.60 21.01 4610091 97771856.00
2025/01/02 21.02 21.96 20.94 21.18 4977060 107191280.00
2025/01/03 21.45 22.04 19.84 19.84 4779256 100750888.00
2025/01/06 19.87 20.72 19.75 20.10 4071434 82971736.00
2025/01/07 20.16 20.73 19.70 20.70 4163700 84580064.00
2025/01/08 20.67 20.79 19.94 20.53 2806200 57687008.00
2025/01/09 20.30 21.42 20.30 21.23 4631076 98014872.00
2025/01/10 21.03 21.94 20.74 20.76 4487500 96374512.00
2025/01/13 20.21 20.64 20.14 20.37 2305286 47233780.00
2025/01/14 20.33 20.96 20.26 20.68 3828621 79816008.00
2025/01/15 20.69 21.17 20.29 20.64 3174921 66129608.00
2025/01/16 20.72 21.42 20.34 20.48 5174900 108796280.00
2025/01/17 20.54 20.63 20.09 20.16 2684400 54871328.00
2025/01/20 20.46 20.50 19.98 20.15 3084432 62736820.00
2025/01/21 20.28 20.44 19.84 20.28 3134900 63590104.00
2025/01/22 20.15 20.46 19.99 20.19 2633394 53648100.00
2025/01/23 20.58 21.14 20.33 20.61 6127834 128127400.00
2025/01/24 20.61 20.85 20.16 20.74 4205500 87144400.00
2025/01/27 20.84 21.22 20.78 20.84 3686200 77911856.00
2025/02/05 20.84 21.06 20.54 20.76 2850756 59642728.00
2025/02/06 20.70 21.20 20.47 20.81 5094467 106617136.00
2025/02/07 20.84 20.94 20.29 20.54 8682946 180859280.00
2025/02/10 20.52 22.28 20.22 21.55 11721906 251092624.00
2025/02/11 21.40 21.72 21.06 21.52 8504913 183227312.00
2025/02/12 21.52 21.86 21.16 21.80 6240634 135783904.00
2025/02/13 21.80 22.07 21.52 21.55 5655404 123962448.00
2025/02/14 21.45 21.74 21.34 21.51 3289700 71248544.00
2025/02/17 21.34 23.06 21.32 23.03 11868567 267831840.00
2025/02/18 23.23 23.63 22.76 22.82 10144956 235862832.00
2025/02/19 22.81 23.47 22.60 23.42 7151856 165980320.00
2025/02/20 23.42 23.66 23.15 23.49 4390905 103547552.00
2025/02/21 23.50 24.21 23.49 23.64 8179078 195687168.00
2025/02/24 23.64 24.11 22.74 23.02 6676830 157289392.00
2025/02/25 22.82 23.50 22.70 22.98 5157000 119871112.00
2025/02/26 22.97 23.13 22.44 22.76 4722324 108399376.00
2025/02/27 22.74 22.88 21.59 22.13 4999900 111582680.00
2025/02/28 22.12 22.12 21.54 21.55 3356836 73467656.00
2025/03/03 21.66 22.31 21.54 21.73 3433502 75661760.00
2025/03/04 21.64 22.57 21.55 22.28 4002247 89297792.00
2025/03/05 22.36 23.07 22.29 23.04 5691600 130343936.00
2025/03/06 23.32 24.34 23.31 23.51 8449666 202481968.00
2025/03/07 23.64 23.77 23.14 23.32 6538030 154161456.00
2025/03/10 23.42 23.69 22.84 23.42 5017600 117284936.00
2025/03/11 23.27 24.02 23.10 23.81 5406537 128592872.00
2025/03/12 23.81 23.97 23.44 23.57 4088500 97233848.00
2025/03/13 23.57 23.77 22.81 23.12 3777400 87851728.00
2025/03/14 23.13 23.38 22.84 23.04 3836012 89123440.00
2025/03/17 23.05 25.36 23.05 25.36 12248636 300513312.00
2025/03/18 25.36 25.75 24.94 25.16 15872639 403848352.00
2025/03/19 25.26 25.38 23.88 24.70 10706374 264601840.00
2025/03/20 24.77 25.02 24.34 24.72 7038101 175251280.00
2025/03/21 25.03 25.30 24.14 24.33 7078028 175400112.00
2025/03/24 24.11 24.84 23.93 24.54 6630104 162911664.00
2025/03/25 24.59 24.84 24.07 24.22 5289171 130015472.00
2025/03/26 24.03 24.61 23.74 24.11 4148079 101135240.00
2025/03/27 23.87 25.34 23.44 24.94 9472478 234043744.00
2025/03/28 24.94 25.29 23.71 23.84 7402680 182965184.00
2025/03/31 23.64 24.04 23.02 23.76 5433538 128769976.00
2025/04/01 23.81 23.97 23.40 23.47 3130561 74573600.00
2025/04/02 23.59 24.01 23.49 23.84 3339571 80022688.00
2025/04/03 23.48 24.29 23.39 23.95 3707886 89221288.00
2025/04/07 21.82 22.48 21.54 21.54 5001017 109110536.00
2025/04/08 21.20 23.64 19.42 22.67 10517270 222282944.00
2025/04/09 22.22 23.39 21.39 23.09 6690274 152402448.00
2025/04/10 23.34 25.34 23.34 24.99 11574974 285905440.00
2025/04/11 25.15 26.22 24.85 25.67 9923003 254022352.00
2025/04/14 25.59 26.84 25.56 26.14 8189566 215838144.00
2025/04/15 25.76 26.24 25.54 25.74 4112211 106833984.00
2025/04/16 25.74 25.92 25.24 25.83 4164014 107542936.00
2025/04/17 25.62 26.12 25.29 25.44 4216646 108879784.00
2025/04/18 25.33 25.61 24.84 25.23 2850187 72423128.00
2025/04/21 25.33 26.82 25.15 26.53 6811167 180360256.00
2025/04/22 26.52 27.34 26.24 26.74 7432144 201035040.00
2025/04/23 26.84 27.99 26.52 27.72 7757143 211846480.00
2025/04/24 27.72 28.17 27.37 27.96 6748265 188758624.00
2025/04/25 27.84 27.98 27.36 27.63 5043549 140522880.00
2025/04/28 27.40 27.57 26.69 27.02 5450836 147946416.00
2025/04/29 27.04 27.80 26.85 27.35 3226373 88753040.00
2025/04/30 27.36 28.00 27.14 27.72 4123222 114729344.00
2025/05/06 27.64 29.64 27.34 29.61 7717474 223094032.00
2025/05/07 29.75 31.44 29.44 31.14 8893448 270584608.00
2025/05/08 31.15 33.47 30.85 33.09 10584185 345150112.00
2025/05/09 32.84 33.39 32.24 33.09 6871836 226898704.00
2025/05/12 33.12 34.84 32.04 34.61 8085728 274509760.00
2025/05/13 34.65 37.05 34.65 36.31 11467924 415352672.00
2025/05/14 36.04 36.18 33.84 34.74 10453578 364669024.00
2025/05/15 34.64 35.28 33.94 34.74 6516287 227681856.00
2025/05/16 35.22 36.72 34.25 36.39 7586350 270333184.00
2025/05/19 36.44 36.83 34.89 36.48 5772791 208700576.00
2025/05/20 36.48 37.61 36.04 37.04 5140241 190328320.00
2025/05/21 37.03 38.32 36.34 37.75 6850162 257596704.00
2025/05/22 37.84 38.57 36.45 36.99 6499796 243166144.00
2025/05/23 36.94 37.46 36.33 36.62 4612430 170801584.00
2025/05/26 36.62 37.99 35.74 37.88 6068594 222697536.00
2025/05/27 38.13 38.30 36.73 37.39 6528018 244501680.00
2025/05/28 37.00 38.40 36.84 38.00 5256724 197879776.00
2025/05/29 38.31 38.32 36.31 37.24 7111237 266145440.00
2025/05/30 37.00 37.47 35.80 36.48 6056493 221590352.00
2025/06/03 37.05 40.13 36.48 39.83 13015928 505006976.00
2025/06/04 39.64 41.50 39.50 39.82 8964604 360595904.00
2025/06/05 40.57 40.92 39.51 39.95 3823512 152443328.00
2025/06/06 39.60 40.30 38.88 39.76 3472965 138007680.00
2025/06/09 39.90 40.20 38.53 38.75 5074352 199498480.00
2025/06/10 38.98 39.20 37.40 37.66 4706863 178245536.00
2025/06/11 37.28 38.57 36.45 36.61 6553433 244494112.00
2025/06/12 36.61 37.85 36.61 37.43 3599337 134124024.00
2025/06/13 37.00 37.33 35.87 36.52 5321962 193890496.00
2025/06/16 36.52 37.40 36.20 36.65 3565279 131151536.00
2025/06/17 36.74 39.50 36.74 38.05 5690864 218679136.00
2025/06/18 38.01 38.58 37.33 38.26 3256973 123317352.00
2025/06/19 38.00 38.41 36.74 37.01 3915638 146495808.00
2025/06/20 37.00 37.37 36.08 36.41 3220044 117877520.00
2025/06/23 36.08 36.50 35.60 36.30 3795739 136679296.00
2025/06/24 36.86 37.25 36.25 36.74 2411900 88939024.00
2025/06/25 36.88 38.35 36.81 37.68 4312008 162758640.00
2025/06/26 37.68 38.02 36.96 37.06 3027125 113277592.00
2025/06/27 37.37 38.00 36.90 37.18 3078321 115279768.00
2025/06/30 37.18 38.11 36.95 38.00 3979121 149599088.00
2025/07/01 38.00 41.63 37.54 41.10 7996700 317839776.00
2025/07/02 41.80 41.84 40.22 40.30 5307002 217325584.00
2025/07/03 40.43 41.19 39.59 40.72 4569903 183829712.00
2025/07/04 40.85 41.41 40.22 40.33 2813976 114211968.00
2025/07/07 40.51 41.90 40.08 41.05 4035130 165360912.00
2025/07/08 41.05 42.56 40.71 42.30 5541540 232617984.00
2025/07/09 42.50 43.98 41.81 43.00 4699267 202526064.00
2025/07/10 43.02 44.20 41.69 41.73 4775925 202618800.00
2025/07/11 41.70 42.70 41.63 42.04 2913700 122793176.00
2025/07/14 42.04 43.12 41.53 42.89 2640122 112267816.00
2025/07/15 43.50 46.28 43.00 45.81 7777048 350351232.00
2025/07/16 46.24 46.90 45.50 46.40 8198677 379316416.00
2025/07/17 46.02 48.85 45.69 48.71 8143696 387427904.00
2025/07/18 48.70 48.70 47.10 47.73 5198491 248419824.00
2025/07/21 47.90 49.00 46.80 48.89 5556727 265722416.00
2025/07/22 48.41 49.07 47.46 48.18 5445635 262445840.00
2025/07/23 47.65 48.15 47.08 47.60 4069057 193359024.00
2025/07/24 47.66 48.00 46.69 47.01 3689760 173911888.00
2025/07/25 47.02 48.20 47.02 47.54 2838117 135272528.00
2025/07/28 47.80 47.99 47.15 47.58 2278968 108352920.00
2025/07/29 47.55 47.64 45.22 46.52 6982404 322127264.00
2025/07/30 46.34 46.52 44.00 44.84 5599825 253680336.00
2025/07/31 44.50 45.98 44.50 44.94 3353755 151842352.00
2025/08/01 45.05 45.20 44.03 44.08 2395423 106508000.00
2025/08/04 43.81 45.21 43.81 44.59 3456347 154058912.00
2025/08/05 44.62 45.11 43.90 44.36 3434573 152559792.00
2025/08/06 44.36 46.25 44.01 45.73 6315000 285077760.00
2025/08/07 45.96 45.96 44.88 45.00 3533000 159746160.00
2025/08/08 44.93 45.20 44.36 44.42 2809540 125551248.00
2025/08/11 44.42 45.98 43.60 45.16 5678959 253640064.00
2025/08/12 45.01 45.16 44.34 44.50 2573542 114905048.00
2025/08/13 44.50 46.29 44.21 45.25 5030807 228814320.00
2025/08/14 45.69 47.80 44.80 46.27 6657600 308009440.00
2025/08/15 47.09 50.90 46.12 50.12 11548562 572334272.00
2025/08/18 52.00 52.88 48.13 50.10 9752685 489681888.00
2025/08/19 49.60 49.60 46.43 47.97 8028715 385696448.00
2025/08/20 47.78 48.30 47.00 47.29 3083473 146375584.00
2025/08/21 47.58 47.58 44.70 44.98 5428747 248703984.00
2025/08/22 44.99 45.80 44.92 45.33 3476400 157701936.00
2025/08/25 45.35 46.26 44.61 44.88 5004431 226105760.00
2025/08/26 45.48 46.46 43.89 44.69 5126770 229935392.00
2025/08/27 44.41 44.41 43.41 43.76 3873798 170339456.00
2025/08/28 43.87 44.17 41.30 44.01 7394715 314773248.00
2025/08/29 44.00 45.50 43.50 44.21 5849290 261171984.00
2025/09/01 44.44 45.44 44.01 44.20 3537755 157315824.00
2025/09/02 44.10 45.95 42.87 43.02 5945953 261845184.00
2025/09/03 43.80 43.84 42.58 42.96 3949000 170764128.00
2025/09/04 42.95 43.86 42.46 42.71 4243500 183170272.00
2025/09/05 42.64 43.50 42.64 43.00 3524605 151786176.00
2025/09/08 43.21 45.64 43.21 44.84 5634505 249684864.00
2025/09/09 45.29 45.93 44.15 45.01 4359211 195944992.00
2025/09/10 45.60 46.00 44.55 44.86 4121507 186525744.00
2025/09/11 44.67 47.35 44.04 46.98 9151479 422405568.00
2025/09/12 47.20 47.26 45.90 46.14 4729761 219541488.00
2025/09/15 46.30 46.35 43.50 43.58 6613200 292298272.00
2025/09/16 44.00 44.70 42.06 44.11 5528147 242860064.00
2025/09/17 44.11 44.94 43.50 43.53 4526640 198839296.00
2025/09/18 43.10 45.50 42.75 43.76 8702272 385211808.00
2025/09/19 43.80 43.96 43.05 43.45 3905653 169502992.00
2025/09/22 43.59 43.69 39.31 41.00 9168179 376681600.00
2025/09/23 40.82 41.61 40.16 40.73 4152511 169252080.00
2025/09/24 40.80 41.35 40.09 40.97 2991370 121942576.00
2025/09/25 41.17 41.50 40.42 40.47 4215506 171978864.00
2025/09/26 40.62 41.41 40.01 40.03 3891256 158193376.00
2025/09/29 40.35 41.23 39.91 40.68 3501834 142190272.00
2025/09/30 40.70 41.10 40.12 40.25 2791500 112855576.00
2025/10/09 40.80 44.28 40.23 44.28 6952400 302650208.00
2025/10/10 46.00 46.00 43.60 45.04 17283190 777140928.00
2025/10/13 42.99 44.80 42.47 42.89 8007862 345863488.00
2025/10/14 43.95 44.05 41.35 41.65 6814900 288853952.00
2025/10/15 41.03 42.06 41.03 41.84 4227264 175765792.00
2025/10/16 41.64 42.15 40.75 41.39 4439731 183886288.00
2025/10/17 41.71 41.71 39.61 39.74 3332951 134659184.00
2025/10/20 40.78 41.66 39.78 41.59 4940447 203207344.00
2025/10/21 41.30 41.98 41.30 41.70 2480983 103280696.00
2025/10/22 41.29 41.75 41.04 41.27 1787400 73774648.00
2025/10/23 40.86 41.28 40.00 40.28 2402897 96967024.00
2025/10/24 40.34 40.98 39.84 40.27 2878680 115596128.00
2025/10/27 40.94 40.94 39.88 40.41 2903700 117234040.00
2025/10/28 40.39 41.30 40.04 40.46 2904500 118134352.00
2025/10/29 40.47 41.92 40.12 40.33 3399055 138626272.00
2025/10/30 40.31 40.31 38.65 38.71 5000026 195835168.00
2025/10/31 38.95 39.38 38.60 39.15 2100605 82155984.00
2025/11/03 39.37 39.49 38.50 39.14 2992100 116581664.00
2025/11/04 39.33 39.33 38.03 38.16 2287700 88209824.00
2025/11/05 38.20 38.20 37.21 37.65 2183300 82089800.00
2025/11/06 37.57 41.42 37.56 41.42 9658116 389029248.00
2025/11/07 41.50 42.60 40.81 41.47 8235314 344560320.00
2025/11/10 41.50 41.70 40.65 41.10 4737770 194358864.00
2025/11/11 41.37 41.37 40.20 40.42 2452700 99707192.00
2025/11/12 40.40 40.44 39.18 39.29 2428000 96387696.00
2025/11/13 39.59 40.24 39.05 39.83 2322667 92262904.00
2025/11/14 39.44 40.03 38.91 38.95 2425600 95517104.00
2025/11/17 38.91 42.51 38.88 41.82 7272797 302490912.00
2025/11/18 41.68 42.79 41.03 41.25 4949870 205199024.00
2025/11/19 41.50 41.74 39.23 39.81 4443400 177220400.00
2025/11/20 39.81 40.29 38.92 39.11 2232500 87932264.00
2025/11/21 38.66 39.19 37.56 37.58 3120161 119060672.00
2025/11/24 37.65 38.00 36.52 36.60 2855418 105644608.00
2025/11/25 37.03 37.20 35.53 36.98 4786950 173624864.00
2025/11/26 36.79 39.36 36.40 38.52 4974374 191261936.00
2025/11/27 38.15 39.70 38.15 39.04 3433148 133929264.00
2025/11/28 38.74 39.06 38.10 38.72 1935833 74839392.00
2025/12/01 38.78 39.20 38.31 38.41 2369700 91696944.00
2025/12/02 38.41 39.04 38.10 38.79 2013264 77648672.00
2025/12/03 38.79 40.67 38.50 38.98 4805300 190749952.00
2025/12/04 38.98 39.00 38.00 38.60 1794600 69069000.00
2025/12/05 38.37 38.79 37.44 38.58 2598400 99127032.00
2025/12/08 38.58 40.05 38.49 39.85 3559800 140544128.00
2025/12/09 39.61 39.79 38.56 38.79 2588900 101218256.00
2025/12/10 38.57 40.00 37.86 39.41 3915300 154333088.00
2025/12/11 39.60 39.60 38.50 38.60 3787239 147100368.00
2025/12/12 39.20 39.20 38.52 38.79 2066470 80128528.00
2025/12/15 38.37 38.80 37.62 37.75 2446200 92918856.00
2025/12/16 37.86 37.86 36.36 36.85 2231900 82310456.00
2025/12/17 36.85 37.20 35.56 36.65 2670600 96722264.00
2025/12/18 36.40 37.08 36.05 36.52 1649300 60362336.00
2025/12/19 36.80 37.41 36.50 36.50 2043283 75236944.00
2025/12/22 36.70 37.80 36.52 37.30 2862877 106960704.00
2025/12/23 37.30 37.49 36.14 36.22 2469900 90527632.00
2025/12/24 36.70 37.60 36.08 36.75 2913600 107394736.00
2025/12/25 36.50 37.25 36.24 36.80 2615582 96434088.00
2025/12/26 37.00 37.10 36.37 36.72 1866080 68378184.00
2025/12/29 36.72 39.50 36.37 38.16 5603147 214233056.00
2025/12/30 37.91 38.13 37.30 37.74 2653541 100013696.00
2025/12/31 37.80 38.00 36.75 36.80 3373800 124847776.00
2026/01/05 36.86 37.04 36.21 36.94 3126500 114610400.00
2026/01/06 36.95 38.85 36.62 38.00 6831501 257710992.00
2026/01/07 37.99 39.39 37.70 39.08 5272200 204630464.00
2026/01/08 39.08 40.55 38.75 39.71 3950901 157111920.00
2026/01/09 39.47 40.88 39.37 40.33 3597487 144967296.00
2026/01/12 40.60 40.69 39.26 40.00 3550192 141758368.00
2026/01/13 39.88 40.50 39.38 39.63 3069300 122579736.00
2026/01/14 39.60 40.65 39.25 39.73 4853200 194142576.00
2026/01/15 39.71 40.29 39.25 39.52 2511500 99678480.00
2026/01/16 39.58 39.88 39.25 39.74 2401081 95034784.00
2026/01/19 39.89 40.02 38.60 39.02 3763900 147273232.00
2026/01/20 39.41 39.41 37.76 38.01 4215700 161060880.00
2026/01/21 37.82 38.25 37.59 37.88 2486532 94298736.00
2026/01/22 38.06 38.15 37.61 37.93 2305850 87327032.00
2026/01/23 38.28 39.18 37.53 38.60 3830500 147493744.00
2026/01/26 39.23 42.46 39.23 40.20 8984812 366665280.00
2026/01/27 40.00 40.68 38.85 40.27 5398700 214623632.00
2026/01/28 40.43 40.57 39.19 39.82 4543476 180594144.00
2026/01/29 39.82 40.51 39.30 39.97 5470560 218400832.00
2026/01/30 39.53 40.17 38.10 38.58 3577638 139302368.00
2026/02/02 38.17 38.96 36.60 36.73 4092100 154322240.00
2026/02/03 36.85 38.35 36.29 38.18 4213958 156867456.00
2026/02/04 38.08 40.00 37.81 38.27 5188500 202046720.00
2026/02/05 38.19 38.19 36.78 37.01 3162702 117701792.00
2026/02/06 36.94 37.37 36.35 36.90 2097833 77495208.00
2026/02/09 37.60 37.60 36.63 36.83 2452800 90394112.00
2026/02/10 36.71 36.85 36.08 36.18 2378300 86367648.00
2026/02/11 36.18 36.45 35.62 35.75 2183388 78533552.00
2026/02/12 35.75 35.93 35.00 35.01 2241835 79586776.00
2026/02/13 35.03 38.18 35.01 37.65 6711509 246812384.00
2026/02/24 37.60 37.60 36.04 36.18 4273450 156224240.00
2026/02/25 36.22 36.78 35.91 36.59 1888800 68829264.00
#Ъ§ОнРДдД:ЭЈДяаХ
