002546 аТСЊЕчзг ШеЯп ЧАИДШЈ
      ШеЦк	    ПЊХЬ	    зюИп	    зюЕЭ	    ЪеХЬ	    ГЩНЛСП	    ГЩНЛЖю
2021/08/02 3.20 3.37 3.19 3.36 13546580 51322796.00
2021/08/03 3.36 3.39 3.31 3.32 9094080 34814028.00
2021/08/04 3.32 3.36 3.31 3.34 5605180 21398100.00
2021/08/05 3.34 3.39 3.30 3.38 8709497 33389044.00
2021/08/06 3.38 3.45 3.35 3.37 8925200 34566960.00
2021/08/09 3.36 3.40 3.34 3.36 4696665 18088310.00
2021/08/10 3.37 3.44 3.36 3.40 4833400 18788490.00
2021/08/11 3.39 3.49 3.37 3.48 8899197 34981468.00
2021/08/12 3.48 3.53 3.45 3.51 8626834 34315888.00
2021/08/13 3.50 3.50 3.42 3.46 7806293 30687038.00
2021/08/16 3.45 3.49 3.44 3.45 4283320 16880544.00
2021/08/17 3.45 3.46 3.33 3.33 7530400 29109216.00
2021/08/18 3.32 3.43 3.31 3.41 5114400 19753960.00
2021/08/19 3.40 3.41 3.32 3.37 6407040 24644666.00
2021/08/20 3.37 3.38 3.30 3.38 4471800 17083776.00
2021/08/23 3.41 3.58 3.39 3.57 15619802 62657568.00
2021/08/24 3.58 3.63 3.54 3.58 13865203 56314664.00
2021/08/25 3.58 3.63 3.55 3.61 10431780 42540000.00
2021/08/26 3.62 3.70 3.57 3.65 12858240 53180864.00
2021/08/27 3.65 3.70 3.58 3.69 11076500 45630440.00
2021/08/30 3.69 3.70 3.59 3.61 10734992 44193920.00
2021/08/31 3.62 3.76 3.60 3.75 18489121 77554472.00
2021/09/01 3.77 3.79 3.65 3.67 11279219 47158336.00
2021/09/02 3.66 3.74 3.64 3.72 11089334 46267572.00
2021/09/03 3.71 3.87 3.70 3.76 15959539 68140120.00
2021/09/06 3.76 3.81 3.72 3.75 7839330 33160170.00
2021/09/07 3.75 3.82 3.74 3.80 8530280 36406688.00
2021/09/08 3.82 3.86 3.77 3.81 9837753 42179264.00
2021/09/09 3.81 3.82 3.74 3.77 9871958 41936244.00
2021/09/10 3.78 3.82 3.68 3.69 9651119 40760804.00
2021/09/13 3.69 3.78 3.68 3.76 10042039 42402628.00
2021/09/14 3.76 3.79 3.63 3.66 7865300 32905328.00
2021/09/15 3.66 3.76 3.66 3.73 9348591 39225232.00
2021/09/16 3.73 3.79 3.63 3.68 9466289 39743068.00
2021/09/17 3.67 3.70 3.55 3.61 10509782 42977580.00
2021/09/22 3.59 3.84 3.56 3.82 19390927 82200120.00
2021/09/23 3.84 3.92 3.78 3.80 13910838 60067384.00
2021/09/24 3.81 3.82 3.67 3.71 12326300 51967340.00
2021/09/27 3.72 3.78 3.43 3.49 15222948 61606376.00
2021/09/28 3.49 3.67 3.46 3.59 11430851 46084148.00
2021/09/29 3.57 3.86 3.53 3.76 28377106 120364816.00
2021/09/30 3.76 3.84 3.67 3.82 21916159 93002912.00
2021/10/08 3.85 3.97 3.81 3.97 27725846 122187400.00
2021/10/11 4.01 4.01 3.75 3.81 21370060 92089880.00
2021/10/12 3.79 3.89 3.72 3.80 17084932 73153416.00
2021/10/13 3.79 3.80 3.56 3.61 14925344 61398668.00
2021/10/14 3.64 4.02 3.62 4.02 50252690 222312864.00
2021/10/15 3.77 3.82 3.68 3.71 49807205 209871232.00
2021/10/18 3.67 4.13 3.64 4.04 49959393 221465552.00
2021/10/19 4.04 4.07 3.95 4.00 31472833 141171808.00
2021/10/20 4.00 4.11 3.91 3.92 25752850 114973048.00
2021/10/21 3.91 4.01 3.85 3.89 23851120 105183984.00
2021/10/22 3.89 3.93 3.73 3.77 25700258 109784968.00
2021/10/25 3.59 3.59 3.35 3.39 51863542 200903584.00
2021/10/26 3.33 3.38 3.24 3.26 29592600 111733808.00
2021/10/27 3.27 3.27 3.15 3.22 19647320 72542784.00
2021/10/28 3.20 3.25 3.15 3.25 14961375 55013544.00
2021/10/29 3.23 3.25 3.18 3.24 10977112 40595508.00
2021/11/01 3.23 3.30 3.18 3.29 15086405 56244624.00
2021/11/02 3.27 3.30 3.11 3.14 16919574 62057652.00
2021/11/03 3.13 3.17 3.12 3.16 7607907 27572948.00
2021/11/04 3.16 3.27 3.14 3.26 13277877 49177788.00
2021/11/05 3.25 3.26 3.18 3.18 8438774 31095654.00
2021/11/08 3.19 3.26 3.16 3.24 8284926 30618386.00
2021/11/09 3.24 3.27 3.21 3.25 7296423 27150096.00
2021/11/10 3.24 3.28 3.17 3.28 9836705 36548932.00
2021/11/11 3.27 3.31 3.26 3.30 8865910 33468644.00
2021/11/12 3.28 3.36 3.28 3.35 9403000 35789816.00
2021/11/15 3.35 3.40 3.32 3.38 10746821 41288992.00
2021/11/16 3.36 3.40 3.32 3.33 7902175 30324910.00
2021/11/17 3.33 3.46 3.32 3.45 17923481 69943800.00
2021/11/18 3.42 3.49 3.40 3.44 15550433 61236320.00
2021/11/19 3.43 3.51 3.41 3.49 9912961 39124988.00
2021/11/22 3.49 3.50 3.43 3.45 8933943 35228536.00
2021/11/23 3.45 3.51 3.42 3.47 9828603 38754544.00
2021/11/24 3.45 3.47 3.41 3.44 8927483 34961308.00
2021/11/25 3.44 3.50 3.40 3.46 12099800 47637560.00
2021/11/26 3.47 3.57 3.46 3.51 17215958 68872544.00
2021/11/29 3.47 3.48 3.42 3.44 12044400 47252332.00
2021/11/30 3.47 3.58 3.46 3.50 15018762 60173632.00
2021/12/01 3.48 3.58 3.48 3.56 10246214 41169644.00
2021/12/02 3.54 3.55 3.46 3.48 10680560 42543932.00
2021/12/03 3.48 3.52 3.45 3.48 8023746 31811716.00
2021/12/06 3.49 3.49 3.39 3.40 10133600 39690320.00
2021/12/07 3.41 3.44 3.31 3.36 11326416 43497332.00
2021/12/08 3.36 3.41 3.33 3.38 8624600 33276606.00
2021/12/09 3.38 3.45 3.36 3.45 10492100 40877752.00
2021/12/10 3.44 3.51 3.39 3.48 12954780 51091912.00
2021/12/13 3.50 3.50 3.44 3.48 15678003 61932236.00
2021/12/14 3.46 3.51 3.45 3.48 12968444 51350964.00
2021/12/15 3.48 3.69 3.46 3.56 25339382 102862016.00
2021/12/16 3.57 3.82 3.57 3.73 37750392 158481536.00
2021/12/17 3.70 3.78 3.66 3.74 23102420 97041144.00
2021/12/20 3.78 3.79 3.66 3.70 18303840 76717880.00
2021/12/21 3.69 3.83 3.67 3.79 20633201 87474848.00
2021/12/22 3.80 3.81 3.68 3.72 14446720 60726180.00
2021/12/23 3.72 3.74 3.66 3.66 11027600 45913576.00
2021/12/24 3.66 3.69 3.57 3.59 11809700 48342928.00
2021/12/27 3.59 3.67 3.58 3.64 8482260 34874228.00
2021/12/28 3.63 3.66 3.59 3.63 6735100 27619412.00
2021/12/29 3.63 3.70 3.59 3.67 9859906 40768484.00
2021/12/30 3.66 3.71 3.65 3.67 9481700 39456832.00
2021/12/31 3.68 3.76 3.65 3.72 10931420 45903336.00
2022/01/04 3.72 3.81 3.71 3.79 12784900 54330136.00
2022/01/05 3.77 3.79 3.68 3.72 14001720 58801992.00
2022/01/06 3.69 3.78 3.68 3.75 11193620 47351360.00
2022/01/07 3.75 3.77 3.67 3.68 11076260 46579140.00
2022/01/10 3.66 3.76 3.62 3.74 11054220 46415156.00
2022/01/11 3.74 3.80 3.74 3.75 10897272 46275364.00
2022/01/12 3.74 3.85 3.74 3.82 15378910 65876016.00
2022/01/13 3.82 3.84 3.76 3.78 10133021 43363584.00
2022/01/14 3.79 3.84 3.67 3.70 16347441 69089376.00
2022/01/17 3.72 3.84 3.70 3.81 15399451 65715868.00
2022/01/18 3.82 3.85 3.71 3.74 12408103 52574096.00
2022/01/19 3.72 3.78 3.70 3.75 9028360 38076728.00
2022/01/20 3.74 3.79 3.60 3.60 14426800 59788468.00
2022/01/21 3.60 3.68 3.58 3.64 9170762 37626820.00
2022/01/24 3.63 3.74 3.58 3.60 9076849 37417032.00
2022/01/25 3.59 3.59 3.34 3.36 14842900 58247836.00
2022/01/26 3.37 3.50 3.36 3.47 9508000 37142512.00
2022/01/27 3.47 3.47 3.35 3.35 10473053 40573968.00
2022/01/28 3.37 3.58 3.35 3.53 11991023 47589488.00
2022/02/07 3.55 3.63 3.51 3.60 9038826 36741688.00
2022/02/08 3.60 3.69 3.56 3.69 9650866 39836000.00
2022/02/09 3.69 3.70 3.64 3.68 7900100 32801404.00
2022/02/10 3.68 3.71 3.64 3.69 8714824 36173192.00
2022/02/11 3.68 3.68 3.59 3.61 7810660 32096054.00
2022/02/14 3.59 3.64 3.57 3.63 5328880 21847212.00
2022/02/15 3.63 3.66 3.54 3.58 6185600 25221596.00
2022/02/16 3.60 3.72 3.59 3.71 12153044 50574272.00
2022/02/17 3.73 3.81 3.70 3.74 19410735 82424376.00
2022/02/18 3.76 3.79 3.71 3.77 9625387 40772812.00
2022/02/21 3.77 3.89 3.74 3.85 15448135 66652048.00
2022/02/22 3.87 3.89 3.79 3.84 18939716 81763960.00
2022/02/23 3.81 3.87 3.78 3.81 11561735 49535480.00
2022/02/24 3.81 3.84 3.65 3.73 18536400 78444080.00
2022/02/25 3.79 3.86 3.77 3.83 13952140 59997892.00
2022/02/28 3.92 3.99 3.85 3.92 38256656 168275792.00
2022/03/01 4.01 4.36 3.98 4.36 30731563 144965488.00
2022/03/02 4.84 4.84 4.25 4.32 136493699 691165568.00
2022/03/03 4.29 4.80 4.20 4.80 156635530 793217280.00
2022/03/04 4.62 4.69 4.33 4.42 99432860 494260160.00
2022/03/07 4.39 4.72 4.37 4.40 72886001 364466944.00
2022/03/08 4.37 4.78 4.32 4.56 79805516 398650048.00
2022/03/09 4.52 4.63 4.17 4.43 77833880 381151616.00
2022/03/10 4.52 4.57 4.33 4.47 65317286 321896160.00
2022/03/11 4.37 4.54 4.20 4.54 47820159 231431920.00
2022/03/14 4.55 4.70 4.32 4.33 46154407 229495568.00
2022/03/15 4.33 4.46 4.06 4.08 44256316 210072720.00
2022/03/16 4.13 4.25 3.97 4.22 37157353 171496640.00
2022/03/17 4.22 4.31 4.02 4.16 40774735 189831856.00
2022/03/18 4.08 4.22 4.08 4.17 24794440 115216536.00
2022/03/21 4.20 4.23 4.05 4.12 22919080 105461632.00
2022/03/22 4.10 4.15 4.02 4.06 22213200 101164568.00
2022/03/23 4.07 4.20 4.02 4.12 26030139 119989712.00
2022/03/24 4.07 4.10 3.92 3.94 24471480 109443640.00
2022/03/25 3.99 4.10 3.97 3.99 18417300 83017728.00
2022/03/28 3.94 4.24 3.92 4.10 29235400 134029552.00
2022/03/29 4.15 4.21 4.06 4.13 21520003 98891416.00
2022/03/30 4.13 4.16 4.01 4.08 23950300 108723760.00
2022/03/31 4.08 4.14 4.05 4.11 19003600 84506176.00
2022/04/01 4.06 4.08 3.97 4.04 18546040 81140208.00
2022/04/06 4.05 4.16 4.03 4.12 21869815 97839320.00
2022/04/07 4.13 4.14 3.90 3.93 25702500 111462128.00
2022/04/08 3.92 3.94 3.80 3.89 15778600 66659524.00
2022/04/11 3.89 3.90 3.69 3.72 17309000 71680680.00
2022/04/12 3.71 3.81 3.70 3.80 14289889 58798104.00
2022/04/13 3.78 3.80 3.71 3.71 12269089 50506796.00
2022/04/14 3.75 3.80 3.72 3.74 14642109 60170468.00
2022/04/15 3.72 3.73 3.58 3.64 16766089 67242352.00
2022/04/18 3.61 3.67 3.56 3.64 8489600 33780872.00
2022/04/19 3.63 3.72 3.63 3.71 10192317 41237160.00
2022/04/20 3.71 3.76 3.65 3.67 11516300 46828528.00
2022/04/21 3.64 3.66 3.46 3.47 17222300 67099840.00
2022/04/22 3.47 3.51 3.39 3.45 11733203 44641484.00
2022/04/25 3.35 3.35 3.07 3.07 27695000 97432648.00
2022/04/26 3.00 3.03 2.82 2.85 27278068 89250720.00
2022/04/27 2.77 2.92 2.75 2.91 17168227 54754408.00
2022/04/28 2.88 2.94 2.81 2.85 11365980 36766448.00
2022/04/29 2.86 3.02 2.82 2.98 13304931 44270280.00
2022/05/05 2.95 3.06 2.95 3.01 11905506 40216268.00
2022/05/06 2.93 2.99 2.91 2.95 7685400 25442444.00
2022/05/09 2.95 3.05 2.95 3.02 7886794 26693576.00
2022/05/10 2.97 3.05 2.97 3.04 9399700 31738562.00
2022/05/11 3.05 3.11 2.97 2.98 13297000 45446392.00
2022/05/12 2.97 3.05 2.96 3.02 8532335 28698864.00
2022/05/13 3.04 3.07 2.99 3.06 8682323 29487376.00
2022/05/16 3.07 3.09 3.03 3.07 7844935 26860596.00
2022/05/17 3.09 3.09 3.01 3.04 7853011 26718662.00
2022/05/18 3.06 3.12 3.04 3.10 9755000 33665264.00
2022/05/19 3.06 3.13 3.04 3.12 8692895 30043450.00
2022/05/20 3.14 3.17 3.10 3.17 9942135 34802004.00
2022/05/23 3.18 3.22 3.14 3.22 7692170 27218512.00
2022/05/24 3.19 3.23 3.04 3.04 12372100 43232976.00
2022/05/25 3.05 3.14 3.04 3.13 9575800 33197384.00
2022/05/26 3.15 3.17 3.07 3.14 7952780 27735600.00
2022/05/27 3.19 3.19 3.07 3.11 8430120 29251180.00
2022/05/30 3.12 3.14 3.08 3.13 8126500 28233858.00
2022/05/31 3.16 3.19 3.09 3.18 11254691 39525472.00
2022/06/01 3.15 3.26 3.15 3.25 11969500 42872984.00
2022/06/02 3.24 3.28 3.19 3.27 7919300 28503198.00
2022/06/06 3.26 3.38 3.25 3.34 13813040 50788340.00
2022/06/07 3.34 3.34 3.24 3.29 11614340 42306008.00
2022/06/08 3.27 3.30 3.17 3.23 10142600 36415648.00
2022/06/09 3.29 3.36 3.23 3.30 25813897 94478168.00
2022/06/10 3.27 3.33 3.26 3.33 15224300 55787816.00
2022/06/13 3.27 3.33 3.24 3.27 11067400 40262668.00
2022/06/14 3.26 3.29 3.14 3.29 11033835 39445016.00
2022/06/15 3.29 3.33 3.25 3.27 13575040 49527568.00
2022/06/16 3.26 3.32 3.26 3.28 9090300 33122492.00
2022/06/17 3.27 3.32 3.25 3.30 8966200 32678188.00
2022/06/20 3.32 3.40 3.29 3.39 12742100 47488080.00
2022/06/21 3.40 3.40 3.28 3.33 10858000 40085180.00
2022/06/22 3.34 3.38 3.28 3.29 7329440 26929052.00
2022/06/23 3.29 3.41 3.28 3.41 12689363 47114200.00
2022/06/24 3.39 3.44 3.38 3.40 10391076 39130864.00
2022/06/27 3.40 3.43 3.37 3.40 7708140 28937330.00
2022/06/28 3.41 3.51 3.40 3.48 15559924 59669856.00
2022/06/29 3.48 3.51 3.39 3.40 12086240 46035840.00
2022/06/30 3.40 3.45 3.37 3.39 11223524 42237988.00
2022/07/01 3.39 3.43 3.36 3.38 8067003 30237222.00
2022/07/04 3.38 3.45 3.36 3.42 9022700 33992416.00
2022/07/05 3.43 3.48 3.33 3.39 10280303 38570844.00
2022/07/06 3.39 3.54 3.35 3.49 19777809 75281000.00
2022/07/07 3.50 3.58 3.43 3.57 24376609 94911192.00
2022/07/08 3.54 3.67 3.53 3.64 20955522 83611512.00
2022/07/11 3.66 3.72 3.60 3.66 16625200 66778512.00
2022/07/12 3.67 3.83 3.64 3.69 22982900 94066464.00
2022/07/13 3.71 3.81 3.65 3.80 24874200 102281216.00
2022/07/14 3.73 3.74 3.62 3.66 26754640 107600888.00
2022/07/15 3.67 3.75 3.60 3.60 20639373 82895896.00
2022/07/18 3.61 3.75 3.60 3.72 17965308 73099944.00
2022/07/19 3.72 3.78 3.68 3.73 14667680 59940768.00
2022/07/20 3.74 3.80 3.70 3.75 14008689 57425472.00
2022/07/21 3.74 3.86 3.72 3.80 17586000 73219184.00
2022/07/22 3.81 3.91 3.76 3.81 16725700 70042560.00
2022/07/25 3.83 3.86 3.69 3.72 14804300 60854688.00
2022/07/26 3.72 3.80 3.64 3.79 12831600 52278052.00
2022/07/27 3.79 3.83 3.74 3.79 9647100 39949760.00
2022/07/28 3.81 3.85 3.76 3.77 9551960 39741396.00
2022/07/29 3.78 4.18 3.78 3.87 43145620 185787456.00
2022/08/01 3.96 4.20 3.88 4.03 60550800 266727040.00
2022/08/02 3.92 3.92 3.66 3.75 40869100 168823008.00
2022/08/03 3.72 4.16 3.72 3.94 90550130 400961376.00
2022/08/04 3.94 4.11 3.87 3.96 74232667 322150784.00
2022/08/05 3.96 4.03 3.79 3.88 39179153 165437056.00
2022/08/08 3.87 4.30 3.79 4.30 64952580 293394688.00
2022/08/09 4.29 4.30 4.06 4.16 75692935 341883488.00
2022/08/10 4.09 4.23 4.04 4.18 54555543 245134160.00
2022/08/11 4.15 4.18 4.09 4.16 40974218 184173104.00
2022/08/12 4.13 4.15 4.01 4.02 37053774 164025664.00
2022/08/15 4.00 4.09 3.96 4.07 25253671 111124040.00
2022/08/16 4.06 4.15 4.02 4.07 27210795 120679416.00
2022/08/17 4.06 4.24 4.04 4.17 45512856 205121424.00
2022/08/18 4.13 4.32 4.12 4.23 45691241 209817152.00
2022/08/19 4.19 4.24 4.04 4.08 33627969 151265408.00
2022/08/22 4.07 4.52 4.07 4.52 57932369 280073760.00
2022/08/23 4.52 4.52 4.31 4.35 92292900 437710496.00
2022/08/24 4.30 4.36 4.14 4.26 53225500 244321888.00
2022/08/25 4.26 4.38 4.12 4.35 62869040 291825600.00
2022/08/26 4.29 4.33 4.15 4.19 39630405 181410400.00
2022/08/29 4.05 4.06 3.82 3.91 51382392 219201456.00
2022/08/30 3.94 4.34 3.86 4.12 59107579 266056096.00
2022/08/31 4.12 4.12 3.80 3.85 46366760 198137152.00
2022/09/01 3.89 3.91 3.65 3.67 29584340 122010544.00
2022/09/02 3.67 3.75 3.64 3.74 19425960 78928240.00
2022/09/05 3.72 3.79 3.70 3.75 13655300 56033408.00
2022/09/06 3.78 3.91 3.73 3.85 19827625 82667184.00
2022/09/07 3.80 3.91 3.78 3.87 17283527 73030104.00
2022/09/08 3.87 3.90 3.78 3.81 13673160 57246972.00
2022/09/09 3.79 3.82 3.71 3.75 10704400 44010144.00
2022/09/13 3.74 3.82 3.74 3.78 11500605 47640096.00
2022/09/14 3.86 4.19 3.82 4.06 100778246 448697664.00
2022/09/15 3.99 4.00 3.67 3.70 70984600 297528096.00
2022/09/16 3.68 3.71 3.56 3.61 34291639 136356192.00
2022/09/19 3.59 3.72 3.46 3.64 36308701 143497104.00
2022/09/20 3.61 3.70 3.57 3.65 25693900 102760176.00
2022/09/21 3.62 3.64 3.52 3.62 13645700 53854400.00
2022/09/22 3.70 3.80 3.64 3.64 31056576 126086832.00
2022/09/23 3.57 3.60 3.45 3.45 20812400 80915712.00
2022/09/26 3.44 3.45 3.35 3.38 13031851 48937028.00
2022/09/27 3.35 3.53 3.35 3.42 18895500 71671976.00
2022/09/28 3.39 3.42 3.26 3.26 14915939 54989864.00
2022/09/29 3.29 3.34 3.17 3.21 9920400 35684624.00
2022/09/30 3.21 3.28 3.17 3.18 10399034 37273052.00
2022/10/10 3.18 3.25 3.14 3.15 6798827 24142130.00
2022/10/11 3.17 3.24 3.14 3.23 7718400 27491516.00
2022/10/12 3.21 3.37 3.20 3.36 10667440 38873364.00
2022/10/13 3.35 3.44 3.32 3.41 10879000 40757500.00
2022/10/14 3.42 3.53 3.40 3.53 10279100 39246292.00
2022/10/17 3.52 3.59 3.49 3.58 12005121 46970084.00
2022/10/18 3.60 3.63 3.56 3.60 10091903 39946496.00
2022/10/19 3.61 3.64 3.56 3.57 10874300 43079812.00
2022/10/20 3.55 3.61 3.52 3.56 9314000 36604272.00
2022/10/21 3.56 3.95 3.56 3.68 47516953 196571392.00
2022/10/24 3.63 3.72 3.58 3.63 21218860 85077376.00
2022/10/25 3.57 3.72 3.51 3.67 18651200 74558800.00
2022/10/26 3.64 3.80 3.60 3.80 22925396 92797592.00
2022/10/27 3.73 3.82 3.70 3.78 15707418 64579592.00
2022/10/28 3.75 3.78 3.65 3.73 15678205 63784664.00
2022/10/31 3.73 3.75 3.64 3.68 13116902 52948828.00
2022/11/01 3.70 3.73 3.66 3.73 10656502 43319008.00
2022/11/02 3.72 3.72 3.66 3.69 12072400 48971732.00
2022/11/03 3.65 3.69 3.64 3.66 8510700 34243168.00
2022/11/04 3.67 3.72 3.66 3.71 10451900 42491256.00
2022/11/07 3.72 3.77 3.68 3.72 11017800 44893560.00
2022/11/08 3.70 3.86 3.67 3.78 22767909 93885768.00
2022/11/09 3.72 3.76 3.47 3.56 48374244 190936768.00
2022/11/10 3.56 3.59 3.53 3.58 16293444 63873636.00
2022/11/11 3.61 3.68 3.58 3.59 23735850 94699592.00
2022/11/14 3.57 3.60 3.49 3.50 15871200 61884428.00
2022/11/15 3.47 3.57 3.47 3.57 9073271 35438096.00
2022/11/16 3.57 3.63 3.53 3.55 10493000 41300996.00
2022/11/17 3.54 3.58 3.52 3.56 7204900 28161876.00
2022/11/18 3.58 3.60 3.52 3.52 10739957 42100588.00
2022/11/21 3.50 3.61 3.48 3.59 12888192 50577408.00
2022/11/22 3.58 3.66 3.57 3.59 16515506 65851084.00
2022/11/23 3.57 3.59 3.50 3.54 10248500 39933704.00
2022/11/24 3.55 3.57 3.52 3.53 7243100 28269560.00
2022/11/25 3.54 3.54 3.47 3.47 10122980 38961764.00
2022/11/28 3.42 3.47 3.39 3.45 6670872 25339900.00
2022/11/29 3.45 3.54 3.44 3.54 7845400 30365812.00
2022/11/30 3.54 3.56 3.52 3.54 6231607 24288952.00
2022/12/01 3.56 3.58 3.52 3.54 5949900 23228652.00
2022/12/02 3.54 3.61 3.52 3.61 10662690 42042352.00
2022/12/05 3.62 3.64 3.59 3.63 7866595 31273744.00
2022/12/06 3.63 3.66 3.59 3.61 7863600 31339132.00
2022/12/07 3.61 3.62 3.57 3.59 5837606 23038636.00
2022/12/08 3.59 3.61 3.57 3.60 5848106 23121702.00
2022/12/09 3.59 3.62 3.53 3.55 6482872 25424906.00
2022/12/12 3.54 3.54 3.47 3.48 6318180 24357398.00
2022/12/13 3.48 3.51 3.46 3.46 5330654 20480848.00
2022/12/14 3.46 3.49 3.41 3.42 6886991 26239636.00
2022/12/15 3.41 3.46 3.41 3.45 4851600 18436242.00
2022/12/16 3.45 3.46 3.40 3.41 5398700 20415486.00
2022/12/19 3.41 3.43 3.28 3.30 7268600 26803278.00
2022/12/20 3.31 3.35 3.26 3.31 5042138 18481116.00
2022/12/21 3.32 3.33 3.25 3.27 4067006 14834308.00
2022/12/22 3.30 3.30 3.21 3.22 4833000 17448340.00
2022/12/23 3.22 3.28 3.19 3.27 5213606 18752928.00
2022/12/26 3.27 3.30 3.25 3.30 4618100 16801460.00
2022/12/27 3.30 3.32 3.28 3.32 3403700 12474819.00
2022/12/28 3.31 3.32 3.23 3.24 4828500 17465432.00
2022/12/29 3.24 3.24 3.20 3.20 4983015 17818492.00
2022/12/30 3.22 3.29 3.20 3.28 4611186 16692881.00
2023/01/03 3.29 3.37 3.27 3.36 7389800 27339264.00
2023/01/04 3.35 3.41 3.34 3.40 5824800 21802270.00
2023/01/05 3.40 3.42 3.36 3.40 4780300 17932460.00
2023/01/06 3.42 3.45 3.38 3.38 5940200 22415244.00
2023/01/09 3.40 3.74 3.39 3.51 26380786 102870096.00
2023/01/10 3.46 3.51 3.43 3.46 14216500 54291416.00
2023/01/11 3.46 3.46 3.38 3.38 8817200 33348402.00
2023/01/12 3.40 3.43 3.37 3.42 5508360 20764970.00
2023/01/13 3.43 3.52 3.41 3.45 9819300 37576868.00
2023/01/16 3.47 3.49 3.44 3.47 7822300 29906180.00
2023/01/17 3.48 3.56 3.44 3.54 10462300 40343040.00
2023/01/18 3.56 3.93 3.52 3.76 52719302 216173792.00
2023/01/19 3.71 3.76 3.63 3.68 35192295 142303648.00
2023/01/20 3.68 3.72 3.63 3.68 12879586 51844888.00
2023/01/30 3.72 3.74 3.66 3.69 15919400 64561528.00
2023/01/31 3.68 3.71 3.66 3.70 8960803 36271480.00
2023/02/01 3.70 3.76 3.70 3.76 12541280 51393004.00
2023/02/02 3.75 3.79 3.71 3.75 10895606 44742920.00
2023/02/03 3.75 3.81 3.72 3.79 12125139 50030960.00
2023/02/06 3.80 4.08 3.79 3.91 29007945 124386400.00
2023/02/07 3.88 3.96 3.87 3.91 14224400 60599076.00
2023/02/08 3.88 3.96 3.87 3.92 12001400 51330232.00
2023/02/09 3.89 3.95 3.89 3.94 10872700 46622608.00
2023/02/10 3.93 3.96 3.87 3.90 8953500 38238592.00
2023/02/13 3.89 3.92 3.86 3.90 10455626 44480968.00
2023/02/14 3.91 4.01 3.88 3.99 13333926 57478200.00
2023/02/15 3.98 4.01 3.94 4.00 8939026 38776236.00
2023/02/16 4.00 4.01 3.79 3.83 17326906 73870032.00
2023/02/17 3.85 3.89 3.76 3.80 14871800 62330272.00
2023/02/20 3.82 3.84 3.77 3.83 9344501 38980560.00
2023/02/21 3.84 3.87 3.79 3.83 6450700 27029640.00
2023/02/22 3.81 3.93 3.77 3.87 9518100 40140588.00
2023/02/23 3.87 3.92 3.82 3.91 9945160 42129968.00
2023/02/24 3.91 3.92 3.81 3.83 7011500 29536038.00
2023/02/27 3.83 3.92 3.80 3.86 10213900 43291432.00
2023/02/28 3.88 3.92 3.85 3.91 8735900 37147972.00
2023/03/01 3.91 3.95 3.89 3.93 7490500 32029648.00
2023/03/02 3.93 3.96 3.86 3.88 6631800 28250960.00
2023/03/03 3.87 3.90 3.82 3.87 6135400 25888576.00
2023/03/06 3.88 3.92 3.83 3.88 6922100 29381758.00
2023/03/07 3.88 3.88 3.76 3.77 7966000 33267736.00
2023/03/08 3.77 3.85 3.76 3.83 5177500 21601748.00
2023/03/09 3.86 3.86 3.79 3.82 4104200 17166158.00
2023/03/10 3.81 3.84 3.75 3.75 5955400 24682580.00
2023/03/13 3.75 3.79 3.71 3.75 5383280 22091528.00
2023/03/14 3.74 3.75 3.63 3.69 7894300 31834850.00
2023/03/15 3.72 3.78 3.69 3.75 5386700 22108824.00
2023/03/16 3.75 3.76 3.63 3.65 7268600 29348374.00
2023/03/17 3.71 3.75 3.67 3.70 6099400 24773564.00
2023/03/20 3.68 3.73 3.66 3.71 5107000 20764680.00
2023/03/21 3.70 3.78 3.68 3.78 5016293 20607954.00
2023/03/22 3.84 3.86 3.77 3.82 7471113 31221756.00
2023/03/23 3.81 3.86 3.79 3.85 6013000 25218422.00
2023/03/24 3.87 3.87 3.81 3.86 6888929 28962770.00
2023/03/27 3.87 3.89 3.79 3.86 6390680 26807838.00
2023/03/28 3.87 3.87 3.81 3.81 4604200 19301162.00
2023/03/29 3.84 3.85 3.75 3.77 4855513 20102646.00
2023/03/30 3.79 3.79 3.69 3.71 5372100 21946382.00
2023/03/31 3.73 3.77 3.70 3.77 5060209 20767084.00
2023/04/03 3.77 3.78 3.72 3.77 6493129 26679554.00
2023/04/04 3.78 3.79 3.65 3.67 9200880 37313752.00
2023/04/06 3.65 3.68 3.58 3.59 7874660 31240066.00
2023/04/07 3.63 3.64 3.59 3.61 4681460 18590206.00
2023/04/10 3.62 3.62 3.51 3.52 9082493 35556088.00
2023/04/11 3.51 3.54 3.47 3.54 7201700 27844486.00
2023/04/12 3.54 3.67 3.53 3.66 10933993 43517392.00
2023/04/13 3.68 3.73 3.65 3.69 11904100 48323064.00
2023/04/14 3.69 3.78 3.63 3.77 14266200 58154592.00
2023/04/17 3.90 4.01 3.84 3.91 51867559 222012176.00
2023/04/18 3.88 4.04 3.86 3.98 35676519 154010144.00
2023/04/19 3.98 4.00 3.92 3.96 18178700 78436416.00
2023/04/20 3.94 3.97 3.89 3.96 16222600 69517984.00
2023/04/21 3.97 4.04 3.83 3.90 17635500 75989008.00
2023/04/24 3.88 3.99 3.86 3.96 21851500 93764304.00
2023/04/25 3.94 3.99 3.81 3.90 20142900 85577648.00
2023/04/26 3.90 4.13 3.84 4.10 44155784 193397840.00
2023/04/27 4.10 4.10 4.01 4.07 39398787 173639408.00
2023/04/28 4.04 4.17 4.02 4.12 34566784 153883952.00
2023/05/04 4.13 4.31 4.11 4.19 35655719 162571696.00
2023/05/05 4.17 4.19 4.06 4.19 25786634 115829392.00
2023/05/08 4.19 4.27 4.14 4.16 25969906 118057408.00
2023/05/09 4.12 4.18 4.07 4.09 20408136 91529504.00
2023/05/10 4.08 4.19 4.06 4.16 17464100 78648936.00
2023/05/11 4.16 4.28 4.14 4.23 20690580 94835232.00
2023/05/12 4.21 4.23 4.11 4.13 17634000 79639216.00
2023/05/15 4.15 4.25 4.15 4.24 23002189 105123768.00
2023/05/16 4.24 4.69 4.19 4.47 71600004 347218400.00
2023/05/17 4.40 4.95 4.34 4.95 89058597 453756448.00
2023/05/18 5.16 5.47 5.07 5.39 209467854 1171477632.00
2023/05/19 5.03 5.32 4.87 5.24 145950034 778678528.00
2023/05/22 5.11 5.74 5.10 5.26 171466580 967778112.00
2023/05/23 5.11 5.81 5.11 5.81 138361893 805326080.00
2023/05/24 5.86 6.42 5.86 6.42 228357531 1476519680.00
2023/05/25 6.06 7.09 5.97 7.09 214346554 1468954496.00
2023/05/26 7.00 7.46 6.36 6.95 241921009 1674927872.00
2023/05/29 6.53 6.70 6.23 6.23 163118977 1079187584.00
2023/05/30 5.91 6.44 5.91 6.09 152223149 969198848.00
2023/05/31 6.02 6.02 5.46 5.46 157781618 921489792.00
2023/06/01 5.40 5.54 5.40 5.44 97431414 555947392.00
2023/06/02 5.44 5.68 5.43 5.58 109759616 639724288.00
2023/06/05 5.68 5.74 5.51 5.69 88538509 522137408.00
2023/06/06 5.70 5.70 5.39 5.40 86958889 499238400.00
2023/06/07 5.42 5.60 5.32 5.58 75874287 435077600.00
2023/06/08 5.56 5.69 5.41 5.47 69740692 402468224.00
2023/06/09 5.47 5.62 5.47 5.61 67765355 393498176.00
2023/06/12 5.61 6.11 5.51 6.00 140635103 864123200.00
2023/06/13 5.98 5.98 5.81 5.91 89579412 547917632.00
2023/06/14 5.93 5.95 5.68 5.70 83832816 502079360.00
2023/06/15 5.66 5.77 5.59 5.74 53956133 320993344.00
2023/06/16 5.73 5.73 5.55 5.60 58358580 341362432.00
2023/06/19 5.59 5.74 5.53 5.69 50845952 300165312.00
2023/06/20 5.80 5.89 5.57 5.59 70045234 416523904.00
2023/06/21 5.55 5.65 5.50 5.50 47578698 276592256.00
2023/06/26 5.43 5.61 5.39 5.55 45776090 263299872.00
2023/06/27 5.55 5.94 5.46 5.92 111377904 674004032.00
2023/06/28 5.92 6.06 5.76 6.04 103641350 637133248.00
2023/06/29 6.03 6.03 5.82 5.85 76852643 471211520.00
2023/06/30 5.81 6.02 5.72 5.91 64770229 396389728.00
2023/07/03 5.92 6.52 5.91 6.31 119960510 780039872.00
2023/07/04 6.22 6.34 6.13 6.27 71868515 463786848.00
2023/07/05 6.26 6.39 5.95 5.97 70882885 452579200.00
2023/07/06 5.93 6.02 5.90 5.94 45523460 281283872.00
2023/07/07 5.90 5.94 5.64 5.66 61470780 367983392.00
2023/07/10 5.67 5.78 5.66 5.72 30909425 184048016.00
2023/07/11 5.72 5.74 5.57 5.65 31776800 186680960.00
2023/07/12 5.66 5.76 5.60 5.61 36251000 214907248.00
2023/07/13 5.65 5.78 5.61 5.75 37744780 224933168.00
2023/07/14 5.83 5.86 5.64 5.65 44368194 263141792.00
2023/07/17 5.62 6.23 5.60 6.01 90056943 557553472.00
2023/07/18 5.96 5.99 5.76 5.84 53897240 326805152.00
2023/07/19 5.79 5.87 5.69 5.71 33173800 198950432.00
2023/07/20 5.68 5.73 5.58 5.61 27763883 163299440.00
2023/07/21 5.61 5.61 5.42 5.43 31608140 181154848.00
2023/07/24 5.41 5.42 5.11 5.13 44890740 244261040.00
2023/07/25 5.16 5.22 5.14 5.20 26283388 142546144.00
2023/07/26 5.17 5.18 5.01 5.04 33152308 175895904.00
2023/07/27 5.03 5.12 5.01 5.03 15903606 84248400.00
2023/07/28 5.04 5.08 4.96 5.07 17673400 93221632.00
2023/07/31 5.05 5.13 5.05 5.12 19385117 103661720.00
2023/08/01 5.12 5.18 5.04 5.17 25486241 136855408.00
2023/08/02 5.19 5.20 5.10 5.12 17874177 95886904.00
2023/08/03 5.09 5.16 5.08 5.10 12696300 67850480.00
2023/08/04 5.10 5.17 5.09 5.16 17862780 96048888.00
2023/08/07 5.16 5.19 5.13 5.15 13549300 73045632.00
2023/08/08 5.14 5.16 5.08 5.11 10929100 58483208.00
2023/08/09 5.10 5.10 5.02 5.03 12320921 65174600.00
2023/08/10 5.01 5.08 5.01 5.05 7487500 39627308.00
2023/08/11 5.05 5.06 4.96 4.98 10766700 56500912.00
2023/08/14 4.94 5.05 4.90 5.04 10491685 54867448.00
2023/08/15 5.03 5.07 4.96 5.00 9936005 52260980.00
2023/08/16 4.99 5.00 4.89 4.89 10814800 55904792.00
2023/08/17 4.89 5.00 4.85 5.00 11458100 59480960.00
2023/08/18 5.00 5.03 4.86 4.86 13699700 70796288.00
2023/08/21 4.87 4.94 4.79 4.79 12743600 64962292.00
2023/08/22 4.80 4.85 4.69 4.81 18246425 91280168.00
2023/08/23 4.82 4.82 4.66 4.67 12771400 63143568.00
2023/08/24 4.70 4.75 4.61 4.69 13922000 68547440.00
2023/08/25 4.67 4.69 4.53 4.55 15622577 75552864.00
2023/08/28 4.82 4.83 4.59 4.62 20780805 102818720.00
2023/08/29 4.59 4.81 4.58 4.78 17175800 85610736.00
2023/08/30 4.79 4.90 4.78 4.83 16012072 81409336.00
2023/08/31 4.85 4.85 4.76 4.79 10673280 53643676.00
2023/09/01 4.81 4.82 4.70 4.75 10918670 54412460.00
2023/09/04 4.75 4.84 4.74 4.84 11972770 60319720.00
2023/09/05 4.84 4.87 4.79 4.84 13637000 69229200.00
2023/09/06 4.82 4.90 4.81 4.88 12650908 64664520.00
2023/09/07 4.88 4.88 4.77 4.77 11977700 60529044.00
2023/09/08 4.76 4.82 4.74 4.79 8217900 41228992.00
2023/09/11 4.80 4.85 4.76 4.83 9761900 49304104.00
2023/09/12 4.82 4.85 4.80 4.82 10034200 50871084.00
2023/09/13 4.81 4.83 4.68 4.72 12766900 63512396.00
2023/09/14 4.72 4.73 4.64 4.67 8349300 41130680.00
2023/09/15 4.68 4.71 4.65 4.67 8172800 40180316.00
2023/09/18 4.66 4.78 4.62 4.74 10553380 52466576.00
2023/09/19 4.73 4.75 4.62 4.64 9454900 46238480.00
2023/09/20 4.64 4.67 4.60 4.60 6558600 31961440.00
2023/09/21 4.60 4.65 4.58 4.60 6239700 30297484.00
2023/09/22 4.58 4.74 4.57 4.73 11638708 57228032.00
2023/09/25 4.73 4.73 4.61 4.62 9883900 48351644.00
2023/09/26 4.59 4.66 4.59 4.61 7598500 36924896.00
2023/09/27 4.60 4.71 4.59 4.65 9899400 48573588.00
2023/09/28 4.65 4.76 4.64 4.75 12482780 62040232.00
2023/10/09 4.74 4.83 4.72 4.78 13820000 69319240.00
2023/10/10 4.77 4.83 4.77 4.79 10316200 51944676.00
2023/10/11 4.79 4.83 4.75 4.77 10719700 53947992.00
2023/10/12 4.80 4.80 4.71 4.77 11216300 55940424.00
2023/10/13 4.76 4.77 4.71 4.73 9269000 46132692.00
2023/10/16 4.73 4.73 4.58 4.61 11772300 57283744.00
2023/10/17 4.61 4.63 4.54 4.58 9341200 44942940.00
2023/10/18 4.56 4.56 4.43 4.44 12415500 58414392.00
2023/10/19 4.41 4.50 4.39 4.42 9742084 45680380.00
2023/10/20 4.42 4.53 4.38 4.40 9368500 43940480.00
2023/10/23 4.40 4.41 4.24 4.28 13054045 59240912.00
2023/10/24 4.29 4.40 4.27 4.37 9163400 42031272.00
2023/10/25 4.40 4.48 4.38 4.45 8352835 39126632.00
2023/10/26 4.43 4.49 4.37 4.44 14057600 65622600.00
2023/10/27 4.45 4.52 4.38 4.51 11883045 55886680.00
2023/10/30 4.50 4.60 4.47 4.58 13569700 64995124.00
2023/10/31 4.57 4.59 4.51 4.55 9982100 47758828.00
2023/11/01 4.55 4.61 4.53 4.59 8992200 43335584.00
2023/11/02 4.60 4.62 4.52 4.53 7293900 35022784.00
2023/11/03 4.53 4.64 4.52 4.61 11837700 57398220.00
2023/11/06 4.64 4.69 4.63 4.69 11328700 55561464.00
2023/11/07 4.68 4.71 4.65 4.70 10073000 49675352.00
2023/11/08 4.70 4.72 4.66 4.69 9786200 48253072.00
2023/11/09 4.70 4.73 4.67 4.68 10202700 50356880.00
2023/11/10 4.67 4.73 4.65 4.72 10491803 51804752.00
2023/11/13 4.73 4.76 4.70 4.76 12045100 59946484.00
2023/11/14 4.76 4.78 4.74 4.78 8274200 41416036.00
2023/11/15 4.81 4.89 4.79 4.88 18919760 96418856.00
2023/11/16 4.86 4.89 4.80 4.82 12394684 63026208.00
2023/11/17 4.81 4.91 4.80 4.91 14823500 75852096.00
2023/11/20 4.91 4.96 4.89 4.95 14101400 72853320.00
2023/11/21 4.95 4.96 4.87 4.87 14183400 72943112.00
2023/11/22 4.86 4.90 4.83 4.84 14462186 73692480.00
2023/11/23 4.80 4.86 4.79 4.85 10763400 54628424.00
2023/11/24 4.85 4.85 4.75 4.77 13472460 67638480.00
2023/11/27 4.76 4.82 4.74 4.80 8515600 42860664.00
2023/11/28 4.82 4.89 4.78 4.88 11773000 60042692.00
2023/11/29 4.87 4.89 4.82 4.84 7649600 38976100.00
2023/11/30 4.83 4.86 4.74 4.79 8947100 45017064.00
2023/12/01 4.79 4.84 4.76 4.83 8154900 41081700.00
2023/12/04 4.84 4.87 4.80 4.83 7830600 39779568.00
2023/12/05 4.84 4.85 4.71 4.71 8986600 44970536.00
2023/12/06 4.70 4.77 4.69 4.73 7486300 37242524.00
2023/12/07 4.73 4.74 4.67 4.68 7174400 35440536.00
2023/12/08 4.69 4.73 4.63 4.63 8950339 43836092.00
2023/12/11 4.60 4.70 4.56 4.70 11746700 57264176.00
2023/12/12 4.69 4.70 4.64 4.70 6459199 31776328.00
2023/12/13 4.70 4.79 4.65 4.71 8773299 43592376.00
2023/12/14 4.72 4.83 4.70 4.75 10790960 53947840.00
2023/12/15 4.75 4.76 4.65 4.66 9197700 45252744.00
2023/12/18 4.67 4.67 4.57 4.58 6902400 33510060.00
2023/12/19 4.58 4.63 4.55 4.61 5581900 26915136.00
2023/12/20 4.60 4.66 4.56 4.56 6460600 31321084.00
2023/12/21 4.56 4.62 4.46 4.61 7892300 37773776.00
2023/12/22 4.60 4.60 4.50 4.53 8043700 38461928.00
2023/12/25 4.54 4.56 4.46 4.50 5801900 27531664.00
2023/12/26 4.53 4.53 4.44 4.45 6182600 29090076.00
2023/12/27 4.42 4.49 4.41 4.47 5367700 25201092.00
2023/12/28 4.45 4.65 4.43 4.63 10113100 48778324.00
2023/12/29 4.62 4.77 4.61 4.76 11672903 57903688.00
2024/01/02 4.77 4.84 4.75 4.82 12322400 62147552.00
2024/01/03 4.80 4.86 4.78 4.84 10533552 53333308.00
2024/01/04 4.84 4.84 4.80 4.82 7336245 37105560.00
2024/01/05 4.82 4.84 4.68 4.72 9314700 46490700.00
2024/01/08 4.68 4.74 4.63 4.63 8389300 41311300.00
2024/01/09 4.64 4.74 4.63 4.71 8793700 43352400.00
2024/01/10 4.68 4.73 4.59 4.64 7539300 36981772.00
2024/01/11 4.65 4.73 4.63 4.72 7277800 35856584.00
2024/01/12 4.72 4.81 4.71 4.71 10629600 53098856.00
2024/01/15 4.70 4.76 4.67 4.73 8058900 39995696.00
2024/01/16 4.72 4.76 4.62 4.72 8163000 40188564.00
2024/01/17 4.72 5.09 4.69 4.81 56724784 289615264.00
2024/01/18 4.74 5.04 4.74 5.01 76401889 390993312.00
2024/01/19 5.01 5.03 4.69 4.69 65336300 330366464.00
2024/01/22 4.54 4.61 4.20 4.20 55758005 260951088.00
2024/01/23 4.13 4.30 3.94 4.22 26771155 118001840.00
2024/01/24 4.19 4.29 4.02 4.20 22371300 98304336.00
2024/01/25 4.18 4.32 4.16 4.31 20138345 90467792.00
2024/01/26 4.29 4.33 4.22 4.24 18353900 82888592.00
2024/01/29 4.24 4.25 3.96 3.99 26561500 114663432.00
2024/01/30 3.95 4.06 3.89 3.93 15882500 66921384.00
2024/01/31 3.93 3.93 3.64 3.68 21876470 87468056.00
2024/02/01 3.64 3.69 3.46 3.58 17767218 68035112.00
2024/02/02 3.60 3.66 3.22 3.39 19036000 70027368.00
2024/02/05 3.31 3.32 3.03 3.03 23693415 79013424.00
2024/02/06 2.95 3.24 2.78 3.12 23871684 77115648.00
2024/02/07 3.12 3.18 2.99 3.04 18818100 62629136.00
2024/02/08 3.07 3.34 3.04 3.34 24255278 83367040.00
2024/02/19 3.36 3.49 3.36 3.49 22666689 83413208.00
2024/02/20 3.47 3.52 3.38 3.51 14021969 51823564.00
2024/02/21 3.47 3.67 3.42 3.55 20222969 77425080.00
2024/02/22 3.55 3.69 3.53 3.67 19169400 74119424.00
2024/02/23 3.71 3.73 3.65 3.73 18738936 73766112.00
2024/02/26 3.76 3.96 3.76 3.88 24304486 99670696.00
2024/02/27 3.84 3.96 3.82 3.96 15340255 63841468.00
2024/02/28 3.98 4.05 3.61 3.64 29003640 118357632.00
2024/02/29 3.59 3.80 3.58 3.80 17765309 70878576.00
2024/03/01 3.82 3.91 3.80 3.90 17279101 70916544.00
2024/03/04 3.92 3.95 3.84 3.93 14685200 60738152.00
2024/03/05 3.88 3.92 3.80 3.81 11526000 47163152.00
2024/03/06 3.81 3.98 3.80 3.93 17367660 72009264.00
2024/03/07 3.96 3.99 3.86 3.88 13555140 56448040.00
2024/03/08 3.88 3.93 3.86 3.93 8959300 37146056.00
2024/03/11 3.92 4.03 3.91 3.99 15137700 64078988.00
2024/03/12 4.01 4.03 3.95 4.03 14251830 60314124.00
2024/03/13 4.02 4.06 3.98 4.02 11158399 47488648.00
2024/03/14 4.03 4.04 3.92 3.97 11077600 46784712.00
2024/03/15 3.96 4.03 3.94 4.03 8686230 36733548.00
2024/03/18 4.06 4.11 4.04 4.11 10905100 47181068.00
2024/03/19 4.10 4.14 4.08 4.10 8440200 36767336.00
2024/03/20 4.08 4.17 4.08 4.17 8446298 36972912.00
2024/03/21 4.17 4.20 4.12 4.19 11654503 51326004.00
2024/03/22 4.16 4.18 4.05 4.11 14025300 60938256.00
2024/03/25 4.09 4.11 3.96 3.97 11392933 48860924.00
2024/03/26 3.96 4.02 3.90 3.98 11226000 47246448.00
2024/03/27 3.97 3.98 3.82 3.82 10472680 43271240.00
2024/03/28 3.81 3.97 3.80 3.92 11172200 46389248.00
2024/03/29 3.92 3.99 3.91 3.98 10503100 44060504.00
2024/04/01 4.01 4.08 4.00 4.08 10115600 43333892.00
2024/04/02 4.08 4.14 4.06 4.12 11416600 49615596.00
2024/04/03 4.10 4.13 3.98 4.05 15706100 67321056.00
2024/04/08 4.04 4.06 3.93 3.95 10333683 43654188.00
2024/04/09 3.92 4.00 3.92 3.97 9361420 39287516.00
2024/04/10 3.97 3.99 3.84 3.87 11908460 49277452.00
2024/04/11 3.86 3.99 3.84 3.93 12320660 51573356.00
2024/04/12 3.93 3.99 3.87 3.88 9564700 39863192.00
2024/04/15 3.92 3.93 3.52 3.61 24792400 96999920.00
2024/04/16 3.52 3.57 3.28 3.31 23408800 84799144.00
2024/04/17 3.35 3.61 3.35 3.60 20682733 77926880.00
2024/04/18 3.59 3.67 3.56 3.61 15281700 59151496.00
2024/04/19 3.58 3.63 3.52 3.55 11554006 43874436.00
2024/04/22 3.57 3.58 3.39 3.46 11702000 43452688.00
2024/04/23 3.47 3.51 3.46 3.47 10057800 37461832.00
2024/04/24 3.38 3.42 3.32 3.39 21927801 79279112.00
2024/04/25 3.38 3.46 3.35 3.43 15499300 56724720.00
2024/04/26 3.43 3.52 3.39 3.50 12616700 46667448.00
2024/04/29 3.50 3.62 3.48 3.61 11196677 42657792.00
2024/04/30 3.62 3.64 3.53 3.60 10679206 40869388.00
2024/05/06 3.63 3.66 3.59 3.60 13971200 53879516.00
2024/05/07 3.62 3.62 3.55 3.58 9521415 36398156.00
2024/05/08 3.60 3.60 3.50 3.51 11065160 41841240.00
2024/05/09 3.52 3.65 3.52 3.62 14000446 54031224.00
2024/05/10 3.64 3.74 3.59 3.70 23760360 93091656.00
2024/05/13 3.70 3.81 3.61 3.78 33640180 133621456.00
2024/05/14 3.75 4.00 3.73 3.88 42107716 173643904.00
2024/05/15 3.84 4.05 3.66 3.68 39721600 160006832.00
2024/05/16 3.68 3.70 3.60 3.63 20561624 79916064.00
2024/05/17 3.63 3.67 3.59 3.67 15971100 61976028.00
2024/05/20 3.67 3.71 3.61 3.63 16247000 61228088.00
2024/05/21 3.62 3.64 3.56 3.63 12708100 47307716.00
2024/05/22 3.65 3.65 3.59 3.62 9202500 34396464.00
2024/05/23 3.62 3.62 3.51 3.55 13481800 49560932.00
2024/05/24 3.55 3.76 3.54 3.62 26927330 102158680.00
2024/05/27 3.60 3.71 3.56 3.71 23102360 87342784.00
2024/05/28 3.67 3.78 3.65 3.73 18045300 69455128.00
2024/05/29 3.73 3.79 3.65 3.66 17581200 67449800.00
2024/05/30 3.68 3.72 3.55 3.57 13936065 51911080.00
2024/05/31 3.55 3.61 3.53 3.56 9997800 36841456.00
2024/06/03 3.56 3.57 3.36 3.39 17727804 62969684.00
2024/06/04 3.38 3.39 3.29 3.38 11699484 40419324.00
2024/06/05 3.38 3.40 3.23 3.24 14313300 48795560.00
2024/06/06 3.25 3.27 3.06 3.08 17518384 56794928.00
2024/06/07 3.13 3.20 3.10 3.18 12182800 39878928.00
2024/06/11 3.18 3.19 3.08 3.18 9176156 29977786.00
2024/06/12 3.20 3.26 3.16 3.24 8741956 29239820.00
2024/06/13 3.26 3.30 3.19 3.21 9597039 32246010.00
2024/06/14 3.26 3.33 3.18 3.27 14578503 49524116.00
2024/06/17 3.27 3.35 3.22 3.30 10370203 35467768.00
2024/06/18 3.30 3.33 3.27 3.32 9112300 31271190.00
2024/06/19 3.33 3.34 3.26 3.26 8713600 29678554.00
2024/06/20 3.27 3.28 3.15 3.16 8312200 27560536.00
2024/06/21 3.15 3.19 3.12 3.14 5412100 17718888.00
2024/06/24 3.10 3.13 3.00 3.01 11284800 35755536.00
2024/06/25 3.03 3.07 3.01 3.03 7560400 23884378.00
2024/06/26 3.02 3.12 2.99 3.11 9190835 29395098.00
2024/06/27 3.10 3.13 3.02 3.04 7017200 22383168.00
2024/06/28 3.03 3.16 3.03 3.13 12654000 41024380.00
2024/07/01 3.12 3.24 3.10 3.19 11748080 38614468.00
2024/07/02 3.17 3.26 3.16 3.26 12294300 41199552.00
2024/07/03 3.24 3.29 3.21 3.24 11452000 38581856.00
2024/07/04 3.27 3.27 3.10 3.11 11011700 36253072.00
2024/07/05 3.08 3.13 3.08 3.13 6505400 21009716.00
2024/07/08 3.12 3.12 3.02 3.04 6471900 20540848.00
2024/07/09 3.04 3.09 2.95 3.08 9145301 28814382.00
2024/07/10 3.00 3.02 2.83 2.89 20170400 61076904.00
2024/07/11 2.93 3.07 2.93 3.01 15167404 47051432.00
2024/07/12 3.02 3.08 2.97 2.99 9266401 29123736.00
2024/07/15 2.98 3.00 2.91 2.92 7269900 22213226.00
2024/07/16 2.92 2.93 2.89 2.92 5917600 17921152.00
2024/07/17 2.92 2.92 2.87 2.88 7562200 22746438.00
2024/07/18 2.86 2.88 2.82 2.86 8321800 24683644.00
2024/07/19 2.86 2.89 2.83 2.88 5568500 16676688.00
2024/07/22 2.89 2.92 2.87 2.91 6456200 19468908.00
2024/07/23 2.91 2.95 2.89 2.89 6619000 20177820.00
2024/07/24 2.88 2.91 2.85 2.86 6118544 18343954.00
2024/07/25 2.88 2.92 2.84 2.89 5710900 17125984.00
2024/07/26 2.90 2.94 2.89 2.93 7108400 21641628.00
2024/07/29 2.95 2.97 2.91 2.93 4730800 14451485.00
2024/07/30 2.92 2.95 2.91 2.94 5663889 17274622.00
2024/07/31 2.94 3.05 2.93 3.04 11873389 37168656.00
2024/08/01 3.05 3.10 3.04 3.07 8312489 26511838.00
2024/08/02 3.06 3.08 3.02 3.03 6626400 20983832.00
2024/08/05 3.00 3.05 2.96 2.96 6831800 21324136.00
2024/08/06 2.98 3.01 2.95 3.00 7378303 22865768.00
2024/08/07 3.08 3.14 3.02 3.06 11936520 37991144.00
2024/08/08 3.03 3.06 3.01 3.04 6422300 20240708.00
2024/08/09 3.04 3.16 3.02 3.03 10118300 32362444.00
2024/08/12 3.01 3.05 2.98 3.00 9040600 28281024.00
2024/08/13 2.97 3.03 2.96 3.03 5660700 17710188.00
2024/08/14 3.03 3.06 3.01 3.02 4941120 15580402.00
2024/08/15 3.00 3.08 2.98 3.06 7878980 24931132.00
2024/08/16 3.04 3.07 3.03 3.04 4850700 15354077.00
2024/08/19 3.03 3.05 3.01 3.02 4530300 14240718.00
2024/08/20 3.02 3.04 2.91 2.93 6046800 18600480.00
2024/08/21 2.92 2.95 2.91 2.92 4148400 12654790.00
2024/08/22 2.93 2.95 2.87 2.87 6026880 18291260.00
2024/08/23 2.87 2.88 2.82 2.84 7710100 22817456.00
2024/08/26 2.86 2.89 2.83 2.87 4549120 13577969.00
2024/08/27 2.86 2.88 2.83 2.84 4043500 12017297.00
2024/08/28 2.82 2.92 2.82 2.89 5009000 15026896.00
2024/08/29 2.89 2.95 2.88 2.93 5779500 17554106.00
2024/08/30 2.94 3.01 2.93 2.95 6923100 21447532.00
2024/09/02 2.95 3.01 2.95 2.95 6873400 21298296.00
2024/09/03 2.95 2.99 2.94 2.95 3646400 11217360.00
2024/09/04 2.95 2.98 2.94 2.94 4363100 13427049.00
2024/09/05 2.93 2.97 2.93 2.95 4930300 15128882.00
2024/09/06 2.94 2.98 2.90 2.91 4880100 14899504.00
2024/09/09 2.91 2.94 2.88 2.91 4511900 13661524.00
2024/09/10 2.91 2.97 2.88 2.96 5526900 16828292.00
2024/09/11 2.97 3.01 2.94 3.00 8683651 27002048.00
2024/09/12 3.00 3.08 2.99 3.03 9815303 31033950.00
2024/09/13 3.05 3.05 2.98 2.99 7225992 22584024.00
2024/09/18 3.00 3.01 2.93 2.98 5812302 17940942.00
2024/09/19 2.98 3.05 2.96 3.04 7925700 24895724.00
2024/09/20 3.04 3.06 3.02 3.05 5513800 17423636.00
2024/09/23 3.03 3.05 2.99 3.00 5671900 17773728.00
2024/09/24 3.01 3.09 3.01 3.08 11108405 35297488.00
2024/09/25 3.10 3.19 3.10 3.14 16122002 52750108.00
2024/09/26 3.13 3.22 3.12 3.21 12461900 41040636.00
2024/09/27 3.24 3.37 3.23 3.34 17139388 58505976.00
2024/09/30 3.53 3.68 3.39 3.66 32163188 118591816.00
2024/10/08 4.04 4.04 3.68 3.91 39749072 158620256.00
2024/10/09 3.83 3.84 3.57 3.58 22341470 85397792.00
2024/10/10 3.60 3.70 3.54 3.60 14754173 55189460.00
2024/10/11 3.58 3.62 3.42 3.45 13242700 48045772.00
2024/10/14 3.49 3.54 3.42 3.54 10427482 37735476.00
2024/10/15 3.53 3.56 3.47 3.48 8981100 32665804.00
2024/10/16 3.44 3.53 3.44 3.49 7405900 26744720.00
2024/10/17 3.54 3.57 3.43 3.43 10155500 36775212.00
2024/10/18 3.43 3.53 3.43 3.47 13248315 47685028.00
2024/10/21 3.52 3.55 3.48 3.50 13718256 49817728.00
2024/10/22 3.51 3.57 3.47 3.54 11287940 41219252.00
2024/10/23 3.56 3.59 3.52 3.54 11774000 43364436.00
2024/10/24 3.51 3.55 3.51 3.53 8876100 32385488.00
2024/10/25 3.54 3.71 3.54 3.64 17977812 67007756.00
2024/10/28 3.65 3.80 3.64 3.79 20401332 78584696.00
2024/10/29 3.80 3.86 3.75 3.76 22117304 86646040.00
2024/10/30 3.84 4.03 3.80 4.01 56876496 231014752.00
2024/10/31 4.03 4.25 4.03 4.22 55351892 237213360.00
2024/11/01 4.25 4.32 3.98 3.99 42657008 181054192.00
2024/11/04 4.00 4.12 4.00 4.04 24311744 101449528.00
2024/11/05 4.04 4.11 4.02 4.07 24950032 104408352.00
2024/11/06 4.06 4.22 4.04 4.16 25852558 110328464.00
2024/11/07 4.13 4.21 4.09 4.21 22162870 95192704.00
2024/11/08 4.22 4.40 4.20 4.27 29086910 128304840.00
2024/11/11 4.24 4.33 4.21 4.33 19205798 84555904.00
2024/11/12 4.35 4.36 4.22 4.27 20182392 88634240.00
2024/11/13 4.26 4.29 4.16 4.27 16594481 72090504.00
2024/11/14 4.28 4.28 4.10 4.12 15970800 68653384.00
2024/11/15 4.11 4.17 4.03 4.04 14814697 62666976.00
2024/11/18 4.06 4.09 3.95 3.97 15518500 64217740.00
2024/11/19 3.98 4.10 3.97 4.09 11036560 45778336.00
2024/11/20 4.08 4.17 4.07 4.15 13012203 55181008.00
2024/11/21 4.17 4.19 4.12 4.18 11234100 48059784.00
2024/11/22 4.19 4.24 4.05 4.06 14926080 63996524.00
2024/11/25 4.06 4.23 4.03 4.14 16683600 70474992.00
2024/11/26 4.15 4.18 4.11 4.13 11427320 48760248.00
2024/11/27 4.09 4.13 3.97 4.11 15244859 63460584.00
2024/11/28 4.14 4.24 4.14 4.18 18763908 81141440.00
2024/11/29 4.20 4.25 4.11 4.21 18547644 79961728.00
2024/12/02 4.22 4.35 4.21 4.34 20343824 90033224.00
2024/12/03 4.38 4.43 4.34 4.40 18227032 82139608.00
2024/12/04 4.38 4.39 4.25 4.28 16470886 73111736.00
2024/12/05 4.27 4.34 4.26 4.34 10511300 46657728.00
2024/12/06 4.37 4.46 4.35 4.44 20796800 94299736.00
2024/12/09 4.45 4.49 4.39 4.46 16931700 77193736.00
2024/12/10 4.54 4.58 4.44 4.45 18465080 84909624.00
2024/12/11 4.46 4.59 4.44 4.58 19264900 89532200.00
2024/12/12 4.60 4.63 4.52 4.60 14708600 69063448.00
2024/12/13 4.57 4.64 4.55 4.57 18563080 87649328.00
2024/12/16 4.57 4.63 4.47 4.51 17145110 79976720.00
2024/12/17 4.51 4.52 4.26 4.28 20937120 93496888.00
2024/12/18 4.30 4.43 4.22 4.35 18080760 80584536.00
2024/12/19 4.28 4.41 4.24 4.37 12896098 57498980.00
2024/12/20 4.38 4.45 4.34 4.40 11700860 52890100.00
2024/12/23 4.42 4.42 4.13 4.14 19690400 85643808.00
2024/12/24 4.18 4.32 4.16 4.27 17232700 75472272.00
2024/12/25 4.26 4.28 4.03 4.11 19136792 80678448.00
2024/12/26 4.11 4.24 4.11 4.18 12182000 52474200.00
2024/12/27 4.20 4.53 4.20 4.39 22855884 103010080.00
2024/12/30 4.35 4.41 4.25 4.33 20163904 89978464.00
2024/12/31 4.32 4.46 4.20 4.21 18424500 81431696.00
2025/01/02 4.20 4.31 4.08 4.13 21895064 94623496.00
2025/01/03 4.13 4.19 3.85 3.88 20806400 85614112.00
2025/01/06 3.87 4.02 3.70 3.95 19410500 78033432.00
2025/01/07 3.98 4.10 3.96 4.10 13659500 56611936.00
2025/01/08 4.09 4.10 3.89 4.04 16380580 67308088.00
2025/01/09 3.99 4.13 3.99 4.03 10172600 42591920.00
2025/01/10 4.01 4.06 3.86 3.87 12473860 50881432.00
2025/01/13 3.83 3.90 3.72 3.86 13569960 53429836.00
2025/01/14 3.87 4.08 3.84 4.08 12936000 53395480.00
2025/01/15 4.09 4.25 4.03 4.11 16907520 71877504.00
2025/01/16 4.10 4.18 4.05 4.11 11881420 50309728.00
2025/01/17 4.08 4.26 4.04 4.19 20037192 85988488.00
2025/01/20 4.20 4.41 4.19 4.31 30279700 134364208.00
2025/01/21 4.74 4.75 4.66 4.75 23808692 115833712.00
2025/01/22 4.96 4.96 4.57 4.61 116072576 562727296.00
2025/01/23 4.64 4.76 4.50 4.50 68052232 320634144.00
2025/01/24 4.48 4.59 4.44 4.53 45151520 208638096.00
2025/01/27 4.57 4.62 4.46 4.52 33610760 156486352.00
2025/02/05 4.55 4.58 4.38 4.46 34361928 156726912.00
2025/02/06 4.47 4.56 4.45 4.55 29038886 134481680.00
2025/02/07 4.57 4.61 4.50 4.55 26623368 124964048.00
2025/02/10 4.55 4.62 4.54 4.61 26346860 124058832.00
2025/02/11 4.59 4.62 4.53 4.62 20114900 94724368.00
2025/02/12 4.59 4.66 4.58 4.65 20841700 99070192.00
2025/02/13 4.65 4.66 4.52 4.53 20376904 95571120.00
2025/02/14 4.51 4.56 4.48 4.50 13956200 64630412.00
2025/02/17 4.53 4.61 4.52 4.61 18792300 88122688.00
2025/02/18 4.61 4.64 4.51 4.54 18382400 86446688.00
2025/02/19 4.51 4.61 4.49 4.61 14511900 68291592.00
2025/02/20 4.61 4.65 4.58 4.64 17334600 82168912.00
2025/02/21 4.65 4.69 4.61 4.69 17843480 85403384.00
2025/02/24 4.66 4.81 4.63 4.75 25383480 123306696.00
2025/02/25 4.68 4.85 4.66 4.78 22181600 108475400.00
2025/02/26 4.80 4.88 4.76 4.85 23254840 115113720.00
2025/02/27 4.88 5.21 4.79 4.89 35209772 177434544.00
2025/02/28 4.90 4.94 4.78 4.80 27716046 137802384.00
2025/03/03 4.79 4.87 4.74 4.77 23119878 113820104.00
2025/03/04 4.73 4.90 4.72 4.89 23668880 117523400.00
2025/03/05 4.89 4.94 4.82 4.90 15873905 79076448.00
2025/03/06 4.93 5.03 4.89 5.00 23736484 120958288.00
2025/03/07 4.99 5.01 4.89 4.92 19735380 100144768.00
2025/03/10 4.90 4.96 4.83 4.86 15332500 76650784.00
2025/03/11 4.81 4.90 4.78 4.89 12461900 62017304.00
2025/03/12 4.90 4.98 4.88 4.94 14844740 75022376.00
2025/03/13 4.93 4.97 4.83 4.92 15109726 75746520.00
2025/03/14 4.93 4.98 4.86 4.98 15717042 79431544.00
2025/03/17 4.99 5.04 4.95 4.97 13860340 70865888.00
2025/03/18 4.99 5.09 4.98 5.08 20822048 107713648.00
2025/03/19 5.08 5.11 5.02 5.08 15346871 79691864.00
2025/03/20 5.08 5.20 5.06 5.13 18614600 97742328.00
2025/03/21 5.10 5.18 5.05 5.08 18698232 97566832.00
2025/03/24 5.08 5.11 4.85 4.97 23400472 119185112.00
2025/03/25 4.97 5.08 4.92 4.95 16718890 85388168.00
2025/03/26 4.95 5.10 4.93 5.07 18576392 96157160.00
2025/03/27 5.05 5.08 4.96 5.02 14467100 74269544.00
2025/03/28 5.02 5.04 4.91 4.95 16840100 85565104.00
2025/03/31 4.90 4.95 4.61 4.67 38473600 185678240.00
2025/04/01 4.69 4.80 4.68 4.74 21761696 105866128.00
2025/04/02 4.74 4.81 4.70 4.72 15799703 76935304.00
2025/04/03 4.72 4.78 4.62 4.68 16533400 79632904.00
2025/04/07 4.44 4.44 4.20 4.20 16251900 70891816.00
2025/04/08 4.13 4.19 3.85 3.94 38748028 159333232.00
2025/04/09 3.90 4.09 3.66 4.08 28617976 115073920.00
2025/04/10 4.15 4.24 4.12 4.12 23037576 99088696.00
2025/04/11 4.10 4.18 4.09 4.16 16765500 71560096.00
2025/04/14 4.26 4.32 4.21 4.25 20242100 88759568.00
2025/04/15 4.25 4.30 4.20 4.29 13803400 60238376.00
2025/04/16 4.26 4.28 4.10 4.17 15760300 67881992.00
2025/04/17 4.14 4.25 4.11 4.21 11906600 51596788.00
2025/04/18 4.23 4.27 4.16 4.24 12686600 55084680.00
2025/04/21 4.23 4.32 4.21 4.32 13476800 59435792.00
2025/04/22 4.32 4.34 4.27 4.31 11482280 50775556.00
2025/04/23 4.34 4.40 4.32 4.39 14823467 66497376.00
2025/04/24 4.40 4.42 4.32 4.38 12089500 54310628.00
2025/04/25 4.40 4.47 4.36 4.44 12659000 57570740.00
2025/04/28 4.45 4.45 4.31 4.33 17181100 76852904.00
2025/04/29 4.27 4.39 4.27 4.39 14496340 65034720.00
2025/04/30 4.63 4.84 4.59 4.84 53883976 261117088.00
2025/05/06 4.80 4.90 4.78 4.88 75648536 376226176.00
2025/05/07 4.90 4.96 4.87 4.93 51829752 260689648.00
2025/05/08 4.92 5.03 4.90 4.96 38298488 195037472.00
2025/05/09 5.00 5.01 4.91 4.93 22768512 115251856.00
2025/05/12 4.97 4.97 4.86 4.94 24260608 122031832.00
2025/05/13 4.97 4.98 4.91 4.92 17598700 88972488.00
2025/05/14 4.95 4.95 4.89 4.91 17187700 84455744.00
2025/05/15 4.89 4.91 4.84 4.84 15698900 76358944.00
2025/05/16 4.85 4.94 4.83 4.91 20321300 99815456.00
2025/05/19 4.93 4.95 4.86 4.92 14828300 72857816.00
2025/05/20 4.92 4.96 4.89 4.95 16924144 83617392.00
2025/05/21 4.94 4.96 4.88 4.93 12642800 62201900.00
2025/05/22 4.93 5.01 4.87 4.87 16127600 79514544.00
2025/05/23 4.87 4.92 4.80 4.80 15503500 75367456.00
2025/05/26 4.80 4.87 4.79 4.84 11583200 56038484.00
2025/05/27 4.85 4.87 4.79 4.85 11816780 57131344.00
2025/05/28 4.85 4.95 4.84 4.92 18816600 92217464.00
2025/05/29 4.91 5.03 4.90 5.01 22588300 112784168.00
2025/05/30 5.01 5.02 4.91 4.93 15103900 74625008.00
2025/06/03 4.94 4.97 4.91 4.92 12502540 61616840.00
2025/06/04 4.93 5.00 4.93 4.97 13559750 67375320.00
2025/06/05 5.15 5.47 5.15 5.47 51612260 279642784.00
2025/06/06 5.71 6.02 5.64 6.02 119633256 711868800.00
2025/06/09 6.12 6.17 5.74 5.85 171090352 1010481856.00
2025/06/10 5.75 6.44 5.74 6.34 222958528 1375871616.00
2025/06/11 6.05 6.11 5.82 5.90 140762240 839815744.00
2025/06/12 5.76 5.84 5.64 5.67 98736800 562766528.00
2025/06/13 5.70 5.71 5.42 5.45 73493776 405003104.00
2025/06/16 5.41 5.52 5.41 5.49 40844576 223901696.00
2025/06/17 5.53 5.55 5.38 5.45 37291156 202788000.00
2025/06/18 5.41 5.46 5.39 5.41 25812700 139730848.00
2025/06/19 5.40 5.42 5.18 5.19 45903500 241573648.00
2025/06/20 5.19 5.38 5.16 5.22 29721734 155487216.00
2025/06/23 5.16 5.26 5.14 5.26 24407536 127309896.00
2025/06/24 5.29 5.41 5.26 5.39 34446088 184741488.00
2025/06/25 5.40 5.44 5.33 5.41 31999600 172430608.00
2025/06/26 5.41 5.52 5.41 5.45 40289704 220482240.00
2025/06/27 5.43 5.47 5.40 5.44 23863440 129790584.00
2025/06/30 5.46 5.49 5.45 5.49 24717160 135313008.00
2025/07/01 5.50 5.51 5.41 5.46 27433544 149663792.00
2025/07/02 5.46 5.47 5.38 5.42 23785232 129034288.00
2025/07/03 5.42 5.47 5.42 5.47 20308424 110632744.00
2025/07/04 5.47 5.57 5.43 5.45 35963400 197829392.00
2025/07/07 5.46 5.68 5.45 5.68 57487480 322393888.00
2025/07/08 5.63 5.78 5.58 5.72 60260280 343322048.00
2025/07/09 5.72 5.86 5.71 5.74 54278012 313321504.00
2025/07/10 5.96 6.31 5.96 6.31 123052112 762932160.00
2025/07/11 6.31 6.37 6.06 6.09 132391112 813947264.00
2025/07/14 6.12 6.25 6.07 6.08 73598704 451487008.00
2025/07/15 6.11 6.18 6.05 6.11 58144920 354859040.00
2025/07/16 6.06 6.09 5.94 5.98 53999344 324289280.00
2025/07/17 5.98 6.02 5.95 5.99 26048220 155677520.00
2025/07/18 6.02 6.03 5.91 5.93 31168800 185240112.00
2025/07/21 5.93 6.00 5.93 5.98 27379500 163513472.00
2025/07/22 5.98 5.98 5.90 5.97 26082300 154903552.00
2025/07/23 5.99 6.00 5.91 5.92 25744400 153138608.00
2025/07/24 5.91 5.95 5.91 5.95 18025102 106988400.00
2025/07/25 5.95 5.97 5.90 5.92 17003600 100732760.00
2025/07/28 5.92 5.95 5.91 5.94 14717308 87321256.00
2025/07/29 5.94 5.95 5.78 5.86 28939208 168869264.00
2025/07/30 5.86 5.86 5.75 5.79 19943080 115691992.00
2025/07/31 5.80 5.84 5.73 5.76 17750900 102687136.00
2025/08/01 5.74 5.80 5.73 5.76 12971600 74711232.00
2025/08/04 5.72 5.82 5.70 5.82 14784700 85576800.00
2025/08/05 5.82 5.96 5.81 5.96 28617028 169307424.00
2025/08/06 5.96 5.97 5.90 5.95 19832000 117728480.00
2025/08/07 5.96 5.98 5.90 5.95 19339608 114705864.00
2025/08/08 5.95 6.08 5.93 6.05 38098500 229763392.00
2025/08/11 6.08 6.10 6.03 6.09 27066380 164279024.00
2025/08/12 6.10 6.20 6.07 6.12 24279980 148639056.00
2025/08/13 6.12 6.20 6.08 6.20 34903500 214398928.00
2025/08/14 6.20 6.22 6.06 6.08 33080702 202835760.00
2025/08/15 6.11 6.19 6.08 6.19 30206504 185378000.00
2025/08/18 6.24 6.28 6.16 6.20 40039080 248244960.00
2025/08/19 6.20 6.23 6.11 6.15 30641086 188574080.00
2025/08/20 6.15 6.35 6.12 6.35 48586880 303679424.00
2025/08/21 6.38 6.39 6.26 6.28 34995900 220252000.00
2025/08/22 6.28 6.31 6.22 6.27 25796700 161293552.00
2025/08/25 6.28 6.32 6.19 6.26 31427622 196562736.00
2025/08/26 6.25 6.29 6.20 6.25 23210228 145210192.00
2025/08/27 6.25 6.26 6.06 6.06 32415780 200249072.00
2025/08/28 6.04 6.14 5.87 6.12 34458352 207653376.00
2025/08/29 6.12 6.13 6.04 6.06 19662232 119244856.00
2025/09/01 6.06 6.09 6.00 6.05 18344700 110933216.00
2025/09/02 6.05 6.05 5.82 5.87 25438200 149803008.00
2025/09/03 5.88 5.91 5.78 5.79 17322900 101145640.00
2025/09/04 5.81 5.92 5.72 5.79 21846200 127029544.00
2025/09/05 5.80 5.92 5.78 5.92 15869434 93093456.00
2025/09/08 5.93 5.96 5.91 5.96 13734400 81572768.00
2025/09/09 5.95 5.95 5.81 5.84 14468000 85004256.00
2025/09/10 5.85 5.87 5.79 5.85 10329020 60270596.00
2025/09/11 5.84 6.00 5.77 5.99 19455520 114998392.00
2025/09/12 5.98 6.01 5.90 5.92 15162600 90040528.00
2025/09/15 5.90 5.93 5.84 5.87 10526720 61792312.00
2025/09/16 5.87 5.92 5.81 5.92 12588500 73844048.00
2025/09/17 5.92 6.05 5.88 5.99 19282500 115226896.00
2025/09/18 6.02 6.05 5.84 5.87 18016204 107139744.00
2025/09/19 5.87 5.91 5.82 5.84 12053470 70538224.00
2025/09/22 5.82 5.88 5.78 5.87 12353200 71939280.00
2025/09/23 5.86 5.88 5.61 5.79 19962556 114241080.00
2025/09/24 5.75 5.86 5.72 5.86 11827720 68862960.00
2025/09/25 5.86 5.88 5.76 5.78 11888600 69123664.00
2025/09/26 5.77 5.92 5.75 5.84 15157600 88804312.00
2025/09/29 5.81 5.89 5.73 5.88 14163703 82720680.00
2025/09/30 5.87 5.92 5.85 5.90 11218787 66026768.00
2025/10/09 5.91 6.05 5.90 6.03 24261660 145766256.00
2025/10/10 6.01 6.09 5.98 6.09 24108568 145939904.00
2025/10/13 5.93 6.14 5.84 6.12 27451500 165143440.00
2025/10/14 6.15 6.15 6.04 6.06 20634936 125639144.00
2025/10/15 6.08 6.18 6.01 6.18 21231376 129614968.00
2025/10/16 6.23 6.26 6.09 6.13 16724700 102929624.00
2025/10/17 6.08 6.11 5.85 5.88 24654500 146689136.00
2025/10/20 5.95 6.07 5.94 6.03 20196980 121118872.00
2025/10/21 6.02 6.18 6.00 6.16 26152616 159654288.00
2025/10/22 6.70 6.78 6.60 6.78 49092572 331201440.00
2025/10/23 6.78 7.19 6.76 6.92 157158752 1092065280.00
2025/10/24 6.94 7.61 6.85 7.36 144498272 1043183872.00
2025/10/27 7.22 7.40 7.08 7.15 101523264 729313152.00
2025/10/28 7.14 7.28 7.06 7.19 67941088 487589088.00
2025/10/29 7.08 7.37 7.05 7.31 66941224 486361376.00
2025/10/30 7.27 7.45 7.17 7.18 59438764 431617632.00
2025/10/31 7.22 7.46 7.16 7.37 59008076 433084832.00
2025/11/03 7.42 7.48 7.17 7.35 51691120 375701408.00
2025/11/04 7.36 8.09 7.32 7.88 127515328 996278016.00
2025/11/05 7.65 8.23 7.62 7.98 109133768 861588544.00
2025/11/06 7.96 7.96 7.70 7.74 77248072 601975680.00
2025/11/07 7.74 7.93 7.63 7.66 60173336 464550016.00
2025/11/10 7.74 7.78 7.55 7.60 46643420 354977408.00
2025/11/11 7.66 7.84 7.64 7.68 49445900 382436896.00
2025/11/12 7.66 7.68 7.37 7.43 60511468 451609856.00
2025/11/13 7.41 7.45 7.31 7.41 38530036 284859840.00
2025/11/14 7.41 7.49 7.35 7.36 24977100 185402880.00
2025/11/17 7.36 7.38 7.16 7.21 35749284 258609056.00
2025/11/18 7.21 7.25 7.04 7.09 26238740 186610720.00
2025/11/19 7.10 7.14 6.94 6.97 22299000 156321872.00
2025/11/20 7.01 7.05 6.89 6.91 20346740 141306224.00
2025/11/21 6.85 6.85 6.56 6.56 30618200 204123424.00
2025/11/24 6.64 6.76 6.61 6.71 20225900 135094560.00
2025/11/25 6.73 6.91 6.71 6.82 21323400 145679088.00
2025/11/26 6.79 6.86 6.71 6.72 18380004 124697440.00
2025/11/27 6.73 6.83 6.72 6.75 14122100 95811440.00
2025/11/28 6.76 6.89 6.73 6.88 18416804 126001736.00
2025/12/01 6.91 6.93 6.83 6.86 17854100 122404784.00
2025/12/02 6.86 6.88 6.75 6.82 14258356 96974760.00
2025/12/03 6.82 6.85 6.76 6.78 15132000 102873088.00
2025/12/04 6.77 6.79 6.69 6.73 11777300 79346120.00
2025/12/05 6.74 6.87 6.68 6.85 16475956 112172696.00
2025/12/08 6.90 6.91 6.82 6.84 14008280 95980608.00
2025/12/09 6.82 7.03 6.80 6.89 29774310 206394640.00
2025/12/10 6.85 6.87 6.76 6.85 18300010 124615328.00
2025/12/11 6.88 6.94 6.78 6.78 17953200 123196008.00
2025/12/12 6.80 6.99 6.80 6.91 29238118 202057152.00
2025/12/15 6.90 7.02 6.88 6.93 23823500 165743008.00
2025/12/16 6.93 6.94 6.68 6.69 25493208 172154736.00
2025/12/17 6.69 6.76 6.53 6.74 27882680 184711760.00
2025/12/18 6.68 6.74 6.64 6.70 15931000 106788080.00
2025/12/19 6.71 6.90 6.70 6.89 22842700 156490080.00
2025/12/22 6.95 6.98 6.88 6.94 17534600 121660144.00
2025/12/23 6.91 7.01 6.88 7.01 19333500 134593056.00
2025/12/24 6.99 7.19 6.93 7.13 34602700 245799824.00
2025/12/25 7.14 7.15 7.07 7.14 19698100 140060064.00
2025/12/26 7.14 7.15 7.00 7.05 22555100 159495952.00
2025/12/29 7.05 7.10 7.03 7.07 15669880 110816912.00
2025/12/30 7.03 7.13 7.01 7.07 12954300 91637392.00
2025/12/31 7.05 7.07 6.95 6.99 14839260 103771264.00
2026/01/05 7.03 7.13 7.01 7.13 21108100 149806288.00
2026/01/06 7.12 7.30 7.09 7.28 32382480 233412352.00
2026/01/07 7.28 7.41 7.23 7.30 30704580 225166496.00
2026/01/08 7.09 7.14 6.94 7.06 44336204 313808608.00
2026/01/09 7.07 7.22 7.06 7.20 32657460 234177376.00
2026/01/12 7.19 7.19 7.07 7.11 39839572 283112416.00
2026/01/13 7.12 7.20 7.03 7.08 40390976 286915520.00
2026/01/14 7.09 7.21 7.03 7.12 37074720 263820560.00
2026/01/15 7.14 7.83 7.14 7.83 100057720 770283200.00
2026/01/16 8.61 8.61 8.09 8.26 226447648 1921248128.00
2026/01/19 8.05 9.09 8.05 9.09 184255056 1594692608.00
2026/01/20 9.47 10.00 9.29 10.00 219357456 2156807936.00
2026/01/21 9.64 10.33 9.30 9.68 223595136 2191988224.00
2026/01/22 9.40 9.60 8.82 8.97 162519152 1478528256.00
2026/01/23 9.10 9.87 8.99 9.56 169669152 1609473664.00
2026/01/26 9.48 9.66 9.06 9.18 116382952 1083538048.00
2026/01/27 9.09 9.28 8.79 9.08 94837688 854910080.00
2026/01/28 9.00 9.30 8.90 9.13 87505720 797111232.00
2026/01/29 9.00 9.00 8.56 8.59 86882728 760264512.00
2026/01/30 8.57 8.68 8.36 8.61 55868000 476841728.00
2026/02/02 8.72 9.36 8.72 9.03 112993144 1026396288.00
2026/02/03 8.99 9.16 8.91 9.09 73835000 666360576.00
2026/02/04 9.01 9.23 8.97 9.13 55871220 508034112.00
2026/02/05 9.04 9.04 8.75 8.82 47767440 422866944.00
2026/02/06 8.71 9.19 8.69 9.07 69301920 628756416.00
2026/02/09 9.18 9.20 8.95 9.11 51800180 469094880.00
2026/02/10 9.05 9.20 8.96 9.08 39352300 357222528.00
2026/02/11 9.05 9.14 9.01 9.02 33482580 303556832.00
2026/02/12 9.16 9.59 9.02 9.47 101592192 949571968.00
2026/02/13 9.31 9.35 9.05 9.10 60515140 553805824.00
2026/02/24 9.17 9.72 9.11 9.62 82169584 782515968.00
2026/02/25 9.62 9.63 9.47 9.53 57396900 547424256.00
#Ъ§ОнРДдД:ЭЈДяаХ
