002778 жаъЩИпПЦ ШеЯп ЧАИДШЈ
      ШеЦк	    ПЊХЬ	    зюИп	    зюЕЭ	    ЪеХЬ	    ГЩНЛСП	    ГЩНЛЖю
2021/08/02 15.80 16.08 15.32 15.97 1258707 19911720.00
2021/08/03 16.05 16.20 15.85 16.13 804600 13031852.00
2021/08/04 16.13 16.25 15.85 16.05 810020 13091461.00
2021/08/05 16.15 16.15 15.62 15.73 683600 10899536.00
2021/08/06 15.65 15.67 15.41 15.50 618720 9692101.00
2021/08/09 15.53 15.65 15.49 15.55 485660 7627103.00
2021/08/10 15.50 15.72 15.45 15.70 808300 12746548.00
2021/08/11 15.65 16.21 15.59 16.04 830960 13388401.00
2021/08/12 16.30 16.39 15.98 16.02 580080 9410268.00
2021/08/13 15.90 16.20 15.85 16.17 720798 11686052.00
2021/08/16 16.05 16.29 16.01 16.13 578560 9417006.00
2021/08/17 16.13 16.26 15.55 15.66 654880 10527034.00
2021/08/18 15.80 16.20 15.74 16.08 574100 9244524.00
2021/08/19 16.08 16.29 16.05 16.24 624940 10219604.00
2021/08/20 16.25 16.27 15.85 16.01 694140 11247316.00
2021/08/23 16.13 16.47 15.90 16.35 1115940 18366980.00
2021/08/24 16.35 16.49 16.16 16.23 828480 13656727.00
2021/08/25 16.02 16.76 16.02 16.75 1509865 25142540.00
2021/08/26 16.76 17.72 16.65 17.62 2082465 36249672.00
2021/08/27 17.77 17.92 16.81 17.55 2784805 48708624.00
2021/08/30 17.35 17.71 17.10 17.16 1457005 25503780.00
2021/08/31 17.35 17.50 17.16 17.27 952580 16630626.00
2021/09/01 17.83 17.83 16.71 16.87 1144300 19719150.00
2021/09/02 16.87 17.06 16.58 16.80 687361 11689033.00
2021/09/03 16.78 17.49 16.78 17.15 1116980 19386118.00
2021/09/06 17.37 17.54 17.14 17.27 1090261 19025862.00
2021/09/07 17.35 17.42 17.23 17.30 770440 13461906.00
2021/09/08 17.25 17.50 17.07 17.15 902200 15682561.00
2021/09/09 17.34 17.83 17.15 17.79 2357520 41983044.00
2021/09/10 17.83 17.85 17.03 17.14 1473860 25774012.00
2021/09/13 17.20 17.84 16.91 17.72 1563085 27531548.00
2021/09/14 17.75 18.10 17.46 17.94 1931671 34694364.00
2021/09/15 17.83 18.35 17.57 18.13 2204400 40180212.00
2021/09/16 18.40 18.40 17.53 17.57 1798220 32240056.00
2021/09/17 17.47 17.74 16.97 17.23 1470326 25675780.00
2021/09/22 17.15 17.63 16.95 17.60 1031764 18129170.00
2021/09/23 17.59 17.84 17.13 17.22 993120 17381292.00
2021/09/24 17.22 17.30 16.73 16.74 1105180 18983962.00
2021/09/27 16.88 16.95 15.85 15.90 1360180 22226196.00
2021/09/28 15.92 16.45 15.92 16.25 714400 11685158.00
2021/09/29 16.07 16.65 15.95 16.21 840738 13790880.00
2021/09/30 16.30 16.35 16.05 16.27 522206 8548407.00
2021/10/08 16.49 17.91 16.49 17.91 2734118 48038112.00
2021/10/11 18.35 19.17 17.17 17.76 4268362 76579336.00
2021/10/12 17.74 18.39 17.55 17.76 2471222 44477484.00
2021/10/13 17.77 17.98 17.45 17.97 1647298 29497812.00
2021/10/14 17.75 17.97 17.56 17.83 721180 12898806.00
2021/10/15 17.81 18.01 17.60 17.84 697618 12440776.00
2021/10/18 17.95 18.32 17.83 18.18 1700358 31014840.00
2021/10/19 17.97 18.45 17.65 18.32 2521119 46368880.00
2021/10/20 18.40 18.40 17.57 17.57 1743620 31151658.00
2021/10/21 17.57 17.88 17.43 17.65 1095435 19482604.00
2021/10/22 17.65 18.04 17.06 17.37 1525880 27005436.00
2021/10/25 17.38 18.23 17.10 17.95 1946598 34881468.00
2021/10/26 17.91 18.10 17.56 17.93 1359698 24391840.00
2021/10/27 17.95 18.02 17.41 17.89 1315140 23453212.00
2021/10/28 17.79 18.00 17.55 17.55 1451100 26029788.00
2021/10/29 17.54 17.75 16.25 17.57 2442359 41917616.00
2021/11/01 17.55 17.90 17.15 17.73 1234758 21980008.00
2021/11/02 17.72 18.07 17.45 17.75 1598680 28673632.00
2021/11/03 17.75 18.23 17.74 17.90 1831994 33206966.00
2021/11/04 17.99 18.13 17.73 17.91 1269760 22936676.00
2021/11/05 17.91 18.07 17.62 17.63 1395715 25064060.00
2021/11/08 17.63 17.93 17.55 17.75 843797 15096930.00
2021/11/09 17.89 17.89 17.45 17.70 964900 17137664.00
2021/11/10 17.70 18.30 17.52 18.01 2618655 47431604.00
2021/11/11 18.34 18.34 17.90 18.22 2420634 44205492.00
2021/11/12 18.21 19.02 18.09 18.75 4293588 80777904.00
2021/11/15 18.49 19.26 18.49 19.15 3109160 59538464.00
2021/11/16 19.12 19.12 18.43 18.56 2734540 51598516.00
2021/11/17 18.69 19.09 18.21 19.04 2461035 46351200.00
2021/11/18 19.04 19.20 18.68 18.72 2011160 38321820.00
2021/11/19 18.72 19.31 18.55 19.03 2528940 48467972.00
2021/11/22 18.95 19.64 18.77 19.30 2778960 53895144.00
2021/11/23 19.25 19.25 18.53 18.67 2576960 48935484.00
2021/11/24 18.66 19.13 18.45 18.77 1924360 36438712.00
2021/11/25 18.78 19.09 18.35 19.09 2662828 50339128.00
2021/11/26 19.09 19.13 18.58 18.92 1742660 32961502.00
2021/11/29 18.56 18.56 17.90 18.15 2065880 37998324.00
2021/11/30 18.14 19.40 17.95 18.86 4038482 76827024.00
2021/12/01 18.95 19.20 18.65 19.05 2380400 45608260.00
2021/12/02 18.88 19.47 18.73 19.26 2527214 48764832.00
2021/12/03 19.33 19.33 18.80 19.05 1776800 34096752.00
2021/12/06 19.14 19.40 18.71 18.73 1801070 34507808.00
2021/12/07 18.69 18.87 18.34 18.48 1919700 35911584.00
2021/12/08 18.55 18.72 18.33 18.48 913180 17056904.00
2021/12/09 18.48 18.73 18.13 18.73 2526706 46914120.00
2021/12/10 18.74 19.01 18.54 18.67 1316760 24879394.00
2021/12/13 18.57 18.70 18.23 18.23 1119110 20770980.00
2021/12/14 18.25 18.38 18.10 18.35 619440 11422469.00
2021/12/15 18.33 18.75 18.25 18.32 1666400 31176498.00
2021/12/16 18.25 18.47 18.13 18.25 828258 15254078.00
2021/12/17 18.22 18.28 17.77 17.80 1450760 26307366.00
2021/12/20 17.72 18.07 17.61 17.89 900920 16261060.00
2021/12/21 17.89 18.04 17.78 18.01 591120 10688178.00
2021/12/22 18.06 18.20 17.97 18.10 693440 12635839.00
2021/12/23 18.03 18.14 17.72 17.79 1058124 19061778.00
2021/12/24 17.74 17.94 17.15 17.18 2217360 38967932.00
2021/12/27 17.20 17.53 16.95 17.53 1737220 30291506.00
2021/12/28 17.55 17.73 17.25 17.62 1080760 19151922.00
2021/12/29 17.64 17.85 17.39 17.69 1077140 19170208.00
2021/12/30 17.65 17.93 17.62 17.85 807220 14457527.00
2021/12/31 17.82 18.09 17.79 17.96 987340 17873174.00
2022/01/04 17.92 18.33 17.83 18.28 1871510 34120660.00
2022/01/05 18.28 18.47 18.03 18.31 1507500 27707676.00
2022/01/06 18.64 20.16 18.06 18.29 4873534 93153112.00
2022/01/07 18.06 18.51 17.90 18.29 2581534 47179588.00
2022/01/10 18.28 18.34 18.08 18.20 1204000 22123758.00
2022/01/11 18.24 18.34 18.07 18.08 803620 14736046.00
2022/01/12 18.09 18.35 18.05 18.32 1313313 24113926.00
2022/01/13 18.22 18.49 18.22 18.33 1010320 18648194.00
2022/01/14 18.06 18.34 18.06 18.21 1222760 22456496.00
2022/01/17 18.05 18.28 18.05 18.26 1210412 22183436.00
2022/01/18 18.26 18.27 17.96 18.20 912500 16659830.00
2022/01/19 18.20 18.20 17.86 18.05 1325820 24126672.00
2022/01/20 17.97 18.14 17.52 17.85 1279880 22931472.00
2022/01/21 17.80 17.93 17.36 17.48 898000 15876653.00
2022/01/24 17.37 17.65 17.21 17.54 1444273 25550950.00
2022/01/25 17.72 17.90 17.36 17.45 2227820 39813152.00
2022/01/26 17.45 17.80 17.32 17.61 652010 11561396.00
2022/01/27 17.63 17.77 17.15 17.21 796120 13943174.00
2022/01/28 17.21 17.58 17.15 17.47 1445980 25427224.00
2022/02/07 17.74 17.77 17.29 17.58 1409620 24903986.00
2022/02/08 17.78 18.22 17.47 18.02 2049460 36951944.00
2022/02/09 17.97 18.28 17.87 18.11 1612880 29488690.00
2022/02/10 18.28 18.55 18.03 18.16 1121620 20555728.00
2022/02/11 18.16 18.36 17.90 18.14 1593320 29167654.00
2022/02/14 18.28 18.28 17.71 17.82 1507180 27221034.00
2022/02/15 17.85 17.92 17.45 17.53 1070733 18988416.00
2022/02/16 17.60 17.75 17.51 17.65 812233 14434087.00
2022/02/17 17.65 17.92 17.48 17.54 1030440 18390374.00
2022/02/18 17.52 17.65 17.33 17.60 695560 12290947.00
2022/02/21 17.54 17.69 17.45 17.65 781995 13868884.00
2022/02/22 17.70 17.73 17.31 17.52 929560 16386212.00
2022/02/23 17.53 17.73 17.42 17.72 887600 15762798.00
2022/02/24 17.65 18.23 17.28 18.04 3669168 66070852.00
2022/02/25 18.24 18.85 17.75 18.65 5953218 111067712.00
2022/02/28 18.73 19.35 18.37 18.57 3867560 72585008.00
2022/03/01 18.83 19.03 18.53 18.67 2641560 49892672.00
2022/03/02 18.96 19.45 18.87 19.28 7164014 138777168.00
2022/03/03 19.63 19.63 19.01 19.36 5165600 100805656.00
2022/03/04 19.25 19.25 18.62 18.73 3293800 62579328.00
2022/03/07 18.82 19.24 18.51 18.67 3332960 63399720.00
2022/03/08 18.41 18.85 18.21 18.40 1774700 33013090.00
2022/03/09 18.45 18.63 16.95 17.46 3998674 71146960.00
2022/03/10 17.85 17.85 17.06 17.35 4606994 80514240.00
2022/03/11 17.18 17.53 16.44 17.40 3619280 61975500.00
2022/03/14 17.42 17.49 16.87 16.87 1873420 32515970.00
2022/03/15 16.85 17.14 16.21 16.26 2879400 48042820.00
2022/03/16 16.83 16.83 15.95 16.36 2031320 33609756.00
2022/03/17 16.62 16.73 16.25 16.39 1968974 32659554.00
2022/03/18 16.36 16.82 16.36 16.70 1361440 22835704.00
2022/03/21 16.76 17.17 16.58 16.85 2995940 51092752.00
2022/03/22 16.76 17.15 16.75 17.01 2122560 36308800.00
2022/03/23 17.01 17.01 16.65 16.80 1608900 27307250.00
2022/03/24 16.85 16.93 16.41 16.47 1777340 29752262.00
2022/03/25 16.51 16.67 16.35 16.42 1048860 17475622.00
2022/03/28 16.35 16.55 15.96 16.35 1088980 17855060.00
2022/03/29 16.35 17.25 16.05 17.01 4306443 73018984.00
2022/03/30 17.15 17.20 16.80 16.99 2123254 36356872.00
2022/03/31 16.99 16.99 16.78 16.92 1111654 18903954.00
2022/04/01 16.83 16.88 16.63 16.67 982340 16571490.00
2022/04/06 16.67 17.17 16.56 16.99 1464060 25028396.00
2022/04/07 17.04 17.04 16.55 16.57 1068060 18041296.00
2022/04/08 16.49 16.80 16.20 16.25 1210820 19965822.00
2022/04/11 16.25 16.35 15.97 15.98 997260 16167320.00
2022/04/12 16.18 16.38 15.70 16.35 875740 14291210.00
2022/04/13 16.50 16.55 16.12 16.23 1231080 20315736.00
2022/04/14 16.33 16.33 15.88 15.94 853804 13842413.00
2022/04/15 16.12 16.12 15.41 15.44 1367960 21670350.00
2022/04/18 15.33 15.35 14.35 14.50 2355160 34817280.00
2022/04/19 14.06 14.96 14.06 14.91 1440420 21494688.00
2022/04/20 14.89 15.12 14.50 14.50 987400 14708857.00
2022/04/21 14.68 14.75 13.86 14.03 1232100 17767722.00
2022/04/22 14.03 14.14 13.65 13.71 1091660 15354838.00
2022/04/25 13.56 13.67 12.32 12.35 1633260 21140910.00
2022/04/26 12.45 12.85 11.60 11.64 1802780 22218690.00
2022/04/27 11.63 12.04 11.15 11.95 1393120 16353728.00
2022/04/28 12.75 12.75 11.37 11.43 1332360 15760700.00
2022/04/29 11.69 12.30 11.44 11.97 1597060 19447728.00
2022/05/05 12.04 12.99 11.94 12.82 1637038 20942324.00
2022/05/06 12.72 13.34 12.45 12.50 1195034 15474660.00
2022/05/09 12.50 12.89 12.36 12.60 691840 8808281.00
2022/05/10 12.66 12.70 12.21 12.59 928444 11738408.00
2022/05/11 12.56 13.05 12.51 12.56 1068560 13789118.00
2022/05/12 12.45 12.85 12.45 12.64 705854 9066236.00
2022/05/13 12.63 12.92 12.55 12.66 726240 9355436.00
2022/05/16 12.76 13.04 12.58 12.70 729820 9437135.00
2022/05/17 12.70 12.91 12.52 12.68 542240 6956728.00
2022/05/18 12.68 12.95 12.56 12.75 527820 6837249.50
2022/05/19 12.67 12.84 12.45 12.70 1093020 14016912.00
2022/05/20 12.64 13.06 12.64 12.84 1418566 18352464.00
2022/05/23 12.99 13.26 12.88 13.00 1401720 18322510.00
2022/05/24 13.00 13.11 12.54 12.54 1227040 15666972.00
2022/05/25 12.49 12.81 12.48 12.77 899433 11428294.00
2022/05/26 12.78 12.92 12.47 12.89 1103200 14030533.00
2022/05/27 13.00 13.45 12.89 13.22 2062180 27217164.00
2022/05/30 13.49 13.49 13.10 13.40 1725240 22869382.00
2022/05/31 13.55 14.06 13.31 13.41 1642120 22183318.00
2022/06/01 13.45 13.55 13.14 13.30 1159660 15445479.00
2022/06/02 13.30 13.35 13.13 13.24 897300 11878083.00
2022/06/06 13.49 13.54 13.22 13.47 1225720 16472127.00
2022/06/07 13.56 13.56 13.12 13.35 857000 11388923.00
2022/06/08 13.20 13.52 13.01 13.24 1184960 15730126.00
2022/06/09 13.15 13.56 13.15 13.22 1568740 20963172.00
2022/06/10 13.10 13.60 13.03 13.50 1471900 19808720.00
2022/06/13 13.48 13.68 13.28 13.52 1442758 19407294.00
2022/06/14 13.51 13.56 13.03 13.55 1551353 20683418.00
2022/06/15 13.55 13.55 13.10 13.12 1967233 26132210.00
2022/06/16 13.12 13.48 12.95 13.21 1770400 23336552.00
2022/06/17 13.17 13.27 12.90 13.03 1070700 13990760.00
2022/06/20 13.13 13.32 12.93 13.18 1173640 15405903.00
2022/06/21 13.22 13.26 12.93 13.07 1056720 13838571.00
2022/06/22 13.05 13.20 12.69 12.71 968100 12475353.00
2022/06/23 12.75 12.86 12.53 12.85 1095440 13917489.00
2022/06/24 12.89 13.16 12.67 13.14 969966 12660614.00
2022/06/27 13.30 13.36 13.00 13.06 1052800 13794881.00
2022/06/28 13.10 13.63 13.10 13.46 2011646 27038670.00
2022/06/29 13.39 13.55 12.96 12.96 1281380 16890140.00
2022/06/30 13.00 13.29 13.00 13.06 941584 12318528.00
2022/07/01 13.14 13.34 13.00 13.12 967960 12763489.00
2022/07/04 13.20 13.20 13.00 13.14 847307 11081098.00
2022/07/05 13.14 13.23 12.77 12.89 1100760 14249770.00
2022/07/06 13.02 13.05 12.56 12.64 1039328 13183641.00
2022/07/07 12.64 12.83 12.53 12.76 1264868 16018731.00
2022/07/08 12.89 12.93 12.68 12.76 870600 11162548.00
2022/07/11 12.76 12.86 12.47 12.51 937075 11761965.00
2022/07/12 12.51 12.55 12.35 12.38 775840 9649968.00
2022/07/13 12.36 12.54 12.30 12.53 892700 11137853.00
2022/07/14 12.52 12.63 12.35 12.40 813373 10132182.00
2022/07/15 12.37 12.49 12.05 12.20 1096952 13365722.00
2022/07/18 12.21 12.56 12.05 12.51 1575140 19677650.00
2022/07/19 12.67 12.69 12.47 12.66 1409747 17775902.00
2022/07/20 12.67 12.77 12.56 12.77 887440 11254708.00
2022/07/21 12.80 12.86 12.66 12.67 825300 10498710.00
2022/07/22 12.67 12.98 12.65 12.76 1331100 17028324.00
2022/07/25 12.94 12.94 12.69 12.79 955240 12243194.00
2022/07/26 12.85 12.87 12.58 12.87 884620 11281205.00
2022/07/27 12.90 12.96 12.80 12.91 647320 8330509.00
2022/07/28 12.94 13.25 12.85 13.12 1586940 20745930.00
2022/07/29 13.11 13.14 12.80 12.91 955640 12385222.00
2022/08/01 13.20 13.20 12.86 12.92 836797 10839022.00
2022/08/02 12.92 12.92 12.40 12.60 2026563 25581346.00
2022/08/03 12.60 12.96 12.35 12.47 1400000 17737352.00
2022/08/04 12.49 12.77 12.42 12.67 977857 12305254.00
2022/08/05 12.70 12.82 12.59 12.77 760600 9645304.00
2022/08/08 12.78 12.88 12.70 12.88 597740 7653677.50
2022/08/09 12.90 13.13 12.82 13.04 832272 10820836.00
2022/08/10 13.11 13.12 12.98 13.11 951220 12429726.00
2022/08/11 13.24 13.42 13.11 13.40 1641660 21804792.00
2022/08/12 13.40 13.47 13.26 13.32 1244820 16647407.00
2022/08/15 13.31 13.37 13.15 13.24 1222960 16167182.00
2022/08/16 13.29 13.45 13.08 13.30 1343097 17816972.00
2022/08/17 13.36 13.54 13.20 13.45 1469900 19656788.00
2022/08/18 13.46 13.73 13.28 13.55 1881860 25550426.00
2022/08/19 13.41 13.65 13.41 13.48 1395350 18840414.00
2022/08/22 13.35 13.99 13.35 13.73 1689600 23050272.00
2022/08/23 13.79 14.21 13.57 14.04 2365673 32846886.00
2022/08/24 13.98 15.44 13.80 15.44 7075541 105050360.00
2022/08/25 16.62 16.98 16.62 16.98 7047520 118875712.00
2022/08/26 17.99 17.99 15.28 15.28 18656097 303673120.00
2022/08/29 14.00 14.75 13.79 14.30 11634862 164431808.00
2022/08/30 14.03 14.59 13.85 13.99 6662894 94169664.00
2022/08/31 13.94 14.06 12.85 12.92 6886192 91381560.00
2022/09/01 12.98 13.11 12.44 12.56 4628912 59058968.00
2022/09/02 12.64 12.89 12.47 12.82 3064220 38951272.00
2022/09/05 12.83 13.84 12.78 13.40 5986622 80126136.00
2022/09/06 13.50 13.59 13.17 13.33 2525060 33618524.00
2022/09/07 13.45 13.71 13.35 13.49 2572140 34740904.00
2022/09/08 13.49 13.60 13.25 13.40 2069440 27695174.00
2022/09/09 13.31 13.59 13.28 13.29 1558900 20898048.00
2022/09/13 13.29 13.59 13.26 13.39 1539560 20621552.00
2022/09/14 13.14 13.68 13.14 13.66 2604400 35273540.00
2022/09/15 13.67 13.80 13.17 13.50 2550420 34035236.00
2022/09/16 13.56 13.61 13.19 13.32 2097680 28068388.00
2022/09/19 13.21 13.56 13.06 13.34 2104732 28012738.00
2022/09/20 13.38 13.55 13.26 13.50 1813660 24301218.00
2022/09/21 13.58 14.05 13.31 13.99 2882640 39570432.00
2022/09/22 13.96 14.24 13.84 14.15 2764400 38890020.00
2022/09/23 14.24 14.51 14.01 14.03 2806580 39906552.00
2022/09/26 14.14 14.23 13.63 13.85 1702200 23692384.00
2022/09/27 13.94 14.43 13.76 14.35 2192680 31035144.00
2022/09/28 14.44 14.45 13.88 13.88 2409500 34122496.00
2022/09/29 14.05 14.24 13.52 13.69 1731600 23869258.00
2022/09/30 13.69 13.82 12.97 13.03 2473560 32872426.00
2022/10/10 13.15 13.58 12.79 12.85 1573100 20796806.00
2022/10/11 12.96 13.08 12.42 12.77 1537500 19579720.00
2022/10/12 12.80 13.02 12.36 12.90 1713637 21649304.00
2022/10/13 12.93 13.02 12.53 12.96 1617200 20726652.00
2022/10/14 12.95 13.32 12.95 13.10 2082452 27368706.00
2022/10/17 13.05 14.06 12.95 14.01 2972483 40538604.00
2022/10/18 14.02 14.11 13.58 13.62 1976640 27215252.00
2022/10/19 13.60 13.68 13.40 13.47 1437100 19411356.00
2022/10/20 13.47 14.82 13.30 14.82 5823896 83774008.00
2022/10/21 14.36 14.91 14.20 14.48 7016277 101261984.00
2022/10/24 14.48 14.66 14.13 14.22 3500444 50257312.00
2022/10/25 14.14 14.49 14.05 14.09 3035460 43128420.00
2022/10/26 13.94 14.26 13.88 14.25 3235360 45718816.00
2022/10/27 14.15 14.35 13.78 13.80 3107332 43517700.00
2022/10/28 13.80 14.91 13.60 14.00 4139632 58720760.00
2022/10/31 14.02 14.30 13.58 14.29 3328641 46648180.00
2022/11/01 14.17 14.48 14.05 14.41 2936938 41974584.00
2022/11/02 14.40 14.57 14.25 14.39 2317351 33348358.00
2022/11/03 14.21 14.66 14.20 14.50 2493783 36099340.00
2022/11/04 14.49 14.77 14.39 14.55 2083600 30215528.00
2022/11/07 14.52 14.94 14.41 14.63 2503324 36742052.00
2022/11/08 14.65 14.81 14.28 14.64 1713760 24905436.00
2022/11/09 14.91 15.32 14.52 14.79 2693135 39972692.00
2022/11/10 14.72 15.60 14.58 15.54 4212456 64155760.00
2022/11/11 15.70 15.89 15.34 15.38 3235574 50298244.00
2022/11/14 16.01 16.01 15.25 15.38 2080472 32264088.00
2022/11/15 15.38 15.65 15.24 15.35 2137351 32847798.00
2022/11/16 15.46 15.84 15.27 15.70 1629639 25409490.00
2022/11/17 15.55 15.71 15.28 15.30 1511445 23330242.00
2022/11/18 15.41 15.55 15.22 15.29 1433680 21989578.00
2022/11/21 15.30 15.70 15.10 15.58 1366820 21094268.00
2022/11/22 15.59 15.74 15.36 15.43 990460 15364561.00
2022/11/23 15.50 15.62 15.26 15.45 1180347 18223394.00
2022/11/24 15.43 15.95 15.26 15.85 1951580 30702280.00
2022/11/25 15.80 15.99 15.33 15.34 1511020 23515228.00
2022/11/28 15.30 15.60 15.10 15.53 1256104 19351320.00
2022/11/29 15.76 15.76 15.38 15.53 893360 13870173.00
2022/11/30 15.65 15.65 15.07 15.13 1574720 23980964.00
2022/12/01 15.25 15.83 15.14 15.39 1523380 23646292.00
2022/12/02 15.44 15.73 15.20 15.59 1073280 16731250.00
2022/12/05 15.59 16.10 15.51 15.93 1964004 31010824.00
2022/12/06 15.99 16.38 15.81 16.25 2316580 37417488.00
2022/12/07 16.24 16.34 15.99 16.05 1310620 21141560.00
2022/12/08 16.02 16.21 15.71 15.77 993300 15719473.00
2022/12/09 15.93 15.93 15.60 15.72 931378 14656636.00
2022/12/12 15.71 16.10 15.44 15.81 1627060 25696694.00
2022/12/13 15.90 15.90 15.55 15.66 735800 11548724.00
2022/12/14 15.70 15.87 15.51 15.56 763035 11967354.00
2022/12/15 15.65 15.81 15.50 15.55 583600 9119052.00
2022/12/16 15.59 15.75 15.46 15.46 932240 14505495.00
2022/12/19 15.50 15.56 15.12 15.20 1032675 15808101.00
2022/12/20 15.23 15.54 15.13 15.23 777439 11909568.00
2022/12/21 15.39 15.47 15.12 15.21 591620 9012365.00
2022/12/22 15.39 15.39 14.58 14.72 1122598 16714056.00
2022/12/23 14.72 15.08 14.58 14.77 859840 12723270.00
2022/12/26 14.80 15.01 14.74 14.90 557385 8297239.50
2022/12/27 15.01 15.03 14.38 14.48 944380 13791532.00
2022/12/28 14.48 14.55 14.02 14.35 1244800 17734592.00
2022/12/29 14.30 14.52 14.13 14.18 551660 7852298.00
2022/12/30 14.36 14.36 14.12 14.20 461660 6553185.00
2023/01/03 14.19 14.79 14.18 14.46 756480 10960943.00
2023/01/04 14.45 14.51 14.22 14.34 868000 12421364.00
2023/01/05 14.25 14.58 14.21 14.34 1087600 15589060.00
2023/01/06 14.25 14.51 14.17 14.31 745328 10701879.00
2023/01/09 14.31 14.50 14.26 14.38 439309 6331979.50
2023/01/10 14.32 14.65 14.27 14.54 1071180 15512528.00
2023/01/11 14.54 14.75 14.04 14.11 1380320 19708056.00
2023/01/12 14.17 14.70 14.02 14.40 1560030 22341684.00
2023/01/13 14.41 14.44 14.13 14.29 965840 13759874.00
2023/01/16 14.20 15.72 14.20 14.69 2776193 41289500.00
2023/01/17 14.78 14.80 14.28 14.46 2057666 29788372.00
2023/01/18 14.47 14.66 14.35 14.35 710100 10228676.00
2023/01/19 14.35 14.47 14.31 14.41 699940 10069822.00
2023/01/20 14.43 14.61 14.41 14.55 1082000 15713319.00
2023/01/30 14.69 15.14 14.62 15.01 1760980 26290130.00
2023/01/31 14.96 16.43 14.85 16.33 4232940 67186416.00
2023/02/01 16.25 16.59 15.91 16.47 3173471 52047232.00
2023/02/02 16.60 16.60 15.39 15.56 4697451 74045984.00
2023/02/03 15.42 15.95 15.27 15.88 2845746 44527420.00
2023/02/06 16.00 16.05 15.54 15.73 1706140 26904672.00
2023/02/07 15.88 15.88 15.64 15.69 1401458 22083640.00
2023/02/08 15.76 16.20 15.59 15.86 2002814 31925960.00
2023/02/09 15.86 16.06 15.72 15.90 883780 14041234.00
2023/02/10 15.90 15.99 15.55 15.68 1200300 18892400.00
2023/02/13 15.76 15.89 15.53 15.65 1169960 18355106.00
2023/02/14 15.70 15.76 15.38 15.53 1195180 18597428.00
2023/02/15 15.58 15.85 15.38 15.62 1542600 24038806.00
2023/02/16 15.70 15.70 15.00 15.10 1369200 21033696.00
2023/02/17 15.00 15.65 15.00 15.49 1581220 24399216.00
2023/02/20 15.67 16.11 15.37 15.75 2232600 35256676.00
2023/02/21 15.80 15.91 15.61 15.90 878800 13912674.00
2023/02/22 15.85 16.04 15.80 15.98 814000 13007921.00
2023/02/23 15.98 16.11 15.86 15.95 764400 12203314.00
2023/02/24 15.93 16.06 15.81 15.97 700540 11156754.00
2023/02/27 15.91 16.10 15.77 15.77 700000 11127398.00
2023/02/28 15.77 15.97 15.59 15.68 586740 9220653.00
2023/03/01 15.68 15.84 15.54 15.64 872160 13650529.00
2023/03/02 15.69 15.91 15.64 15.86 1253200 19817432.00
2023/03/03 15.88 16.60 15.82 16.16 2966689 48116884.00
2023/03/06 16.04 16.88 16.00 16.27 3395209 55551724.00
2023/03/07 16.34 17.90 16.18 17.15 13369926 231113296.00
2023/03/08 16.65 16.68 15.44 16.49 10343462 164585584.00
2023/03/09 15.90 16.37 15.76 16.06 6696012 107111744.00
2023/03/10 15.90 17.58 15.54 15.62 4958308 78974144.00
2023/03/13 15.23 15.62 15.12 15.48 3453110 53096220.00
2023/03/14 15.58 15.64 15.32 15.41 2165480 33437762.00
2023/03/15 15.40 15.60 15.12 15.14 2001180 30680296.00
2023/03/16 15.26 15.26 14.86 14.88 1515320 22802494.00
2023/03/17 14.88 15.18 14.88 15.03 1476738 22209240.00
2023/03/20 15.29 15.29 14.73 14.74 1262660 18840634.00
2023/03/21 14.84 14.86 14.71 14.85 1228760 18195262.00
2023/03/22 14.93 15.16 14.84 14.93 1498920 22404448.00
2023/03/23 14.85 15.10 14.84 15.07 1079580 16194542.00
2023/03/24 15.05 15.34 15.05 15.18 1347060 20475040.00
2023/03/27 15.20 15.60 15.00 15.08 1880498 28697284.00
2023/03/28 15.13 15.33 15.08 15.22 1390386 21110976.00
2023/03/29 15.32 15.38 14.76 15.01 1526460 22874398.00
2023/03/30 15.01 15.45 14.85 15.45 2158260 32871574.00
2023/03/31 15.44 15.79 15.38 15.70 2095820 32781862.00
2023/04/03 15.88 15.88 15.51 15.61 1019520 15934775.00
2023/04/04 15.70 15.70 15.12 15.19 1656700 25449592.00
2023/04/06 15.28 15.39 15.07 15.33 899160 13673454.00
2023/04/07 15.33 15.41 15.18 15.20 654680 10000589.00
2023/04/10 15.17 15.38 14.77 14.82 1656560 24681152.00
2023/04/11 14.81 14.86 14.56 14.67 1035740 15208383.00
2023/04/12 14.64 14.82 14.59 14.67 608400 8951269.00
2023/04/13 14.63 14.72 14.28 14.30 1001200 14471157.00
2023/04/14 14.42 14.71 14.30 14.66 827000 12023741.00
2023/04/17 14.65 14.87 14.39 14.44 933180 13623985.00
2023/04/18 14.44 14.45 14.08 14.14 772300 10967919.00
2023/04/19 14.20 14.41 14.11 14.24 696780 9932201.00
2023/04/20 14.26 14.31 13.66 13.86 1112640 15437316.00
2023/04/21 13.96 13.96 13.36 13.38 894800 12141383.00
2023/04/24 13.54 13.61 13.16 13.42 849810 11378506.00
2023/04/25 13.50 13.58 13.06 13.37 940500 12478545.00
2023/04/26 13.31 13.70 13.12 13.61 947600 12822879.00
2023/04/27 13.63 14.25 13.56 13.99 973520 13616501.00
2023/04/28 13.94 14.19 13.88 13.88 798240 11160547.00
2023/05/04 13.61 14.08 13.60 13.93 1134420 15826756.00
2023/05/05 14.05 14.05 13.62 13.91 1204300 16628477.00
2023/05/08 13.92 14.10 13.77 13.88 904280 12545751.00
2023/05/09 13.88 13.94 13.56 13.61 853440 11680397.00
2023/05/10 13.60 13.87 13.55 13.64 790600 10822897.00
2023/05/11 13.74 13.99 13.66 13.93 864940 12024736.00
2023/05/12 13.95 14.05 13.78 13.78 1219826 16921882.00
2023/05/15 13.78 14.20 13.69 13.89 1135860 15849911.00
2023/05/16 13.89 14.13 13.80 13.88 868740 12091553.00
2023/05/17 13.80 14.11 13.68 14.01 1491300 20852320.00
2023/05/18 14.01 14.26 13.98 14.12 906680 12813641.00
2023/05/19 14.12 14.25 13.98 14.00 688360 9670538.00
2023/05/22 14.00 14.20 13.91 14.14 742300 10453886.00
2023/05/23 14.23 14.79 14.18 14.60 3149320 45802728.00
2023/05/24 14.60 14.86 14.46 14.70 2459560 36081736.00
2023/05/25 14.86 14.86 14.53 14.69 1101940 16165257.00
2023/05/26 14.74 14.74 14.45 14.61 1040000 15163243.00
2023/05/29 14.61 14.72 14.52 14.60 841400 12291918.00
2023/05/30 14.66 14.68 14.43 14.65 930140 13543689.00
2023/05/31 14.64 14.78 14.32 14.42 1213600 17512802.00
2023/06/01 14.50 14.50 14.14 14.34 1116500 15949379.00
2023/06/02 14.39 14.68 14.39 14.47 809300 11780830.00
2023/06/05 14.54 14.70 14.28 14.50 704440 10172270.00
2023/06/06 14.60 14.66 14.25 14.30 1104800 15851482.00
2023/06/07 14.33 15.09 14.08 14.85 2581940 38085668.00
2023/06/08 14.88 15.15 14.66 14.81 1763340 26243526.00
2023/06/09 14.69 14.80 14.53 14.66 954600 14014154.00
2023/06/12 14.72 14.76 14.35 14.57 1025720 14867349.00
2023/06/13 14.59 14.72 14.49 14.56 787900 11494168.00
2023/06/14 14.57 14.69 14.31 14.39 1133400 16416551.00
2023/06/15 14.49 15.13 14.30 14.86 2744660 40425772.00
2023/06/16 14.76 14.80 14.45 14.53 1839280 26822946.00
2023/06/19 14.58 15.10 14.49 14.81 2655748 39633120.00
2023/06/20 14.87 14.87 14.41 14.41 1680680 24394232.00
2023/06/21 14.55 14.55 13.97 14.01 1498100 21276782.00
2023/06/26 14.00 14.12 13.58 13.62 1106200 15240380.00
2023/06/27 13.87 14.40 13.65 14.29 1831600 25932408.00
2023/06/28 14.33 14.42 14.00 14.16 1102720 15611703.00
2023/06/29 14.21 14.44 14.10 14.26 1066300 15268710.00
2023/06/30 14.27 14.59 14.27 14.52 1346600 19514032.00
2023/07/03 14.55 14.90 14.55 14.77 1241300 18378852.00
2023/07/04 14.77 14.95 14.63 14.78 881240 13033634.00
2023/07/05 14.78 14.85 14.60 14.71 845200 12470805.00
2023/07/06 14.79 14.83 14.62 14.71 741260 10908866.00
2023/07/07 14.68 14.78 14.63 14.67 711960 10470229.00
2023/07/10 14.75 14.80 14.57 14.68 731600 10717463.00
2023/07/11 14.71 14.75 14.55 14.74 592600 8703794.00
2023/07/12 14.75 14.87 14.65 14.75 850720 12582177.00
2023/07/13 14.75 15.15 14.62 15.13 2362880 35377948.00
2023/07/14 15.12 15.36 14.97 15.24 2161786 32863900.00
2023/07/17 15.25 15.25 15.00 15.17 1492280 22577198.00
2023/07/18 15.25 15.35 15.11 15.16 1469220 22377252.00
2023/07/19 15.18 15.31 15.13 15.18 941420 14303619.00
2023/07/20 15.16 15.27 15.02 15.08 1166060 17699506.00
2023/07/21 15.09 15.22 15.00 15.06 734120 11081225.00
2023/07/24 15.18 15.18 14.90 14.98 925600 13908006.00
2023/07/25 15.08 15.18 15.01 15.08 764320 11538135.00
2023/07/26 15.04 15.26 15.01 15.13 1139060 17286636.00
2023/07/27 15.17 15.23 15.01 15.08 997380 15084605.00
2023/07/28 15.08 15.14 14.93 15.04 1180960 17737924.00
2023/07/31 15.12 15.19 14.94 15.01 1069100 16070064.00
2023/08/01 15.01 15.06 14.85 14.92 840500 12546890.00
2023/08/02 15.00 15.05 14.87 14.98 927200 13871105.00
2023/08/03 14.98 15.00 14.78 14.80 904260 13418443.00
2023/08/04 14.98 14.99 14.67 14.70 1010400 14889326.00
2023/08/07 14.80 14.84 14.58 14.65 890050 13046001.00
2023/08/08 14.63 14.90 14.58 14.88 987360 14609383.00
2023/08/09 14.80 14.92 14.32 14.39 1035820 15025768.00
2023/08/10 14.47 14.57 14.28 14.55 934240 13535292.00
2023/08/11 14.56 14.56 14.30 14.34 799480 11495298.00
2023/08/14 14.35 14.47 14.08 14.35 967320 13782297.00
2023/08/15 14.35 14.49 14.19 14.23 622720 8887473.00
2023/08/16 14.23 14.40 14.00 14.15 651580 9280384.00
2023/08/17 14.15 14.35 13.94 14.32 1159960 16471013.00
2023/08/18 14.32 14.72 14.15 14.23 1579640 22763250.00
2023/08/21 14.30 14.60 14.30 14.43 1703700 24602150.00
2023/08/22 14.46 14.58 14.13 14.45 1502837 21525182.00
2023/08/23 14.44 15.90 14.30 15.90 8355297 127671504.00
2023/08/24 15.50 15.85 14.92 15.55 15017018 230273680.00
2023/08/25 15.38 16.59 15.38 15.43 15473820 246174096.00
2023/08/28 15.88 16.97 15.44 16.97 23523855 387179072.00
2023/08/29 16.94 16.94 15.55 16.16 21357765 344023968.00
2023/08/30 15.53 15.58 14.96 15.06 11791118 179779232.00
2023/08/31 15.03 15.35 14.85 15.23 7228488 109558312.00
2023/09/01 15.11 15.18 14.46 14.47 8523110 124662624.00
2023/09/04 14.47 14.79 14.46 14.58 6064110 88576968.00
2023/09/05 14.50 14.75 14.37 14.73 4777755 69562704.00
2023/09/06 14.52 14.68 14.40 14.51 3641775 52923452.00
2023/09/07 14.50 14.62 14.10 14.15 4183350 60324712.00
2023/09/08 14.10 14.28 13.76 13.91 4786760 66782812.00
2023/09/11 14.00 14.01 13.72 13.94 2313150 32099868.00
2023/09/12 13.95 13.99 13.78 13.87 1660550 23003572.00
2023/09/13 13.81 14.17 13.81 14.13 3067700 43026228.00
2023/09/14 14.10 14.10 13.70 13.70 2415560 33486550.00
2023/09/15 13.73 13.89 13.66 13.79 1492760 20586168.00
2023/09/18 13.79 14.07 13.67 13.98 1702470 23749118.00
2023/09/19 13.98 14.06 13.88 13.92 1309700 18288150.00
2023/09/20 13.96 14.03 13.85 13.85 1111300 15480791.00
2023/09/21 13.80 13.93 13.75 13.78 1504680 20805644.00
2023/09/22 13.81 13.94 13.61 13.92 1703760 23526548.00
2023/09/25 14.00 14.00 13.66 13.73 1428300 19685072.00
2023/09/26 13.70 13.87 13.62 13.67 1409920 19366582.00
2023/09/27 13.70 13.95 13.63 13.83 1447880 20020004.00
2023/09/28 13.86 14.00 13.82 13.89 1251620 17370072.00
2023/10/09 13.91 14.06 13.70 13.81 1360500 18816378.00
2023/10/10 13.83 13.97 13.71 13.78 1249700 17263044.00
2023/10/11 13.79 13.85 13.36 13.39 2688220 36377652.00
2023/10/12 13.42 13.46 13.11 13.21 1819840 24026864.00
2023/10/13 13.18 13.24 12.93 13.18 2484871 32465592.00
2023/10/16 13.16 13.45 13.14 13.31 2084200 27681484.00
2023/10/17 13.30 13.38 13.12 13.15 1407700 18620288.00
2023/10/18 13.12 13.25 12.86 12.89 1170056 15192439.00
2023/10/19 13.00 13.27 12.80 13.02 1204900 15730007.00
2023/10/20 13.03 13.08 12.85 12.87 1254543 16229048.00
2023/10/23 12.85 12.94 12.50 12.63 1367920 17362132.00
2023/10/24 12.47 13.10 12.47 12.99 1801560 23280422.00
2023/10/25 13.08 13.32 12.99 13.25 1297760 17130026.00
2023/10/26 13.24 13.31 13.05 13.27 1164161 15384147.00
2023/10/27 13.26 13.48 13.22 13.40 1087140 14537931.00
2023/10/30 13.46 13.62 13.31 13.53 1320366 17873192.00
2023/10/31 13.59 13.75 13.52 13.62 1429201 19523958.00
2023/11/01 13.73 13.90 13.61 13.78 1536800 21174348.00
2023/11/02 13.77 13.83 13.60 13.70 1071600 14701410.00
2023/11/03 13.70 13.98 13.69 13.96 1276860 17750110.00
2023/11/06 13.93 14.09 13.89 14.00 1283646 17936134.00
2023/11/07 14.00 14.02 13.80 13.97 1093320 15233332.00
2023/11/08 13.94 14.08 13.91 13.98 1092360 15259814.00
2023/11/09 13.98 14.09 13.87 13.91 1098520 15330791.00
2023/11/10 13.93 14.18 13.81 14.10 1822160 25558354.00
2023/11/13 14.12 14.49 14.12 14.44 2285420 32719632.00
2023/11/14 14.45 14.50 14.19 14.43 1738900 24943768.00
2023/11/15 14.44 14.52 14.23 14.29 1481960 21252456.00
2023/11/16 14.30 14.58 14.21 14.23 1175440 16832828.00
2023/11/17 14.30 14.36 14.18 14.26 827900 11809567.00
2023/11/20 14.42 14.49 14.25 14.46 1231420 17724872.00
2023/11/21 14.46 14.55 14.18 14.26 1447680 20784004.00
2023/11/22 14.26 14.42 14.20 14.20 840020 11993891.00
2023/11/23 14.22 14.33 14.19 14.28 685280 9778584.00
2023/11/24 14.39 14.40 14.17 14.21 1029360 14670355.00
2023/11/27 14.08 14.48 14.00 14.43 1610700 23158096.00
2023/11/28 14.51 14.99 14.43 14.66 2732700 40129488.00
2023/11/29 14.66 14.81 14.55 14.67 1785120 26199976.00
2023/11/30 14.67 14.78 14.50 14.67 1425008 20859944.00
2023/12/01 14.70 14.75 14.59 14.60 1337386 19613582.00
2023/12/04 14.71 14.93 14.70 14.86 2215350 32842238.00
2023/12/05 14.91 14.92 14.56 14.61 1463900 21519400.00
2023/12/06 14.55 14.85 14.55 14.75 1335380 19690410.00
2023/12/07 14.75 14.79 14.49 14.63 1352600 19749382.00
2023/12/08 14.60 14.68 14.11 14.17 1940880 27832062.00
2023/12/11 14.15 14.48 13.98 14.43 2125240 30336654.00
2023/12/12 14.51 14.95 14.38 14.77 2416172 35386372.00
2023/12/13 14.76 15.28 14.67 14.85 2227780 33185102.00
2023/12/14 14.92 15.56 14.81 15.14 4051992 61742848.00
2023/12/15 15.13 15.39 14.94 15.12 2540120 38316892.00
2023/12/18 15.01 15.16 14.68 14.73 1902379 28269344.00
2023/12/19 14.76 14.90 14.53 14.75 1701860 25000516.00
2023/12/20 14.75 15.10 14.74 14.87 1933670 28873372.00
2023/12/21 14.89 15.23 14.58 15.09 2248500 33585376.00
2023/12/22 15.14 15.16 14.80 14.90 1620573 24266256.00
2023/12/25 14.90 14.98 14.60 14.71 1240520 18269646.00
2023/12/26 14.77 14.80 14.41 14.50 1942180 28264886.00
2023/12/27 14.61 14.92 14.40 14.84 1204540 17666406.00
2023/12/28 14.84 15.08 14.62 14.91 1389800 20705852.00
2023/12/29 14.91 15.10 14.83 15.02 2200700 33029858.00
2024/01/02 15.15 16.52 15.15 16.52 8600417 141775168.00
2024/01/03 15.98 16.38 15.62 15.79 17195820 271513440.00
2024/01/04 15.77 16.12 15.65 15.84 12457746 197314160.00
2024/01/05 15.70 15.75 15.17 15.40 8428745 129744208.00
2024/01/08 15.18 15.37 14.60 14.66 6314356 93592880.00
2024/01/09 14.63 15.02 14.51 14.94 4441626 66098672.00
2024/01/10 14.97 15.15 14.70 14.93 3587759 53697824.00
2024/01/11 14.95 15.20 14.95 15.09 2806100 42266856.00
2024/01/12 15.95 16.60 15.04 15.04 10898628 170076896.00
2024/01/15 15.03 15.28 14.78 14.89 5358160 79809728.00
2024/01/16 14.81 15.08 14.57 14.77 3078400 45330708.00
2024/01/17 14.76 14.88 14.57 14.58 1981920 29220084.00
2024/01/18 14.31 14.65 13.70 14.11 3992880 56352024.00
2024/01/19 14.11 14.33 13.84 13.89 1988580 27809488.00
2024/01/22 13.88 13.95 13.04 13.22 5333200 71671472.00
2024/01/23 13.16 13.25 12.51 12.93 3663567 46947808.00
2024/01/24 13.01 13.31 12.69 12.98 2815920 36539932.00
2024/01/25 13.18 13.92 13.02 13.86 3392600 45677032.00
2024/01/26 14.24 14.50 13.91 14.10 3933240 55835992.00
2024/01/29 14.20 14.20 13.33 13.33 4194320 56953256.00
2024/01/30 13.32 13.49 12.80 12.83 2863320 37645552.00
2024/01/31 12.95 12.99 12.17 12.41 3467640 43514620.00
2024/02/01 12.60 12.75 11.74 11.91 4624220 55946248.00
2024/02/02 11.98 12.30 10.74 11.22 3565480 41413252.00
2024/02/05 11.10 11.10 10.10 10.10 1599900 16346284.00
2024/02/06 9.73 9.73 9.09 9.09 6221000 56809956.00
2024/02/07 9.10 9.16 8.18 8.18 5230300 43576896.00
2024/02/08 7.43 8.60 7.36 8.36 8093088 62950192.00
2024/02/19 8.40 8.96 8.22 8.87 5085566 44008716.00
2024/02/20 8.83 9.18 8.70 9.18 3386397 30275342.00
2024/02/21 9.19 9.81 9.01 9.60 3675607 34984144.00
2024/02/22 9.57 10.11 9.53 10.11 3441120 33829232.00
2024/02/23 10.09 10.48 9.85 10.23 3974509 40175628.00
2024/02/26 10.23 10.86 10.12 10.67 4685160 49322128.00
2024/02/27 10.80 10.88 10.46 10.84 3448320 36953636.00
2024/02/28 11.10 11.30 9.76 9.76 6270340 65990600.00
2024/02/29 9.40 10.07 9.15 10.02 5735537 56226532.00
2024/03/01 10.01 10.51 9.86 10.03 3810440 38309672.00
2024/03/04 10.07 10.34 9.90 9.96 3070680 30785100.00
2024/03/05 9.92 9.98 9.50 9.56 3369208 32717672.00
2024/03/06 9.59 10.04 9.50 9.80 3096300 30235628.00
2024/03/07 9.81 9.99 9.67 9.77 2062900 20304996.00
2024/03/08 9.90 9.90 9.56 9.75 2256300 21909008.00
2024/03/11 9.77 10.06 9.66 10.06 2225360 22001570.00
2024/03/12 10.23 10.66 10.00 10.48 3270560 33680540.00
2024/03/13 10.45 10.65 10.30 10.50 3022440 31706046.00
2024/03/14 10.55 10.60 10.15 10.33 2275680 23665896.00
2024/03/15 10.35 10.65 10.25 10.65 2555940 26802280.00
2024/03/18 10.78 11.45 10.72 11.35 4726760 52815580.00
2024/03/19 11.34 11.42 11.00 11.12 3101479 34867372.00
2024/03/20 11.12 12.23 10.98 11.63 9946585 118064808.00
2024/03/21 11.63 11.63 11.19 11.33 7559499 86031056.00
2024/03/22 11.24 12.22 11.16 11.26 5633900 64605328.00
2024/03/25 11.19 11.80 11.03 11.03 6029637 68636240.00
2024/03/26 11.00 11.70 10.86 11.42 6223466 70327088.00
2024/03/27 11.25 11.52 10.91 10.94 5754120 64098848.00
2024/03/28 10.76 11.15 10.75 11.06 3800246 41633560.00
2024/03/29 11.06 12.17 11.06 12.17 7656980 91035000.00
2024/04/01 12.18 13.39 12.01 13.39 12631380 162853568.00
2024/04/02 13.77 14.73 12.88 13.00 26397258 374995072.00
2024/04/03 11.70 13.46 11.70 12.82 20613264 253329872.00
2024/04/08 12.16 12.29 11.65 11.75 13902081 165930272.00
2024/04/09 11.59 12.10 11.10 11.45 8980766 102666576.00
2024/04/10 11.45 11.51 10.94 11.09 7973220 88349936.00
2024/04/11 11.12 11.90 11.05 11.69 10453370 121294440.00
2024/04/12 11.42 11.77 11.16 11.28 6216000 70904520.00
2024/04/15 10.98 11.15 10.43 10.55 7511600 80880720.00
2024/04/16 10.54 10.61 9.50 9.50 6980780 68288568.00
2024/04/17 9.62 10.45 9.62 10.45 2444685 24997592.00
2024/04/18 10.75 11.41 10.65 10.72 5275746 57323848.00
2024/04/19 10.62 11.79 10.62 11.06 9526420 107723600.00
2024/04/22 10.78 10.94 10.28 10.47 6806240 72277040.00
2024/04/23 10.51 10.90 10.51 10.57 3177400 34026712.00
2024/04/24 10.63 10.86 10.57 10.83 2600140 27974896.00
2024/04/25 10.82 11.29 10.69 11.19 2617900 28937654.00
2024/04/26 11.07 11.32 10.85 11.30 3254840 36380140.00
2024/04/29 11.32 12.26 11.28 11.99 5693640 68148352.00
2024/04/30 12.02 12.19 11.78 11.99 2387435 28472936.00
2024/05/06 11.98 12.30 11.98 12.24 2357400 28687268.00
2024/05/07 12.24 12.30 12.02 12.18 1324660 16082669.00
2024/05/08 12.10 12.18 11.86 11.88 1516855 18221100.00
2024/05/09 11.97 12.03 11.83 11.87 1689080 20135008.00
2024/05/10 11.88 12.55 11.77 12.38 3726606 45565540.00
2024/05/13 12.35 12.35 11.80 12.00 1954260 23404898.00
2024/05/14 12.05 12.21 11.84 12.14 1395506 16797630.00
2024/05/15 12.10 12.30 11.95 11.99 1190300 14440129.00
2024/05/16 12.30 12.30 11.90 11.98 1420000 17032868.00
2024/05/17 11.98 12.08 11.89 12.05 1385600 16608194.00
2024/05/20 12.04 12.18 11.86 11.90 1602400 19144892.00
2024/05/21 11.90 11.95 11.67 11.72 1274500 14993189.00
2024/05/22 11.82 11.87 11.44 11.47 1732220 20086114.00
2024/05/23 11.50 11.50 11.15 11.23 1580160 17821108.00
2024/05/24 11.13 11.33 11.04 11.12 1229000 13735531.00
2024/05/27 11.10 11.12 10.30 10.71 3744860 39476756.00
2024/05/28 10.71 11.02 10.52 10.81 2143480 23214406.00
2024/05/29 10.81 10.93 10.41 10.79 1612200 17322300.00
2024/05/30 10.62 11.45 10.60 11.08 2842360 31552702.00
2024/05/31 11.09 11.34 10.95 11.17 1642000 18333068.00
2024/06/03 11.13 11.57 10.83 10.90 2445486 27392130.00
2024/06/04 10.93 10.93 10.47 10.71 1983300 21157206.00
2024/06/05 10.71 10.99 10.53 10.69 1634800 17633134.00
2024/06/06 10.60 10.69 9.70 9.93 3270740 32954640.00
2024/06/07 10.00 10.38 9.99 10.38 1853860 18936538.00
2024/06/11 10.38 10.41 10.00 10.22 1321020 13452214.00
2024/06/12 10.23 11.20 10.12 10.77 2757100 29823418.00
2024/06/13 10.98 11.06 10.70 11.05 1995280 21820210.00
2024/06/14 11.05 11.25 10.84 11.05 1466400 16168195.00
2024/06/17 10.97 11.16 10.84 11.10 931400 10288210.00
2024/06/18 11.28 11.33 10.84 10.96 843900 9271991.00
2024/06/19 10.96 11.11 10.85 10.98 679240 7481075.50
2024/06/20 10.94 11.02 10.57 10.80 1305140 14052106.00
2024/06/21 10.80 11.27 10.63 11.16 1781240 19698424.00
2024/06/24 11.17 11.23 10.61 10.79 1735000 18791060.00
2024/06/25 10.68 10.82 10.46 10.49 1038100 11047632.00
2024/06/26 10.50 10.63 10.35 10.62 814280 8544641.00
2024/06/27 10.62 10.97 10.43 10.66 1329440 14306703.00
2024/06/28 10.66 10.74 10.37 10.52 918920 9745886.00
2024/07/01 10.51 10.65 10.14 10.48 950100 9831313.00
2024/07/02 10.60 10.63 10.28 10.61 791100 8359354.00
2024/07/03 10.62 10.62 10.34 10.41 973820 10179641.00
2024/07/04 10.38 10.57 10.12 10.23 1363160 14011055.00
2024/07/05 10.23 10.38 10.03 10.23 903760 9237677.00
2024/07/08 10.23 10.23 9.95 10.00 866400 8703805.00
2024/07/09 10.06 10.90 9.80 10.04 3718960 37779504.00
2024/07/10 9.80 10.09 9.67 9.84 1567364 15482060.00
2024/07/11 9.98 10.08 9.73 9.94 1343080 13326529.00
2024/07/12 10.05 10.27 9.86 9.92 1275000 12797082.00
2024/07/15 9.97 9.97 9.50 9.68 1558700 15065949.00
2024/07/16 9.64 9.78 9.33 9.46 1302500 12330860.00
2024/07/17 9.59 9.69 9.19 9.19 1415716 13120963.00
2024/07/18 9.28 9.28 8.85 9.11 1709500 15431589.00
2024/07/19 9.14 9.65 8.91 9.40 1866440 17527098.00
2024/07/22 9.59 9.59 9.33 9.51 850460 8008524.00
2024/07/23 9.58 9.70 9.41 9.44 1305300 12470259.00
2024/07/24 9.34 9.62 9.12 9.26 846220 7882391.50
2024/07/25 9.28 9.38 9.02 9.25 768700 7064088.00
2024/07/26 9.24 9.42 9.24 9.34 713300 6649557.50
2024/07/29 9.30 9.42 9.26 9.32 733800 6849066.00
2024/07/30 9.32 9.51 9.13 9.40 822300 7706105.00
2024/07/31 9.40 9.58 9.31 9.55 1867300 17615616.00
2024/08/01 9.52 9.71 9.47 9.64 1246540 11977471.00
2024/08/02 9.59 9.63 9.34 9.37 1530440 14516435.00
2024/08/05 9.42 9.51 9.26 9.30 1664200 15630671.00
2024/08/06 9.51 10.23 9.30 10.23 3285006 32315308.00
2024/08/07 10.35 10.80 10.06 10.29 6149082 63583500.00
2024/08/08 10.29 10.59 10.03 10.07 2930740 29913500.00
2024/08/09 10.05 10.12 9.81 9.88 1761700 17453716.00
2024/08/12 9.97 10.18 9.60 9.76 2465300 24217386.00
2024/08/13 9.63 9.82 9.17 9.81 2384060 22736014.00
2024/08/14 9.81 9.92 9.67 9.79 1734300 17018164.00
2024/08/15 9.80 9.83 9.51 9.76 1389100 13466100.00
2024/08/16 9.76 9.99 9.53 9.61 1624000 15829210.00
2024/08/19 9.52 9.80 9.35 9.65 1553800 14931795.00
2024/08/20 9.60 9.75 9.24 9.40 1176300 11099025.00
2024/08/21 9.37 9.58 9.24 9.35 900140 8422125.00
2024/08/22 9.35 9.44 9.00 9.17 945680 8699693.00
2024/08/23 9.18 9.21 8.91 9.02 925500 8337716.00
2024/08/26 9.08 9.29 8.99 9.26 875620 8053615.50
2024/08/27 9.31 9.36 8.96 9.04 985700 8926738.00
2024/08/28 8.95 9.18 8.84 9.16 1009200 9146633.00
2024/08/29 9.09 9.35 8.98 9.29 1046580 9622100.00
2024/08/30 9.35 10.22 9.33 9.57 2708520 26225624.00
2024/09/02 9.73 9.73 9.41 9.52 1421660 13664265.00
2024/09/03 9.49 9.58 9.36 9.48 717480 6788582.00
2024/09/04 9.40 9.52 9.20 9.25 735620 6855935.50
2024/09/05 9.27 9.54 9.27 9.50 697500 6582926.00
2024/09/06 9.50 9.53 9.17 9.26 1004200 9354830.00
2024/09/09 9.25 9.45 9.12 9.45 1006240 9433802.00
2024/09/10 9.40 9.58 9.25 9.53 661600 6280407.00
2024/09/11 9.50 9.56 9.32 9.37 712100 6698970.00
2024/09/12 9.99 9.99 9.32 9.38 1295846 12304579.00
2024/09/13 9.38 9.48 9.21 9.31 959780 8938044.00
2024/09/18 9.31 9.31 8.90 9.08 1391666 12605782.00
2024/09/19 9.17 9.53 9.02 9.48 2284926 21339688.00
2024/09/20 9.47 9.78 9.25 9.54 2460420 23351214.00
2024/09/23 9.54 9.60 9.42 9.51 1361500 12929109.00
2024/09/24 9.53 9.91 9.50 9.88 2263600 22080940.00
2024/09/25 10.00 10.31 9.88 10.20 2801786 28330628.00
2024/09/26 10.24 10.41 10.13 10.32 2362540 24329084.00
2024/09/27 10.38 10.75 10.32 10.63 2372560 24971784.00
2024/09/30 10.95 11.53 10.72 11.40 5580500 62415752.00
2024/10/08 12.38 12.51 11.52 12.40 6299820 76049752.00
2024/10/09 12.39 12.45 11.34 11.34 4382380 52140868.00
2024/10/10 11.34 12.19 11.30 11.98 4397478 51849616.00
2024/10/11 11.98 12.43 11.60 11.72 4020980 48633520.00
2024/10/14 11.74 12.27 11.70 12.21 3218300 38807608.00
2024/10/15 12.33 12.61 12.00 12.00 3922595 48369648.00
2024/10/16 12.00 12.33 11.92 12.10 2761840 33529016.00
2024/10/17 12.30 13.16 12.30 12.84 6090135 77466400.00
2024/10/18 12.81 14.12 12.65 14.12 7823280 107847544.00
2024/10/21 14.36 15.12 14.00 14.76 10415175 153711072.00
2024/10/22 14.85 16.00 14.77 15.75 7052540 108722864.00
2024/10/23 15.46 15.97 14.63 15.02 8689843 132510272.00
2024/10/24 14.95 15.30 13.89 14.12 7477980 106836104.00
2024/10/25 14.19 15.53 14.19 15.16 13604804 207414176.00
2024/10/28 14.99 15.42 14.29 14.80 9605124 141951456.00
2024/10/29 14.66 15.48 14.53 15.00 6419380 96881208.00
2024/10/30 14.94 15.50 14.56 15.06 5433160 81586200.00
2024/10/31 15.09 15.69 15.07 15.47 5498560 84865368.00
2024/11/01 15.35 15.89 14.30 14.39 6655060 99265344.00
2024/11/04 14.30 15.10 14.24 14.90 4565860 67331080.00
2024/11/05 15.11 15.73 14.94 15.60 6024040 93046144.00
2024/11/06 16.56 17.16 15.73 15.97 14011940 230959904.00
2024/11/07 15.65 16.36 15.45 16.15 9242960 146755728.00
2024/11/08 16.60 17.58 16.60 17.04 8723840 149281616.00
2024/11/11 17.20 18.74 17.20 18.74 8238017 153136240.00
2024/11/12 18.98 19.79 17.61 17.99 14589428 268642208.00
2024/11/13 18.25 18.89 17.79 18.55 7254604 133379736.00
2024/11/14 18.54 18.65 17.32 17.37 5480380 97736344.00
2024/11/15 17.57 17.77 16.70 16.83 5535677 95255920.00
2024/11/18 16.83 18.06 16.22 17.32 6068740 104501648.00
2024/11/19 17.40 18.07 16.99 17.86 5115280 89498288.00
2024/11/20 17.86 18.30 17.64 17.85 4300840 77063704.00
2024/11/21 17.74 18.51 17.74 18.12 4733860 86022424.00
2024/11/22 18.13 18.52 17.65 17.93 5147411 92873368.00
2024/11/25 17.95 18.20 16.90 17.49 5383421 93564616.00
2024/11/26 17.39 17.61 16.61 16.67 5037020 85559296.00
2024/11/27 16.66 17.29 16.10 17.29 6243009 104750544.00
2024/11/28 17.30 17.44 17.03 17.09 2959017 50806164.00
2024/11/29 16.50 17.29 16.50 16.85 4504200 76116736.00
2024/12/02 17.05 17.13 16.56 16.81 4139800 69508424.00
2024/12/03 16.98 17.04 16.28 16.83 3662100 61209248.00
2024/12/04 16.70 16.83 16.13 16.26 3270840 54032252.00
2024/12/05 16.40 17.28 16.26 17.12 4652013 78432912.00
2024/12/06 17.19 18.69 16.90 18.29 8174320 147337504.00
2024/12/09 17.93 17.93 17.20 17.57 6225009 108615136.00
2024/12/10 17.98 18.09 16.71 16.84 6225010 106751072.00
2024/12/11 16.98 17.57 16.72 17.44 4650480 79886392.00
2024/12/12 17.44 18.47 17.28 18.42 8600380 155443648.00
2024/12/13 18.45 18.50 17.93 18.13 4800140 87364112.00
2024/12/16 18.13 18.33 17.80 18.13 3341340 60340000.00
2024/12/17 18.13 18.13 16.92 16.99 4737740 82204392.00
2024/12/18 17.22 18.49 16.98 17.45 5419260 95701704.00
2024/12/19 17.46 17.46 16.80 16.89 3704034 63130308.00
2024/12/20 16.91 18.10 16.80 17.88 5338620 93951160.00
2024/12/23 17.85 17.97 16.93 17.17 4662800 80995320.00
2024/12/24 17.10 17.30 16.66 17.11 2447740 41571724.00
2024/12/25 17.04 17.11 16.21 16.61 3151536 52293704.00
2024/12/26 16.46 16.88 16.46 16.54 1779601 29715200.00
2024/12/27 16.56 18.19 16.48 18.19 9871880 176873104.00
2024/12/30 17.94 18.77 17.92 18.13 11057781 202467328.00
2024/12/31 18.39 18.50 17.46 17.46 5473420 98006320.00
2025/01/02 17.51 19.21 17.50 19.21 9363600 175496864.00
2025/01/03 18.87 19.23 17.68 17.91 10218104 186407392.00
2025/01/06 17.63 18.63 17.01 17.13 8325245 147632000.00
2025/01/07 17.20 18.48 16.91 18.36 8488261 149847712.00
2025/01/08 18.50 18.68 17.50 18.44 9184860 167255536.00
2025/01/09 18.75 19.07 18.13 18.34 6654729 123520048.00
2025/01/10 18.35 19.20 17.90 17.92 5668924 104670816.00
2025/01/13 17.70 17.87 16.71 17.28 6234343 107764928.00
2025/01/14 17.50 18.01 17.29 17.87 5012624 88734664.00
2025/01/15 17.79 18.50 17.60 17.66 4541900 81778832.00
2025/01/16 17.81 18.10 17.51 18.03 3902460 69363680.00
2025/01/17 18.03 18.18 17.46 18.09 4376040 78015936.00
2025/01/20 18.19 18.35 17.91 18.14 3822260 69187728.00
2025/01/21 17.99 18.28 17.63 17.96 3852840 69243416.00
2025/01/22 17.84 17.88 16.94 17.14 4556640 78937720.00
2025/01/23 17.16 17.72 16.90 17.15 4241723 73819816.00
2025/01/24 17.18 17.29 16.71 16.92 3716581 62906116.00
2025/01/27 16.92 17.15 16.38 16.58 2959527 49516404.00
2025/02/05 16.76 17.05 16.46 16.98 2082140 35099600.00
2025/02/06 17.00 17.44 16.93 17.27 3122075 53764876.00
2025/02/07 17.28 19.00 17.14 18.89 13075998 242843728.00
2025/02/10 19.00 19.17 18.40 19.05 9510830 178446176.00
2025/02/11 19.00 19.14 18.24 18.38 4766680 88311080.00
2025/02/12 18.45 18.58 18.04 18.33 3790500 69328496.00
2025/02/13 18.39 18.72 17.80 18.18 5317047 96710976.00
2025/02/14 18.20 18.78 18.20 18.27 3957927 73138472.00
2025/02/17 18.14 18.49 17.80 18.30 3378400 61427912.00
2025/02/18 18.29 18.29 17.39 17.50 3981982 70851904.00
2025/02/19 17.49 17.85 17.49 17.73 2517298 44432000.00
2025/02/20 17.77 18.74 17.49 18.52 4252866 76955544.00
2025/02/21 18.83 19.08 18.47 18.67 5226780 98171688.00
2025/02/24 18.50 18.65 18.10 18.27 3743020 68766064.00
2025/02/25 18.00 18.48 18.00 18.24 2174220 39763516.00
2025/02/26 18.29 18.65 18.13 18.56 3572985 65652120.00
2025/02/27 18.52 20.42 18.30 20.42 8841301 174266848.00
2025/02/28 20.58 21.99 19.72 20.31 14648575 303538016.00
2025/03/03 20.31 20.55 19.30 20.10 6928993 138801504.00
2025/03/04 20.29 20.40 19.90 20.30 5189033 104674816.00
2025/03/05 20.29 21.10 20.18 20.40 6790140 140171536.00
2025/03/06 20.40 20.70 20.25 20.42 4992360 101875416.00
2025/03/07 20.40 21.18 19.94 20.75 5817780 119704632.00
2025/03/10 20.73 21.06 20.15 20.21 4845060 99318240.00
2025/03/11 19.98 20.14 19.44 19.80 4116180 81476792.00
2025/03/12 20.00 20.55 19.60 20.31 4046020 81253592.00
2025/03/13 20.39 20.39 19.38 19.72 3310680 65377608.00
2025/03/14 19.72 19.86 19.42 19.59 2437820 47676444.00
2025/03/17 19.62 20.15 19.47 19.97 3388142 67053840.00
2025/03/18 19.80 19.96 19.63 19.71 2421340 47776012.00
2025/03/19 19.62 19.70 18.75 18.83 5301580 101312280.00
2025/03/20 18.83 18.95 18.50 18.79 2381640 44641160.00
2025/03/21 18.90 18.90 18.28 18.53 2560878 47465392.00
2025/03/24 18.54 18.57 17.53 17.87 3075370 55199248.00
2025/03/25 17.83 17.94 17.50 17.78 1736620 30738744.00
2025/03/26 17.80 18.09 17.56 17.93 1234440 22124988.00
2025/03/27 17.87 18.33 17.50 18.18 2205560 39783792.00
2025/03/28 18.19 18.34 17.90 17.91 1349880 24393658.00
2025/03/31 17.91 17.93 17.27 17.90 1930780 33838496.00
2025/04/01 17.96 18.14 17.81 17.87 1193440 21440414.00
2025/04/02 17.75 18.09 17.50 17.70 1363040 24258876.00
2025/04/03 17.56 17.80 17.25 17.28 1697000 29637764.00
2025/04/07 15.89 16.70 15.55 15.55 5690895 89603544.00
2025/04/08 15.55 15.87 15.01 15.23 3257120 50329912.00
2025/04/09 15.07 16.08 13.93 15.98 3566600 54145544.00
2025/04/10 16.00 16.61 16.00 16.12 4568500 74490776.00
2025/04/11 15.83 16.20 15.66 15.88 2714120 43249848.00
2025/04/14 15.88 16.86 15.88 16.69 3325920 54605300.00
2025/04/15 16.69 17.19 16.69 16.81 2637760 44670056.00
2025/04/16 16.73 16.87 16.12 16.22 2290449 37625300.00
2025/04/17 16.30 16.61 16.01 16.24 1883500 30610956.00
2025/04/18 16.26 16.26 15.70 16.01 2690160 42865704.00
2025/04/21 15.99 16.00 15.60 15.80 2103518 33129388.00
2025/04/22 15.89 15.89 15.37 15.47 1980420 30740068.00
2025/04/23 15.59 16.06 15.53 15.94 2321160 36807608.00
2025/04/24 16.01 17.04 16.01 16.42 4893420 81405840.00
2025/04/25 16.46 16.58 16.05 16.14 2006240 32616642.00
2025/04/28 16.18 16.63 15.80 16.00 2228420 35833944.00
2025/04/29 16.22 16.93 16.08 16.45 5009080 83271128.00
2025/04/30 16.45 17.16 16.28 16.92 4528000 76148816.00
2025/05/06 17.00 17.12 16.80 16.87 3776580 63946760.00
2025/05/07 17.00 17.66 16.88 17.48 5663876 97888824.00
2025/05/08 17.40 17.88 17.15 17.73 3238656 56703524.00
2025/05/09 17.75 18.10 17.55 17.68 3549736 63333888.00
2025/05/12 17.66 17.85 17.54 17.70 2018760 35693828.00
2025/05/13 17.80 17.90 17.40 17.45 2239960 39443452.00
2025/05/14 17.54 17.54 17.10 17.29 1819800 31476316.00
2025/05/15 17.38 17.57 17.20 17.24 1672280 28965498.00
2025/05/16 17.34 17.34 17.00 17.16 1996180 34310140.00
2025/05/19 18.01 18.68 17.56 18.37 7437063 135341264.00
2025/05/20 18.09 18.88 18.09 18.75 5205180 96516632.00
2025/05/21 18.65 18.75 18.30 18.49 2886940 53343360.00
2025/05/22 18.42 19.15 18.25 18.65 4569160 85939528.00
2025/05/23 18.50 19.18 18.18 18.45 3918881 73067272.00
2025/05/26 18.41 18.68 18.20 18.38 2946760 54331888.00
2025/05/27 18.30 18.56 18.27 18.44 2351100 43279808.00
2025/05/28 18.46 18.61 18.00 18.08 2470361 45099908.00
2025/05/29 18.08 19.89 18.08 19.89 9356301 181274432.00
2025/05/30 19.49 19.60 18.82 18.82 8315871 158336128.00
2025/06/03 18.82 19.08 18.69 19.07 3953600 74760488.00
2025/06/04 19.05 19.50 18.83 19.40 4818280 92454896.00
2025/06/05 19.46 19.72 19.00 19.17 6424800 124754072.00
2025/06/06 19.13 19.51 19.03 19.30 3987200 76666864.00
2025/06/09 19.30 19.30 19.00 19.16 3500300 66875216.00
2025/06/10 19.13 19.35 18.61 18.81 4098790 77661368.00
2025/06/11 18.90 19.08 18.70 19.05 3470800 65438524.00
2025/06/12 18.85 19.62 18.74 19.45 5323670 102374424.00
2025/06/13 19.54 19.79 18.91 19.03 4685908 89705688.00
2025/06/16 19.06 19.27 18.52 19.04 4128470 78478912.00
2025/06/17 19.17 19.29 19.00 19.27 3025098 57989508.00
2025/06/18 19.27 19.30 18.82 19.10 3382030 64577776.00
2025/06/19 19.09 19.19 18.65 18.73 2724480 51477484.00
2025/06/20 18.80 18.86 18.20 18.29 2642060 48677296.00
2025/06/23 18.11 18.86 18.11 18.80 3015500 56012048.00
2025/06/24 18.83 19.02 18.58 19.00 3274140 61640312.00
2025/06/25 19.02 19.24 18.88 19.04 2745780 52168376.00
2025/06/26 19.01 19.46 18.90 18.97 2704980 51689444.00
2025/06/27 19.06 19.30 19.00 19.21 3164860 60570272.00
2025/06/30 19.32 19.32 18.16 18.64 6818860 126161536.00
2025/07/01 18.64 19.18 18.26 18.56 4031320 75177384.00
2025/07/02 18.56 18.75 18.26 18.47 3689800 68055568.00
2025/07/03 18.45 18.66 18.30 18.44 2271100 41918444.00
2025/07/04 18.41 18.57 17.94 17.94 3542860 64361856.00
2025/07/07 18.07 18.25 17.90 18.09 1934333 34869776.00
2025/07/08 18.11 18.18 17.90 17.94 2253239 40573076.00
2025/07/09 17.93 18.10 17.90 17.94 1983622 35658700.00
2025/07/10 18.00 18.12 17.71 17.97 2565600 45927488.00
2025/07/11 17.97 18.75 17.87 18.52 5212840 96112112.00
2025/07/14 18.53 19.14 18.53 18.90 4284960 81119160.00
2025/07/15 18.99 19.26 18.72 19.14 3886560 74022768.00
2025/07/23 21.02 21.05 19.87 21.05 11029217 227148576.00
2025/07/24 20.84 21.05 19.67 19.97 16069287 322723008.00
2025/07/25 19.83 19.83 18.90 19.01 11798056 226875968.00
2025/07/28 19.11 19.63 18.98 19.12 8489750 163450160.00
2025/07/29 18.89 19.04 18.14 18.26 7825958 144397648.00
2025/07/30 18.33 18.39 18.17 18.29 3513760 64164828.00
2025/07/31 18.17 18.38 18.00 18.32 4289420 78149232.00
2025/08/01 18.36 19.03 18.24 18.53 5715380 106678216.00
2025/08/04 18.25 18.46 18.10 18.26 3556490 64963936.00
2025/08/05 18.32 18.35 18.08 18.33 3615340 65862160.00
2025/08/06 18.37 18.39 18.16 18.28 2938380 53702200.00
2025/08/07 18.24 18.47 18.18 18.21 3175720 58032664.00
2025/08/08 18.30 18.32 18.04 18.32 2610340 47512208.00
2025/08/11 18.39 19.30 18.28 19.14 7994900 151056688.00
2025/08/12 19.10 19.13 18.81 18.89 3300513 62524056.00
2025/08/13 18.97 19.44 18.75 18.81 6197060 118372440.00
2025/08/14 18.81 18.93 18.44 18.53 3588600 66945852.00
2025/08/15 18.50 18.77 18.22 18.42 4038460 74545376.00
2025/08/18 18.54 18.57 18.30 18.42 3616920 66730404.00
2025/08/19 18.44 18.64 18.30 18.56 3477080 64255336.00
2025/08/20 18.56 18.94 18.33 18.80 4545926 84656384.00
2025/08/21 18.81 19.26 18.72 18.88 5209120 98860200.00
2025/08/22 19.00 19.03 18.82 18.88 3341040 63207624.00
2025/08/25 18.89 19.09 18.60 18.93 4854200 91148400.00
2025/08/26 18.83 19.05 18.69 18.80 3617208 68205128.00
2025/08/27 19.00 20.68 18.82 20.68 20816176 419966048.00
2025/08/28 20.68 21.50 19.96 20.30 18857860 389088064.00
2025/08/29 20.56 20.56 19.80 20.34 10587360 212745568.00
2025/09/01 20.34 20.60 19.80 19.90 7876640 158717584.00
2025/09/02 20.54 21.50 19.91 20.94 16119901 332629056.00
2025/09/03 20.68 21.38 20.00 20.20 10781880 223306256.00
2025/09/04 20.42 21.09 19.50 19.81 10091800 204933984.00
2025/09/05 19.82 20.23 19.18 20.21 6789600 133992880.00
2025/09/08 20.21 21.30 20.19 21.06 9276900 191357712.00
2025/09/09 21.02 21.25 20.51 20.62 6006680 124977248.00
2025/09/10 20.70 20.88 20.31 20.50 3925322 80514400.00
2025/09/11 20.49 20.79 19.96 20.65 5219037 106452976.00
2025/09/12 20.80 20.80 20.13 20.22 5180885 105142696.00
2025/09/15 20.20 20.42 20.00 20.12 3877026 78236288.00
2025/09/16 20.21 20.39 19.88 20.06 3831060 76991576.00
2025/09/17 20.09 20.44 19.79 20.31 5376662 108085776.00
2025/09/18 20.31 20.57 19.31 19.56 5829000 115866720.00
2025/09/19 19.55 19.79 19.20 19.52 3559372 69157712.00
2025/09/22 19.43 19.50 19.05 19.25 2541940 48819600.00
2025/09/23 19.12 19.40 18.50 18.92 3558800 67017104.00
2025/09/24 18.89 19.35 18.76 19.22 2163140 41545988.00
2025/09/25 19.15 19.40 18.98 19.08 2350400 45124624.00
2025/09/26 19.04 20.20 19.02 19.73 5972200 118406072.00
2025/09/29 19.73 21.70 19.65 21.70 9483904 198315264.00
2025/09/30 21.88 22.47 21.58 21.74 12707142 278650784.00
2025/10/09 21.74 21.99 21.34 21.90 7584480 164497136.00
2025/10/10 21.74 22.08 21.36 21.36 6675698 145397136.00
2025/10/13 20.67 21.47 20.47 21.30 6105260 128841208.00
2025/10/14 21.44 21.68 20.53 20.56 4742100 99056880.00
2025/10/15 20.90 21.20 20.50 20.99 3954240 82653936.00
2025/10/16 21.17 21.18 19.80 19.92 5317200 107612848.00
2025/10/17 20.01 20.25 19.67 19.69 3821540 76054880.00
2025/10/20 19.92 20.03 19.61 19.80 3011000 59688844.00
2025/10/21 19.74 19.99 19.62 19.81 3744220 74161904.00
2025/10/22 20.00 20.04 19.56 19.78 3312800 65572808.00
2025/10/23 19.83 20.07 19.46 20.03 2510160 49627996.00
2025/10/24 20.09 20.10 19.73 19.83 2417260 48066148.00
2025/10/27 19.88 20.12 19.77 20.05 2814860 56133320.00
2025/10/28 20.05 20.55 19.90 19.98 2795780 56472984.00
2025/10/29 19.94 20.18 19.76 19.95 3185660 63486824.00
2025/10/30 20.15 20.68 19.83 20.14 4433921 89365320.00
2025/10/31 20.14 20.63 19.98 20.40 4097000 83614496.00
2025/11/03 20.55 20.65 20.11 20.38 2944680 60003260.00
2025/11/04 20.38 20.84 20.15 20.50 3424960 69988008.00
2025/11/05 20.48 20.83 20.25 20.62 3082770 63604444.00
2025/11/06 20.65 20.98 20.32 20.84 3774080 78303472.00
2025/11/07 20.84 20.86 20.45 20.52 2828860 58306680.00
2025/11/10 20.51 21.02 20.36 20.72 3094460 64352260.00
2025/11/11 20.78 22.26 20.76 21.52 7086080 152079312.00
2025/11/12 21.90 22.20 21.41 21.68 4830830 105055760.00
2025/11/13 21.61 22.39 21.42 22.13 5641660 124334680.00
2025/11/14 22.08 23.34 21.86 22.77 6610760 151583264.00
2025/11/17 23.20 24.30 22.40 22.80 6459640 148702048.00
2025/11/18 22.97 23.05 22.00 22.20 4668380 103799824.00
2025/11/19 22.20 22.28 21.58 21.81 3146920 68698688.00
2025/11/20 22.05 22.19 21.33 21.67 2904192 63048448.00
2025/11/21 21.49 21.90 20.05 20.57 4449560 92714040.00
2025/11/24 20.69 20.84 19.73 20.29 3549140 71681832.00
2025/11/25 20.45 21.18 20.31 20.55 3035170 62695492.00
2025/11/26 20.52 20.78 20.35 20.49 2432400 50090312.00
2025/11/27 20.49 21.10 20.37 20.88 3054441 63574824.00
2025/11/28 20.86 22.14 20.75 21.90 4582300 99392504.00
2025/12/01 22.16 24.09 22.16 24.09 3859740 92148616.00
2025/12/02 23.85 23.85 22.14 22.59 13579531 308268512.00
2025/12/03 22.59 22.59 21.50 21.69 7586280 165686048.00
2025/12/04 21.58 21.85 21.15 21.23 4422570 94499888.00
2025/12/05 21.16 21.65 20.82 20.96 5471090 115609752.00
2025/12/08 21.20 21.50 20.81 21.44 4824861 102530784.00
2025/12/09 21.42 21.77 21.24 21.54 3648180 78562880.00
2025/12/10 21.45 21.54 21.04 21.22 2868220 60906076.00
2025/12/11 21.30 21.30 20.62 20.81 3480680 72587312.00
2025/12/12 20.80 21.44 20.52 20.67 3359025 70309264.00
2025/12/15 20.68 21.10 20.35 20.93 2931360 60934824.00
2025/12/16 20.98 20.99 20.09 20.11 2856000 58165680.00
2025/12/17 20.16 20.51 19.93 20.51 2366440 47883392.00
2025/12/18 20.46 20.62 20.32 20.50 1438800 29471906.00
2025/12/19 20.51 21.08 20.42 21.01 2275826 47384432.00
2025/12/22 21.10 21.19 20.63 20.78 2409420 50113076.00
2025/12/23 20.70 20.93 20.33 20.75 2651899 54672492.00
2025/12/24 20.95 21.08 20.62 21.01 2295280 47913076.00
2025/12/25 21.00 21.68 20.88 21.35 3395120 72276328.00
2025/12/26 21.35 21.37 20.86 21.06 2424800 51048760.00
2025/12/29 21.00 21.18 20.76 20.97 2237550 46963008.00
2025/12/30 20.88 21.13 20.61 20.79 2305240 48009272.00
2025/12/31 20.96 21.31 20.62 21.14 2894664 60702048.00
2026/01/05 21.13 21.29 20.90 21.12 2751320 57943644.00
2026/01/06 21.14 21.33 21.00 21.15 2415460 51100360.00
2026/01/07 21.10 21.15 20.74 20.82 2994620 62547156.00
2026/01/08 20.85 21.95 20.71 21.79 5090740 109297320.00
2026/01/09 21.78 21.90 21.40 21.75 3684300 79575680.00
2026/01/12 21.85 21.93 21.05 21.55 4244040 91061360.00
2026/01/13 21.54 21.86 21.32 21.59 3284080 70881960.00
2026/01/14 21.61 21.71 21.04 21.38 3763940 80651176.00
2026/01/15 21.35 21.65 21.12 21.37 1846220 39536744.00
2026/01/16 21.50 21.86 21.37 21.73 2943960 63736608.00
2026/01/19 21.74 22.16 21.45 22.16 2860422 62530576.00
2026/01/20 22.15 22.15 21.58 21.73 2673200 58269064.00
2026/01/21 21.56 21.93 21.40 21.84 2037640 44244848.00
2026/01/22 21.95 22.54 21.71 22.41 3978600 88485552.00
2026/01/23 22.56 22.56 22.20 22.41 2782780 62185024.00
2026/01/26 22.44 23.09 22.34 22.86 4863922 110628864.00
2026/01/27 22.61 22.85 21.90 22.54 3442160 76830136.00
2026/01/28 22.94 22.94 22.02 22.18 2778260 62039064.00
2026/01/29 22.15 22.27 21.49 21.64 2723400 59609300.00
2026/01/30 21.61 22.08 21.48 21.87 2650500 57844656.00
2026/02/02 21.92 22.31 21.74 21.80 2741520 60289340.00
2026/02/03 21.82 22.10 21.61 21.97 1704180 37357332.00
2026/02/04 22.03 22.54 21.87 22.01 2223000 49251052.00
2026/02/05 22.18 22.18 21.60 21.68 1676200 36704332.00
2026/02/06 21.58 22.20 21.52 21.96 2231700 49101872.00
2026/02/09 22.09 22.27 21.65 21.88 2444220 53559712.00
2026/02/10 21.87 22.22 21.74 21.88 1966840 43251928.00
2026/02/11 22.00 22.11 21.70 21.75 2099300 45884600.00
2026/02/12 21.72 21.92 21.32 21.64 2611900 56515396.00
2026/02/13 21.61 22.03 21.50 21.70 2126880 46298076.00
2026/02/24 21.92 22.66 21.59 22.50 3833100 84984008.00
2026/02/25 22.50 23.16 22.40 22.98 4285920 98283136.00
#Ъ§ОнРДдД:ЭЈДяаХ
