000153 료覩浪撚 휑窟 품릿홈
      휑퍅	    역턍	    離멕	    離됴	    澗턍	    냥슥좆	    냥슥띨
2021/08/02 5.90 6.54 5.80 6.54 18182701 169976080.00
2021/08/03 6.46 6.83 6.43 6.75 15810910 155709792.00
2021/08/04 6.72 6.97 6.57 6.93 19331418 193733984.00
2021/08/05 6.91 7.00 6.83 6.84 12313180 125067080.00
2021/08/06 6.84 6.89 6.64 6.71 8238150 81499320.00
2021/08/09 6.69 6.73 6.53 6.57 7812330 76259880.00
2021/08/10 6.55 6.67 6.47 6.53 7257100 70048096.00
2021/08/11 6.53 7.04 6.44 6.86 14142000 140556064.00
2021/08/12 6.90 6.91 6.65 6.71 7284926 72214400.00
2021/08/13 6.72 6.75 6.49 6.51 7109800 69222928.00
2021/08/16 6.49 6.91 6.34 6.36 9645793 92839136.00
2021/08/17 6.34 6.61 6.24 6.31 8595300 81304280.00
2021/08/18 6.31 6.76 6.31 6.47 10580301 101810560.00
2021/08/19 6.49 6.54 6.23 6.31 7898809 74267456.00
2021/08/20 6.29 6.61 6.11 6.46 9325977 88040088.00
2021/08/23 6.43 6.55 6.39 6.54 6215100 59309616.00
2021/08/24 6.56 6.65 6.47 6.59 6735400 65239136.00
2021/08/25 6.61 6.69 6.49 6.52 5839709 56270708.00
2021/08/26 6.52 6.53 6.34 6.34 5724400 54054224.00
2021/08/27 6.34 7.01 6.29 7.01 22936575 230295728.00
2021/08/30 7.08 7.19 6.75 6.84 24207667 246336016.00
2021/08/31 6.84 7.08 6.72 6.89 15553274 157306704.00
2021/09/01 6.86 7.11 6.79 6.92 16006203 163398464.00
2021/09/02 6.92 7.54 6.83 7.40 22301586 237173488.00
2021/09/03 7.54 7.56 7.24 7.36 15296997 165417328.00
2021/09/06 7.29 7.84 7.27 7.76 17368783 194385472.00
2021/09/07 7.66 8.12 7.51 8.01 17548058 204369408.00
2021/09/08 7.97 8.51 7.89 7.98 21529201 255917568.00
2021/09/09 7.96 8.23 7.81 8.13 16169267 190232448.00
2021/09/10 8.09 8.41 8.06 8.36 16260664 196100880.00
2021/09/13 8.40 8.76 7.98 8.02 19275331 232235184.00
2021/09/14 8.07 8.23 7.81 7.92 12558521 147113408.00
2021/09/15 7.99 7.99 7.22 7.70 26395112 289603904.00
2021/09/16 7.68 7.92 7.48 7.56 13798856 154612240.00
2021/09/17 7.53 8.24 7.49 8.11 16299430 189802112.00
2021/09/22 8.16 8.21 7.73 8.13 14558254 169784544.00
2021/09/23 8.02 8.29 8.01 8.16 13831400 164258496.00
2021/09/24 8.22 8.73 8.09 8.69 23663401 292797792.00
2021/09/27 8.79 9.06 8.08 8.37 26506838 331151008.00
2021/09/28 8.12 8.62 8.12 8.38 12277068 150554912.00
2021/09/29 8.38 8.41 7.51 7.79 14420700 170406112.00
2021/09/30 8.03 8.36 7.84 8.16 12075876 144313104.00
2021/10/08 8.31 8.52 8.01 8.21 8953800 107478088.00
2021/10/11 8.19 8.21 7.36 7.39 14947800 168035088.00
2021/10/12 7.43 7.59 7.06 7.16 12383833 132779896.00
2021/10/13 7.24 7.26 6.66 7.07 13624280 138537552.00
2021/10/14 7.22 7.51 6.86 7.28 13407299 142518432.00
2021/10/15 7.46 7.56 6.79 6.80 15637900 162810208.00
2021/10/18 6.77 6.78 6.47 6.60 14423688 140220656.00
2021/10/19 6.59 6.91 6.48 6.75 8996205 88877808.00
2021/10/20 6.71 7.46 6.60 7.46 15822517 163586528.00
2021/10/21 7.41 7.97 7.31 7.93 29298149 331192352.00
2021/10/22 7.83 8.00 7.61 7.72 15468100 176076560.00
2021/10/25 7.72 7.87 7.62 7.79 10086265 114644400.00
2021/10/26 7.79 7.90 7.71 7.79 8109300 92572920.00
2021/10/27 7.86 7.86 7.59 7.81 8089700 91870880.00
2021/10/28 7.82 7.86 7.31 7.38 10591510 116545008.00
2021/10/29 7.44 7.45 7.09 7.13 8108407 86097336.00
2021/11/01 7.21 7.30 7.03 7.11 6029101 63564832.00
2021/11/02 7.20 7.21 6.76 6.88 7140308 72734008.00
2021/11/03 6.92 6.99 6.84 6.94 4169894 42425600.00
2021/11/04 6.94 7.01 6.84 6.86 5795613 58858840.00
2021/11/05 6.84 6.87 6.69 6.71 5480097 54656472.00
2021/11/08 6.72 6.84 6.64 6.71 5377400 53268216.00
2021/11/09 6.71 7.21 6.67 7.10 11327001 116965408.00
2021/11/10 7.04 7.84 6.97 7.84 23996654 268483680.00
2021/11/11 7.79 8.08 7.67 7.96 23093219 267019024.00
2021/11/12 7.94 8.28 7.84 8.10 16975707 201678768.00
2021/11/15 8.15 8.15 7.40 7.66 21702655 243192208.00
2021/11/16 7.69 7.86 7.53 7.71 11784800 132122832.00
2021/11/17 7.61 7.76 7.54 7.61 8435512 94011672.00
2021/11/18 7.64 7.79 7.45 7.54 9536501 106301792.00
2021/11/19 7.51 7.61 7.44 7.50 7552860 83096656.00
2021/11/22 7.56 7.61 7.15 7.52 9844299 106667192.00
2021/11/23 7.53 7.70 7.46 7.64 9640514 107189056.00
2021/11/24 7.64 7.83 7.56 7.63 9438576 106392224.00
2021/11/25 7.59 8.43 7.56 8.43 18412585 218601680.00
2021/11/26 8.51 8.67 8.11 8.39 27970211 342959136.00
2021/11/29 8.46 8.73 8.15 8.24 15167597 183910864.00
2021/11/30 8.29 8.64 8.18 8.62 18006502 221952064.00
2021/12/01 8.54 8.74 8.26 8.51 13338016 165190048.00
2021/12/02 8.56 8.59 8.38 8.48 8406401 103925848.00
2021/12/03 8.48 9.13 8.39 9.04 20331658 262850560.00
2021/12/06 8.95 9.04 8.31 8.36 17425298 217420544.00
2021/12/07 8.43 8.51 8.09 8.29 9009711 108715048.00
2021/12/08 8.31 8.52 8.22 8.49 6370902 78126752.00
2021/12/09 8.49 8.50 8.16 8.29 7777200 93872544.00
2021/12/10 8.37 8.44 8.15 8.19 7399001 89462392.00
2021/12/13 8.28 8.28 8.02 8.04 6626058 78589184.00
2021/12/14 8.06 8.14 7.99 8.13 4977401 58667328.00
2021/12/15 8.13 8.58 8.07 8.29 11542300 140942912.00
2021/12/16 8.27 8.39 8.16 8.16 6203900 74541496.00
2021/12/17 8.14 8.22 7.91 7.93 7004600 81955384.00
2021/12/20 7.93 8.39 7.85 8.14 8497100 101523264.00
2021/12/21 8.22 8.61 8.09 8.59 14795808 182654848.00
2021/12/22 8.66 8.67 8.32 8.53 8158312 100517728.00
2021/12/23 8.49 8.56 8.26 8.28 6832300 83297216.00
2021/12/24 8.29 8.42 8.10 8.23 7853900 94910416.00
2021/12/27 8.25 8.76 8.16 8.49 13429103 166818496.00
2021/12/28 8.48 8.55 8.19 8.29 7847800 94898912.00
2021/12/29 8.34 8.51 8.22 8.24 6586384 80323840.00
2021/12/30 8.24 8.33 8.01 8.09 9120301 107743360.00
2021/12/31 8.14 8.58 8.09 8.21 11301449 137618960.00
2022/01/04 8.08 8.44 8.07 8.17 11185000 135546000.00
2022/01/05 8.18 8.25 7.64 7.79 14904841 171394736.00
2022/01/06 7.80 8.34 7.71 8.27 13258027 157408160.00
2022/01/07 8.24 8.34 7.94 7.97 8993514 106855192.00
2022/01/10 8.03 8.09 7.76 7.94 6337572 73183504.00
2022/01/11 7.92 8.22 7.86 7.96 6700765 78911800.00
2022/01/12 8.00 8.36 7.91 8.24 12628001 151374592.00
2022/01/13 8.19 8.31 8.03 8.10 5994100 71120392.00
2022/01/14 8.10 8.24 7.99 8.14 7834800 93001912.00
2022/01/17 8.14 8.24 7.83 8.04 8621753 100935016.00
2022/01/18 7.96 8.02 7.51 7.54 13825300 155475536.00
2022/01/19 7.52 7.53 7.12 7.21 12424401 132719256.00
2022/01/20 7.23 7.41 6.96 7.00 9525999 99848744.00
2022/01/21 7.01 7.04 6.78 6.92 6610077 66964664.00
2022/01/24 6.92 6.96 6.80 6.88 3549400 35951976.00
2022/01/25 6.86 6.92 6.51 6.51 6268471 61561356.00
2022/01/26 6.51 6.73 6.51 6.56 5527965 53785032.00
2022/01/27 6.56 6.64 6.28 6.33 5184880 48961240.00
2022/01/28 6.36 6.44 5.66 6.29 7156139 66279240.00
2022/02/07 6.34 6.40 6.19 6.29 4797598 44551984.00
2022/02/08 6.31 6.41 6.22 6.41 3911740 36570720.00
2022/02/09 6.40 6.61 6.34 6.59 4662402 44835156.00
2022/02/10 6.60 6.63 6.49 6.56 3813226 36777760.00
2022/02/11 6.52 6.52 6.18 6.24 7461676 69604768.00
2022/02/14 6.17 6.36 6.14 6.22 4749902 43811344.00
2022/02/15 6.23 6.26 6.12 6.20 4224840 38707324.00
2022/02/16 6.21 6.52 6.19 6.44 6673426 62726660.00
2022/02/17 6.44 6.49 6.29 6.30 4345260 40895956.00
2022/02/18 6.27 6.39 6.27 6.39 2744150 25659400.00
2022/02/21 6.38 6.46 6.31 6.42 3265001 30734362.00
2022/02/22 6.37 6.39 6.19 6.26 4338000 40234568.00
2022/02/23 6.26 6.38 6.26 6.36 3740200 35038484.00
2022/02/24 6.39 6.54 6.15 6.24 7359701 68941776.00
2022/02/25 6.32 6.48 6.29 6.36 5168085 48713232.00
2022/02/28 6.36 6.46 6.20 6.44 4721212 44358084.00
2022/03/01 6.48 6.49 6.36 6.44 2954131 27951038.00
2022/03/02 6.36 6.69 6.34 6.59 6564250 63380688.00
2022/03/03 6.61 6.66 6.56 6.62 4464700 43555844.00
2022/03/04 6.61 6.82 6.52 6.57 6497412 64100076.00
2022/03/07 6.53 6.65 6.41 6.49 4620100 44402264.00
2022/03/08 6.46 6.54 6.01 6.02 7602400 69647496.00
2022/03/09 6.08 6.14 5.53 5.76 9772778 84687592.00
2022/03/10 5.93 6.11 5.88 6.00 6179900 54991044.00
2022/03/11 5.92 6.13 5.80 6.12 6516300 57792776.00
2022/03/14 6.08 6.28 5.98 5.99 5812600 52567372.00
2022/03/15 5.92 6.03 5.55 5.59 6854745 59047876.00
2022/03/16 5.68 5.79 5.44 5.76 6398800 53384592.00
2022/03/17 5.76 5.98 5.72 5.78 7036250 61237660.00
2022/03/18 5.78 6.29 5.76 6.11 11596513 104145704.00
2022/03/21 6.01 6.39 5.95 6.33 12994481 119519232.00
2022/03/22 6.24 6.39 6.10 6.11 7552557 69060952.00
2022/03/23 6.11 6.18 6.06 6.14 5658557 51281728.00
2022/03/24 6.08 6.33 6.01 6.32 9911058 91325056.00
2022/03/25 6.29 6.42 6.22 6.24 8429501 78420368.00
2022/03/28 6.23 6.26 6.07 6.15 6365400 57949592.00
2022/03/29 6.16 6.22 6.04 6.14 4971200 45083728.00
2022/03/30 6.16 6.20 6.07 6.18 5435300 49366996.00
2022/03/31 6.14 6.69 6.14 6.47 19383043 185753856.00
2022/04/01 6.34 6.51 6.17 6.19 9992700 92446000.00
2022/04/06 6.24 6.41 6.24 6.30 6710600 62709116.00
2022/04/07 6.30 6.32 6.04 6.08 6828600 62110272.00
2022/04/08 6.08 6.09 5.86 5.89 5944513 52207652.00
2022/04/11 5.84 5.89 5.55 5.57 5134800 43485300.00
2022/04/12 5.58 5.72 5.45 5.68 5445501 45104804.00
2022/04/13 5.70 5.72 5.46 5.54 3844100 31695000.00
2022/04/14 5.54 5.64 5.54 5.56 3475400 28870812.00
2022/04/15 5.54 5.60 5.47 5.49 4603300 37745480.00
2022/04/18 5.48 5.49 5.31 5.40 4079801 32672134.00
2022/04/19 5.44 5.47 5.34 5.46 2611851 21121544.00
2022/04/20 5.46 5.54 5.40 5.47 4417231 36004252.00
2022/04/21 5.48 5.49 5.19 5.30 6056092 47989312.00
2022/04/22 5.29 5.34 5.11 5.16 3788900 29569616.00
2022/04/25 5.05 5.11 4.61 4.63 6584201 48169160.00
2022/04/26 4.67 4.75 4.59 4.60 4263100 29903928.00
2022/04/27 4.57 4.69 4.37 4.65 4958935 33863724.00
2022/04/28 4.59 4.71 4.51 4.65 3905670 27102736.00
2022/04/29 4.73 5.09 4.73 5.02 6544051 48640596.00
2022/05/05 5.08 5.18 4.91 5.09 5313600 40400040.00
2022/05/06 4.99 5.11 4.95 5.01 4104100 30865186.00
2022/05/09 5.01 5.24 5.01 5.24 5673550 43801144.00
2022/05/10 5.24 5.33 5.11 5.29 6003300 46876832.00
2022/05/11 5.29 5.46 5.21 5.21 6735900 53731968.00
2022/05/12 5.19 5.34 5.17 5.30 4617400 36344924.00
2022/05/13 5.32 5.43 5.26 5.42 5078300 40563208.00
2022/05/16 5.46 5.49 5.29 5.33 5603332 44925164.00
2022/05/17 5.28 5.34 5.18 5.24 4139200 32308568.00
2022/05/18 5.23 5.31 5.19 5.21 3505100 27517032.00
2022/05/19 5.16 5.28 5.13 5.23 3603407 28044508.00
2022/05/20 5.23 5.30 5.20 5.26 4245800 33308252.00
2022/05/23 5.29 5.46 5.26 5.42 5879200 47154776.00
2022/05/24 5.43 5.46 5.11 5.14 6012061 47377132.00
2022/05/25 5.14 5.29 5.10 5.26 4104501 31888334.00
2022/05/26 5.22 5.31 5.16 5.29 3889100 30441304.00
2022/05/27 5.34 5.41 5.29 5.38 5350900 42760528.00
2022/05/30 5.38 5.51 5.30 5.45 6552700 53071704.00
2022/05/31 5.45 5.50 5.36 5.48 4908500 39886928.00
2022/06/01 5.45 5.51 5.37 5.43 4430150 35957876.00
2022/06/02 5.43 5.51 5.31 5.49 6110460 49350480.00
2022/06/06 5.50 6.08 5.47 6.08 21763011 190121552.00
2022/06/07 6.10 6.22 5.71 5.84 35581203 310474848.00
2022/06/08 5.77 5.79 5.55 5.67 18924188 158940688.00
2022/06/09 5.62 5.67 5.47 5.51 10420700 86027896.00
2022/06/10 5.52 5.76 5.51 5.62 12310874 103416680.00
2022/06/13 5.63 5.69 5.54 5.61 8556512 71214888.00
2022/06/14 5.54 5.60 5.41 5.58 8389201 68947192.00
2022/06/15 5.63 5.63 5.49 5.51 8668100 71803392.00
2022/06/16 5.51 5.61 5.49 5.58 5509800 45648088.00
2022/06/17 5.54 5.59 5.46 5.56 5456285 44982012.00
2022/06/20 5.60 5.60 5.55 5.59 5968075 49468956.00
2022/06/21 5.61 5.70 5.52 5.54 8000900 66705104.00
2022/06/22 5.54 5.63 5.53 5.55 5912700 49068408.00
2022/06/23 5.55 5.59 5.48 5.58 5229050 43083324.00
2022/06/24 5.59 5.62 5.54 5.57 5439601 45166304.00
2022/06/27 5.59 5.65 5.55 5.59 4547200 37837184.00
2022/06/28 5.58 5.61 5.52 5.61 5822502 48307712.00
2022/06/29 5.61 5.61 5.49 5.49 5950901 49118284.00
2022/06/30 5.47 5.66 5.47 5.62 9136319 76277320.00
2022/07/01 5.62 5.64 5.53 5.58 4335972 35929956.00
2022/07/04 5.58 5.63 5.54 5.63 5677002 47321388.00
2022/07/05 5.65 5.76 5.59 5.69 8213405 68306456.00
2022/07/06 5.69 5.69 5.53 5.58 7189600 58934480.00
2022/07/07 5.59 5.68 5.56 5.65 4899601 40562220.00
2022/07/08 5.66 5.76 5.63 5.74 8078093 67811096.00
2022/07/11 5.78 5.81 5.70 5.76 6520300 55047560.00
2022/07/12 5.76 5.76 5.58 5.58 6773100 55999456.00
2022/07/13 5.56 5.63 5.54 5.61 3927695 32270818.00
2022/07/14 5.60 5.69 5.59 5.64 4202936 34790744.00
2022/07/15 5.60 5.63 5.47 5.48 5850400 47552228.00
2022/07/18 5.47 5.61 5.47 5.59 5307700 43416044.00
2022/07/19 5.65 5.65 5.54 5.62 4306509 35431556.00
2022/07/20 5.65 5.71 5.63 5.70 5366009 44774912.00
2022/07/21 5.68 5.92 5.67 5.83 13250800 113027504.00
2022/07/22 5.86 5.86 5.63 5.69 8794900 74084168.00
2022/07/25 5.69 5.74 5.58 5.64 3784390 31497170.00
2022/07/26 5.64 5.70 5.57 5.69 4590615 37964720.00
2022/07/27 5.67 5.72 5.61 5.65 4845270 40213116.00
2022/07/28 5.66 5.70 5.63 5.64 4276902 35577316.00
2022/07/29 5.66 5.68 5.61 5.63 3611217 29948042.00
2022/08/01 5.63 5.64 5.56 5.57 4054600 33320006.00
2022/08/02 5.54 5.54 5.12 5.19 8404230 65168636.00
2022/08/03 5.16 5.31 5.16 5.21 3607701 27872380.00
2022/08/04 5.26 5.29 5.19 5.29 2751200 21262290.00
2022/08/05 5.28 5.39 5.26 5.39 3061869 24012300.00
2022/08/08 5.39 5.54 5.39 5.54 4259570 34411400.00
2022/08/09 5.56 5.59 5.51 5.56 3969150 32393074.00
2022/08/10 5.58 5.63 5.52 5.58 2547300 20842010.00
2022/08/11 5.57 5.64 5.55 5.61 3802785 31300502.00
2022/08/12 5.58 5.66 5.54 5.60 3273415 26978550.00
2022/08/15 5.59 5.66 5.54 5.57 3699900 30393540.00
2022/08/16 5.59 5.65 5.57 5.64 3559574 29378214.00
2022/08/17 5.64 5.69 5.61 5.65 3457500 28648136.00
2022/08/18 5.64 5.66 5.56 5.63 3706574 30570836.00
2022/08/19 5.63 5.77 5.59 5.64 6249400 52188572.00
2022/08/22 5.62 5.68 5.56 5.65 3757935 31068942.00
2022/08/23 5.65 5.78 5.60 5.76 6446800 53939688.00
2022/08/24 5.72 5.78 5.62 5.65 7132930 59626760.00
2022/08/25 5.81 5.94 5.73 5.85 17065956 145616976.00
2022/08/26 5.74 5.91 5.72 5.77 10491686 89740288.00
2022/08/29 5.68 5.88 5.66 5.86 7422470 63326380.00
2022/08/30 5.84 6.11 5.84 6.11 14821770 130319848.00
2022/08/31 6.01 6.01 5.76 5.85 13278000 114205736.00
2022/09/01 5.86 5.94 5.81 5.86 7355179 63432492.00
2022/09/02 5.89 6.02 5.88 5.94 6982330 60788820.00
2022/09/05 5.94 5.99 5.81 5.86 5897048 50771632.00
2022/09/06 5.85 5.94 5.81 5.90 5774703 49811108.00
2022/09/07 5.88 5.90 5.75 5.76 6382590 54219132.00
2022/09/08 5.76 5.81 5.69 5.76 4647032 39265772.00
2022/09/09 5.77 5.91 5.74 5.79 4056014 34721184.00
2022/09/13 5.83 5.84 5.71 5.73 3198500 27066930.00
2022/09/14 5.65 5.79 5.59 5.78 5334799 44658976.00
2022/09/15 5.81 5.95 5.66 5.75 6197019 52965984.00
2022/09/16 5.70 5.79 5.51 5.52 4944340 40877464.00
2022/09/19 5.51 5.56 5.40 5.54 3828803 30945012.00
2022/09/20 5.54 5.62 5.44 5.49 3133003 25418058.00
2022/09/21 5.48 5.52 5.39 5.46 3290600 26361368.00
2022/09/22 5.44 5.53 5.40 5.40 2533800 20311712.00
2022/09/23 5.39 5.44 5.28 5.29 2670700 21022436.00
2022/09/26 5.23 5.29 5.11 5.13 2788900 21393904.00
2022/09/27 5.14 5.34 5.14 5.33 3506200 27052264.00
2022/09/28 5.33 5.47 5.26 5.38 3511427 27787114.00
2022/09/29 5.43 5.46 5.25 5.31 3276539 25878194.00
2022/09/30 5.31 5.44 5.26 5.34 2700800 21379366.00
2022/10/10 5.36 5.40 5.21 5.26 2332500 18291834.00
2022/10/11 5.17 5.29 5.06 5.24 3049747 23177782.00
2022/10/12 5.26 5.31 5.11 5.31 2727700 20982562.00
2022/10/13 5.32 5.49 5.21 5.44 3963660 31507184.00
2022/10/14 5.49 5.66 5.44 5.59 5173400 42444548.00
2022/10/17 5.59 5.71 5.55 5.70 4861400 40403296.00
2022/10/18 5.70 5.89 5.62 5.85 7724900 65530608.00
2022/10/19 5.86 5.86 5.74 5.83 5033101 42717996.00
2022/10/20 5.76 5.97 5.76 5.89 6946101 59914772.00
2022/10/21 5.84 6.50 5.83 6.11 23407000 211365520.00
2022/10/24 6.14 6.40 5.71 5.74 17928647 156811472.00
2022/10/25 5.74 5.86 5.48 5.54 10806670 89409752.00
2022/10/26 5.63 5.94 5.44 5.85 9821701 83582656.00
2022/10/27 5.84 6.08 5.74 5.98 10173371 88313560.00
2022/10/28 6.01 6.06 5.71 5.78 7926079 68140216.00
2022/10/31 5.74 5.97 5.64 5.89 7400701 63079568.00
2022/11/01 5.86 6.06 5.78 6.02 9031700 78479056.00
2022/11/02 5.97 6.24 5.97 6.04 10553910 94421496.00
2022/11/03 5.99 6.14 5.96 6.00 5795530 51090736.00
2022/11/04 5.99 6.11 5.97 6.05 6515433 57643152.00
2022/11/07 6.02 6.07 5.92 6.00 6573200 57769436.00
2022/11/08 5.97 6.04 5.85 6.01 5717232 49953376.00
2022/11/09 5.99 6.47 5.96 6.29 18437721 169079248.00
2022/11/10 6.29 6.76 6.24 6.49 31126389 296048288.00
2022/11/11 6.44 6.68 6.18 6.19 31816334 299685600.00
2022/11/14 6.19 6.84 6.19 6.84 17003969 164042832.00
2022/11/15 7.55 7.55 7.55 7.55 5934600 65043216.00
2022/11/16 8.17 8.21 7.19 7.25 75994777 862199424.00
2022/11/17 6.87 8.00 6.87 7.59 63497483 693434496.00
2022/11/18 7.40 8.06 7.25 7.72 52461964 577272832.00
2022/11/21 7.65 8.52 7.61 8.52 30674701 364855680.00
2022/11/22 9.39 9.40 8.65 8.98 102160501 1347503616.00
2022/11/23 8.56 8.65 8.05 8.05 28040400 332532672.00
2022/11/24 7.59 8.19 7.35 7.95 65085941 723090240.00
2022/11/25 7.71 7.79 7.14 7.38 35563457 382672192.00
2022/11/28 7.72 8.14 7.72 8.14 79619795 931306112.00
2022/11/29 7.89 8.84 7.86 8.56 81121218 981486976.00
2022/11/30 8.58 9.45 8.38 9.05 74802122 971391424.00
2022/12/01 9.36 9.47 8.22 9.01 80429348 1042814336.00
2022/12/02 9.22 9.94 8.80 9.94 71214624 967186688.00
2022/12/05 10.65 10.96 9.84 10.13 107307206 1612174464.00
2022/12/06 10.29 10.69 9.09 9.09 97198281 1375709184.00
2022/12/07 8.59 9.57 8.31 9.49 78480869 1010660288.00
2022/12/08 9.12 10.47 9.04 10.47 90895719 1284601856.00
2022/12/09 10.15 10.76 10.01 10.04 87287814 1298885376.00
2022/12/12 10.38 11.01 10.16 10.92 79428308 1213073280.00
2022/12/13 10.86 11.85 10.50 11.44 88232029 1396076288.00
2022/12/14 10.71 10.72 10.26 10.26 65613627 981022912.00
2022/12/15 9.86 10.60 9.84 10.24 43444801 645388160.00
2022/12/16 10.46 10.87 10.35 10.36 59604978 906167616.00
2022/12/19 10.81 11.07 9.30 9.41 58336336 840399744.00
2023/01/04 8.44 8.44 8.44 8.44 8595100 104860224.00
2023/01/05 7.57 7.86 7.56 7.56 49312060 547330112.00
2023/01/06 7.46 7.53 7.31 7.38 33053905 354913696.00
2023/01/09 7.36 7.39 7.21 7.30 24386269 258309072.00
2023/01/10 7.26 7.26 7.06 7.11 23151796 240392000.00
2023/01/11 7.06 7.20 7.01 7.03 18217089 188080448.00
2023/01/12 7.01 7.06 6.91 6.92 15019400 152414000.00
2023/01/13 6.93 6.97 6.88 6.94 11611592 117053184.00
2023/01/16 6.91 7.02 6.87 6.95 13062915 132619848.00
2023/01/17 6.95 6.98 6.85 6.86 12167087 122211232.00
2023/01/18 6.86 6.89 6.80 6.81 9216700 91741256.00
2023/01/19 6.80 6.89 6.79 6.84 8320200 82928944.00
2023/01/20 6.86 6.96 6.85 6.96 10768700 108556088.00
2023/01/30 6.99 7.00 6.92 6.98 11410300 115623712.00
2023/01/31 6.96 7.00 6.79 6.99 13102458 132129296.00
2023/02/01 6.99 7.09 6.96 7.09 12716869 130195944.00
2023/02/02 7.09 7.13 7.04 7.11 10766446 111086864.00
2023/02/03 7.11 7.12 6.91 6.98 12681770 128791200.00
2023/02/06 6.94 6.99 6.91 6.92 7535400 76215568.00
2023/02/07 6.92 6.94 6.86 6.90 8360600 83961200.00
2023/02/08 6.90 6.94 6.89 6.89 6171500 62100864.00
2023/02/09 6.86 6.95 6.82 6.92 9174700 92134264.00
2023/02/10 6.94 7.03 6.89 6.91 12734600 128788632.00
2023/02/13 6.90 7.13 6.88 7.13 20025900 205589392.00
2023/02/14 7.14 7.16 7.03 7.13 11839580 122031096.00
2023/02/15 7.13 7.16 7.04 7.06 10703102 110358288.00
2023/02/16 7.06 7.26 6.94 7.00 26379170 273992160.00
2023/02/17 7.02 7.34 6.95 7.28 34089500 356972928.00
2023/02/20 7.36 7.40 7.03 7.18 26973300 279847168.00
2023/02/21 7.15 7.29 7.11 7.21 16716788 174385712.00
2023/02/22 7.16 7.32 7.11 7.23 17514400 184327616.00
2023/02/23 7.22 7.22 7.06 7.09 14909681 154459696.00
2023/02/24 7.10 7.12 7.05 7.08 7042181 72572592.00
2023/02/27 7.06 7.15 6.99 7.01 8789100 90298008.00
2023/02/28 7.03 7.29 7.01 7.29 25530116 266957392.00
2023/03/01 7.30 7.33 7.16 7.22 13529400 141947456.00
2023/03/02 7.22 7.22 7.04 7.06 16965488 174983648.00
2023/03/03 7.05 7.12 7.01 7.08 8915010 91541664.00
2023/03/06 7.09 7.09 7.02 7.04 6874600 70458536.00
2023/03/07 7.04 7.06 6.86 6.86 11322500 114496920.00
2023/03/08 6.85 6.89 6.80 6.85 6402901 63814772.00
2023/03/09 6.86 6.94 6.84 6.89 5397100 54181312.00
2023/03/10 6.85 6.86 6.64 6.65 9875800 96610104.00
2023/03/13 6.59 6.67 6.59 6.66 5591088 54094128.00
2023/03/14 6.66 6.73 6.44 6.50 8869510 85075968.00
2023/03/15 6.52 6.81 6.52 6.75 12374310 121366704.00
2023/03/16 6.79 6.81 6.62 6.63 8221100 80378040.00
2023/03/17 6.67 6.72 6.61 6.69 7130374 69225776.00
2023/03/20 6.69 6.69 6.48 6.49 8085300 77117392.00
2023/03/21 6.50 6.61 6.50 6.61 5484500 52457156.00
2023/03/22 6.64 6.76 6.61 6.69 6568501 64196260.00
2023/03/23 6.69 6.69 6.56 6.60 6261400 60261392.00
2023/03/24 6.60 6.69 6.52 6.56 5583600 53519116.00
2023/03/27 6.55 6.56 6.48 6.51 4860400 46140784.00
2023/03/28 6.51 6.59 6.48 6.54 4920236 46951132.00
2023/03/29 6.54 6.54 6.39 6.41 5457800 51321152.00
2023/03/30 6.41 6.43 6.33 6.37 4819000 44883724.00
2023/03/31 6.37 6.54 6.37 6.51 6657850 63107536.00
2023/04/03 6.54 6.58 6.42 6.46 5220000 49321624.00
2023/04/04 6.45 6.49 6.39 6.42 3975685 37349384.00
2023/04/06 6.42 6.51 6.39 6.47 4629371 43743228.00
2023/04/07 6.45 6.54 6.44 6.51 4412800 41962288.00
2023/04/10 6.51 6.56 6.37 6.39 7430900 69949904.00
2023/04/11 6.38 6.43 6.34 6.41 5186341 48410512.00
2023/04/12 6.40 6.53 6.38 6.47 5915301 55864320.00
2023/04/13 6.45 6.58 6.36 6.56 8234900 78401952.00
2023/04/14 6.54 6.67 6.51 6.56 5959800 57120884.00
2023/04/17 6.54 6.62 6.51 6.62 4568110 43860256.00
2023/04/18 6.63 6.63 6.53 6.55 3927700 37636828.00
2023/04/19 6.59 6.59 6.44 6.46 4247010 40229556.00
2023/04/20 6.48 6.48 6.25 6.31 7813041 72170120.00
2023/04/21 6.28 6.49 6.26 6.33 7671100 71851760.00
2023/04/24 6.34 6.61 6.34 6.49 10666410 101338520.00
2023/04/25 6.49 6.49 6.06 6.15 12878740 116921520.00
2023/04/26 6.17 6.62 6.16 6.59 15361927 144528464.00
2023/04/27 6.52 7.22 6.51 7.07 42038957 427534944.00
2023/04/28 6.98 7.05 6.84 6.96 18632330 187523536.00
2023/05/04 6.87 7.04 6.86 7.01 12661930 128556144.00
2023/05/05 7.04 7.04 6.82 6.89 9479800 95295088.00
2023/05/08 6.83 6.93 6.75 6.77 11467301 113671496.00
2023/05/09 6.75 6.76 6.60 6.67 7848600 76357448.00
2023/05/10 6.65 6.66 6.51 6.54 6830500 65301428.00
2023/05/11 6.55 6.61 6.52 6.54 4202401 40194912.00
2023/05/12 6.55 6.62 6.49 6.57 5145731 49345228.00
2023/05/15 6.56 6.61 6.44 6.59 6459300 61592480.00
2023/05/16 6.58 7.02 6.56 6.94 20404015 203920048.00
2023/05/17 6.87 6.88 6.71 6.84 11695288 115683304.00
2023/05/18 6.84 6.90 6.76 6.80 8277350 82315288.00
2023/05/19 6.77 6.85 6.72 6.84 6662400 66066836.00
2023/05/22 6.86 6.97 6.81 6.84 6767600 67828632.00
2023/05/23 6.78 7.04 6.78 6.96 16873747 171500432.00
2023/05/24 6.86 7.04 6.80 6.90 10955256 110157888.00
2023/05/25 6.88 6.90 6.71 6.80 8584446 85008672.00
2023/05/26 6.80 6.97 6.79 6.95 9319170 93604568.00
2023/05/29 6.97 6.98 6.83 6.86 6445500 64751872.00
2023/05/30 6.86 6.88 6.69 6.80 6154500 60812576.00
2023/05/31 6.81 6.92 6.80 6.81 5764500 57533424.00
2023/06/01 6.79 6.86 6.67 6.74 5651000 55678076.00
2023/06/02 6.72 6.79 6.71 6.71 4494900 44106456.00
2023/06/05 6.73 7.06 6.72 6.97 14093799 142092112.00
2023/06/06 7.04 7.06 6.74 6.78 9477900 94600016.00
2023/06/07 6.78 6.80 6.64 6.67 6592800 64509648.00
2023/06/08 6.67 6.69 6.54 6.57 4209205 40489520.00
2023/06/09 6.55 6.64 6.55 6.61 2954801 28461570.00
2023/06/12 6.61 6.69 6.40 6.68 7917800 75534064.00
2023/06/13 6.64 6.67 6.51 6.54 4362900 41841392.00
2023/06/14 6.53 6.59 6.50 6.57 3309542 31651456.00
2023/06/15 6.55 6.74 6.51 6.69 6468410 62623064.00
2023/06/16 6.69 6.74 6.64 6.65 3781900 36519980.00
2023/06/19 6.65 6.75 6.61 6.67 5216400 50357768.00
2023/06/20 6.65 6.69 6.55 6.56 3877431 36999920.00
2023/06/21 6.58 6.61 6.45 6.45 3766480 35458828.00
2023/06/26 6.45 6.51 6.35 6.38 3780600 34972312.00
2023/06/27 6.41 6.54 6.40 6.50 3006600 28203556.00
2023/06/28 6.49 6.54 6.39 6.51 2827400 26463234.00
2023/06/29 6.51 6.65 6.47 6.59 4197200 39921192.00
2023/06/30 6.92 7.27 6.81 7.01 33238866 339951488.00
2023/07/03 7.01 7.04 6.81 6.84 16952264 168102096.00
2023/07/04 6.81 6.88 6.76 6.78 11266870 110615728.00
2023/07/05 6.76 6.84 6.74 6.81 8297170 81312648.00
2023/07/06 6.81 6.84 6.68 6.74 7142800 69345664.00
2023/07/07 6.74 6.77 6.69 6.71 4321906 42002304.00
2023/07/10 6.74 6.76 6.69 6.74 3538606 34340228.00
2023/07/11 6.73 6.77 6.69 6.77 3177805 30876698.00
2023/07/12 6.77 6.78 6.58 6.59 5706921 54950532.00
2023/07/13 6.59 6.68 6.59 6.67 3385840 32505420.00
2023/07/14 6.66 6.69 6.65 6.69 3047400 29362394.00
2023/07/17 6.66 6.66 6.54 6.63 3815721 36324492.00
2023/07/18 6.63 6.65 6.56 6.64 3031847 28924874.00
2023/07/19 6.61 6.64 6.55 6.58 4066801 38657208.00
2023/07/20 6.60 6.64 6.55 6.55 3192301 30345978.00
2023/07/21 6.54 6.67 6.53 6.61 3240401 30915170.00
2023/07/24 6.61 6.74 6.59 6.71 5762040 55677752.00
2023/07/25 6.74 6.75 6.67 6.75 4574400 44352312.00
2023/07/26 6.74 6.77 6.69 6.74 4099370 39863988.00
2023/07/27 6.73 6.76 6.69 6.70 3153000 30565160.00
2023/07/28 6.71 6.75 6.62 6.74 3795415 36703752.00
2023/07/31 6.76 6.78 6.66 6.68 8899765 85992264.00
2023/08/01 6.66 6.68 6.55 6.56 8036501 76470368.00
2023/08/02 6.57 6.57 6.53 6.55 3212701 30375772.00
2023/08/03 6.56 6.67 6.56 6.60 6806721 64934988.00
2023/08/04 6.60 6.62 6.50 6.51 8642500 81636384.00
2023/08/07 6.48 6.50 6.37 6.40 5576700 51578228.00
2023/08/08 6.38 6.50 6.36 6.44 4924300 45775028.00
2023/08/09 6.43 6.55 6.39 6.51 6026300 56455152.00
2023/08/10 6.49 6.53 6.46 6.51 4193800 39367856.00
2023/08/11 6.51 6.74 6.51 6.55 13672200 130566208.00
2023/08/14 6.51 6.57 6.32 6.46 9089000 84217568.00
2023/08/15 6.44 6.54 6.36 6.51 5738600 53594448.00
2023/08/16 6.45 6.61 6.44 6.48 5798600 54784236.00
2023/08/17 6.46 6.49 6.38 6.44 4991000 46295856.00
2023/08/18 6.42 6.44 6.21 6.22 8709200 79478568.00
2023/08/21 6.22 6.28 6.16 6.16 4163100 37418320.00
2023/08/22 6.19 6.24 6.08 6.18 3570700 31712796.00
2023/08/23 6.16 6.23 6.10 6.13 2802700 24987962.00
2023/08/24 6.12 6.20 6.04 6.14 4523772 40176836.00
2023/08/25 6.14 6.30 6.14 6.15 5327948 47911516.00
2023/08/28 6.43 6.44 6.18 6.23 8719799 79757040.00
2023/08/29 6.22 6.32 6.19 6.31 3918800 35619224.00
2023/08/30 6.31 6.36 6.29 6.31 3405100 31109592.00
2023/08/31 6.29 6.36 6.21 6.34 4684000 42654140.00
2023/09/01 6.33 6.34 6.27 6.33 2696000 24595690.00
2023/09/04 6.34 6.36 6.31 6.36 3500500 32118436.00
2023/09/05 6.36 6.37 6.28 6.31 3375900 30820464.00
2023/09/06 6.28 6.31 6.26 6.28 2178300 19778496.00
2023/09/07 6.26 6.29 6.18 6.19 3648900 32919928.00
2023/09/08 6.16 6.21 6.16 6.19 1701600 15234809.00
2023/09/11 6.20 6.34 6.19 6.31 4932801 44940384.00
2023/09/12 6.31 6.46 6.29 6.39 7181001 66434780.00
2023/09/13 6.40 6.42 6.23 6.28 4182800 38179544.00
2023/09/14 6.31 6.34 6.26 6.29 3678250 33454014.00
2023/09/15 6.29 6.43 6.28 6.39 5947701 54891808.00
2023/09/18 6.41 6.45 6.38 6.42 7096700 65730680.00
2023/09/19 6.42 6.48 6.39 6.39 5024700 46683504.00
2023/09/20 6.40 6.47 6.38 6.41 3709400 34458528.00
2023/09/21 6.40 6.46 6.35 6.44 7003186 64987312.00
2023/09/22 6.39 6.59 6.36 6.58 10499400 98637688.00
2023/09/25 6.58 7.26 6.54 7.26 33790779 347050912.00
2023/09/26 7.40 7.62 6.89 7.05 65417950 671718208.00
2023/09/27 7.07 7.39 6.94 7.24 58927867 607144704.00
2023/09/28 7.01 7.16 6.89 7.06 38234631 387752224.00
2023/10/09 7.05 7.06 6.79 6.96 21196006 211875520.00
2023/10/10 6.94 6.94 6.66 6.73 23433100 228171008.00
2023/10/11 6.72 7.42 6.72 7.10 53126100 550601408.00
2023/10/12 7.11 7.41 7.08 7.20 44656442 463482016.00
2023/10/13 7.09 7.53 7.09 7.39 45399990 481213856.00
2023/10/16 7.35 7.76 7.29 7.36 42933965 462540256.00
2023/10/17 7.29 7.42 7.12 7.16 25169900 262206912.00
2023/10/18 7.05 7.14 6.91 6.94 22024301 222256016.00
2023/10/19 6.94 7.01 6.59 6.76 18325854 178389728.00
2023/10/20 6.76 6.76 6.47 6.59 13958200 132801112.00
2023/10/23 6.58 6.58 6.35 6.41 12933000 120041144.00
2023/10/24 6.44 6.62 6.38 6.61 12022400 113426152.00
2023/10/25 6.59 6.79 6.56 6.66 12095600 116703408.00
2023/10/26 6.61 6.66 6.52 6.59 8627500 81942640.00
2023/10/27 6.60 6.89 6.46 6.86 17830800 172530320.00
2023/10/30 6.83 7.10 6.82 6.98 16925923 170574656.00
2023/10/31 7.00 7.09 6.90 6.96 12338723 124672152.00
2023/11/01 6.96 7.03 6.88 6.98 9723701 97470528.00
2023/11/02 6.98 7.02 6.90 6.96 7732000 77589728.00
2023/11/03 6.96 7.02 6.92 6.94 8472400 85042024.00
2023/11/06 6.96 7.14 6.94 7.06 10844900 110431600.00
2023/11/07 7.06 7.12 7.00 7.06 8629200 87794888.00
2023/11/08 7.06 7.21 7.03 7.13 9844095 101100224.00
2023/11/09 7.13 7.23 6.96 7.00 11405800 116149992.00
2023/11/10 6.98 7.11 6.92 7.03 6722771 68008192.00
2023/11/13 7.06 7.09 6.95 7.01 5287100 53291880.00
2023/11/14 6.99 7.09 6.99 7.00 5729500 58051384.00
2023/11/15 7.04 7.06 6.96 7.01 6511800 65738624.00
2023/11/16 7.00 7.04 6.90 6.91 6483300 64885620.00
2023/11/17 6.89 7.07 6.89 7.06 7069200 71271896.00
2023/11/20 7.06 7.17 7.03 7.04 9049902 92400320.00
2023/11/21 7.05 7.12 7.01 7.07 7800900 79462128.00
2023/11/22 7.07 7.16 7.04 7.09 10916857 111837232.00
2023/11/23 7.09 7.25 7.08 7.24 16238836 168383920.00
2023/11/24 7.26 7.38 7.18 7.29 21041236 220474656.00
2023/11/27 7.42 7.44 7.15 7.16 20095646 209282784.00
2023/11/28 7.16 7.26 7.01 7.26 13673716 140680592.00
2023/11/29 7.20 7.25 7.07 7.09 9329200 95827152.00
2023/11/30 7.07 7.15 6.99 7.14 8568300 87309608.00
2023/12/01 7.12 7.29 7.10 7.15 9776300 101137800.00
2023/12/04 7.16 7.21 7.06 7.11 8942280 91794024.00
2023/12/05 7.09 7.15 7.03 7.04 7264791 74144952.00
2023/12/06 7.06 7.11 6.99 7.04 6187881 62808480.00
2023/12/07 7.00 7.04 6.85 6.86 8487700 84587080.00
2023/12/08 6.85 6.90 6.77 6.79 8485700 83517664.00
2023/12/11 6.74 6.86 6.71 6.82 7883500 77289304.00
2023/12/12 6.82 6.89 6.80 6.82 5116399 50434980.00
2023/12/13 6.83 7.02 6.79 6.91 11280099 112831168.00
2023/12/14 6.89 6.99 6.84 6.84 7278411 72287136.00
2023/12/15 6.84 6.85 6.71 6.72 6098011 59449976.00
2023/12/18 6.73 6.80 6.64 6.66 5853800 56692564.00
2023/12/19 6.68 6.68 6.53 6.59 5691606 54043008.00
2023/12/20 6.61 6.68 6.58 6.58 4426500 42310408.00
2023/12/21 6.55 6.58 6.42 6.56 4671100 43926244.00
2023/12/22 6.56 6.56 6.44 6.45 4880500 45716924.00
2023/12/25 6.38 6.44 6.28 6.34 8003300 73351376.00
2023/12/26 6.36 6.43 6.32 6.32 5445508 50097728.00
2023/12/27 6.32 6.37 6.29 6.34 3896600 35712328.00
2023/12/28 6.36 6.45 6.29 6.44 5543000 51227428.00
2023/12/29 6.41 6.49 6.41 6.49 4871200 45424656.00
2024/01/02 6.47 6.61 6.47 6.54 7043800 66598004.00
2024/01/03 6.53 6.65 6.52 6.58 5113600 48610400.00
2024/01/04 6.59 6.61 6.54 6.59 3638570 34598724.00
2024/01/05 6.58 6.60 6.51 6.53 5869000 55629932.00
2024/01/08 6.49 6.54 6.41 6.41 3667764 34306452.00
2024/01/09 6.44 6.49 6.39 6.43 3803500 35348168.00
2024/01/10 6.42 6.44 6.33 6.37 3594900 33217968.00
2024/01/11 6.36 6.42 6.34 6.40 3720400 34273560.00
2024/01/12 6.39 6.44 6.33 6.33 3833100 35358812.00
2024/01/15 6.34 6.38 6.28 6.35 3863900 35388496.00
2024/01/16 6.35 6.35 6.19 6.30 4497800 40779796.00
2024/01/17 6.26 6.32 6.15 6.16 4360300 39236980.00
2024/01/18 6.16 6.17 5.86 6.00 8124720 70028440.00
2024/01/19 6.01 6.06 5.94 5.94 4030200 34984208.00
2024/01/22 5.94 5.95 5.54 5.56 6706341 55899224.00
2024/01/23 5.58 5.61 5.41 5.52 6879223 54747952.00
2024/01/24 5.53 5.63 5.34 5.62 7987000 63805836.00
2024/01/25 5.60 5.85 5.57 5.84 7351591 61109412.00
2024/01/26 5.84 6.03 5.81 5.91 6927722 59713856.00
2024/01/29 5.91 5.97 5.69 5.69 6110500 51405240.00
2024/01/30 5.67 5.72 5.48 5.51 5272000 43041928.00
2024/01/31 5.51 5.53 5.20 5.23 8048700 62431024.00
2024/02/01 5.22 5.26 5.01 5.09 6419600 47978560.00
2024/02/02 5.12 5.21 4.66 4.84 8528001 61565436.00
2024/02/05 4.79 4.82 4.33 4.35 12247401 79601352.00
2024/02/06 4.18 4.62 4.05 4.49 13677800 87141384.00
2024/02/07 4.52 4.53 4.13 4.25 17442388 110320232.00
2024/02/08 4.29 4.69 4.26 4.69 18028623 118240160.00
2024/02/19 4.78 4.96 4.71 4.88 16782359 118645888.00
2024/02/20 4.86 5.00 4.76 4.99 10777152 77615368.00
2024/02/21 4.90 5.14 4.85 5.00 11059210 80856800.00
2024/02/22 4.96 5.06 4.94 5.06 10425450 76178928.00
2024/02/23 5.10 5.15 5.04 5.15 9362000 69482736.00
2024/02/26 5.17 5.36 5.12 5.25 9855300 75035344.00
2024/02/27 5.21 5.38 5.20 5.38 6595259 50964484.00
2024/02/28 5.40 5.54 5.03 5.04 15403199 119204544.00
2024/02/29 4.97 5.19 4.94 5.18 10479126 77787416.00
2024/03/01 5.16 5.21 5.10 5.16 6945020 52021556.00
2024/03/04 5.15 5.25 5.12 5.20 7909399 59625300.00
2024/03/05 5.17 5.17 5.04 5.10 6801599 50615692.00
2024/03/06 5.12 5.15 5.04 5.11 5252905 38994208.00
2024/03/07 5.11 5.19 5.09 5.09 5986303 44735332.00
2024/03/08 5.08 5.17 5.06 5.16 5284103 39483864.00
2024/03/11 5.17 5.26 5.14 5.26 6470218 48951604.00
2024/03/12 5.27 5.39 5.26 5.36 7964299 61816328.00
2024/03/13 5.37 5.38 5.25 5.33 7005010 54088656.00
2024/03/14 5.41 5.46 5.28 5.34 7693100 60100348.00
2024/03/15 5.32 5.39 5.30 5.39 5581300 43510100.00
2024/03/18 5.39 5.51 5.39 5.51 7264411 57577360.00
2024/03/19 5.51 5.56 5.46 5.47 5262602 42091120.00
2024/03/20 5.46 5.55 5.45 5.54 5509100 44084736.00
2024/03/21 5.55 5.60 5.47 5.53 5417801 43512008.00
2024/03/22 5.53 5.53 5.35 5.41 6507115 51191084.00
2024/03/25 5.38 5.43 5.29 5.30 6187400 48207168.00
2024/03/26 5.28 5.33 5.15 5.26 5868700 44810864.00
2024/03/27 5.29 5.48 5.26 5.34 11704899 91748472.00
2024/03/28 5.23 5.41 5.19 5.33 10275300 79519880.00
2024/03/29 5.31 5.40 5.29 5.40 5930920 46074400.00
2024/04/01 5.41 5.51 5.40 5.51 6456305 51156180.00
2024/04/02 5.51 5.55 5.45 5.55 6464201 51829240.00
2024/04/03 5.51 5.59 5.49 5.55 6004405 48299844.00
2024/04/08 5.55 5.56 5.38 5.39 5959900 47284696.00
2024/04/09 5.37 5.60 5.36 5.59 8475800 67793728.00
2024/04/10 5.59 5.59 5.36 5.41 6968200 55187016.00
2024/04/11 5.41 5.49 5.36 5.43 4821900 38146360.00
2024/04/12 5.41 5.46 5.38 5.39 4065299 32027878.00
2024/04/15 5.39 5.43 5.10 5.16 10891100 82834864.00
2024/04/16 5.14 5.16 4.81 4.82 9458401 67656600.00
2024/04/17 4.87 5.21 4.87 5.21 8536800 63309992.00
2024/04/18 5.31 5.31 5.13 5.13 5826700 44048020.00
2024/04/19 5.10 5.19 5.06 5.09 5249701 39071104.00
2024/04/22 5.08 5.17 5.04 5.11 4158706 30987226.00
2024/04/23 5.11 5.22 5.11 5.18 4851400 36485908.00
2024/04/24 5.21 5.29 5.16 5.29 4876605 37199512.00
2024/04/25 5.28 5.44 5.26 5.40 7201122 56373904.00
2024/04/26 5.84 5.92 5.59 5.64 26029547 216481168.00
2024/04/29 5.64 5.76 5.64 5.74 12533899 103666864.00
2024/04/30 5.76 5.91 5.71 5.90 12343201 104565880.00
2024/05/06 5.96 6.17 5.91 6.12 12897100 112848984.00
2024/05/07 6.07 6.15 6.02 6.14 10576528 93341984.00
2024/05/08 6.12 6.26 6.11 6.21 11031167 98751920.00
2024/05/09 6.20 6.29 6.14 6.21 9087900 81801664.00
2024/05/10 6.16 6.24 6.09 6.11 9390800 83635888.00
2024/05/13 6.09 6.16 6.05 6.06 6867894 60668400.00
2024/05/14 6.08 6.13 6.06 6.11 5589401 49343720.00
2024/05/15 6.15 6.17 6.09 6.09 4579200 40595956.00
2024/05/16 6.09 6.14 5.98 6.01 7863100 68956928.00
2024/05/17 5.99 6.04 5.94 6.01 6106200 52956360.00
2024/05/20 6.01 6.29 6.00 6.12 10428700 92710944.00
2024/05/21 6.14 6.17 6.04 6.09 5228400 46180636.00
2024/05/22 6.09 6.16 6.08 6.11 4439850 39326020.00
2024/05/23 6.11 6.12 5.96 5.99 5532300 48210068.00
2024/05/24 5.97 6.10 5.97 6.00 4973100 43516556.00
2024/05/27 6.00 6.05 5.91 6.01 7057500 60982760.00
2024/05/28 6.00 6.01 5.84 5.84 6267700 53607952.00
2024/05/29 5.84 5.93 5.82 5.85 4283800 36442608.00
2024/05/30 5.88 5.99 5.84 5.87 6919400 59281528.00
2024/05/31 5.86 5.91 5.84 5.90 3450719 29406870.00
2024/06/03 5.90 5.91 5.66 5.70 7177900 59896928.00
2024/06/04 5.71 5.71 5.60 5.68 5448500 44633204.00
2024/06/05 5.68 5.69 5.51 5.51 5354901 43436236.00
2024/06/06 5.51 5.56 5.23 5.32 8108100 63256232.00
2024/06/07 5.37 5.56 5.36 5.51 10393820 57721404.00
2024/06/11 5.50 5.58 5.39 5.57 7005444 39207160.00
2024/06/12 5.56 5.68 5.54 5.67 6491440 37169312.00
2024/06/13 5.68 5.69 5.46 5.49 6676860 37686856.00
2024/06/14 5.49 5.53 5.40 5.46 5086004 28215114.00
2024/06/17 5.42 5.51 5.40 5.44 4496760 25004156.00
2024/06/18 5.46 5.50 5.41 5.47 4437035 24704160.00
2024/06/19 5.48 5.51 5.38 5.40 4468680 24686726.00
2024/06/20 5.37 5.49 5.31 5.32 5917100 32464304.00
2024/06/21 5.31 5.40 5.23 5.35 4179981 22719046.00
2024/06/24 5.33 5.33 5.10 5.10 7235943 38161128.00
2024/06/25 5.12 5.26 5.12 5.20 6009277 31868370.00
2024/06/26 5.20 5.41 5.17 5.40 6722700 36369896.00
2024/06/27 5.40 5.40 5.25 5.26 4585780 24865988.00
2024/06/28 5.28 5.38 5.26 5.28 4646100 25190780.00
2024/07/01 5.27 5.37 5.24 5.36 4119000 22329776.00
2024/07/02 5.37 5.44 5.34 5.38 4738291 26096476.00
2024/07/03 5.38 5.47 5.30 5.32 4709821 25773728.00
2024/07/04 5.33 5.33 5.13 5.13 6003601 31858282.00
2024/07/05 5.11 5.30 5.10 5.30 5796161 30769756.00
2024/07/08 5.27 5.29 5.10 5.12 4939060 25940866.00
2024/07/09 5.12 5.17 4.96 5.16 7200085 37346440.00
2024/07/10 5.17 5.20 5.08 5.09 4236420 22157696.00
2024/07/11 5.21 5.32 5.16 5.32 6908941 37000004.00
2024/07/12 5.37 5.39 5.28 5.32 5205100 28311006.00
2024/07/15 5.37 5.37 5.17 5.19 5472260 29094014.00
2024/07/16 5.18 5.18 5.02 5.10 5594440 29065842.00
2024/07/17 5.11 5.13 5.04 5.07 2958100 15318425.00
2024/07/18 5.06 5.20 4.97 5.14 8306784 42788200.00
2024/07/19 5.05 5.11 4.98 5.05 7176520 36873504.00
2024/07/22 5.01 5.10 5.00 5.06 4465250 22996656.00
2024/07/23 5.08 5.08 4.96 4.96 5111620 26103450.00
2024/07/24 4.96 4.98 4.87 4.89 5239960 26258912.00
2024/07/25 4.87 4.95 4.83 4.89 3911700 19498532.00
2024/07/26 4.89 4.99 4.88 4.96 4044401 20464214.00
2024/07/29 4.98 5.02 4.91 4.96 3653520 18479006.00
2024/07/30 4.95 5.00 4.94 4.98 3573050 18142930.00
2024/07/31 4.99 5.16 4.90 5.15 6825521 35415824.00
2024/08/01 5.15 5.25 5.15 5.23 6975000 37089300.00
2024/08/02 5.22 5.36 5.20 5.26 10311119 55690712.00
2024/08/05 5.25 5.33 5.15 5.15 8136460 43461152.00
2024/08/06 5.18 5.34 5.18 5.33 6972400 37378724.00
2024/08/07 5.33 5.34 5.25 5.28 4442960 23996976.00
2024/08/08 5.33 5.51 5.31 5.46 12439709 68746648.00
2024/08/09 5.41 5.47 5.32 5.33 8345560 45712380.00
2024/08/12 5.33 5.51 5.30 5.45 9708084 53817600.00
2024/08/13 5.42 5.44 5.33 5.40 6596988 36119092.00
2024/08/14 5.40 5.40 5.29 5.30 6653300 36096452.00
2024/08/15 5.31 5.36 5.26 5.31 5996981 32449172.00
2024/08/16 5.30 5.36 5.24 5.33 5411260 29266300.00
2024/08/19 5.33 5.35 5.25 5.27 4371029 23562812.00
2024/08/20 5.27 5.29 5.12 5.14 4985060 26314638.00
2024/08/21 5.12 5.16 5.06 5.08 3686160 19163692.00
2024/08/22 5.08 5.12 5.00 5.02 4356055 22427688.00
2024/08/23 5.03 5.04 4.92 4.95 4387400 22225764.00
2024/08/26 4.92 5.01 4.90 4.99 3999580 20265596.00
2024/08/27 4.98 5.09 4.97 5.05 4831141 24831502.00
2024/08/28 5.04 5.18 5.01 5.12 5441700 28353804.00
2024/08/29 5.11 5.29 5.09 5.26 6935468 36861132.00
2024/08/30 5.25 5.31 5.22 5.23 7286400 39083172.00
2024/09/02 5.22 5.28 5.18 5.18 5213580 27785318.00
2024/09/03 5.18 5.25 5.15 5.18 4367668 23147800.00
2024/09/04 5.16 5.23 5.12 5.13 3672240 19345730.00
2024/09/05 5.12 5.20 5.12 5.17 2926140 15399529.00
2024/09/06 5.17 5.18 5.03 5.05 3759560 19536590.00
2024/09/09 5.01 5.15 5.01 5.09 3739000 19397924.00
2024/09/10 5.11 5.14 5.03 5.09 3654400 18932432.00
2024/09/11 5.10 5.11 5.01 5.03 2972319 15299034.00
2024/09/12 5.03 5.10 5.03 5.03 2928860 15135008.00
2024/09/13 5.05 5.06 4.97 4.97 3006420 15350103.00
2024/09/18 4.98 4.99 4.79 4.86 5084380 25190812.00
2024/09/19 4.89 5.02 4.86 4.99 4729959 23923868.00
2024/09/20 5.02 5.02 4.92 4.96 3552679 17990540.00
2024/09/23 4.97 5.01 4.95 4.96 3278720 16642502.00
2024/09/24 4.97 5.14 4.97 5.14 5509501 28429516.00
2024/09/25 5.18 5.30 5.18 5.22 7401340 39556600.00
2024/09/26 5.23 5.37 5.19 5.37 7635160 41123180.00
2024/09/27 5.48 5.60 5.37 5.55 13972333 78085872.00
2024/09/30 5.71 6.08 5.57 6.02 24459560 145610608.00
2024/10/08 6.61 6.61 6.00 6.29 31414455 200322160.00
2024/10/09 6.16 6.16 5.67 5.70 20027869 120053448.00
2024/10/10 5.73 5.91 5.63 5.76 12299423 72531344.00
2024/10/11 5.71 5.78 5.48 5.54 10678030 61002460.00
2024/10/14 5.57 5.64 5.45 5.63 8493620 48186200.00
2024/10/15 5.62 5.67 5.56 5.57 7891498 45115380.00
2024/10/16 5.51 5.63 5.48 5.61 6667982 37880576.00
2024/10/17 5.64 5.67 5.52 5.53 7786400 44367860.00
2024/10/18 5.52 5.71 5.52 5.64 10322114 59005448.00
2024/10/21 5.65 5.70 5.59 5.65 10813270 62064200.00
2024/10/22 5.68 6.22 5.68 6.20 42281066 259367808.00
2024/10/23 6.26 6.46 6.06 6.10 37771319 239220496.00
2024/10/24 6.13 6.23 6.11 6.18 18155386 113639656.00
2024/10/25 6.16 6.25 6.07 6.20 17592326 110198696.00
2024/10/28 6.23 6.57 6.14 6.56 25460114 165353808.00
2024/10/29 6.51 6.54 6.19 6.21 18260041 117250536.00
2024/10/30 6.14 6.29 6.14 6.20 11679970 73631440.00
2024/10/31 6.19 6.33 6.19 6.26 12165652 77599408.00
2024/11/01 6.27 6.29 6.05 6.10 12133602 76039336.00
2024/11/04 6.25 6.35 6.09 6.21 13738380 86202408.00
2024/11/05 6.21 6.25 6.16 6.24 15320981 96684888.00
2024/11/06 6.23 6.32 6.15 6.27 17387517 110114920.00
2024/11/07 6.25 6.45 6.17 6.45 18721478 121076416.00
2024/11/08 6.49 6.52 6.33 6.42 15268162 99428032.00
2024/11/11 6.40 6.46 6.27 6.46 16881179 109095648.00
2024/11/12 6.47 6.87 6.47 6.58 31739216 213983088.00
2024/11/13 6.48 6.59 6.32 6.44 18113644 118503000.00
2024/11/14 6.42 6.43 6.20 6.22 12752644 81830632.00
2024/11/15 6.19 6.35 6.15 6.15 10385176 65926180.00
2024/11/18 6.18 6.26 6.05 6.09 10703880 66964668.00
2024/11/19 6.10 6.22 6.07 6.22 7681515 47986288.00
2024/11/20 6.19 6.45 6.19 6.42 13646540 88052504.00
2024/11/21 6.42 6.43 6.34 6.42 9069822 58889236.00
2024/11/22 6.38 6.42 6.11 6.13 11839220 75465312.00
2024/11/25 6.18 6.32 6.15 6.30 9616563 61124852.00
2024/11/26 6.29 6.41 6.28 6.33 9997561 64642488.00
2024/11/27 6.33 6.38 6.15 6.37 9741856 61883808.00
2024/11/28 6.35 6.49 6.33 6.44 12256450 80171144.00
2024/11/29 6.42 6.50 6.34 6.48 11279200 73882304.00
2024/12/02 6.48 6.66 6.48 6.64 14613593 97846632.00
2024/12/03 6.64 6.74 6.59 6.69 13239442 89832088.00
2024/12/04 6.70 6.70 6.47 6.52 11015751 73694392.00
2024/12/05 6.52 6.55 6.46 6.52 6786601 44864600.00
2024/12/06 6.54 6.74 6.48 6.69 13243234 89182840.00
2024/12/09 6.72 6.79 6.62 6.69 10583881 71843760.00
2024/12/10 6.82 6.86 6.61 6.63 10704460 72883296.00
2024/12/11 6.62 6.69 6.60 6.68 7023164 47487524.00
2024/12/12 6.67 6.79 6.66 6.79 11621781 79622872.00
2024/12/13 6.75 6.84 6.66 6.67 8539240 58340932.00
2024/12/16 6.67 6.80 6.62 6.66 8424420 57343456.00
2024/12/17 6.63 6.69 6.37 6.40 12347963 81150144.00
2024/12/18 6.40 6.49 6.31 6.42 7793520 50786616.00
2024/12/19 6.40 6.45 6.26 6.38 7897300 50863028.00
2024/12/20 6.39 6.46 6.35 6.45 6373280 41610000.00
2024/12/23 6.45 6.47 6.06 6.08 14176061 89442456.00
2024/12/24 6.13 6.20 6.07 6.18 6553000 40869148.00
2024/12/25 6.18 6.21 5.97 6.03 8427664 51716300.00
2024/12/26 6.05 6.17 6.01 6.08 6761580 41828416.00
2024/12/27 6.10 6.24 6.05 6.21 6743640 42333072.00
2024/12/30 6.18 6.20 6.06 6.12 5633300 35025108.00
2024/12/31 6.14 6.17 6.02 6.03 6402827 39624200.00
2025/01/02 6.06 6.13 5.90 5.94 8174740 50167168.00
2025/01/03 5.96 6.02 5.78 5.80 8138362 48882112.00
2025/01/06 5.89 6.14 5.74 6.05 14934609 90902256.00
2025/01/07 6.02 6.03 5.80 5.95 10570173 63436496.00
2025/01/08 5.93 6.05 5.81 5.93 8890520 53809572.00
2025/01/09 5.90 5.94 5.79 5.85 7192587 42945320.00
2025/01/10 5.84 5.86 5.64 5.65 7762180 45322212.00
2025/01/13 5.62 5.67 5.49 5.66 5142800 29310804.00
2025/01/14 5.67 5.83 5.67 5.82 6568561 38535368.00
2025/01/15 5.82 5.83 5.74 5.78 5668540 33362610.00
2025/01/16 5.78 5.89 5.78 5.84 6329920 37612676.00
2025/01/17 5.82 5.85 5.75 5.83 4018061 23745288.00
2025/01/20 5.83 6.01 5.83 5.96 7491361 45167792.00
2025/01/21 5.99 6.00 5.86 5.90 5412440 32503956.00
2025/01/22 5.87 5.90 5.80 5.83 3752060 22269320.00
2025/01/23 5.87 5.94 5.84 5.84 4051020 24282902.00
2025/01/24 5.82 5.86 5.76 5.83 4713379 27846170.00
2025/01/27 5.87 5.99 5.85 5.88 6452860 38928564.00
2025/02/05 5.91 5.95 5.87 5.92 4795380 28832096.00
2025/02/06 5.92 5.94 5.83 5.94 5338511 31997856.00
2025/02/07 5.96 6.06 5.92 6.03 10827721 66079156.00
2025/02/10 6.05 6.10 6.03 6.09 6608061 40802688.00
2025/02/11 6.11 6.12 6.00 6.05 6944740 42656036.00
2025/02/12 6.06 6.08 6.01 6.08 6311253 38800920.00
2025/02/13 6.05 6.08 5.98 5.99 5151940 31535220.00
2025/02/14 5.98 6.08 5.98 6.03 4592300 28156734.00
2025/02/17 6.03 6.12 6.02 6.10 6827757 42202556.00
2025/02/18 6.11 6.11 5.95 5.96 6112154 37482008.00
2025/02/19 5.97 6.04 5.94 6.03 4624240 28218266.00
2025/02/20 6.03 6.14 6.01 6.08 5745280 35570700.00
2025/02/21 6.06 6.10 5.99 6.05 4979360 30555970.00
2025/02/24 6.04 6.14 6.01 6.08 5970281 36894376.00
2025/02/25 6.08 6.10 6.01 6.04 5206320 32002438.00
2025/02/26 6.04 6.10 6.02 6.08 8735400 53843832.00
2025/02/27 6.09 6.11 5.89 6.00 16803342 102290736.00
2025/02/28 5.98 6.01 5.87 5.90 9531001 57442468.00
2025/03/03 5.90 6.04 5.90 5.95 8417141 51182708.00
2025/03/04 5.94 6.02 5.93 6.02 5289800 32225356.00
2025/03/05 6.02 6.03 5.88 5.94 5925848 35659000.00
2025/03/06 5.94 5.97 5.90 5.96 10315782 62232052.00
2025/03/07 5.93 5.95 5.86 5.89 8118442 48743828.00
2025/03/10 5.90 5.96 5.89 5.94 6572702 39629760.00
2025/03/11 5.91 5.93 5.83 5.92 5763255 34461584.00
2025/03/12 5.92 5.96 5.89 5.94 5540221 33388640.00
2025/03/13 5.95 5.95 5.85 5.95 7046621 42334352.00
2025/03/14 5.96 6.07 5.93 6.06 11507660 70305768.00
2025/03/17 6.06 6.13 6.04 6.10 8644560 53493740.00
2025/03/18 6.10 6.14 6.08 6.11 5699460 35362568.00
2025/03/19 6.12 6.16 6.08 6.11 5385048 33487694.00
2025/03/20 6.10 6.14 6.09 6.12 5280156 32824522.00
2025/03/21 6.14 6.20 6.04 6.09 8032020 49958528.00
2025/03/24 6.09 6.12 5.89 5.99 7951321 48420288.00
2025/03/25 5.96 6.08 5.93 6.06 7007060 42791292.00
2025/03/26 6.08 6.19 6.01 6.15 9359998 58371712.00
2025/03/27 6.17 6.22 6.04 6.20 8465721 52928580.00
2025/03/28 6.17 6.60 6.17 6.25 30094222 193455600.00
2025/03/31 6.21 6.24 5.96 6.05 20953280 130137384.00
2025/04/01 6.09 6.38 6.09 6.29 22806278 145775296.00
2025/04/02 6.29 6.34 6.23 6.27 10826300 69175560.00
2025/04/03 6.23 6.37 6.23 6.32 13263500 84982672.00
2025/04/07 6.09 6.10 5.68 5.68 16235200 95651272.00
2025/04/08 5.70 5.75 5.36 5.48 20698293 116150752.00
2025/04/09 5.36 5.54 5.07 5.51 17146587 92742928.00
2025/04/10 5.60 5.73 5.58 5.68 12119340 69928152.00
2025/04/11 5.61 5.66 5.48 5.52 16305500 92227816.00
2025/04/14 5.62 5.71 5.55 5.64 12754232 73076704.00
2025/04/15 5.61 5.68 5.54 5.63 7610614 43411200.00
2025/04/16 5.60 5.61 5.41 5.52 9413500 52811860.00
2025/04/17 5.51 5.64 5.46 5.57 8361720 47465372.00
2025/04/18 5.58 5.77 5.55 5.64 14325599 82280792.00
2025/04/21 5.62 5.76 5.56 5.74 11293120 65624328.00
2025/04/22 5.71 5.84 5.71 5.84 10727080 63147276.00
2025/04/23 5.84 5.85 5.78 5.80 6756160 39969568.00
2025/04/24 5.80 5.90 5.78 5.84 7906800 47002496.00
2025/04/25 5.82 5.83 5.69 5.71 11957020 69787328.00
2025/04/28 5.70 5.70 5.48 5.55 9348741 52872024.00
2025/04/29 5.51 5.69 5.51 5.63 7638600 43765760.00
2025/04/30 5.62 5.68 5.62 5.65 6243741 35904224.00
2025/05/06 5.68 5.78 5.67 5.74 8056640 46952348.00
2025/05/07 5.78 5.84 5.76 5.83 10818940 63861984.00
2025/05/08 5.82 5.88 5.77 5.85 7826100 46460536.00
2025/05/09 5.85 5.87 5.80 5.82 7155500 42444724.00
2025/05/12 5.83 5.86 5.75 5.80 7262354 42790908.00
2025/05/13 5.82 5.86 5.79 5.81 4675460 27682200.00
2025/05/14 5.78 5.84 5.73 5.82 5249820 30879178.00
2025/05/15 5.80 5.93 5.77 5.84 8092400 48140136.00
2025/05/16 5.83 5.97 5.81 5.94 12618660 75760616.00
2025/05/19 5.93 5.94 5.86 5.92 7871780 47231040.00
2025/05/20 5.95 6.07 5.93 5.98 7512440 45652224.00
2025/05/21 6.00 6.06 5.97 6.04 9853580 60426612.00
2025/05/22 6.00 6.04 5.93 5.96 8717080 53011004.00
2025/05/23 5.94 6.07 5.93 5.95 8772740 53730648.00
2025/05/26 5.95 5.97 5.85 5.91 7564380 45457380.00
2025/05/27 5.93 6.02 5.88 6.00 6960120 42191852.00
2025/05/28 6.00 6.03 5.94 5.99 5960520 36203044.00
2025/05/29 5.99 6.09 5.94 6.05 8309240 51041284.00
2025/05/30 6.06 6.17 6.05 6.07 10078300 61481768.00
2025/06/03 6.04 6.22 6.02 6.20 12600261 77639864.00
2025/06/04 6.20 6.24 6.17 6.23 9589540 59510648.00
2025/06/05 6.23 6.23 6.09 6.12 8872380 54500736.00
2025/06/06 6.12 6.18 6.11 6.16 5481680 33681244.00
2025/06/09 6.18 6.32 6.18 6.29 11002730 69168552.00
2025/06/10 6.29 6.37 6.22 6.31 11330930 71388200.00
2025/06/11 6.29 6.35 6.27 6.30 6889466 43420368.00
2025/06/12 6.30 6.33 6.25 6.30 6655660 41804440.00
2025/06/13 6.30 6.33 6.14 6.16 8393280 52097124.00
2025/06/16 6.15 6.44 6.13 6.30 19172582 120659864.00
2025/06/17 6.35 6.44 6.20 6.23 13854227 86970248.00
2025/06/18 6.19 6.22 6.05 6.06 10104139 61630088.00
2025/06/19 6.06 6.09 5.89 5.91 8509608 50814180.00
2025/06/20 5.91 5.95 5.84 5.90 6035160 35591440.00
2025/06/23 5.87 6.05 5.83 6.03 7056790 42073940.00
2025/06/24 6.02 6.17 6.01 6.15 7394941 45371488.00
2025/06/25 6.17 6.18 6.05 6.12 7801582 47672304.00
2025/06/26 6.13 6.14 6.06 6.07 5890760 35858600.00
2025/06/27 6.08 6.15 6.07 6.10 5524251 33752708.00
2025/06/30 6.11 6.17 6.09 6.17 7385162 45294616.00
2025/07/01 6.16 6.79 6.14 6.79 53525240 356874496.00
2025/07/02 6.87 7.45 6.74 6.85 107634098 751370752.00
2025/07/03 6.78 6.85 6.63 6.70 59076716 396471296.00
2025/07/04 6.72 6.85 6.55 6.61 38209808 253581312.00
2025/07/07 6.62 6.67 6.56 6.60 22968464 151772704.00
2025/07/08 6.62 6.78 6.60 6.65 29377360 195640608.00
2025/07/09 6.63 6.64 6.53 6.56 21806712 143549520.00
2025/07/10 6.54 6.79 6.54 6.69 32954060 220175136.00
2025/07/11 6.70 6.75 6.61 6.65 21235800 141576384.00
2025/07/14 6.65 6.80 6.60 6.75 21299340 143263824.00
2025/07/15 6.72 6.76 6.58 6.67 17797564 118047408.00
2025/07/16 6.65 6.78 6.64 6.76 21276342 143147072.00
2025/07/17 6.77 6.98 6.73 6.91 26828498 184668512.00
2025/07/18 6.93 6.97 6.73 6.88 21785956 148585264.00
2025/07/21 6.88 6.93 6.83 6.90 17163600 118032464.00
2025/07/22 6.86 6.89 6.78 6.81 15815860 107933128.00
2025/07/23 6.80 6.86 6.73 6.76 15776464 107255000.00
2025/07/24 6.80 6.95 6.78 6.85 15889140 108692344.00
2025/07/25 6.85 7.12 6.80 6.92 33136700 231366592.00
2025/07/28 7.05 7.61 7.01 7.61 25948368 196130240.00
2025/07/29 7.66 8.08 7.40 7.50 112583728 864743872.00
2025/07/30 7.34 7.49 7.20 7.31 60444544 444510752.00
2025/07/31 7.37 7.40 7.16 7.17 37753800 273689184.00
2025/08/01 7.23 7.48 7.20 7.28 35461580 259608160.00
2025/08/04 7.20 7.49 7.15 7.34 27733764 201490752.00
2025/08/05 7.37 7.53 7.30 7.38 29225360 215837280.00
2025/08/06 7.39 7.40 7.10 7.12 35313005 254171216.00
2025/08/07 7.12 7.16 7.00 7.01 24566300 173513136.00
2025/08/08 7.05 7.08 6.90 7.07 19729314 138368224.00
2025/08/11 7.08 7.16 7.02 7.14 16484920 117050448.00
2025/08/12 7.18 7.48 7.14 7.25 32464620 236015776.00
2025/08/13 7.17 7.21 7.05 7.19 22679040 161903104.00
2025/08/14 7.19 7.19 7.01 7.01 15622620 110526872.00
2025/08/15 7.00 7.06 6.95 7.01 16028644 112196952.00
2025/08/18 7.02 7.11 7.01 7.05 17828940 125604008.00
2025/08/19 7.09 7.27 7.09 7.21 30625668 220346512.00
2025/08/20 7.19 7.20 7.06 7.15 17980612 128007920.00
2025/08/21 7.18 7.18 7.10 7.14 12893812 91972448.00
2025/08/22 7.12 7.15 7.00 7.06 17781740 125258544.00
2025/08/25 7.05 7.08 7.00 7.05 13964422 98328672.00
2025/08/26 7.04 7.06 7.00 7.04 12250918 86139992.00
2025/08/27 7.04 7.04 6.73 6.75 23917080 164979456.00
2025/08/28 6.78 6.84 6.54 6.74 13874895 92863768.00
2025/08/29 6.72 6.78 6.71 6.74 7242860 48883420.00
2025/09/01 6.75 6.82 6.70 6.81 8526265 57837584.00
2025/09/02 6.82 6.82 6.65 6.74 8816474 59267400.00
2025/09/03 6.74 6.79 6.59 6.61 7540299 50446228.00
2025/09/04 6.69 6.78 6.63 6.68 11258694 75686880.00
2025/09/05 6.74 6.77 6.65 6.76 7457560 50124572.00
2025/09/08 6.79 6.87 6.78 6.87 7577682 51768356.00
2025/09/09 6.87 6.88 6.75 6.81 7568580 51513568.00
2025/09/10 6.83 6.83 6.75 6.81 4636300 31472816.00
2025/09/11 6.81 6.82 6.69 6.82 6364528 43024192.00
2025/09/12 6.82 6.83 6.73 6.75 7603640 51486224.00
2025/09/15 6.75 6.77 6.71 6.76 5101600 34405612.00
2025/09/16 6.75 6.77 6.68 6.75 6090323 40967136.00
2025/09/17 6.75 6.75 6.70 6.71 5423760 36456368.00
2025/09/18 6.71 6.74 6.61 6.65 8373300 55940172.00
2025/09/19 6.65 6.67 6.55 6.57 7787840 51243136.00
2025/09/22 6.59 6.61 6.44 6.49 5845960 38048620.00
2025/09/23 6.50 6.50 6.29 6.38 8584126 54555248.00
2025/09/24 6.38 6.58 6.34 6.57 8405767 54672632.00
2025/09/25 6.58 6.62 6.49 6.54 5703538 37404104.00
2025/09/26 6.54 6.54 6.45 6.50 3786660 24643266.00
2025/09/29 6.47 6.49 6.36 6.48 5191655 33430482.00
2025/09/30 6.50 6.51 6.46 6.46 3639940 23583294.00
2025/10/09 6.45 6.46 6.38 6.44 5775020 37072416.00
2025/10/10 6.44 6.53 6.42 6.51 6262137 40689684.00
2025/10/13 6.39 6.45 6.28 6.45 6747020 43138500.00
2025/10/14 6.45 6.53 6.45 6.48 6332802 41068136.00
2025/10/15 6.47 6.59 6.47 6.59 7729000 50694604.00
2025/10/16 6.61 6.65 6.58 6.62 7455807 49345424.00
2025/10/17 6.63 6.65 6.54 6.55 6322040 41732236.00
2025/10/20 6.63 6.64 6.54 6.64 5513700 36341356.00
2025/10/21 6.64 6.74 6.63 6.74 8536224 57251324.00
2025/10/22 6.71 6.83 6.71 6.80 8658968 58763860.00
2025/10/23 6.78 6.82 6.72 6.80 6482887 43858828.00
2025/10/24 6.77 6.79 6.68 6.69 8287490 55708984.00
2025/10/27 6.70 6.74 6.63 6.67 6504266 43374072.00
2025/10/28 6.65 6.70 6.63 6.69 6572386 43821180.00
2025/10/29 6.68 6.68 6.57 6.62 6513934 43021476.00
2025/10/30 6.62 6.62 6.53 6.54 5365740 35239552.00
2025/10/31 6.54 6.67 6.53 6.65 6259734 41502784.00
2025/11/03 6.66 6.98 6.63 6.79 16642060 112956624.00
2025/11/04 6.75 6.78 6.68 6.73 10187320 68443888.00
2025/11/05 6.68 6.79 6.67 6.77 7520120 50759640.00
2025/11/06 6.78 6.78 6.70 6.77 6048900 40834440.00
2025/11/07 6.76 6.82 6.75 6.79 6746639 45830520.00
2025/11/10 6.80 6.90 6.78 6.90 11650980 79955264.00
2025/11/11 6.90 6.95 6.84 6.92 10184244 70351392.00
2025/11/12 6.92 6.98 6.91 6.95 11700940 81289728.00
2025/11/13 6.95 6.97 6.84 6.96 10508076 72746280.00
2025/11/14 6.93 7.10 6.91 7.03 16593144 116773984.00
2025/11/17 7.03 7.07 6.92 6.97 9476600 65980624.00
2025/11/18 6.95 7.04 6.89 6.93 9361120 64965768.00
2025/11/19 6.92 7.00 6.80 6.82 9761560 66989492.00
2025/11/20 6.89 6.90 6.73 6.79 9486580 64439868.00
2025/11/21 6.77 6.81 6.44 6.44 10862576 71361840.00
2025/11/24 6.49 6.61 6.45 6.56 7112056 46580180.00
2025/11/25 6.58 6.77 6.55 6.70 7140440 47859480.00
2025/11/26 6.71 6.88 6.69 6.70 10139340 68961008.00
2025/11/27 6.68 6.75 6.60 6.75 8326316 55626420.00
2025/11/28 6.73 6.76 6.63 6.68 6598141 43969232.00
2025/12/01 6.70 6.75 6.66 6.72 6894920 46358536.00
2025/12/02 6.69 6.78 6.59 6.76 6903740 46293452.00
2025/12/03 6.75 6.88 6.71 6.88 14076865 96143200.00
2025/12/04 6.88 6.94 6.78 6.88 13391916 91993360.00
2025/12/05 6.84 6.87 6.68 6.80 11776674 79600032.00
2025/12/08 6.80 6.83 6.73 6.77 8695800 58854480.00
2025/12/09 6.78 6.78 6.61 6.62 8740434 58343308.00
2025/12/10 6.60 6.64 6.52 6.56 7299260 47921596.00
2025/12/11 6.56 6.58 6.37 6.38 10822420 69791440.00
2025/12/12 6.41 6.41 6.32 6.33 6891580 43886304.00
2025/12/15 6.33 6.41 6.24 6.38 6071391 38555072.00
2025/12/16 6.39 6.39 6.23 6.23 7378860 46231844.00
2025/12/17 6.23 6.34 6.18 6.28 8850540 55353528.00
2025/12/18 6.26 6.43 6.24 6.40 8185860 52245136.00
2025/12/19 6.42 6.56 6.37 6.55 8843680 57466860.00
2025/12/22 6.50 6.55 6.48 6.50 5658780 36819104.00
2025/12/23 6.50 6.53 6.40 6.42 5962644 38364544.00
2025/12/24 6.41 6.44 6.37 6.41 5165928 33114756.00
2025/12/25 6.41 6.47 6.39 6.46 4651520 29903204.00
2025/12/26 6.43 6.49 6.40 6.41 5634820 36304764.00
2025/12/29 6.40 6.40 6.32 6.33 5143831 32657754.00
2025/12/30 6.32 6.35 6.26 6.31 4854575 30646748.00
2025/12/31 6.31 6.31 6.24 6.27 5740870 36019168.00
2026/01/05 6.30 6.41 6.30 6.39 5987038 38139828.00
2026/01/06 6.40 6.48 6.40 6.45 6187000 39839888.00
2026/01/07 6.44 6.46 6.38 6.39 5061461 32482690.00
2026/01/08 6.39 6.47 6.38 6.46 6044600 38955152.00
2026/01/09 6.45 6.50 6.42 6.49 7179676 46407396.00
2026/01/12 6.50 6.53 6.45 6.50 9058220 58766956.00
2026/01/13 6.52 6.65 6.50 6.54 12510661 82304712.00
2026/01/14 6.55 6.59 6.43 6.49 10491359 68430400.00
2026/01/15 6.49 6.50 6.45 6.47 6074460 39286688.00
2026/01/16 6.49 6.51 6.41 6.44 5236080 33735864.00
2026/01/19 6.40 6.54 6.40 6.53 8795462 57019332.00
2026/01/20 6.55 6.56 6.49 6.54 6480895 42311420.00
2026/01/21 6.53 6.56 6.48 6.55 6333642 41407092.00
2026/01/22 6.56 6.62 6.54 6.61 6102180 40197724.00
2026/01/23 6.61 6.66 6.60 6.66 7342600 48796512.00
2026/01/26 6.66 6.73 6.62 6.72 10519680 70251264.00
2026/01/27 6.70 6.71 6.48 6.65 9791860 64479148.00
2026/01/28 6.63 6.65 6.54 6.56 6717780 44303136.00
2026/01/29 6.53 6.60 6.48 6.54 7485640 49060384.00
2026/01/30 6.51 6.61 6.48 6.58 7877594 51594724.00
2026/02/02 6.56 6.63 6.45 6.45 8411880 55137256.00
2026/02/03 6.55 6.56 6.48 6.56 5502679 35919896.00
2026/02/04 6.56 6.66 6.54 6.65 7915596 52457952.00
2026/02/05 6.65 6.70 6.63 6.64 6863480 45745308.00
2026/02/06 6.65 6.72 6.65 6.68 8564479 57343788.00
2026/02/09 6.71 6.73 6.69 6.73 7511760 50404172.00
2026/02/10 6.73 6.76 6.70 6.71 6362079 42856712.00
2026/02/11 6.72 6.75 6.69 6.70 3733901 25072146.00
2026/02/12 6.71 6.71 6.56 6.58 6011641 39811856.00
2026/02/13 6.60 6.61 6.54 6.55 7324301 48219724.00
2026/02/24 6.58 6.72 6.58 6.71 6338360 42220656.00
2026/02/25 6.71 6.76 6.69 6.72 6501720 43729748.00
#鑒앴윱都:繫댐斤
