002591 КуДѓИпаТ ШеЯп ЧАИДШЈ
      ШеЦк	    ПЊХЬ	    зюИп	    зюЕЭ	    ЪеХЬ	    ГЩНЛСП	    ГЩНЛЖю
2021/08/02 5.00 5.23 4.94 5.19 3922200 20114924.00
2021/08/03 5.20 5.24 5.15 5.18 2375031 12330704.00
2021/08/04 5.23 5.23 5.14 5.19 1976427 10236015.00
2021/08/05 5.24 5.28 5.16 5.18 2387300 12416285.00
2021/08/06 5.17 5.21 5.11 5.13 2085300 10747223.00
2021/08/09 5.20 5.25 5.16 5.24 2307227 12029916.00
2021/08/10 5.26 5.34 5.25 5.29 2078427 10993374.00
2021/08/11 5.30 5.40 5.24 5.40 2948250 15780986.00
2021/08/12 5.40 5.45 5.35 5.37 2118460 11415327.00
2021/08/13 5.37 5.40 5.33 5.35 1869677 10026584.00
2021/08/16 5.35 5.45 5.35 5.42 2431177 13179251.00
2021/08/17 5.39 5.43 5.23 5.23 2190400 11676244.00
2021/08/18 5.22 5.36 5.22 5.33 2337800 12423511.00
2021/08/19 5.33 5.37 5.27 5.28 1463900 7778802.00
2021/08/20 5.30 5.30 5.15 5.22 2246000 11687678.00
2021/08/23 5.25 5.43 5.23 5.42 4143000 22317912.00
2021/08/24 5.40 5.56 5.36 5.46 3648300 20019248.00
2021/08/25 5.45 5.54 5.45 5.53 2973900 16374361.00
2021/08/26 5.55 5.61 5.49 5.53 3166400 17578366.00
2021/08/27 5.50 5.54 5.44 5.45 2213900 12109068.00
2021/08/30 5.46 5.52 5.36 5.39 2274800 12361826.00
2021/08/31 5.36 5.48 5.36 5.45 2818300 15308680.00
2021/09/01 5.42 5.56 5.40 5.46 3548902 19445062.00
2021/09/02 5.49 5.49 5.36 5.43 3251600 17552356.00
2021/09/03 5.47 5.57 5.45 5.49 3827702 21073134.00
2021/09/06 5.52 5.52 5.42 5.49 2451502 13391567.00
2021/09/07 5.47 5.53 5.45 5.52 2967102 16314019.00
2021/09/08 5.52 5.78 5.51 5.74 7504329 42553648.00
2021/09/09 5.73 5.74 5.65 5.66 3690050 20971950.00
2021/09/10 5.66 5.72 5.55 5.59 3811000 21372970.00
2021/09/13 5.59 5.67 5.54 5.66 2384205 13431667.00
2021/09/14 5.66 5.83 5.65 5.69 5497805 31483002.00
2021/09/15 5.69 5.79 5.67 5.77 3500300 20097668.00
2021/09/16 5.76 5.91 5.67 5.70 4402635 25480930.00
2021/09/17 5.72 5.73 5.57 5.70 3388206 19139786.00
2021/09/22 5.65 5.70 5.57 5.63 3143524 17637030.00
2021/09/23 5.63 5.75 5.63 5.66 3157700 17956450.00
2021/09/24 5.66 5.67 5.47 5.48 3823900 21199564.00
2021/09/27 5.48 5.54 5.09 5.11 5095800 26698478.00
2021/09/28 5.13 5.18 5.06 5.12 2481944 12685125.00
2021/09/29 5.09 5.11 4.98 5.00 2313700 11685694.00
2021/09/30 5.02 5.14 5.00 5.12 2160202 10933475.00
2021/10/08 5.14 5.34 5.14 5.33 2783002 14631759.00
2021/10/11 5.33 5.39 5.23 5.33 1851700 9793733.00
2021/10/12 5.30 5.32 5.19 5.27 2521100 13260571.00
2021/10/13 5.27 5.29 5.13 5.21 1877400 9771591.00
2021/10/14 5.24 5.28 5.17 5.26 2158566 11293056.00
2021/10/15 5.26 5.26 5.13 5.16 1829927 9473442.00
2021/10/18 5.15 5.23 5.12 5.21 2228600 11578464.00
2021/10/19 5.23 5.24 5.14 5.15 1474600 7650807.00
2021/10/20 5.13 5.15 5.04 5.04 2645536 13445937.00
2021/10/21 5.05 5.07 4.92 4.95 2781080 13857134.00
2021/10/22 4.95 4.96 4.88 4.90 1927100 9464981.00
2021/10/25 5.16 5.18 4.86 4.91 5666950 28191960.00
2021/10/26 4.86 4.95 4.81 4.85 2080700 10106731.00
2021/10/27 4.87 4.87 4.70 4.72 3790800 18014116.00
2021/10/28 4.62 4.75 4.61 4.71 2414400 11332231.00
2021/10/29 4.70 4.88 4.67 4.85 1921900 9244059.00
2021/11/01 4.82 4.96 4.81 4.90 2106900 10330608.00
2021/11/02 4.98 5.03 4.81 4.84 3315900 16347432.00
2021/11/03 4.80 4.89 4.80 4.89 1793100 8678745.00
2021/11/04 4.85 4.91 4.81 4.90 2151600 10481149.00
2021/11/05 4.95 5.02 4.90 5.00 3779000 18843142.00
2021/11/08 4.99 5.06 4.97 5.01 2190100 10992632.00
2021/11/09 4.98 5.10 4.98 5.07 2113250 10706204.00
2021/11/10 5.07 5.10 5.03 5.09 1696000 8598144.00
2021/11/11 5.10 5.17 5.08 5.11 2155600 11060490.00
2021/11/12 5.11 5.17 5.08 5.16 1690100 8674821.00
2021/11/15 5.14 5.28 5.13 5.25 2667127 13910381.00
2021/11/16 5.22 5.32 5.22 5.23 1862900 9777093.00
2021/11/17 5.23 5.35 5.21 5.34 2089200 11089902.00
2021/11/18 5.34 5.34 5.14 5.18 4795400 25062222.00
2021/11/19 5.14 5.35 5.14 5.27 3980800 21039606.00
2021/11/22 5.31 5.38 5.23 5.26 2146440 11370408.00
2021/11/23 5.25 5.33 5.22 5.30 3052100 16121060.00
2021/11/24 5.32 5.32 5.22 5.27 1801400 9482617.00
2021/11/25 5.30 5.31 5.23 5.28 1759320 9276772.00
2021/11/26 5.28 5.29 5.18 5.18 1951831 10162628.00
2021/11/29 5.17 5.24 5.12 5.14 2243220 11567046.00
2021/11/30 5.14 5.28 5.13 5.20 2403500 12523021.00
2021/12/01 5.18 5.35 5.17 5.35 3700700 19589492.00
2021/12/02 5.35 5.38 5.26 5.28 2677800 14203887.00
2021/12/03 5.27 5.35 5.27 5.28 2365254 12525963.00
2021/12/06 5.27 5.30 5.16 5.17 2652200 13829481.00
2021/12/07 5.19 5.25 5.11 5.16 2120154 10951632.00
2021/12/08 5.17 5.23 5.13 5.17 1776700 9183636.00
2021/12/09 5.17 5.23 5.16 5.17 2077001 10783594.00
2021/12/10 5.16 5.29 5.14 5.26 2957501 15472596.00
2021/12/13 5.26 5.37 5.24 5.35 4506700 23977976.00
2021/12/14 5.35 5.54 5.31 5.45 7820600 42590488.00
2021/12/15 5.46 5.49 5.39 5.46 3934836 21410916.00
2021/12/16 5.45 5.54 5.41 5.53 4788300 26370586.00
2021/12/17 5.54 5.58 5.42 5.57 5339300 29400226.00
2021/12/20 5.70 5.73 5.52 5.54 3708299 20717796.00
2021/12/21 5.50 5.65 5.48 5.65 4249545 23805034.00
2021/12/22 5.65 5.71 5.58 5.65 3634300 20486576.00
2021/12/23 5.65 5.65 5.50 5.55 3275100 18239694.00
2021/12/24 5.55 5.60 5.38 5.39 3289100 17909822.00
2021/12/27 5.43 5.52 5.38 5.50 3437400 18774800.00
2021/12/28 5.51 5.75 5.44 5.63 6221500 34845096.00
2021/12/29 5.59 5.74 5.40 5.65 6699000 37555568.00
2021/12/30 5.70 5.81 5.61 5.73 5504500 31538544.00
2021/12/31 5.72 5.80 5.68 5.70 4258000 24423700.00
2022/01/04 5.71 5.92 5.68 5.86 6860341 40039448.00
2022/01/05 5.84 6.00 5.70 5.76 4765500 27660346.00
2022/01/06 5.81 5.83 5.70 5.77 3649210 21065998.00
2022/01/07 5.77 5.86 5.58 5.60 4608488 26217164.00
2022/01/10 5.62 5.74 5.55 5.73 2854000 16189583.00
2022/01/11 5.73 5.81 5.70 5.73 3404900 19567412.00
2022/01/12 5.79 5.87 5.71 5.81 3470501 20128234.00
2022/01/13 5.80 5.89 5.78 5.83 4459411 26050276.00
2022/01/14 5.81 5.88 5.68 5.69 3565100 20568996.00
2022/01/17 5.71 5.88 5.71 5.81 4844200 28105828.00
2022/01/18 5.87 5.88 5.61 5.64 4589100 26217506.00
2022/01/19 5.59 5.79 5.59 5.74 4246755 24300234.00
2022/01/20 5.72 5.76 5.49 5.49 4315500 24076156.00
2022/01/21 5.50 5.62 5.42 5.56 3152656 17421920.00
2022/01/24 5.55 5.62 5.44 5.52 2540656 14096798.00
2022/01/25 5.50 5.58 5.22 5.22 3943400 20999256.00
2022/01/26 5.33 5.35 5.19 5.27 1887556 9894233.00
2022/01/27 5.26 5.29 5.05 5.06 2945500 15111436.00
2022/01/28 5.07 5.34 5.07 5.26 2930190 15335265.00
2022/02/07 5.34 5.47 5.27 5.45 4457000 23967414.00
2022/02/08 5.47 5.57 5.42 5.55 4308000 23736960.00
2022/02/09 5.57 5.60 5.50 5.59 2848400 15864265.00
2022/02/10 5.64 5.64 5.52 5.57 2735200 15199419.00
2022/02/11 5.54 5.60 5.41 5.43 3743210 20474804.00
2022/02/14 5.42 5.63 5.40 5.54 4912400 27270830.00
2022/02/15 5.58 6.09 5.56 6.09 5566549 33590124.00
2022/02/16 6.22 6.70 5.99 6.07 41502723 261731008.00
2022/02/17 5.90 5.94 5.72 5.74 25182256 146624192.00
2022/02/18 5.72 5.93 5.67 5.81 16037290 93016624.00
2022/02/21 5.82 6.01 5.75 5.97 15341080 91193584.00
2022/02/22 6.01 6.04 5.85 5.91 10848446 64147412.00
2022/02/23 5.91 5.97 5.78 5.90 8219334 48241704.00
2022/02/24 5.87 6.03 5.70 5.78 10948300 64083032.00
2022/02/25 5.81 5.92 5.81 5.84 5465314 32030160.00
2022/02/28 5.85 5.88 5.70 5.79 5251800 30329462.00
2022/03/01 5.80 5.84 5.77 5.83 4102100 23810000.00
2022/03/02 5.81 5.95 5.79 5.92 5766900 33953144.00
2022/03/03 5.93 5.98 5.85 5.87 4749700 27976780.00
2022/03/04 5.87 5.89 5.72 5.78 4348000 25221630.00
2022/03/07 5.75 5.96 5.73 5.86 6434800 37714240.00
2022/03/08 5.86 5.89 5.61 5.64 6587805 37785656.00
2022/03/09 5.68 5.76 5.31 5.70 7475805 42030348.00
2022/03/10 5.74 5.87 5.72 5.75 5877600 34018656.00
2022/03/11 5.70 5.86 5.58 5.85 5951100 33946832.00
2022/03/14 5.85 5.96 5.81 5.86 9236700 54441100.00
2022/03/15 5.82 6.20 5.76 5.90 25163556 150896016.00
2022/03/16 5.90 6.49 5.88 6.24 36897628 227538160.00
2022/03/17 6.13 6.41 6.06 6.14 27790076 172645184.00
2022/03/18 6.11 6.37 6.05 6.26 21148870 131836128.00
2022/03/21 6.15 6.28 6.12 6.24 14988150 92798952.00
2022/03/22 6.19 6.37 6.06 6.32 17257527 107581896.00
2022/03/23 6.32 6.32 6.09 6.16 12002322 74061096.00
2022/03/24 6.14 6.35 6.09 6.20 12069085 75014000.00
2022/03/25 6.16 6.69 6.10 6.45 22428430 142539104.00
2022/03/28 6.35 6.42 6.10 6.24 13974400 86919688.00
2022/03/29 6.13 6.19 5.85 5.98 15125400 90426096.00
2022/03/30 5.93 6.19 5.91 6.04 8367000 50608056.00
2022/03/31 5.98 6.22 5.98 6.21 10725050 65914872.00
2022/04/01 6.17 6.18 5.89 5.92 10872000 65304496.00
2022/04/06 5.98 6.47 5.90 6.22 17308900 107719616.00
2022/04/07 6.32 6.36 6.05 6.13 10845551 66454024.00
2022/04/08 6.17 6.19 5.78 5.95 11437902 67648496.00
2022/04/11 5.87 5.94 5.55 5.62 9262900 52894744.00
2022/04/12 5.65 5.75 5.57 5.72 6574700 37191712.00
2022/04/13 5.69 5.75 5.41 5.49 9684000 53188332.00
2022/04/14 5.51 5.64 5.41 5.44 6906300 37904152.00
2022/04/15 5.39 5.39 5.13 5.17 9214851 48113336.00
2022/04/18 5.18 5.30 5.00 5.27 6249119 32421236.00
2022/04/19 5.26 5.32 5.18 5.29 4589168 24125498.00
2022/04/20 5.20 5.37 5.15 5.22 5238600 27550928.00
2022/04/21 5.20 5.22 4.84 4.90 8894289 44487112.00
2022/04/22 4.85 4.98 4.75 4.92 5928600 28954372.00
2022/04/25 4.87 4.89 4.43 4.43 8689818 40527456.00
2022/04/26 4.46 4.55 4.22 4.27 7021000 30840188.00
2022/04/27 4.22 4.35 4.06 4.29 9503218 40093644.00
2022/04/28 4.28 4.35 4.18 4.30 6566047 28091878.00
2022/04/29 4.29 4.73 4.29 4.73 10158647 46289972.00
2022/05/05 4.50 4.86 4.48 4.85 15873558 74901760.00
2022/05/06 4.77 5.09 4.70 5.00 15259868 74340096.00
2022/05/09 5.12 5.50 5.12 5.50 6811300 37061272.00
2022/05/10 6.05 6.05 6.05 6.05 11631997 70373584.00
2022/05/11 6.30 6.66 5.94 6.66 62334309 398695616.00
2022/05/12 7.33 7.33 6.01 6.05 89721814 634651520.00
2022/05/13 5.45 5.93 5.45 5.45 77773054 429861984.00
2022/05/16 5.18 5.24 4.91 4.98 51570980 259117728.00
2022/05/17 4.99 4.99 4.75 4.92 30210301 146515760.00
2022/05/18 4.90 5.04 4.86 4.91 22522569 111430576.00
2022/05/19 4.82 4.92 4.75 4.90 15858115 77010784.00
2022/05/20 4.88 4.97 4.87 4.89 17264686 84759440.00
2022/05/23 4.91 5.03 4.91 4.97 15504827 77093456.00
2022/05/24 4.95 5.01 4.67 4.68 17535131 84667144.00
2022/05/25 4.71 4.93 4.70 4.90 16906831 81921080.00
2022/05/26 4.86 4.96 4.84 4.93 12456700 60988148.00
2022/05/27 4.92 4.97 4.86 4.91 9566048 46876664.00
2022/05/30 4.92 4.95 4.83 4.92 12432603 60753620.00
2022/05/31 4.96 4.96 4.82 4.91 8427900 41069448.00
2022/06/01 4.89 5.00 4.85 4.90 8725500 43039112.00
2022/06/02 4.88 4.98 4.81 4.97 12048509 59263328.00
2022/06/06 4.97 4.98 4.87 4.96 8024600 39693520.00
2022/06/07 4.99 4.99 4.90 4.97 6406900 31679330.00
2022/06/08 4.97 4.99 4.83 4.93 8369468 41103912.00
2022/06/09 5.22 5.42 5.22 5.42 13203398 71111968.00
2022/06/10 5.28 5.31 5.12 5.20 39359840 205144464.00
2022/06/13 5.08 5.16 5.03 5.13 20981000 106803576.00
2022/06/14 5.08 5.12 4.96 5.12 13976600 70586520.00
2022/06/15 5.10 5.14 5.03 5.04 14139000 71830904.00
2022/06/16 5.04 5.12 5.01 5.08 11637240 58910972.00
2022/06/17 5.06 5.07 4.97 5.04 9428440 47410892.00
2022/06/20 5.06 5.10 5.03 5.09 7031374 35608548.00
2022/06/21 5.10 5.12 5.00 5.07 7321364 37078104.00
2022/06/22 5.07 5.08 4.98 4.98 5940600 29898458.00
2022/06/23 4.99 5.05 4.94 5.05 6498400 32496120.00
2022/06/24 5.05 5.09 5.01 5.07 6263650 31703142.00
2022/06/27 5.10 5.10 5.05 5.06 5812823 29474418.00
2022/06/28 5.08 5.19 5.03 5.17 10313321 53038844.00
2022/06/29 5.18 5.20 5.05 5.05 7152446 36548808.00
2022/06/30 5.05 5.12 5.05 5.07 5298000 26914974.00
2022/07/01 5.06 5.11 5.02 5.04 4992905 25265502.00
2022/07/04 5.04 5.09 5.03 5.09 4962429 25140266.00
2022/07/05 5.08 5.11 4.91 5.03 6778502 33953844.00
2022/07/06 5.01 5.04 4.92 4.95 3668078 18187020.00
2022/07/07 4.94 5.00 4.94 4.97 3446319 17127268.00
2022/07/08 4.97 5.17 4.97 5.13 8418811 42776272.00
2022/07/11 5.24 5.64 5.07 5.64 43690066 240489056.00
2022/07/12 6.04 6.20 5.70 6.20 69991857 421159936.00
2022/07/13 6.44 6.82 6.44 6.82 75552713 505615744.00
2022/07/14 7.37 7.50 7.10 7.50 45510240 336713376.00
2022/07/15 7.90 8.25 7.90 8.25 40893884 333912256.00
2022/07/18 9.08 9.08 9.08 9.08 8387727 76160560.00
2022/07/19 9.99 9.99 9.30 9.99 115031568 1139790592.00
2022/07/20 10.80 10.88 8.99 9.60 111623989 1066377728.00
2022/07/21 9.60 10.56 9.38 10.56 138968152 1406484480.00
2022/07/22 9.60 10.55 9.60 10.15 113152441 1133561856.00
2022/07/25 10.53 11.17 9.34 11.17 105681144 1112435072.00
2022/07/26 10.60 11.10 10.05 10.26 107229655 1123603328.00
2022/07/27 10.26 11.29 10.08 11.29 128969654 1425678080.00
2022/07/28 12.18 12.42 10.62 11.00 141356595 1698830976.00
2022/07/29 9.90 10.47 9.90 9.90 115106129 1157137280.00
2022/08/01 9.26 9.29 8.91 8.91 82603456 743238656.00
2022/08/02 8.46 8.48 8.02 8.02 65409927 531807040.00
2022/08/03 7.76 8.09 7.67 7.80 56122385 440755872.00
2022/08/04 7.81 8.18 7.61 8.08 56634344 446816320.00
2022/08/05 7.90 7.92 7.45 7.59 48498659 371476384.00
2022/08/08 7.66 7.72 7.55 7.60 31344427 238377856.00
2022/08/09 7.60 7.69 7.30 7.37 39704297 296296864.00
2022/08/10 7.32 7.49 7.28 7.41 29537900 217790272.00
2022/08/11 7.42 7.43 7.18 7.25 39514431 286819200.00
2022/08/12 7.25 7.28 7.15 7.16 26408763 190378944.00
2022/08/15 7.18 7.25 7.11 7.22 19850790 142865072.00
2022/08/16 7.27 7.34 7.20 7.33 26719900 194584208.00
2022/08/17 7.31 7.60 7.25 7.56 52480225 390641728.00
2022/08/18 7.59 8.30 7.53 7.90 84472702 668561984.00
2022/08/19 7.71 7.80 7.24 7.26 49459895 369031456.00
2022/08/22 7.22 7.29 6.97 7.02 36139264 256185920.00
2022/08/23 7.05 7.09 6.96 7.00 18875245 132379856.00
2022/08/24 7.00 7.01 6.73 6.80 24936200 170608320.00
2022/08/25 6.81 6.83 6.57 6.69 18882800 126078184.00
2022/08/26 6.68 6.83 6.58 6.62 18157384 121964888.00
2022/08/29 6.49 6.80 6.46 6.78 16784500 112318280.00
2022/08/30 6.77 6.83 6.65 6.72 11567686 77798112.00
2022/08/31 6.75 6.75 6.47 6.57 15850900 104219240.00
2022/09/01 6.56 6.64 6.50 6.55 9328009 61385728.00
2022/09/02 6.60 6.78 6.60 6.71 14199505 95265760.00
2022/09/05 6.76 6.89 6.67 6.81 14368209 97696472.00
2022/09/06 6.83 6.85 6.65 6.82 13850109 93535912.00
2022/09/07 6.85 6.96 6.73 6.86 17993100 123218800.00
2022/09/08 6.82 7.05 6.76 6.83 25763309 177365504.00
2022/09/09 6.93 6.96 6.67 6.79 20278475 137500928.00
2022/09/13 6.78 7.07 6.77 7.02 34170429 237522208.00
2022/09/14 6.92 7.09 6.82 6.90 26012088 180505328.00
2022/09/15 6.95 6.97 6.55 6.69 23143823 154581216.00
2022/09/16 6.66 6.78 6.55 6.55 15568075 103357536.00
2022/09/19 6.51 7.21 6.50 7.21 20873174 146578848.00
2022/09/20 7.38 7.77 7.35 7.37 83834294 632663424.00
2022/09/21 7.17 7.44 7.06 7.29 44413042 321481952.00
2022/09/22 7.24 7.31 7.06 7.08 30927091 221475216.00
2022/09/23 7.07 7.13 6.55 6.73 31663579 215495424.00
2022/09/26 6.62 6.83 6.56 6.67 20593200 137555008.00
2022/09/27 6.67 6.76 6.31 6.52 29764370 192421408.00
2022/09/28 6.51 6.58 6.04 6.05 26923273 167855712.00
2022/09/29 6.06 6.15 5.91 5.94 16858200 100903080.00
2022/09/30 5.93 5.97 5.77 5.77 11165400 65391352.00
2022/10/10 5.81 5.86 5.63 5.71 10409103 59813708.00
2022/10/11 5.68 5.79 5.61 5.78 10921200 62429704.00
2022/10/12 5.80 5.99 5.70 5.98 13251026 77416400.00
2022/10/13 5.96 6.06 5.90 5.99 11133900 66790352.00
2022/10/14 6.00 6.23 6.00 6.16 15891109 97396584.00
2022/10/17 6.07 6.31 6.06 6.30 13837800 86358256.00
2022/10/18 6.44 6.68 6.17 6.20 34237234 217587008.00
2022/10/19 6.23 6.40 6.11 6.25 24165226 150504432.00
2022/10/20 6.18 6.38 6.11 6.21 21793529 136144032.00
2022/10/21 6.19 6.26 6.12 6.14 10788100 66641896.00
2022/10/24 6.10 6.24 5.98 6.04 12552100 76840936.00
2022/10/25 6.05 6.20 5.90 6.20 14176232 86401312.00
2022/10/26 6.29 6.35 6.13 6.24 15490700 96389064.00
2022/10/27 6.36 6.86 6.36 6.41 62885497 417141056.00
2022/10/28 6.13 6.13 5.77 5.77 25249000 147222064.00
2022/10/31 5.42 5.58 5.36 5.51 27506021 150951360.00
2022/11/01 5.54 5.72 5.50 5.71 18438950 103732256.00
2022/11/02 5.71 5.92 5.67 5.89 17004686 99421728.00
2022/11/03 5.78 5.92 5.75 5.90 12250400 71970032.00
2022/11/04 5.90 6.05 5.88 6.03 12714025 76074768.00
2022/11/07 6.04 6.15 6.03 6.10 11191200 68183504.00
2022/11/08 6.10 6.15 6.02 6.07 10948100 66455296.00
2022/11/09 6.07 6.17 6.05 6.11 10073321 61528540.00
2022/11/10 6.13 6.27 6.08 6.13 12257785 75500416.00
2022/11/11 6.22 6.32 6.15 6.17 14145800 87919128.00
2022/11/14 6.23 6.27 6.12 6.18 10300500 63626696.00
2022/11/15 6.16 6.35 6.13 6.31 9758600 61024372.00
2022/11/16 6.30 6.37 6.24 6.31 8721400 54982928.00
2022/11/17 6.30 6.36 6.24 6.36 7947800 50038708.00
2022/11/18 6.35 6.40 6.18 6.20 8801908 55337868.00
2022/11/21 6.16 6.24 6.10 6.22 7479100 46236344.00
2022/11/22 6.25 6.33 6.12 6.14 12504800 77690880.00
2022/11/23 6.14 6.27 5.97 6.27 17320556 105941552.00
2022/11/24 6.30 6.50 6.23 6.32 23162656 147515904.00
2022/11/25 6.36 6.42 6.16 6.25 13022900 81121304.00
2022/11/28 6.25 6.62 6.20 6.42 25985977 166686592.00
2022/11/29 6.63 6.80 6.40 6.41 27805883 181299648.00
2022/11/30 6.41 6.62 6.33 6.50 21906191 141610864.00
2022/12/01 6.55 6.65 6.43 6.59 23859836 156260384.00
2022/12/02 6.60 6.79 6.47 6.52 21396596 140398656.00
2022/12/05 6.48 6.52 6.42 6.50 12908500 83596680.00
2022/12/06 6.50 6.53 6.36 6.43 11099100 71216432.00
2022/12/07 6.40 6.44 6.35 6.40 6943500 44345016.00
2022/12/08 6.36 6.49 6.27 6.42 10482600 67094128.00
2022/12/09 6.40 6.48 6.25 6.25 10458300 66215076.00
2022/12/12 6.21 6.28 6.16 6.25 7531001 46838388.00
2022/12/13 6.28 6.88 6.26 6.44 54771879 363148256.00
2022/12/14 6.20 6.40 5.94 6.36 35197914 219856576.00
2022/12/15 6.95 7.00 6.92 7.00 18501661 129408536.00
2022/12/16 7.40 7.70 7.34 7.70 22832066 172272224.00
2022/12/19 7.90 8.47 7.27 8.46 121598262 975633600.00
2022/12/20 7.61 7.69 7.61 7.61 13367000 101753288.00
2022/12/21 6.85 7.15 6.85 6.85 67068083 463356096.00
2022/12/22 6.71 7.14 6.44 7.08 85073914 575997056.00
2022/12/23 6.86 6.95 6.54 6.60 53939944 363313088.00
2022/12/26 6.52 6.87 6.41 6.79 45584151 305356800.00
2022/12/27 6.76 7.47 6.67 7.12 89970551 648800896.00
2022/12/28 7.23 7.83 7.16 7.25 85943614 638279360.00
2022/12/29 7.13 7.98 7.13 7.98 80267011 608692032.00
2022/12/30 7.97 8.45 7.48 7.50 106238600 848038336.00
2023/01/03 7.72 8.25 7.61 8.25 63961109 504130496.00
2023/01/04 8.38 8.99 8.05 8.24 93235776 785937728.00
2023/01/05 8.08 8.80 7.68 8.50 85546827 697210048.00
2023/01/06 8.15 8.33 7.65 7.89 72847527 578136896.00
2023/01/09 7.86 8.08 7.66 7.91 41334868 323701920.00
2023/01/10 7.90 8.28 7.61 8.02 45338630 361637216.00
2023/01/11 7.90 7.93 7.39 7.43 42299751 324274528.00
2023/01/12 7.43 7.57 7.21 7.25 32683004 240243424.00
2023/01/13 7.21 7.26 6.90 6.97 37188768 261259008.00
2023/01/16 6.99 7.15 6.87 7.08 28437400 199583664.00
2023/01/17 7.21 7.68 7.15 7.48 47117350 350220896.00
2023/01/18 7.35 7.44 7.08 7.20 34208432 248004528.00
2023/01/19 7.12 7.15 6.97 7.01 20983300 147801568.00
2023/01/20 7.01 7.15 6.97 7.11 14716200 104324120.00
2023/01/30 7.16 7.64 7.16 7.51 40144350 299014848.00
2023/01/31 7.41 7.54 7.31 7.53 26268468 195805744.00
2023/02/01 7.52 7.75 7.37 7.68 34567800 261886848.00
2023/02/02 7.68 7.69 7.48 7.54 24693468 186617264.00
2023/02/03 7.49 7.54 7.35 7.50 16997500 126344280.00
2023/02/06 7.48 7.94 7.44 7.72 41084439 316838656.00
2023/02/07 7.65 7.84 7.58 7.76 33101068 255753248.00
2023/02/08 7.76 8.36 7.59 8.11 54511729 438457984.00
2023/02/09 7.95 8.02 7.82 8.02 34863325 276551488.00
2023/02/10 7.93 7.97 7.63 7.71 32218100 250487888.00
2023/02/13 7.71 8.48 7.61 8.13 63911445 528017888.00
2023/02/14 8.02 8.80 8.02 8.49 83114933 698288896.00
2023/02/15 8.24 8.34 8.14 8.20 49585125 407317280.00
2023/02/16 8.17 8.28 7.76 7.89 39243400 316429728.00
2023/02/17 8.01 8.24 7.87 7.88 27191079 217438016.00
2023/02/20 7.86 7.94 7.57 7.76 27355300 209814656.00
2023/02/21 7.76 7.82 7.65 7.76 19921201 153905232.00
2023/02/22 7.69 7.72 7.61 7.63 13513498 103354096.00
2023/02/23 7.68 7.69 7.43 7.50 18557879 140028816.00
2023/02/24 7.53 7.56 7.39 7.44 10354479 77344768.00
2023/02/27 7.40 7.58 7.36 7.56 14944302 111973472.00
2023/02/28 7.50 7.60 7.45 7.54 10410400 78125680.00
2023/03/01 7.53 7.64 7.42 7.64 15431735 116346576.00
2023/03/02 7.60 7.69 7.56 7.62 14153600 108084112.00
2023/03/03 7.62 7.64 7.44 7.46 13672300 102572792.00
2023/03/06 7.43 7.44 7.16 7.20 16931095 122686400.00
2023/03/07 7.20 7.26 7.06 7.09 11649295 83075384.00
2023/03/08 7.07 7.22 7.05 7.17 7655600 54642152.00
2023/03/09 7.28 7.44 7.25 7.27 15185700 111353936.00
2023/03/10 7.20 7.23 7.02 7.03 11157125 79185312.00
2023/03/13 7.00 7.04 6.83 6.95 10245225 70825816.00
2023/03/14 6.99 6.99 6.66 6.73 11049600 74912552.00
2023/03/15 6.78 6.99 6.78 6.92 10281875 70889144.00
2023/03/16 6.90 6.90 6.70 6.72 6749100 45763116.00
2023/03/17 6.77 6.85 6.73 6.81 6726101 45687640.00
2023/03/20 6.81 6.87 6.67 6.84 7594600 51540764.00
2023/03/21 6.84 7.03 6.74 7.02 10574000 73263944.00
2023/03/22 7.02 7.16 6.96 6.97 10016100 70448336.00
2023/03/23 7.00 7.17 6.92 6.95 9925269 69464400.00
2023/03/24 6.95 7.08 6.90 6.96 9117574 63590340.00
2023/03/27 6.96 7.28 6.90 7.24 21019269 149736544.00
2023/03/28 7.18 7.20 6.96 6.98 14215803 100359376.00
2023/03/29 6.97 7.03 6.86 6.87 7626700 52847904.00
2023/03/30 6.90 6.92 6.68 6.72 9031303 60885596.00
2023/03/31 6.72 6.90 6.72 6.81 5638701 38382696.00
2023/04/03 6.83 6.88 6.76 6.86 7381106 50359436.00
2023/04/04 6.84 6.84 6.60 6.62 10918800 73042576.00
2023/04/06 6.60 6.66 6.55 6.63 6390809 42196252.00
2023/04/07 6.61 6.72 6.61 6.67 6771009 45090256.00
2023/04/10 6.67 6.67 6.44 6.45 9495266 61849232.00
2023/04/11 6.42 6.49 6.36 6.42 5817405 37273148.00
2023/04/12 6.43 6.50 6.41 6.48 5318400 34319544.00
2023/04/13 6.48 6.54 6.36 6.37 5990495 38584640.00
2023/04/14 6.41 6.45 6.34 6.37 4928422 31439116.00
2023/04/17 6.37 6.38 6.27 6.30 5602900 35300160.00
2023/04/18 6.29 6.30 6.18 6.21 5941100 36935460.00
2023/04/19 6.29 6.33 6.20 6.26 5904700 37001700.00
2023/04/20 6.23 6.29 6.06 6.10 7828400 47891200.00
2023/04/21 6.10 6.14 5.93 5.96 8919675 53800792.00
2023/04/24 5.94 6.03 5.90 5.99 5067200 30273780.00
2023/04/25 5.99 6.00 5.75 5.87 6816500 39911040.00
2023/04/26 5.84 6.08 5.82 6.02 8446400 50703424.00
2023/04/27 6.02 6.04 5.91 5.97 5294400 31662284.00
2023/04/28 6.00 6.36 6.00 6.19 10692254 65941784.00
2023/05/04 6.20 6.27 6.12 6.27 8419137 52318832.00
2023/05/05 6.28 6.30 6.11 6.14 5102300 31435468.00
2023/05/08 6.14 6.20 6.08 6.15 3814300 23438162.00
2023/05/09 6.14 6.14 6.04 6.06 5139509 31224086.00
2023/05/10 6.07 6.11 6.02 6.10 3145400 19116776.00
2023/05/11 6.12 6.24 6.08 6.22 5706610 35288120.00
2023/05/12 6.20 6.28 6.15 6.18 3785327 23457866.00
2023/05/15 6.18 6.20 6.07 6.17 3584527 22002602.00
2023/05/16 6.17 6.43 6.12 6.21 14414384 90205032.00
2023/05/17 6.10 6.35 6.09 6.27 12474009 77544208.00
2023/05/18 6.22 6.29 6.18 6.29 8062400 50313160.00
2023/05/19 6.29 6.32 6.21 6.25 5133300 32124236.00
2023/05/22 6.25 6.39 6.23 6.34 6520100 41134568.00
2023/05/23 6.35 6.39 6.28 6.32 5860204 37118820.00
2023/05/24 6.30 6.36 6.25 6.31 5121575 32309990.00
2023/05/25 6.28 6.46 6.25 6.43 10678134 67829632.00
2023/05/26 6.40 6.56 6.30 6.30 10978175 69897808.00
2023/05/29 6.28 6.93 6.22 6.65 42874725 287961440.00
2023/05/30 6.58 6.82 6.45 6.54 30700131 201106352.00
2023/05/31 6.46 6.58 6.38 6.42 14391200 93005152.00
2023/06/01 6.41 6.49 6.38 6.40 11675775 75059648.00
2023/06/02 6.38 6.45 6.36 6.38 7720627 49346952.00
2023/06/05 6.38 6.41 6.33 6.41 6460500 41150004.00
2023/06/06 6.39 6.40 6.08 6.08 14137100 87497432.00
2023/06/07 6.10 6.34 6.09 6.27 12024700 75109680.00
2023/06/08 6.26 6.31 6.13 6.17 6492900 40333996.00
2023/06/09 6.20 6.24 6.12 6.18 5057600 31235624.00
2023/06/12 6.26 6.26 6.09 6.22 4993179 30784428.00
2023/06/13 6.20 6.32 6.18 6.25 4987100 31228964.00
2023/06/14 6.24 6.26 6.17 6.17 4284800 26579588.00
2023/06/15 6.17 6.19 6.11 6.17 4109300 25249910.00
2023/06/16 6.17 6.23 6.12 6.20 3749902 23193432.00
2023/06/19 6.19 6.23 6.14 6.16 4955129 30607340.00
2023/06/20 6.17 6.19 6.07 6.07 5114700 31282888.00
2023/06/21 6.06 6.13 5.96 5.96 5488000 33123456.00
2023/06/26 5.95 6.01 5.86 5.88 4487100 26577906.00
2023/06/27 5.87 6.10 5.87 6.09 6972900 42064928.00
2023/06/28 6.09 6.14 5.97 6.12 6335579 38418236.00
2023/06/29 6.07 6.27 6.05 6.23 7326000 45413472.00
2023/06/30 6.25 6.45 6.24 6.43 11381752 72651984.00
2023/07/03 6.40 6.55 6.39 6.40 9274001 59692072.00
2023/07/04 6.43 6.52 6.40 6.45 6021900 38858224.00
2023/07/05 6.45 6.55 6.41 6.44 6799400 44108472.00
2023/07/06 6.44 6.50 6.41 6.46 4458700 28813580.00
2023/07/07 6.49 6.49 6.38 6.43 4499800 28917608.00
2023/07/10 6.47 6.47 6.38 6.42 3315800 21267004.00
2023/07/11 6.44 6.46 6.40 6.45 3094800 19933250.00
2023/07/12 6.48 6.54 6.42 6.46 6105200 39553680.00
2023/07/13 6.46 6.53 6.44 6.47 5468700 35501932.00
2023/07/14 6.57 6.60 6.48 6.53 7211700 47154824.00
2023/07/17 6.48 6.65 6.46 6.62 7075100 46650688.00
2023/07/18 6.66 6.67 6.55 6.57 5688292 37413916.00
2023/07/19 6.57 6.62 6.50 6.54 4838093 31749296.00
2023/07/20 6.54 6.59 6.48 6.51 5081700 33180224.00
2023/07/21 6.51 6.57 6.46 6.51 4423600 28875140.00
2023/07/24 6.54 6.55 6.48 6.52 3692400 24079864.00
2023/07/25 6.58 6.64 6.51 6.62 6716000 44213488.00
2023/07/26 6.61 6.61 6.49 6.54 6635000 43422708.00
2023/07/27 6.56 6.59 6.49 6.49 5113027 33424190.00
2023/07/28 6.49 6.53 6.41 6.50 6425000 41622464.00
2023/07/31 6.52 6.75 6.47 6.70 15916200 105462704.00
2023/08/01 6.72 6.87 6.61 6.66 8746200 58293468.00
2023/08/02 6.66 7.18 6.57 6.83 31471825 216014080.00
2023/08/03 6.73 6.80 6.61 6.67 20252600 135519632.00
2023/08/04 6.67 6.73 6.52 6.57 12785800 84294528.00
2023/08/07 6.58 6.65 6.48 6.57 7131600 46917320.00
2023/08/08 6.54 6.60 6.49 6.53 5772200 37640224.00
2023/08/09 6.50 6.54 6.36 6.37 6438300 41272052.00
2023/08/10 6.35 6.46 6.33 6.45 4341005 27852716.00
2023/08/11 6.45 6.48 6.28 6.31 4914300 31278988.00
2023/08/14 6.29 6.33 6.24 6.31 3819700 23992918.00
2023/08/15 6.31 6.34 6.23 6.27 3467800 21748682.00
2023/08/16 6.27 6.34 6.21 6.23 3436700 21603186.00
2023/08/17 6.26 6.39 6.18 6.38 5300827 33444078.00
2023/08/18 6.38 6.56 6.35 6.43 6800200 44086664.00
2023/08/21 6.43 6.54 6.39 6.46 5465200 35498352.00
2023/08/22 6.47 6.52 6.27 6.37 6042600 38417964.00
2023/08/23 6.36 6.41 6.32 6.33 3746104 23838322.00
2023/08/24 6.33 6.38 6.21 6.28 3981400 24996108.00
2023/08/25 6.26 6.45 6.20 6.20 6753886 42608992.00
2023/08/28 6.49 6.52 6.27 6.30 12812600 82356656.00
2023/08/29 6.33 6.47 6.30 6.47 6343879 40726188.00
2023/08/30 6.50 6.56 6.45 6.49 5466629 35535896.00
2023/08/31 6.48 6.53 6.44 6.50 4293300 27805010.00
2023/09/01 6.50 6.54 6.44 6.46 3784029 24532012.00
2023/09/04 6.48 6.56 6.45 6.55 5040629 32923148.00
2023/09/05 6.55 6.60 6.51 6.58 4871300 31972296.00
2023/09/06 6.58 6.67 6.54 6.66 5773500 38250428.00
2023/09/07 6.65 6.70 6.56 6.57 5784979 38244332.00
2023/09/08 6.49 6.60 6.49 6.56 4081600 26784618.00
2023/09/11 6.55 6.62 6.49 6.57 5496000 36083388.00
2023/09/12 6.56 6.64 6.51 6.59 4471378 29395524.00
2023/09/13 6.58 6.64 6.48 6.52 4069700 26583544.00
2023/09/14 6.51 6.52 6.40 6.44 3393690 21909082.00
2023/09/15 6.49 6.49 6.36 6.39 5039500 32263176.00
2023/09/18 6.36 6.62 6.31 6.53 6504300 42434136.00
2023/09/19 6.52 6.52 6.33 6.36 5153243 32925630.00
2023/09/20 6.34 6.40 6.28 6.31 3390600 21512148.00
2023/09/21 6.36 6.38 6.26 6.29 4089900 25802730.00
2023/09/22 6.29 6.44 6.24 6.43 4277300 27233544.00
2023/09/25 6.45 6.49 6.32 6.36 4271388 27259008.00
2023/09/26 6.35 6.84 6.25 6.61 15848600 103642968.00
2023/09/27 6.50 6.50 6.20 6.28 30848090 194541664.00
2023/09/28 6.24 6.40 6.23 6.33 16901814 107299112.00
2023/10/09 6.38 6.57 6.33 6.35 14064500 90525640.00
2023/10/10 6.42 6.51 6.35 6.44 11610600 74748112.00
2023/10/11 6.42 6.44 6.31 6.33 9107600 57821672.00
2023/10/12 6.35 6.48 6.32 6.47 8366100 53714644.00
2023/10/13 6.41 6.46 6.32 6.34 6025100 38387520.00
2023/10/16 6.31 6.39 6.25 6.29 5698400 35825920.00
2023/10/17 6.28 6.34 6.24 6.30 4205127 26436744.00
2023/10/18 6.27 6.28 6.17 6.18 4649200 28834120.00
2023/10/19 6.16 6.31 6.11 6.17 4185418 26037816.00
2023/10/20 6.16 6.25 6.12 6.14 3757900 23148696.00
2023/10/23 6.11 6.19 5.91 5.95 4634200 27839380.00
2023/10/24 6.01 6.27 5.94 6.24 7697601 47499264.00
2023/10/25 6.30 6.41 6.24 6.36 6489900 41280516.00
2023/10/26 6.33 6.40 6.27 6.32 4521800 28572572.00
2023/10/27 6.26 6.40 6.23 6.37 8708700 55182640.00
2023/10/30 6.31 6.58 6.30 6.45 11918582 76974320.00
2023/10/31 6.41 6.56 6.40 6.47 9008800 58587060.00
2023/11/01 6.46 6.55 6.46 6.52 5934700 38696548.00
2023/11/02 6.52 6.58 6.48 6.50 5462400 35629832.00
2023/11/03 6.52 6.55 6.46 6.48 4304800 27945608.00
2023/11/06 6.48 6.91 6.47 6.65 18483840 123387400.00
2023/11/07 6.68 6.81 6.62 6.75 14858600 99528616.00
2023/11/08 6.71 7.20 6.68 7.05 32613288 227507056.00
2023/11/09 7.16 7.20 6.92 6.98 23357765 164494320.00
2023/11/10 6.92 7.06 6.77 7.04 15373200 106380512.00
2023/11/13 7.05 7.07 6.86 6.89 12430700 85970048.00
2023/11/14 6.91 6.92 6.78 6.81 9430900 64296416.00
2023/11/15 6.86 7.06 6.81 7.05 15664175 108577776.00
2023/11/16 7.25 7.25 6.78 6.89 22779075 157182672.00
2023/11/17 6.82 7.14 6.82 7.03 18359342 129060336.00
2023/11/20 7.05 7.07 6.84 6.97 11516302 80128584.00
2023/11/21 6.97 7.24 6.94 6.95 12627400 88880368.00
2023/11/22 6.91 7.01 6.87 6.87 8643901 59804728.00
2023/11/23 6.87 6.95 6.85 6.87 7802501 53786588.00
2023/11/24 6.85 7.06 6.79 7.04 13814400 95673632.00
2023/11/27 6.95 7.15 6.94 7.01 13512118 94825072.00
2023/11/28 7.01 7.08 6.95 7.02 7252100 50727920.00
2023/11/29 7.04 7.07 6.95 7.02 7494104 52548400.00
2023/11/30 7.00 7.03 6.88 6.94 5900992 40929096.00
2023/12/01 6.97 7.16 6.93 7.10 10264202 72536000.00
2023/12/04 7.04 7.21 7.03 7.14 9884900 70519048.00
2023/12/05 7.12 7.14 7.00 7.00 7975900 56366712.00
2023/12/06 6.95 7.13 6.93 7.00 6704200 47256996.00
2023/12/07 6.98 7.00 6.91 6.91 6847000 47529200.00
2023/12/08 6.95 6.97 6.75 6.78 11085100 75678416.00
2023/12/11 6.75 7.18 6.74 7.05 15374904 107328112.00
2023/12/12 7.00 7.08 6.88 7.03 10190000 71077056.00
2023/12/13 7.01 7.03 6.90 6.91 5883500 40948876.00
2023/12/14 6.95 7.47 6.91 7.26 32759224 236231200.00
2023/12/15 7.53 7.99 7.50 7.99 39084296 308918752.00
2023/12/18 8.79 8.79 8.79 8.79 5859000 51500608.00
2023/12/19 9.52 9.52 7.92 8.05 130189768 1169236992.00
2023/12/20 7.88 7.96 7.27 7.33 94048408 719419456.00
2023/12/21 7.58 7.89 7.37 7.50 86253144 653993792.00
2023/12/22 7.50 7.65 6.75 6.75 71179128 503120896.00
2023/12/25 6.46 6.52 6.09 6.30 51787740 324475328.00
2023/12/26 6.31 6.78 6.31 6.50 45099600 295795712.00
2023/12/27 6.48 6.60 6.43 6.53 26273000 171225584.00
2023/12/28 6.50 6.89 6.43 6.84 32353496 217356112.00
2023/12/29 6.85 7.16 6.81 7.11 25088324 176846656.00
2024/01/02 7.17 7.39 7.16 7.25 22059234 159765952.00
2024/01/03 7.21 7.25 7.06 7.13 16489100 117383928.00
2024/01/04 7.13 7.19 7.07 7.11 12226500 86994632.00
2024/01/05 7.15 7.15 6.88 6.94 12030527 83989752.00
2024/01/08 6.94 6.98 6.80 6.82 10753000 74107552.00
2024/01/09 6.75 7.21 6.75 6.92 16913000 117901016.00
2024/01/10 6.87 7.20 6.73 7.05 28796500 200832736.00
2024/01/11 6.96 7.41 6.85 7.41 46737400 335010560.00
2024/01/12 7.39 7.49 7.15 7.33 57251620 418430336.00
2024/01/15 7.34 7.48 7.02 7.22 47976096 348578304.00
2024/01/16 7.18 7.33 6.94 7.12 46307256 328964992.00
2024/01/17 7.11 7.12 6.75 6.81 28242500 195599472.00
2024/01/18 6.63 6.88 6.36 6.63 27522048 182222512.00
2024/01/19 6.65 6.86 6.42 6.45 20548100 135621792.00
2024/01/22 6.37 6.45 5.81 5.91 22995502 140985056.00
2024/01/23 5.90 5.93 5.60 5.70 19992600 113918688.00
2024/01/24 5.76 5.83 5.48 5.72 17353800 98032352.00
2024/01/25 5.80 5.94 5.66 5.92 16051700 93406776.00
2024/01/26 5.93 6.23 5.91 6.04 20687000 125812528.00
2024/01/29 6.02 6.07 5.63 5.65 16103827 92708288.00
2024/01/30 5.60 5.65 5.40 5.41 13334127 73409384.00
2024/01/31 5.40 5.51 5.01 5.06 16408000 85866648.00
2024/02/01 5.01 5.06 4.76 4.83 16689600 81363672.00
2024/02/02 4.86 5.07 4.35 4.56 20734900 98282360.00
2024/02/05 4.62 4.66 4.10 4.10 15212400 63499220.00
2024/02/06 3.70 3.88 3.69 3.69 28498700 106232280.00
2024/02/07 3.73 3.78 3.32 3.32 29355200 99253848.00
2024/02/08 3.05 3.54 2.99 3.49 43354756 137956640.00
2024/02/19 3.49 3.80 3.49 3.75 33487296 122140096.00
2024/02/20 3.78 3.91 3.66 3.88 21666506 82683944.00
2024/02/21 3.85 4.27 3.78 4.00 36743076 150529248.00
2024/02/22 4.00 4.33 4.00 4.32 33463000 139997360.00
2024/02/23 4.35 4.64 4.24 4.56 27165898 120472088.00
2024/02/26 4.57 4.85 4.47 4.71 31735600 147416240.00
2024/02/27 4.68 4.87 4.58 4.87 19363500 92650872.00
2024/02/28 4.90 5.09 4.38 4.38 32646106 153742688.00
2024/02/29 4.18 4.82 4.17 4.82 49763396 231098176.00
2024/03/01 4.95 5.30 4.95 5.04 70130896 362909312.00
2024/03/04 4.94 5.00 4.61 4.84 58179900 277822496.00
2024/03/05 4.72 4.79 4.54 4.57 34914800 161631056.00
2024/03/06 4.59 5.03 4.57 5.03 30752216 153415472.00
2024/03/07 5.23 5.32 4.78 4.83 61383648 306745152.00
2024/03/08 4.79 4.95 4.66 4.80 29249580 139471648.00
2024/03/11 4.82 5.05 4.81 4.97 35154576 173356992.00
2024/03/12 4.95 5.05 4.88 5.03 32317876 160677872.00
2024/03/13 5.04 5.10 4.98 5.05 26355448 132993384.00
2024/03/14 5.04 5.05 4.84 4.95 20201072 99995856.00
2024/03/15 4.95 5.20 4.91 5.15 32881600 167064544.00
2024/03/18 5.12 5.39 5.12 5.38 29131248 154020480.00
2024/03/19 5.38 5.50 5.28 5.33 27961900 150356384.00
2024/03/20 5.29 5.36 5.28 5.34 18033554 96085840.00
2024/03/21 5.36 5.62 5.33 5.54 33776928 184827776.00
2024/03/22 5.47 5.60 5.36 5.46 24890100 136135312.00
2024/03/25 5.38 5.50 5.26 5.28 20021900 107578768.00
2024/03/26 5.31 5.58 5.23 5.49 28451980 154446864.00
2024/03/27 5.49 5.59 5.15 5.15 21480980 114216120.00
2024/03/28 5.10 5.33 5.03 5.27 18770700 98231256.00
2024/03/29 5.25 5.42 5.25 5.32 16314248 86647592.00
2024/04/01 5.35 5.42 5.30 5.41 16783700 89906384.00
2024/04/02 5.45 5.60 5.39 5.47 21792000 119809920.00
2024/04/03 5.51 5.57 5.27 5.32 15984100 85861352.00
2024/04/08 5.30 5.31 5.02 5.05 17821800 90949464.00
2024/04/09 5.02 5.27 5.02 5.17 12639000 65195760.00
2024/04/10 5.15 5.19 4.86 4.94 14714700 73223680.00
2024/04/11 4.86 5.01 4.82 4.89 10818200 53355816.00
2024/04/12 4.88 4.95 4.76 4.79 10699200 51660600.00
2024/04/15 4.64 4.75 4.31 4.31 18221400 80152912.00
2024/04/16 4.00 4.02 3.88 3.88 5440100 21243100.00
2024/04/17 3.56 4.11 3.56 4.04 23584800 93143424.00
2024/04/18 4.06 4.13 3.91 4.10 16620900 67208272.00
2024/04/19 4.06 4.13 3.97 4.03 10995300 44463172.00
2024/04/22 4.00 4.03 3.81 3.85 13215900 51246344.00
2024/04/23 3.85 4.00 3.85 3.95 12654900 49937360.00
2024/04/24 4.04 4.22 3.98 4.16 13682700 56329096.00
2024/04/25 4.15 4.31 4.10 4.28 11284479 47907952.00
2024/04/26 4.31 4.36 4.16 4.35 10992300 47113368.00
2024/04/29 4.35 4.53 4.35 4.51 11059000 49359560.00
2024/04/30 4.64 4.65 4.31 4.43 13103200 58075384.00
2024/05/06 4.49 4.64 4.48 4.62 11279972 51474092.00
2024/05/07 4.67 4.68 4.56 4.66 10081300 46572712.00
2024/05/08 4.65 5.13 4.59 5.13 23166056 115330816.00
2024/05/09 5.12 5.64 4.91 5.06 79202920 418260736.00
2024/05/10 4.75 4.90 4.65 4.68 57172028 270823488.00
2024/05/13 4.52 4.64 4.38 4.39 34032100 151609104.00
2024/05/14 4.60 4.70 4.40 4.49 26763400 120942376.00
2024/05/15 4.49 4.69 4.49 4.53 20550048 93801552.00
2024/05/16 4.47 4.66 4.47 4.60 22398500 103116816.00
2024/05/17 4.57 4.74 4.56 4.71 19722900 92137376.00
2024/05/20 4.71 4.75 4.54 4.58 19535800 91015504.00
2024/05/21 4.56 4.61 4.50 4.58 13877600 63156340.00
2024/05/22 4.61 4.68 4.56 4.63 11428200 52792072.00
2024/05/23 4.67 4.67 4.43 4.46 11323500 51058576.00
2024/05/24 4.48 4.49 4.36 4.38 10006600 44201672.00
2024/05/27 4.35 4.41 4.28 4.39 9283300 40191840.00
2024/05/28 4.40 4.42 4.32 4.34 6643900 28943108.00
2024/05/29 4.34 4.44 4.28 4.40 7093700 31130164.00
2024/05/30 4.36 4.45 4.28 4.30 8348800 36368496.00
2024/05/31 4.28 4.34 4.24 4.28 6761300 28924174.00
2024/06/03 4.26 4.30 4.06 4.12 10753802 44564296.00
2024/06/04 4.08 4.08 3.93 4.03 10232055 40866912.00
2024/06/05 4.01 4.01 3.87 3.87 8589638 33565840.00
2024/06/06 3.86 3.93 3.49 3.57 17550624 63531848.00
2024/06/07 3.68 3.84 3.66 3.83 17239200 65242188.00
2024/06/11 3.84 3.85 3.66 3.76 9669800 36102224.00
2024/06/12 3.76 3.96 3.74 3.94 10592738 41245080.00
2024/06/13 3.94 4.02 3.85 3.87 6932509 27067738.00
2024/06/14 3.85 3.88 3.78 3.84 6129200 23485552.00
2024/06/17 3.85 3.88 3.72 3.74 7062300 26621030.00
2024/06/18 3.85 3.91 3.73 3.88 8529447 32821494.00
2024/06/19 3.89 3.91 3.83 3.87 5124700 19826840.00
2024/06/20 3.88 3.90 3.75 3.76 6127600 23275784.00
2024/06/21 3.75 3.82 3.68 3.76 6094400 22866440.00
2024/06/24 3.74 3.74 3.55 3.57 8204400 29601634.00
2024/06/25 3.58 3.67 3.56 3.59 6010125 21674828.00
2024/06/26 3.59 3.76 3.50 3.76 8483125 30961384.00
2024/06/27 3.80 3.82 3.68 3.70 6508000 24355792.00
2024/06/28 3.70 3.76 3.64 3.66 4920400 18260880.00
2024/07/01 3.67 3.71 3.57 3.69 6786700 24692196.00
2024/07/02 3.67 3.82 3.66 3.77 7108700 26798336.00
2024/07/03 3.74 3.81 3.73 3.76 3897900 14681955.00
2024/07/04 3.77 3.79 3.58 3.59 5892100 21405736.00
2024/07/05 3.59 3.67 3.52 3.65 4909347 17761152.00
2024/07/08 3.68 3.70 3.48 3.51 5960300 21095238.00
2024/07/09 3.54 3.57 3.35 3.50 7978000 27568200.00
2024/07/10 3.51 3.51 3.40 3.42 5870000 20226636.00
2024/07/11 3.46 3.62 3.46 3.61 8780800 31280592.00
2024/07/12 3.60 3.70 3.56 3.59 6194700 22491164.00
2024/07/15 3.85 3.90 3.63 3.64 21991776 82238560.00
2024/07/16 3.59 3.70 3.59 3.66 11473100 41934208.00
2024/07/17 3.65 3.78 3.58 3.62 9966700 36459912.00
2024/07/18 3.60 3.61 3.47 3.57 8783400 31033828.00
2024/07/19 3.56 3.60 3.52 3.58 5425400 19356764.00
2024/07/22 3.56 3.67 3.54 3.66 6991700 25340120.00
2024/07/23 3.66 3.78 3.64 3.66 8736100 32441680.00
2024/07/24 3.63 3.69 3.57 3.58 6114266 22065700.00
2024/07/25 3.56 3.66 3.51 3.63 6305902 22640692.00
2024/07/26 3.58 3.71 3.58 3.71 7040847 25868168.00
2024/07/29 3.71 3.79 3.67 3.76 8646100 32364912.00
2024/07/30 3.76 3.87 3.74 3.85 7503100 28643628.00
2024/07/31 3.86 3.95 3.81 3.94 8018900 31264376.00
2024/08/01 3.94 4.10 3.94 4.06 10329000 41570000.00
2024/08/02 4.05 4.05 3.94 3.95 11082800 44104000.00
2024/08/05 3.94 4.01 3.83 3.84 8086800 31764628.00
2024/08/06 3.87 4.00 3.87 3.99 9902800 39037288.00
2024/08/07 3.99 4.02 3.94 4.00 6696800 26681900.00
2024/08/08 3.98 4.02 3.91 4.02 7904302 31449220.00
2024/08/09 4.01 4.04 3.92 3.93 5717000 22723364.00
2024/08/12 4.01 4.01 3.86 3.90 6055400 23720308.00
2024/08/13 3.91 3.96 3.82 3.95 5841927 22826844.00
2024/08/14 3.95 4.02 3.95 3.98 5913200 23584188.00
2024/08/15 3.98 4.03 3.90 4.00 7277700 28961332.00
2024/08/16 4.01 4.02 3.91 3.93 5108600 20184856.00
2024/08/19 3.90 4.23 3.85 4.01 15599702 62570144.00
2024/08/20 4.00 4.13 3.91 4.04 15392800 61684436.00
2024/08/21 3.98 4.03 3.92 3.93 11137300 44139276.00
2024/08/22 3.95 4.00 3.83 3.85 7697200 30025180.00
2024/08/23 3.86 3.86 3.72 3.80 7583100 28820324.00
2024/08/26 3.83 3.93 3.78 3.88 5992100 23230376.00
2024/08/27 3.90 3.92 3.80 3.84 5618300 21642660.00
2024/08/28 3.86 4.07 3.86 4.00 13600700 54142976.00
2024/08/29 3.95 4.06 3.89 4.03 11966800 47730456.00
2024/08/30 4.01 4.12 4.01 4.07 10728800 43647104.00
2024/09/02 4.07 4.19 4.03 4.10 10066800 41570728.00
2024/09/03 4.07 4.16 4.04 4.08 7420500 30353240.00
2024/09/04 4.06 4.09 4.00 4.02 6122400 24781536.00
2024/09/05 4.02 4.08 4.01 4.06 6044500 24430036.00
2024/09/06 4.07 4.09 3.99 4.00 5977100 24049944.00
2024/09/09 3.95 4.05 3.92 4.00 5930700 23731940.00
2024/09/10 4.03 4.14 4.01 4.13 9775100 39781948.00
2024/09/11 4.11 4.46 4.09 4.23 31463300 134276512.00
2024/09/12 4.25 4.40 4.19 4.19 23424100 99897920.00
2024/09/13 4.18 4.25 4.12 4.19 13051300 54474120.00
2024/09/18 4.20 4.28 4.05 4.08 11134700 45746868.00
2024/09/19 4.15 4.26 4.11 4.23 12152100 51023948.00
2024/09/20 4.23 4.27 4.15 4.18 9330300 39075192.00
2024/09/23 4.18 4.27 4.14 4.23 9662000 40732928.00
2024/09/24 4.22 4.43 4.20 4.37 15676800 67637272.00
2024/09/25 4.38 4.62 4.36 4.47 20696800 92472112.00
2024/09/26 4.46 4.52 4.38 4.52 16200700 72215032.00
2024/09/27 4.52 4.72 4.52 4.68 18919900 87231976.00
2024/09/30 4.82 5.08 4.65 5.05 34824496 170442816.00
2024/10/08 5.56 5.56 4.98 5.32 35781928 188952576.00
2024/10/09 5.14 5.15 4.79 4.79 22889208 113476816.00
2024/10/10 4.80 4.98 4.70 4.78 15386300 74186120.00
2024/10/11 4.77 4.92 4.58 4.70 17645700 83631824.00
2024/10/14 4.70 4.78 4.63 4.78 11665810 55092696.00
2024/10/15 4.78 4.82 4.71 4.74 11169700 53426624.00
2024/10/16 4.65 4.84 4.64 4.83 10196272 48769748.00
2024/10/17 4.84 4.92 4.78 4.78 9091600 44049496.00
2024/10/18 4.80 4.98 4.76 4.93 13429620 65518872.00
2024/10/21 4.93 4.98 4.90 4.95 17625200 86918200.00
2024/10/22 4.93 5.03 4.90 4.99 14000900 69803152.00
2024/10/23 5.00 5.05 4.98 5.00 12064500 60495248.00
2024/10/24 4.99 5.20 4.95 5.14 18176000 92888928.00
2024/10/25 5.12 5.35 5.09 5.31 19852604 103926064.00
2024/10/28 5.30 5.46 5.27 5.43 21522800 115971584.00
2024/10/29 5.50 5.52 5.16 5.19 21975700 116230056.00
2024/10/30 5.18 5.32 5.13 5.28 16319000 85791984.00
2024/10/31 5.25 5.42 5.25 5.38 15866500 85271216.00
2024/11/01 5.38 5.40 5.02 5.04 19498208 100227784.00
2024/11/04 5.08 5.19 5.00 5.16 12643400 64802288.00
2024/11/05 5.19 5.25 5.12 5.23 12997641 67760944.00
2024/11/06 5.23 5.31 5.18 5.26 12445220 65335112.00
2024/11/07 5.28 5.40 5.22 5.39 13929687 74518336.00
2024/11/08 5.46 5.49 5.31 5.34 14153921 75964888.00
2024/11/11 5.33 5.42 5.31 5.42 11571529 62189284.00
2024/11/12 5.43 5.53 5.37 5.45 17064400 93099544.00
2024/11/13 5.44 6.00 5.44 5.68 50385704 288047104.00
2024/11/14 5.66 5.76 5.40 5.42 32026040 177873664.00
2024/11/15 5.35 5.54 5.33 5.36 20285302 110304728.00
2024/11/18 5.36 5.39 5.02 5.05 18534808 95461856.00
2024/11/19 5.08 5.18 5.01 5.18 14758100 75497080.00
2024/11/20 5.18 5.55 5.18 5.47 21813400 118066520.00
2024/11/21 5.49 5.62 5.45 5.57 16278200 90068688.00
2024/11/22 5.56 5.58 5.31 5.35 13097000 71533848.00
2024/11/25 5.40 5.57 5.40 5.55 14402300 79192624.00
2024/11/26 5.60 5.74 5.55 5.61 17445900 98129224.00
2024/11/27 5.58 5.67 5.40 5.66 15440800 86212736.00
2024/11/28 5.70 5.84 5.65 5.74 19279200 110826376.00
2024/11/29 5.70 5.81 5.66 5.79 14114000 81190616.00
2024/12/02 5.85 6.04 5.85 5.93 17498900 103738912.00
2024/12/03 5.93 5.95 5.85 5.91 11269300 66503784.00
2024/12/04 5.92 5.92 5.68 5.71 13982900 80755080.00
2024/12/05 5.71 6.00 5.70 5.96 13435000 78888080.00
2024/12/06 5.96 6.07 5.89 5.99 11340100 67713616.00
2024/12/09 6.00 6.09 5.91 6.07 12697200 76435856.00
2024/12/10 6.19 6.22 5.97 5.98 12730300 76997312.00
2024/12/11 6.02 6.30 5.98 6.29 24635050 151793440.00
2024/12/12 6.23 6.74 6.16 6.51 34470304 221813120.00
2024/12/13 6.51 6.75 6.46 6.50 26035400 171242512.00
2024/12/16 6.54 6.61 6.37 6.43 19748200 127542208.00
2024/12/17 6.42 6.47 5.85 5.87 22553504 136041376.00
2024/12/18 5.94 5.97 5.58 5.78 14619600 84359640.00
2024/12/19 5.73 6.07 5.56 6.07 19742200 114488096.00
2024/12/20 5.97 6.18 5.87 5.95 23334502 139599856.00
2024/12/23 5.89 5.92 5.36 5.36 20698476 114944360.00
2024/12/24 5.38 5.38 5.01 5.23 25258524 130743888.00
2024/12/25 5.19 5.24 4.86 5.02 20265300 101456464.00
2024/12/26 5.05 5.19 5.02 5.07 13983500 71526760.00
2024/12/27 5.12 5.29 5.08 5.22 13050500 68225144.00
2024/12/30 5.18 5.19 4.89 5.03 12980200 65011700.00
2024/12/31 5.07 5.12 4.91 4.92 11254900 56419040.00
2025/01/02 4.90 5.13 4.71 4.90 14073190 70188784.00
2025/01/03 4.90 4.97 4.50 4.53 15709100 73313440.00
2025/01/06 4.50 4.59 4.21 4.48 12912100 57461888.00
2025/01/07 4.48 4.88 4.47 4.86 20380400 95785832.00
2025/01/08 4.85 5.25 4.73 5.01 37016000 183450208.00
2025/01/09 4.99 5.39 4.95 4.95 31675700 160148016.00
2025/01/10 4.80 4.94 4.59 4.59 23580500 111736600.00
2025/01/13 4.55 4.75 4.36 4.72 17214000 79235392.00
2025/01/14 4.72 5.04 4.72 5.03 14954100 73610784.00
2025/01/15 5.03 5.13 4.98 5.06 14029700 70810848.00
2025/01/16 5.09 5.20 5.03 5.12 15554051 79763792.00
2025/01/17 5.12 5.12 5.00 5.06 9781200 49381040.00
2025/01/20 5.08 5.20 4.95 5.17 12692200 65153208.00
2025/01/21 5.22 5.23 5.02 5.07 9843800 50175124.00
2025/01/22 5.02 5.12 4.98 5.04 8549006 43215948.00
2025/01/23 5.10 5.20 4.95 4.99 10053902 51357344.00
2025/01/24 4.98 5.04 4.90 5.01 8445500 41923752.00
2025/01/27 5.01 5.11 4.91 4.91 13988902 70122544.00
2025/02/05 4.97 5.12 4.93 5.03 13679117 68888800.00
2025/02/06 5.02 5.07 4.92 5.07 13489421 67638736.00
2025/02/07 5.10 5.22 5.07 5.15 18123092 93168088.00
2025/02/10 5.18 5.31 5.18 5.29 10312585 54181704.00
2025/02/11 5.29 5.32 5.14 5.24 9945200 51752980.00
2025/02/12 5.28 5.31 5.20 5.26 9039000 47444688.00
2025/02/13 5.26 5.39 5.15 5.26 14206200 74798432.00
2025/02/14 5.23 5.32 5.14 5.17 11601300 60448016.00
2025/02/17 5.29 5.37 5.22 5.31 14416808 76364352.00
2025/02/18 5.31 5.37 5.19 5.21 14175600 74845232.00
2025/02/19 5.17 5.73 5.17 5.37 30951100 168106544.00
2025/02/20 5.38 5.50 5.28 5.33 24598600 131639424.00
2025/02/21 5.31 5.35 5.19 5.25 16552700 86902224.00
2025/02/24 5.25 5.50 5.21 5.42 23835100 128063664.00
2025/02/25 5.36 5.48 5.31 5.39 13930900 75084288.00
2025/02/26 5.70 5.93 5.46 5.51 43587660 249929408.00
2025/02/27 5.40 5.51 5.27 5.38 30834400 166385120.00
2025/02/28 5.38 5.48 5.24 5.24 18128688 96852552.00
2025/03/03 5.25 5.42 5.25 5.34 14186325 76027488.00
2025/03/04 5.35 5.51 5.27 5.49 14718300 79769712.00
2025/03/05 5.50 5.50 5.32 5.44 11511400 62067920.00
2025/03/06 5.45 5.55 5.38 5.47 14148907 77423992.00
2025/03/07 5.45 5.49 5.36 5.40 10103902 54722252.00
2025/03/10 5.40 5.45 5.35 5.40 8859305 47811844.00
2025/03/11 5.36 5.47 5.31 5.47 10560900 57035704.00
2025/03/12 5.47 5.58 5.44 5.52 12819520 70685240.00
2025/03/13 5.50 5.53 5.34 5.46 11089685 60155408.00
2025/03/14 5.45 5.53 5.37 5.51 11234300 61264448.00
2025/03/17 5.51 5.65 5.49 5.60 15670300 87462760.00
2025/03/18 5.59 5.61 5.53 5.56 9305400 51786740.00
2025/03/19 5.54 5.58 5.48 5.51 9296085 51388600.00
2025/03/20 5.56 5.69 5.51 5.55 12801200 71334048.00
2025/03/21 5.51 6.00 5.39 5.71 37812600 214360400.00
2025/03/24 5.60 5.77 5.23 5.35 29548600 162111728.00
2025/03/25 5.27 5.36 5.17 5.30 19572800 103049344.00
2025/03/26 5.28 5.49 5.24 5.37 17620800 95004608.00
2025/03/27 5.37 5.39 5.15 5.25 13241600 69623624.00
2025/03/28 5.25 5.25 5.04 5.04 13369500 68415848.00
2025/03/31 5.00 5.03 4.87 4.99 12014700 59270864.00
2025/04/01 4.99 5.17 4.99 5.08 10907400 55686540.00
2025/04/02 5.09 5.21 5.06 5.10 8977800 46238660.00
2025/04/03 5.05 5.19 5.02 5.12 8556000 43683668.00
2025/04/07 4.82 4.85 4.61 4.61 9006400 41957352.00
2025/04/08 4.45 4.67 4.28 4.38 15879700 70351376.00
2025/04/09 4.25 4.54 3.97 4.50 12452378 53434388.00
2025/04/10 4.56 4.76 4.56 4.67 11177600 52278264.00
2025/04/11 4.65 4.76 4.62 4.68 8154200 38401392.00
2025/04/14 4.71 4.87 4.71 4.81 8945100 43085184.00
2025/04/15 4.84 4.92 4.78 4.83 6947300 33556060.00
2025/04/16 4.83 4.87 4.62 4.74 7237678 34233720.00
2025/04/17 4.73 4.87 4.68 4.82 6766500 32573728.00
2025/04/18 4.82 4.84 4.70 4.81 5623200 26816890.00
2025/04/21 4.76 4.89 4.71 4.86 7644900 36961040.00
2025/04/22 4.86 4.91 4.82 4.86 6462700 31401236.00
2025/04/23 4.87 4.91 4.84 4.86 6570601 32019454.00
2025/04/24 4.87 4.89 4.76 4.82 6341700 30611620.00
2025/04/25 4.86 4.92 4.77 4.88 8941530 43366352.00
2025/04/28 4.85 5.00 4.82 4.95 12740600 62802076.00
2025/04/29 4.91 5.19 4.88 5.16 14623317 74738888.00
2025/04/30 5.18 5.34 5.16 5.25 13493211 71133192.00
2025/05/06 5.37 5.58 5.30 5.56 19997900 110126824.00
2025/05/07 5.58 5.62 5.41 5.47 15057302 82632704.00
2025/05/08 5.47 5.55 5.45 5.52 10231951 56367088.00
2025/05/09 5.52 5.69 5.46 5.58 13160551 73181576.00
2025/05/12 5.68 5.78 5.60 5.60 12584102 71335000.00
2025/05/13 5.68 5.76 5.58 5.63 9912300 55975556.00
2025/05/14 5.61 5.67 5.52 5.58 6553000 36539868.00
2025/05/15 5.57 5.62 5.50 5.60 9211502 51265292.00
2025/05/16 5.51 5.65 5.48 5.64 7836700 43952872.00
2025/05/19 5.59 5.78 5.57 5.71 9766000 55349984.00
2025/05/20 5.71 5.81 5.66 5.73 8147598 46568492.00
2025/05/21 5.76 5.79 5.61 5.66 7330233 41607604.00
2025/05/22 5.62 5.76 5.54 5.59 7502717 42237308.00
2025/05/23 5.59 5.64 5.51 5.51 8175400 45580484.00
2025/05/26 5.51 5.62 5.43 5.59 6559500 36545288.00
2025/05/27 5.60 5.70 5.54 5.64 8810200 49534004.00
2025/05/28 5.60 5.70 5.54 5.61 6498300 36389588.00
2025/05/29 5.63 5.77 5.55 5.73 8436300 47993232.00
2025/05/30 5.73 5.75 5.56 5.57 8176700 45911144.00
2025/06/03 5.52 5.73 5.49 5.65 8982651 50713184.00
2025/06/04 5.69 5.74 5.64 5.72 6937400 39576800.00
2025/06/05 5.78 5.87 5.61 5.66 7796700 44610892.00
2025/06/06 5.66 5.77 5.63 5.77 8479600 48540728.00
2025/06/09 5.75 5.80 5.66 5.79 9086100 52279360.00
2025/06/10 5.79 6.00 5.65 5.72 17226300 100382080.00
2025/06/11 5.72 5.93 5.72 5.81 12425900 72510000.00
2025/06/12 5.77 5.85 5.71 5.78 8057300 46573624.00
2025/06/13 5.79 5.81 5.62 5.65 8360900 47535588.00
2025/06/16 5.64 5.85 5.64 5.77 9488467 54685592.00
2025/06/17 5.77 5.86 5.70 5.71 6086500 34977516.00
2025/06/18 5.70 5.75 5.59 5.61 8199600 46218132.00
2025/06/19 5.61 5.64 5.44 5.47 9255900 51148016.00
2025/06/20 5.47 5.58 5.43 5.47 7759500 42673624.00
2025/06/23 5.40 5.67 5.36 5.63 10854600 60346580.00
2025/06/24 5.70 5.93 5.65 5.91 14355400 84019488.00
2025/06/25 5.94 5.96 5.83 5.91 11676000 68685632.00
2025/06/26 5.92 6.07 5.81 6.02 15082367 89961112.00
2025/06/27 5.99 6.08 5.93 6.01 10681500 64059820.00
2025/06/30 6.08 6.12 5.97 6.10 14158200 86010696.00
2025/07/01 6.13 6.13 5.92 6.05 12753100 76832936.00
2025/07/02 6.05 6.11 5.99 6.09 13017433 79025488.00
2025/07/03 6.11 6.15 6.03 6.07 6472200 39308864.00
2025/07/04 6.07 6.10 5.95 5.96 7772700 46690312.00
2025/07/07 5.96 6.05 5.87 6.03 8364000 50107000.00
2025/07/08 6.04 6.09 6.00 6.08 9016100 54598544.00
2025/07/09 6.10 6.19 5.98 6.05 11877400 72108072.00
2025/07/10 6.07 6.16 6.00 6.11 9302400 56618104.00
2025/07/11 6.12 6.12 5.95 6.08 7381000 44592312.00
2025/07/14 6.05 6.20 6.05 6.19 10876600 66886912.00
2025/07/15 6.13 6.14 5.74 5.88 15872927 93385680.00
2025/07/16 5.87 6.05 5.84 5.95 10511300 62452004.00
2025/07/17 5.94 6.01 5.89 5.93 7221700 42923184.00
2025/07/18 5.96 6.05 5.92 6.02 8254900 49345300.00
2025/07/21 6.05 6.28 6.00 6.25 13987700 86104736.00
2025/07/22 6.22 6.31 6.17 6.21 9540900 59233600.00
2025/07/23 6.21 6.34 6.14 6.26 12149100 75721744.00
2025/07/24 6.30 6.30 6.18 6.24 8715600 54360864.00
2025/07/25 6.25 6.49 6.19 6.38 13244400 83937312.00
2025/07/28 6.38 6.59 6.36 6.49 13395902 86820544.00
2025/07/29 6.53 6.57 6.36 6.48 10990802 70793456.00
2025/07/30 6.45 6.54 6.23 6.33 10193502 64466860.00
2025/07/31 6.32 6.39 6.21 6.26 8543600 53708024.00
2025/08/01 6.27 6.38 6.24 6.34 7906700 50020500.00
2025/08/04 6.32 6.41 6.28 6.40 7550702 48072720.00
2025/08/05 6.40 6.61 6.40 6.54 10490200 68656904.00
2025/08/06 6.54 6.61 6.51 6.56 7129602 46781156.00
2025/08/07 6.55 6.61 6.46 6.51 6370900 41513748.00
2025/08/08 6.46 6.55 6.41 6.52 7957900 51522196.00
2025/08/11 6.53 6.64 6.48 6.62 8848200 58289720.00
2025/08/12 6.62 6.66 6.56 6.61 7648500 50567556.00
2025/08/13 6.64 6.71 6.47 6.49 9470100 62089492.00
2025/08/14 6.49 6.55 6.28 6.31 8204800 52321980.00
2025/08/15 6.30 6.38 6.26 6.28 7717750 48806480.00
2025/08/18 6.34 6.45 6.28 6.33 9699900 61615864.00
2025/08/19 6.33 6.50 6.26 6.45 9044900 57959552.00
2025/08/20 6.46 6.49 6.36 6.48 5845000 37522200.00
2025/08/21 6.51 6.57 6.44 6.51 7368400 47970696.00
2025/08/22 6.52 6.58 6.38 6.48 8912556 57692584.00
2025/08/25 6.53 6.55 6.35 6.37 9724079 62338800.00
2025/08/26 6.37 6.53 6.27 6.46 9657312 62200820.00
2025/08/27 6.47 6.52 6.07 6.07 13351050 83661904.00
2025/08/28 6.07 6.27 5.62 5.91 18597450 110022504.00
2025/08/29 5.91 5.96 5.82 5.85 9675700 56824688.00
2025/09/01 5.81 6.04 5.76 5.93 11821900 70055720.00
2025/09/02 5.90 6.02 5.76 5.93 13258500 78065840.00
2025/09/03 5.93 6.05 5.77 5.81 10689350 63190696.00
2025/09/04 5.81 6.04 5.80 5.93 11754052 69934136.00
2025/09/05 5.93 6.00 5.80 5.93 14920999 87967616.00
2025/09/08 5.97 6.04 5.86 6.03 9916699 59269596.00
2025/09/09 6.03 6.23 5.97 6.20 14326500 87297944.00
2025/09/10 6.23 6.45 6.04 6.09 15125106 92926552.00
2025/09/11 6.09 6.12 5.92 6.06 9070200 54603752.00
2025/09/12 6.10 6.11 5.98 6.05 6812456 41231260.00
2025/09/15 6.01 6.05 5.94 6.00 6837422 40964904.00
2025/09/16 6.02 6.06 5.95 6.04 6923800 41669052.00
2025/09/17 6.08 6.08 5.98 6.00 7142300 43009760.00
2025/09/18 6.02 6.02 5.72 5.80 14404300 84533760.00
2025/09/19 5.81 5.81 5.63 5.74 9936667 56801868.00
2025/09/22 5.74 5.76 5.58 5.67 6726200 37972752.00
2025/09/23 5.64 5.69 5.38 5.59 11893299 65563816.00
2025/09/24 5.58 5.78 5.54 5.78 10589400 60419852.00
2025/09/25 5.78 5.84 5.66 5.72 6332700 36431168.00
2025/09/26 5.71 5.79 5.59 5.71 6133050 35118680.00
2025/09/29 5.76 5.91 5.64 5.90 11309100 66051916.00
2025/09/30 5.92 5.97 5.80 5.84 6760400 39690408.00
2025/10/09 5.88 6.25 5.79 6.22 22359380 135434864.00
2025/10/10 6.21 6.28 6.05 6.12 14613270 90011392.00
2025/10/13 5.80 6.10 5.70 6.06 11175300 66815248.00
2025/10/14 6.07 6.14 5.98 6.05 9084050 54985972.00
2025/10/15 6.04 6.10 5.98 6.03 6559200 39585432.00
2025/10/16 6.03 6.35 5.89 6.28 21402300 131745792.00
2025/10/17 6.26 6.55 5.99 5.99 16526700 101319808.00
2025/10/20 6.13 6.28 5.99 6.23 13951600 85503856.00
2025/10/21 6.24 6.50 6.17 6.42 16849218 106549976.00
2025/10/22 6.38 6.49 6.34 6.45 8905400 57071628.00
2025/10/23 6.45 6.54 6.37 6.45 7864600 50540700.00
2025/10/24 6.44 6.67 6.44 6.63 15612002 102167328.00
2025/10/27 6.57 6.57 6.29 6.39 14533700 93314040.00
2025/10/28 6.39 6.47 6.33 6.41 9847552 63114648.00
2025/10/29 6.45 6.51 6.29 6.40 11454186 73213368.00
2025/10/30 6.43 6.46 6.28 6.29 8863986 56099508.00
2025/10/31 6.30 6.68 6.30 6.46 19707300 127620808.00
2025/11/03 6.58 7.11 6.53 6.82 69275136 476305216.00
2025/11/04 7.20 7.37 6.66 6.78 52191900 358789568.00
2025/11/05 6.59 7.46 6.59 7.46 58636952 426247264.00
2025/11/06 8.21 8.21 8.21 8.21 9174200 75320184.00
2025/11/07 8.00 8.06 7.39 7.39 103929904 783258112.00
2025/11/10 7.08 7.32 6.96 7.27 66637140 474891392.00
2025/11/11 7.22 7.27 7.03 7.08 42188624 300591168.00
2025/11/12 7.01 7.06 6.81 6.83 36507200 251383328.00
2025/11/13 6.85 7.08 6.81 6.99 28371400 197651408.00
2025/11/14 6.99 7.45 6.97 7.26 44862924 325079168.00
2025/11/17 7.25 7.65 7.20 7.59 41427176 307759584.00
2025/11/18 7.50 7.58 7.24 7.34 28446402 208391648.00
2025/11/19 7.34 7.34 7.06 7.16 20303500 145417904.00
2025/11/20 7.17 7.33 7.11 7.21 22717200 163377840.00
2025/11/21 6.96 7.14 6.55 6.56 27866824 188611232.00
2025/11/24 6.70 7.08 6.56 6.81 23861200 161240928.00
2025/11/25 6.97 7.28 6.82 7.15 23211500 165255360.00
2025/11/26 7.15 7.25 6.89 6.91 19748500 139290448.00
2025/11/27 6.92 7.02 6.87 6.96 12913800 89968000.00
2025/11/28 6.97 7.31 6.97 7.29 21593598 155944592.00
2025/12/01 7.27 7.31 7.15 7.19 14506700 104842752.00
2025/12/02 7.18 7.22 7.05 7.22 13499256 96364504.00
2025/12/03 7.21 7.28 6.99 7.10 13308300 94178776.00
2025/12/04 7.11 7.28 6.95 6.96 11953900 84379624.00
2025/12/05 6.97 7.07 6.80 7.05 12509100 87394328.00
2025/12/08 7.10 7.17 7.04 7.11 10527602 74824368.00
2025/12/09 7.16 7.16 7.02 7.03 8822400 62395496.00
2025/12/10 7.00 7.07 6.77 6.82 12888200 88967696.00
2025/12/11 6.81 6.81 6.50 6.52 14622500 96941592.00
2025/12/12 6.56 6.65 6.25 6.30 16054550 102894680.00
2025/12/15 6.37 6.55 6.20 6.50 14382500 92780064.00
2025/12/16 6.50 6.52 6.26 6.29 10498700 66673948.00
2025/12/17 6.29 6.37 6.05 6.23 17654340 108846784.00
2025/12/18 6.22 6.37 6.18 6.30 10702700 67491464.00
2025/12/19 6.32 6.49 6.30 6.47 8495100 54534848.00
2025/12/22 6.53 6.67 6.48 6.54 10500200 68589800.00
2025/12/23 6.55 6.64 6.44 6.60 9087000 59483552.00
2025/12/24 6.57 6.70 6.50 6.65 6731600 44536192.00
2025/12/25 6.66 6.83 6.61 6.77 8937800 60356136.00
2025/12/26 6.77 7.45 6.72 7.45 12445200 91031392.00
2025/12/29 7.77 8.20 7.69 8.20 16866100 136270048.00
2025/12/30 9.02 9.02 9.02 9.02 8440555 76133808.00
2025/12/31 9.19 9.44 8.12 8.12 42419700 358818656.00
2026/01/05 7.31 7.46 7.31 7.31 12383600 90571440.00
2026/01/06 7.00 7.10 6.84 7.00 62609352 434960992.00
2026/01/07 6.95 6.98 6.79 6.82 38286500 262305072.00
2026/01/08 6.80 6.91 6.77 6.91 25864900 177545408.00
2026/01/09 6.92 7.09 6.90 7.06 33138400 231895520.00
2026/01/12 7.15 7.64 7.12 7.41 39673100 292824832.00
2026/01/13 7.41 7.47 7.20 7.24 26049600 190370608.00
2026/01/14 7.23 7.32 7.08 7.29 24085700 174590624.00
2026/01/15 7.30 7.30 7.06 7.14 20513900 146709376.00
2026/01/16 7.16 7.20 6.98 7.04 14919200 105058984.00
2026/01/19 7.04 7.74 6.96 7.74 18154954 136952480.00
2026/01/20 8.11 8.36 7.41 7.51 71799200 547823296.00
2026/01/21 7.49 7.60 7.39 7.54 38971900 292203680.00
2026/01/22 7.51 7.90 7.42 7.76 39292856 301329248.00
2026/01/23 7.77 7.92 7.68 7.88 29381528 229878608.00
2026/01/26 7.80 8.08 7.69 7.76 26447200 206930128.00
2026/01/27 7.65 7.79 7.49 7.74 17333100 132083992.00
2026/01/28 7.71 7.83 7.54 7.57 16432402 125814136.00
2026/01/29 7.51 7.69 7.37 7.43 21466900 161721008.00
2026/01/30 7.50 7.83 7.38 7.76 25768604 196851312.00
2026/02/02 7.70 7.88 7.51 7.68 22725300 176344176.00
2026/02/03 7.71 7.83 7.63 7.75 14880268 115035768.00
2026/02/04 7.74 7.92 7.72 7.79 15710532 122569808.00
2026/02/05 7.80 8.27 7.77 7.92 24847000 196995952.00
2026/02/06 7.79 7.92 7.71 7.76 20211288 157920400.00
2026/02/09 7.87 7.97 7.81 7.93 18338200 144808320.00
2026/02/10 7.98 8.03 7.82 7.83 13098200 103655912.00
2026/02/11 7.83 7.87 7.74 7.74 10498900 81892248.00
2026/02/12 7.75 7.75 7.52 7.55 12556900 95698720.00
2026/02/13 7.57 7.73 7.53 7.63 10904200 83426272.00
2026/02/24 7.68 7.89 7.68 7.87 11913100 93117696.00
2026/02/25 7.91 7.95 7.80 7.86 9744900 76567232.00
#Ъ§ОнРДдД:ЭЈДяаХ
