002234 УёКЭЙЩЗн ШеЯп ЧАИДШЈ
      ШеЦк	    ПЊХЬ	    зюИп	    зюЕЭ	    ЪеХЬ	    ГЩНЛСП	    ГЩНЛЖю
2021/08/02 13.33 13.69 13.10 13.58 4299158 57974092.00
2021/08/03 13.58 13.75 13.50 13.60 3177696 43301688.00
2021/08/04 13.63 13.71 13.40 13.71 2623860 35528500.00
2021/08/05 13.65 13.69 13.44 13.47 2725406 36887168.00
2021/08/06 13.54 13.54 13.32 13.40 1691202 22659188.00
2021/08/09 13.31 14.10 13.18 13.87 7078443 97566408.00
2021/08/10 13.91 13.99 13.70 13.89 3700121 51146128.00
2021/08/11 13.88 14.04 13.76 13.88 2984280 41478236.00
2021/08/12 13.92 14.35 13.87 13.89 3890645 54577248.00
2021/08/13 13.83 13.88 13.68 13.87 2460008 33846028.00
2021/08/16 13.87 13.99 13.76 13.84 2193055 30433224.00
2021/08/17 13.79 14.14 13.73 13.77 4187083 58262736.00
2021/08/18 13.76 13.82 13.40 13.61 3704388 50393644.00
2021/08/19 13.48 13.85 13.45 13.64 1763299 24040032.00
2021/08/20 13.60 13.64 13.40 13.46 1898208 25568834.00
2021/08/23 13.50 13.65 13.48 13.65 2235892 30357718.00
2021/08/24 13.66 13.77 13.62 13.69 2288211 31314550.00
2021/08/25 13.68 13.87 13.56 13.87 2832371 39027848.00
2021/08/26 13.88 13.94 13.74 13.75 2076169 28651726.00
2021/08/27 13.71 13.87 13.35 13.48 4360394 59155196.00
2021/08/30 13.39 13.54 13.26 13.30 3362639 44893336.00
2021/08/31 13.36 13.52 13.27 13.42 2170152 29057438.00
2021/09/01 13.41 13.64 13.30 13.54 2815940 37938608.00
2021/09/02 13.55 13.64 13.48 13.62 2658197 36088800.00
2021/09/03 13.63 13.86 13.53 13.81 4077300 55929148.00
2021/09/06 13.85 13.94 13.73 13.86 3971813 55015864.00
2021/09/07 13.90 14.11 13.89 14.09 4765351 66892372.00
2021/09/08 14.07 14.22 13.97 14.15 4185375 59080100.00
2021/09/09 14.30 15.57 14.30 14.87 18962287 286326016.00
2021/09/10 14.84 15.50 14.79 15.01 13362858 203238592.00
2021/09/13 15.13 15.92 14.87 15.71 14865208 229247088.00
2021/09/14 15.60 15.68 15.05 15.13 10507219 160860176.00
2021/09/15 15.30 15.49 15.07 15.44 7488459 114778520.00
2021/09/16 15.31 16.98 15.21 16.38 23557201 382488000.00
2021/09/17 16.00 16.47 15.67 15.94 17203557 275091584.00
2021/09/22 16.01 16.12 15.36 15.68 8075116 126701056.00
2021/09/23 15.80 16.25 15.72 16.08 10061051 160829680.00
2021/09/24 16.01 16.14 15.52 15.67 8402711 132850360.00
2021/09/27 15.90 16.83 15.72 16.47 17711288 289461312.00
2021/09/28 16.18 16.47 15.56 16.36 10641848 170424560.00
2021/09/29 16.01 16.75 15.88 16.15 14511201 236849904.00
2021/09/30 16.29 16.68 16.13 16.28 10487089 171425072.00
2021/10/08 16.18 16.96 16.11 16.75 14717943 245086848.00
2021/10/11 16.91 16.95 16.12 16.42 12402316 204146256.00
2021/10/12 16.15 16.32 15.30 15.64 13434629 211068896.00
2021/10/13 15.63 15.85 14.89 15.26 9379122 142679248.00
2021/10/14 15.19 15.41 15.10 15.14 4621010 70340848.00
2021/10/15 15.10 15.65 15.01 15.02 6592900 100927608.00
2021/10/18 14.90 15.52 14.70 15.47 7693904 117093760.00
2021/10/19 15.39 17.02 15.30 17.02 20924929 345762432.00
2021/10/20 17.31 17.81 17.12 17.56 27387505 477868512.00
2021/10/21 17.56 18.09 17.42 17.65 22393534 396525760.00
2021/10/22 17.28 17.64 16.56 16.68 17616386 299538432.00
2021/10/25 16.78 16.99 15.49 15.63 30893166 489506528.00
2021/10/26 15.69 15.92 15.33 15.50 20612032 321673216.00
2021/10/27 15.51 15.70 15.08 15.70 15313382 235727392.00
2021/10/28 15.55 15.67 15.26 15.43 13952464 216078976.00
2021/10/29 15.43 16.16 15.39 15.96 18443054 293212064.00
2021/11/01 15.88 16.45 15.80 16.11 13269138 214454016.00
2021/11/02 16.07 16.27 15.80 15.91 14763217 236275408.00
2021/11/03 15.86 16.70 15.71 16.50 23025747 378217920.00
2021/11/04 16.40 18.15 16.31 17.75 37391731 650675712.00
2021/11/05 17.79 17.92 16.80 16.90 24745961 426910240.00
2021/11/08 16.85 17.27 16.39 16.56 16570525 276109632.00
2021/11/09 16.51 17.08 16.42 16.73 14284661 239339728.00
2021/11/10 16.72 16.98 16.54 16.80 11047735 185140944.00
2021/11/11 16.77 17.06 16.42 16.45 12250815 204198896.00
2021/11/12 16.30 17.04 16.25 16.61 13916930 232554224.00
2021/11/15 16.68 16.90 16.03 16.38 11420153 187246912.00
2021/11/16 16.30 16.64 16.03 16.13 9707732 158326720.00
2021/11/17 16.13 16.28 15.78 16.21 7432498 119623224.00
2021/11/18 16.53 16.90 16.23 16.34 16197088 267103344.00
2021/11/19 16.15 16.33 15.85 16.13 10181651 163133296.00
2021/11/22 16.06 16.11 15.86 16.00 8414567 134223344.00
2021/11/23 15.96 16.15 15.65 15.82 9832561 155768912.00
2021/11/24 15.73 15.88 15.63 15.88 6967029 109719248.00
2021/11/25 15.79 16.05 15.73 15.90 6722328 107045264.00
2021/11/26 15.89 15.92 15.35 15.37 8324612 129242760.00
2021/11/29 15.01 15.50 15.01 15.45 7130003 109175560.00
2021/11/30 15.45 15.47 15.12 15.21 6760281 103157192.00
2021/12/01 15.18 15.44 15.05 15.40 4580127 70238048.00
2021/12/02 15.37 15.81 15.33 15.57 9338699 145785168.00
2021/12/03 15.55 15.72 15.42 15.61 5693134 88817376.00
2021/12/06 15.62 15.67 15.18 15.18 6076139 93268056.00
2021/12/07 15.20 15.52 15.14 15.51 5347807 82011072.00
2021/12/08 15.47 15.57 15.30 15.56 5256364 81046720.00
2021/12/09 15.56 15.77 15.47 15.67 7959362 124589976.00
2021/12/10 15.60 16.15 15.56 15.87 10365789 165191600.00
2021/12/13 15.73 16.02 15.72 15.76 5969392 94527240.00
2021/12/14 15.74 15.86 15.53 15.60 5295298 82854848.00
2021/12/15 15.54 15.68 15.35 15.38 5592109 86558240.00
2021/12/16 15.38 15.53 15.29 15.52 4220681 65123704.00
2021/12/17 15.50 15.52 15.36 15.38 4455723 68688752.00
2021/12/20 15.41 15.68 15.35 15.43 6414821 99624800.00
2021/12/21 15.44 15.74 15.38 15.74 6591862 102770064.00
2021/12/22 15.75 16.02 15.67 15.96 9424408 149776320.00
2021/12/23 15.99 16.44 15.91 16.12 14504683 234198976.00
2021/12/24 16.01 16.39 15.94 16.23 13154444 213759296.00
2021/12/27 16.40 16.58 16.20 16.35 10326942 169158880.00
2021/12/28 16.30 16.71 16.16 16.58 12641946 208268080.00
2021/12/29 16.55 17.05 16.53 16.83 16808158 282794048.00
2021/12/30 16.88 16.93 16.56 16.75 11246232 188177408.00
2021/12/31 16.78 17.49 16.70 17.16 17112137 294175392.00
2022/01/04 16.99 17.65 16.92 17.46 17840673 311161088.00
2022/01/05 17.46 17.87 17.08 17.27 19406635 337754144.00
2022/01/06 17.10 17.48 16.89 17.20 13502222 231700544.00
2022/01/07 17.15 17.33 16.57 16.68 12696818 214418720.00
2022/01/10 16.50 17.45 16.44 17.37 19842901 340540896.00
2022/01/11 17.37 17.37 16.62 16.72 11610348 196602496.00
2022/01/12 16.85 16.95 16.60 16.82 6847300 114949880.00
2022/01/13 16.73 17.27 16.45 16.50 9755956 163798032.00
2022/01/14 16.60 17.35 16.45 16.49 15921764 269941664.00
2022/01/17 16.49 16.85 16.24 16.62 9525976 157368480.00
2022/01/18 16.63 16.64 15.96 15.99 12223339 197368544.00
2022/01/19 15.95 16.32 15.81 16.20 9755890 157082480.00
2022/01/20 16.27 17.20 16.13 16.43 20476386 341731360.00
2022/01/21 16.23 16.43 15.75 15.92 12114057 193792368.00
2022/01/24 15.81 16.38 15.51 16.08 11026503 175586800.00
2022/01/25 16.13 16.19 15.56 15.56 8346962 132177744.00
2022/01/26 15.50 15.75 15.14 15.38 7227103 111340024.00
2022/01/27 15.46 15.95 15.01 15.10 9304874 142908992.00
2022/01/28 15.15 15.33 14.80 15.00 9711787 146632896.00
2022/02/07 15.20 15.70 14.68 15.56 10674074 163638944.00
2022/02/08 15.62 16.01 15.51 15.81 8383661 132117576.00
2022/02/09 15.84 17.30 15.63 17.10 25579815 429077952.00
2022/02/10 17.17 17.62 16.89 17.10 16977932 292901920.00
2022/02/11 17.10 17.22 16.50 16.52 12842787 215428880.00
2022/02/14 16.50 16.70 16.23 16.33 9549940 156672864.00
2022/02/15 16.36 16.46 16.02 16.20 7567699 122568760.00
2022/02/16 16.22 16.35 16.10 16.24 7123741 115451184.00
2022/02/17 16.22 16.27 15.84 16.06 7658690 122522264.00
2022/02/18 15.91 16.26 15.90 16.13 7042785 113527024.00
2022/02/21 16.01 16.55 15.91 16.44 7444248 121729704.00
2022/02/22 16.30 16.55 15.95 15.99 7412935 119530448.00
2022/02/23 16.14 16.35 15.62 15.62 10943596 173053696.00
2022/02/24 15.64 15.86 15.10 15.36 11917506 184119344.00
2022/02/25 15.48 15.75 15.41 15.48 6048513 94200544.00
2022/02/28 15.55 15.64 15.26 15.53 5425712 83618840.00
2022/03/01 15.56 16.53 15.42 16.50 16746300 267960944.00
2022/03/02 16.25 16.67 16.11 16.65 12504306 206061552.00
2022/03/03 16.55 16.69 16.29 16.39 7583234 124536768.00
2022/03/04 16.27 16.75 16.21 16.40 7458432 122768720.00
2022/03/07 16.38 16.68 16.13 16.28 8789730 144296608.00
2022/03/08 16.30 16.42 15.66 15.69 9707085 155305408.00
2022/03/09 15.69 15.84 14.60 15.12 13208604 200474992.00
2022/03/10 15.40 15.70 15.01 15.18 10074524 154657824.00
2022/03/11 14.97 15.86 14.64 15.86 11587430 177910064.00
2022/03/14 15.70 15.99 15.06 15.11 9738068 149698720.00
2022/03/15 14.92 15.27 14.22 14.27 11650560 172532224.00
2022/03/16 14.47 14.60 13.79 14.51 9371799 133651032.00
2022/03/17 14.75 15.09 14.44 14.74 7402302 109602232.00
2022/03/18 14.74 15.09 14.62 15.04 6670884 99880512.00
2022/03/21 15.06 15.71 14.96 15.48 10960652 169003216.00
2022/03/22 15.42 15.88 15.37 15.71 8754287 137104240.00
2022/03/23 15.69 15.79 15.54 15.65 6258545 97984888.00
2022/03/24 15.64 15.85 15.45 15.52 5489749 85866088.00
2022/03/25 15.43 16.28 15.36 15.95 10486923 167223152.00
2022/03/28 16.09 16.09 15.40 15.47 8756600 136478208.00
2022/03/29 15.45 16.05 15.31 15.84 9945316 157240416.00
2022/03/30 15.70 16.10 15.69 16.00 7831426 124804824.00
2022/03/31 16.24 17.15 16.14 16.65 20119035 335773504.00
2022/04/01 16.65 16.97 16.44 16.83 14355902 240573104.00
2022/04/06 17.30 18.51 17.27 18.51 18605090 337931648.00
2022/04/07 19.00 19.62 17.88 17.98 48213897 900308608.00
2022/04/08 18.20 18.32 16.93 17.23 27236970 472870016.00
2022/04/11 17.13 18.58 17.02 17.74 27891937 499086752.00
2022/04/12 17.73 18.00 17.20 17.73 15843309 277806784.00
2022/04/13 17.90 18.24 17.47 17.66 18333526 326921056.00
2022/04/14 17.01 17.57 17.01 17.45 16984461 294402688.00
2022/04/15 17.65 18.47 17.43 17.66 21656714 388204192.00
2022/04/18 18.15 19.43 18.11 19.43 30241486 573614528.00
2022/04/19 20.36 21.37 19.23 19.91 54809179 1106466944.00
2022/04/20 19.80 20.28 19.01 19.28 34799091 678387264.00
2022/04/21 18.88 19.42 17.59 17.62 35113326 642492736.00
2022/04/22 17.41 17.58 16.71 16.76 20413022 347519968.00
2022/04/25 16.77 17.19 15.55 15.63 24829740 408081024.00
2022/04/26 15.49 15.70 14.53 14.60 22034865 332844672.00
2022/04/27 14.22 15.25 13.83 15.20 17396520 254633168.00
2022/04/28 15.01 15.15 14.40 14.76 12053615 178685632.00
2022/04/29 14.88 15.19 14.71 14.99 12150204 181776272.00
2022/05/05 14.91 15.38 14.68 14.96 13158461 198751120.00
2022/05/06 14.53 14.90 14.15 14.48 12102711 175222816.00
2022/05/09 14.36 14.90 14.24 14.84 9419209 138746560.00
2022/05/10 14.65 14.80 14.31 14.79 8806520 128646624.00
2022/05/11 14.82 15.06 14.70 14.90 12227387 182119664.00
2022/05/12 14.90 15.23 14.43 14.52 12307981 181478832.00
2022/05/13 14.61 14.71 14.05 14.25 11589094 165672832.00
2022/05/16 14.26 14.76 14.15 14.63 11514192 166796640.00
2022/05/17 14.56 14.56 14.16 14.34 9280500 132690184.00
2022/05/18 14.26 14.46 14.20 14.25 6412774 91870488.00
2022/05/19 14.12 14.40 13.82 14.39 10425387 146788000.00
2022/05/20 14.29 14.50 14.25 14.47 6898876 99396144.00
2022/05/23 14.47 15.05 14.46 14.95 12647994 187543088.00
2022/05/24 14.95 15.22 14.65 14.71 11875319 176063232.00
2022/05/25 14.83 16.18 14.64 15.77 22970916 353073824.00
2022/05/26 15.50 15.77 15.36 15.53 12746747 197862656.00
2022/05/27 15.45 15.74 15.33 15.54 9534156 147978992.00
2022/05/30 15.66 16.04 15.53 15.59 11336085 178453920.00
2022/05/31 15.50 16.35 15.40 15.95 14764478 235863872.00
2022/06/01 15.91 16.27 15.60 16.15 12637191 202423968.00
2022/06/02 16.01 16.13 15.66 15.87 8992150 142766528.00
2022/06/06 15.81 16.19 15.71 16.04 10496478 167618400.00
2022/06/07 16.15 16.35 15.88 16.02 8799676 141571088.00
2022/06/08 16.02 16.15 15.60 15.76 11740326 186115504.00
2022/06/09 15.80 16.03 15.60 15.96 12612217 199545376.00
2022/06/10 15.90 15.93 15.65 15.69 8204077 128968736.00
2022/06/13 15.66 16.35 15.55 16.18 14921797 240162896.00
2022/06/14 15.96 16.80 15.95 16.54 18779016 309043488.00
2022/06/15 16.57 16.70 16.29 16.55 14505132 238754832.00
2022/06/16 16.86 17.96 16.68 17.28 24964254 429880512.00
2022/06/17 17.02 17.22 16.70 17.02 14293400 242030256.00
2022/06/20 17.02 17.60 16.90 17.06 15080286 259452976.00
2022/06/21 16.88 17.16 16.42 16.62 14329873 239936352.00
2022/06/22 16.62 17.40 16.20 16.87 18973673 318636256.00
2022/06/23 16.82 17.10 16.55 16.82 9598973 161053872.00
2022/06/24 16.84 17.30 16.66 17.18 13700573 233206432.00
2022/06/27 17.31 17.40 16.93 17.07 11530712 197118752.00
2022/06/28 17.17 17.52 16.66 16.85 15945354 271664032.00
2022/06/29 16.77 16.90 15.80 15.80 18658805 304068768.00
2022/06/30 15.82 16.05 15.70 15.94 8156946 129527384.00
2022/07/01 16.04 17.20 15.93 16.58 18658676 309640704.00
2022/07/04 16.60 17.88 16.60 17.69 23296892 404012224.00
2022/07/05 17.64 17.85 17.20 17.59 18557210 324904352.00
2022/07/06 17.67 18.09 17.25 17.39 12684060 223478896.00
2022/07/07 17.55 17.85 17.18 17.45 11489197 201081360.00
2022/07/08 17.61 18.08 17.25 17.69 12451191 219758320.00
2022/07/11 17.78 18.49 17.68 18.16 16288304 294153312.00
2022/07/12 18.40 18.80 17.50 17.50 19226335 348450848.00
2022/07/13 17.61 17.74 17.14 17.61 9625700 167830752.00
2022/07/14 17.56 17.59 17.17 17.26 9813526 169865872.00
2022/07/15 17.00 17.25 16.56 16.56 10480900 176690848.00
2022/07/18 16.64 16.96 16.38 16.95 7446014 124652080.00
2022/07/19 17.02 17.15 16.41 16.68 7490596 125209712.00
2022/07/20 16.73 16.77 16.27 16.39 8276127 136250688.00
2022/07/21 16.35 16.58 16.14 16.16 8290186 135321248.00
2022/07/22 16.16 16.27 15.62 15.83 10459076 166617632.00
2022/07/25 15.76 16.04 15.70 15.87 7040092 111589896.00
2022/07/26 15.94 16.07 15.76 15.88 8028140 127563288.00
2022/07/27 15.78 15.95 15.75 15.90 5383259 85322872.00
2022/07/28 16.11 16.32 16.00 16.03 10124071 163748640.00
2022/07/29 16.00 16.55 15.81 16.41 12423856 202576704.00
2022/08/01 16.38 16.38 16.02 16.21 7457653 120519856.00
2022/08/02 15.88 16.05 15.33 15.39 10929857 170765920.00
2022/08/03 15.39 15.69 15.11 15.12 6729717 103755344.00
2022/08/04 15.15 15.65 15.13 15.60 5290767 81410952.00
2022/08/05 15.59 15.69 15.43 15.69 3864708 60168912.00
2022/08/08 15.71 16.40 15.61 16.03 6541143 105036048.00
2022/08/09 15.95 16.03 15.76 15.93 4635285 73537544.00
2022/08/10 15.90 16.22 15.89 16.14 4918822 78852824.00
2022/08/11 16.40 17.04 16.20 16.58 10885071 180820672.00
2022/08/12 16.50 16.74 16.35 16.68 6323348 104479968.00
2022/08/15 16.65 16.65 16.29 16.35 5763928 94562824.00
2022/08/16 16.35 16.78 16.26 16.75 8242717 136370992.00
2022/08/17 16.67 16.94 16.56 16.67 5473772 91445448.00
2022/08/18 16.67 16.67 16.07 16.15 7446704 121431360.00
2022/08/19 16.20 16.85 16.11 16.51 10832546 179318784.00
2022/08/22 16.41 16.91 16.37 16.82 9644074 161219200.00
2022/08/23 16.86 17.17 16.60 17.01 9620740 163691472.00
2022/08/24 17.00 17.23 16.70 16.77 10798712 183146496.00
2022/08/25 16.82 17.07 16.64 16.78 9189765 155032720.00
2022/08/26 16.79 17.10 16.52 16.95 10290084 174123040.00
2022/08/29 16.90 17.23 16.72 16.83 8987415 152506304.00
2022/08/30 16.75 17.10 16.60 16.96 8586071 144801696.00
2022/08/31 16.96 17.48 16.62 16.63 13204791 224774304.00
2022/09/01 16.68 17.20 16.60 16.83 11177033 189225024.00
2022/09/02 16.84 17.17 16.68 17.17 9382776 159566256.00
2022/09/05 17.23 17.37 16.74 17.10 10165625 172965952.00
2022/09/06 17.10 17.50 17.00 17.24 9123636 156904656.00
2022/09/07 17.18 17.23 16.65 16.80 11200070 188617824.00
2022/09/08 16.92 17.25 16.26 16.34 10947116 182412080.00
2022/09/09 16.46 16.53 16.18 16.40 6806203 111494400.00
2022/09/13 16.40 16.97 16.21 16.88 11835477 197480528.00
2022/09/14 16.70 16.80 16.23 16.31 9005296 148076176.00
2022/09/15 16.31 16.33 15.69 15.81 8091497 129187480.00
2022/09/16 15.81 16.03 15.50 15.52 6048377 95153824.00
2022/09/19 15.43 15.77 15.29 15.64 5518786 86056296.00
2022/09/20 15.66 15.83 15.41 15.54 4091542 63636192.00
2022/09/21 15.50 15.50 15.12 15.36 4841971 74014336.00
2022/09/22 15.24 15.43 15.19 15.25 3282664 50284868.00
2022/09/23 15.27 15.31 14.81 15.02 5198593 78069704.00
2022/09/26 14.85 14.98 14.71 14.71 3891245 57634308.00
2022/09/27 14.78 15.06 14.74 15.03 3600848 53618316.00
2022/09/28 14.95 15.31 14.85 14.86 4586760 69021528.00
2022/09/29 14.99 15.14 14.57 14.77 3794373 56512440.00
2022/09/30 14.75 14.85 14.54 14.67 2923338 42915564.00
2022/10/10 15.50 16.14 15.18 16.06 19305067 307425600.00
2022/10/11 16.06 16.93 15.55 16.35 23715655 387260768.00
2022/10/12 16.13 17.30 16.12 16.97 24350749 409959872.00
2022/10/13 16.87 18.27 16.69 17.71 22594317 394989696.00
2022/10/14 17.65 17.93 17.47 17.78 15095036 267107296.00
2022/10/17 17.45 18.53 17.20 18.19 16532703 297168000.00
2022/10/18 18.14 18.58 17.86 18.14 13767759 249891824.00
2022/10/19 18.25 18.78 17.53 17.59 15286964 274983200.00
2022/10/20 17.48 17.97 17.26 17.62 10635484 186946224.00
2022/10/21 17.62 18.30 17.61 18.00 11631431 209183952.00
2022/10/24 18.10 18.18 17.35 17.46 10870671 193231008.00
2022/10/25 17.36 17.72 16.66 17.10 11501131 196391584.00
2022/10/26 16.93 17.45 16.67 16.91 10746680 182601920.00
2022/10/27 17.00 17.32 16.58 17.15 10914081 185028960.00
2022/10/28 16.90 17.01 15.44 15.44 17120600 273898016.00
2022/10/31 15.10 16.13 15.01 15.98 9842680 155167488.00
2022/11/01 16.01 16.93 16.01 16.90 10286969 169987040.00
2022/11/02 16.85 17.66 16.72 17.16 11678428 201629632.00
2022/11/03 17.12 17.50 17.00 17.33 7709603 133182528.00
2022/11/04 17.34 17.70 17.09 17.27 7342693 127049584.00
2022/11/07 17.59 18.16 17.05 17.99 11584296 205142176.00
2022/11/08 18.17 19.45 18.13 19.01 30507068 570437568.00
2022/11/09 18.61 19.29 18.16 18.24 20034742 374601856.00
2022/11/10 18.51 19.20 18.15 18.94 19018461 356208512.00
2022/11/11 19.20 19.90 18.66 19.22 22040800 426098880.00
2022/11/14 19.70 20.50 19.55 20.27 26991339 540905856.00
2022/11/15 20.25 20.50 19.54 19.75 20114398 401164224.00
2022/11/16 19.59 20.16 19.54 19.78 11384060 224672000.00
2022/11/17 19.64 20.57 19.57 20.40 16843674 340362624.00
2022/11/18 20.70 21.85 19.50 19.94 25842020 532986432.00
2022/11/21 19.94 20.44 19.16 20.04 13368214 266415872.00
2022/11/22 20.05 20.40 19.44 19.45 12010661 238105328.00
2022/11/23 19.26 19.58 18.75 19.00 11355966 216333232.00
2022/11/24 19.12 19.48 18.80 18.94 6534942 124632752.00
2022/11/25 19.00 19.35 18.83 19.11 7005484 133703568.00
2022/11/28 18.58 18.88 18.31 18.74 8678104 161779792.00
2022/11/29 18.82 19.00 18.58 18.61 7972617 149579024.00
2022/11/30 18.58 19.20 18.58 18.77 10880299 205583888.00
2022/12/01 18.96 19.13 18.61 18.78 8943141 168423632.00
2022/12/02 18.79 20.45 18.74 19.99 18147798 354946784.00
2022/12/05 20.38 20.68 19.89 20.50 17683403 357740224.00
2022/12/06 20.51 21.25 20.31 20.54 12324114 255601056.00
2022/12/07 21.10 22.59 20.99 22.59 36137576 804361216.00
2022/12/08 22.67 23.09 20.33 20.33 39267262 843727616.00
2022/12/09 20.04 20.27 19.37 19.72 27274531 537996544.00
2022/12/12 19.68 19.83 18.80 19.06 18755303 359263296.00
2022/12/13 19.09 20.16 19.09 19.79 21974936 434414496.00
2022/12/14 19.70 20.25 19.40 20.07 14113539 280519648.00
2022/12/15 20.18 20.84 19.78 20.69 14706725 299215200.00
2022/12/16 20.16 21.13 20.16 20.98 14789484 306705280.00
2022/12/19 20.77 21.08 19.41 19.79 16175749 322989088.00
2022/12/20 20.00 20.06 18.76 18.79 13461819 257044736.00
2022/12/21 18.89 19.31 18.66 18.79 10247272 194077152.00
2022/12/22 18.91 19.43 18.73 18.88 8434553 160872288.00
2022/12/23 18.61 19.16 18.10 18.30 10563697 195053264.00
2022/12/26 18.33 18.98 18.33 18.98 9307314 174292752.00
2022/12/27 19.09 19.56 18.81 19.43 9820162 189260400.00
2022/12/28 19.30 19.65 18.92 19.01 7744855 148630592.00
2022/12/29 19.00 19.39 18.82 19.04 6781706 129189952.00
2022/12/30 19.03 19.39 18.73 19.34 6027978 115061560.00
2023/01/03 19.08 19.32 18.18 18.32 14502740 268742496.00
2023/01/04 18.44 18.50 17.87 18.08 11261671 203922608.00
2023/01/05 18.23 18.49 17.70 18.48 12393776 224657552.00
2023/01/06 18.41 18.41 17.98 18.07 8431879 152637008.00
2023/01/09 18.08 19.88 17.88 19.57 26102441 500830400.00
2023/01/10 19.58 20.15 19.26 19.86 16697009 329087360.00
2023/01/11 20.00 20.05 19.37 19.42 10214213 199906704.00
2023/01/12 19.43 19.58 19.00 19.03 7004536 134427248.00
2023/01/13 19.19 19.71 18.95 19.34 8658802 167733808.00
2023/01/16 19.71 20.80 19.58 20.67 16758015 338676672.00
2023/01/17 20.55 20.65 20.26 20.50 7699400 157434816.00
2023/01/18 20.70 20.79 20.34 20.44 5901122 121091144.00
2023/01/19 20.49 20.65 20.20 20.20 6769998 137912400.00
2023/01/20 20.28 20.69 20.17 20.53 7338579 149993088.00
2023/01/30 21.30 21.84 20.82 21.52 14033400 299008640.00
2023/01/31 21.84 23.00 21.53 22.65 20609980 464741920.00
2023/02/01 22.51 22.80 22.21 22.27 11856526 266283744.00
2023/02/02 22.27 23.15 21.91 22.51 14367366 322583072.00
2023/02/03 22.37 22.76 22.11 22.38 8762060 196234064.00
2023/02/06 22.26 22.29 21.61 22.03 11773708 258688352.00
2023/02/07 22.37 22.41 21.15 21.21 11699217 251112032.00
2023/02/08 21.18 21.38 20.87 20.92 7560121 159586560.00
2023/02/09 20.95 21.33 20.79 21.01 7869273 165109008.00
2023/02/10 21.40 21.80 21.10 21.21 10471524 224611792.00
2023/02/13 21.66 21.78 20.22 20.41 17606358 364288608.00
2023/02/14 20.50 20.90 20.16 20.63 10247273 210730048.00
2023/02/15 20.70 20.97 20.51 20.85 6449045 133875152.00
2023/02/16 20.94 21.78 20.34 20.50 12705838 267714368.00
2023/02/17 21.07 21.47 20.68 20.71 11821201 248310464.00
2023/02/20 22.11 22.65 21.31 21.94 22787645 498271072.00
2023/02/21 22.37 22.37 21.67 21.96 13472493 295869792.00
2023/02/22 22.30 22.54 21.75 21.90 13394584 296215872.00
2023/02/23 21.99 22.88 21.80 22.21 16465626 368251296.00
2023/02/24 22.66 22.98 22.11 22.30 15271627 343483360.00
2023/02/27 22.70 22.89 21.38 22.09 14473742 319092768.00
2023/02/28 21.75 22.19 21.65 22.07 9112706 200135872.00
2023/03/01 22.00 22.07 21.02 21.18 15463441 330478944.00
2023/03/02 21.18 21.38 20.70 21.13 10454620 219668368.00
2023/03/03 21.20 21.78 21.07 21.48 10887764 233251184.00
2023/03/06 21.59 23.60 21.30 23.20 27791257 630555712.00
2023/03/07 23.33 23.70 23.18 23.35 17292705 404609056.00
2023/03/08 23.40 23.40 22.70 23.32 11882478 273900832.00
2023/03/09 23.65 23.80 22.61 22.80 13151873 303445280.00
2023/03/10 22.66 22.92 22.17 22.42 9139400 205116464.00
2023/03/13 22.16 22.29 21.61 22.27 11471010 251607456.00
2023/03/14 22.20 22.66 21.83 22.04 12675597 281732512.00
2023/03/15 22.15 22.65 21.75 21.80 9549177 211370672.00
2023/03/16 21.51 22.10 21.39 21.70 8606290 186645664.00
2023/03/17 21.70 21.74 21.04 21.12 12028668 256194912.00
2023/03/20 20.91 21.13 20.33 20.53 11637940 239695712.00
2023/03/21 20.60 20.96 20.48 20.92 7798592 162022000.00
2023/03/22 20.90 21.09 20.39 20.54 7914888 163493328.00
2023/03/23 20.37 20.75 20.21 20.25 7030647 143596176.00
2023/03/24 20.36 20.84 20.28 20.60 8272519 170001280.00
2023/03/27 20.90 21.29 20.62 21.20 11844154 248692064.00
2023/03/28 21.25 21.67 21.00 21.33 11578577 247745968.00
2023/03/29 21.15 21.17 20.60 20.86 9417948 196068816.00
2023/03/30 20.72 21.27 20.65 21.12 8218406 173353312.00
2023/03/31 21.36 21.94 21.06 21.06 11728884 252309216.00
2023/04/03 21.06 21.42 20.44 20.69 15008298 314123264.00
2023/04/04 20.60 21.20 20.50 20.96 10114888 211388704.00
2023/04/06 20.78 21.58 20.20 20.50 12346319 254538992.00
2023/04/07 20.49 20.86 20.29 20.61 7480660 153919808.00
2023/04/10 20.80 20.97 20.43 20.94 9179190 190294992.00
2023/04/11 21.05 21.09 20.32 20.92 13141532 272452512.00
2023/04/12 20.66 20.85 20.36 20.49 7746572 158715136.00
2023/04/13 20.30 20.32 19.50 19.52 12584470 249099888.00
2023/04/14 19.31 19.62 19.25 19.53 7329582 142408000.00
2023/04/17 19.16 19.27 18.64 18.95 11594637 219491632.00
2023/04/18 18.71 18.88 18.33 18.74 9551735 177767712.00
2023/04/19 18.80 18.99 18.58 18.59 6454173 121066424.00
2023/04/20 18.68 18.68 18.26 18.44 4658738 85757904.00
2023/04/21 18.38 18.63 18.22 18.31 4663525 85773088.00
2023/04/24 18.27 18.78 18.01 18.50 6811304 125539096.00
2023/04/25 18.51 18.85 18.36 18.77 6903735 128587464.00
2023/04/26 18.70 18.90 18.43 18.85 6283417 117718112.00
2023/04/27 18.40 18.56 18.10 18.15 8409627 153896208.00
2023/04/28 18.06 19.60 18.00 19.13 9732363 182909104.00
2023/05/04 19.11 19.40 18.82 19.27 5893035 112358176.00
2023/05/05 19.14 19.25 18.70 18.70 4487777 84808104.00
2023/05/08 18.70 18.98 18.56 18.79 3814836 71682416.00
2023/05/09 18.67 18.95 18.58 18.76 3921872 73514456.00
2023/05/10 18.64 18.76 18.30 18.40 3209661 59262620.00
2023/05/11 18.46 19.03 18.43 18.89 4999845 94150888.00
2023/05/12 18.95 19.42 18.80 18.85 4166486 79563728.00
2023/05/15 18.72 19.01 18.55 18.96 3142025 58998656.00
2023/05/16 18.99 19.50 18.90 19.02 4856721 93240784.00
2023/05/17 18.93 19.11 18.72 18.95 3172767 60054104.00
2023/05/18 18.94 19.20 18.75 18.75 3229274 61098840.00
2023/05/19 18.70 19.41 18.40 19.30 5620578 106640944.00
2023/05/22 19.23 19.69 19.18 19.57 5508009 107061912.00
2023/05/23 19.56 19.74 19.38 19.38 3768332 73704256.00
2023/05/24 19.47 19.63 19.26 19.47 2962817 57706932.00
2023/05/25 19.47 19.49 18.22 18.41 7859584 146681808.00
2023/05/26 18.31 18.84 18.28 18.75 4583812 85031248.00
2023/05/29 18.78 18.78 18.30 18.45 3278879 60612768.00
2023/05/30 18.32 18.49 18.03 18.33 3051349 55673008.00
2023/05/31 18.38 18.38 17.49 17.53 7188681 127676528.00
2023/06/01 17.54 18.18 17.52 18.07 6022660 108214744.00
2023/06/02 17.99 18.26 17.93 18.15 2375666 43158228.00
2023/06/05 18.05 18.15 17.63 17.95 3650209 65248324.00
2023/06/06 17.95 18.07 17.80 17.81 3148825 56515964.00
2023/06/07 17.81 17.98 17.66 17.79 2123049 37777536.00
2023/06/08 17.80 18.52 17.76 18.39 5678720 103894808.00
2023/06/09 18.30 18.44 17.90 18.34 4218729 76677048.00
2023/06/12 18.28 18.53 18.16 18.28 2999260 55022900.00
2023/06/13 18.23 18.48 18.08 18.22 2051011 37351440.00
2023/06/14 18.28 18.35 18.15 18.18 2112785 38530528.00
2023/06/15 18.19 18.28 17.89 18.15 2553200 46134284.00
2023/06/16 18.10 18.57 18.05 18.28 3680618 67618352.00
2023/06/19 18.34 18.56 18.05 18.06 3513993 64248492.00
2023/06/20 18.06 18.19 17.85 18.00 4926118 88444624.00
2023/06/21 18.01 18.20 17.85 17.89 3529175 63619784.00
2023/06/26 17.80 17.88 17.44 17.62 3335126 58753256.00
2023/06/27 17.70 18.04 17.55 18.00 3462000 62087836.00
2023/06/28 18.00 18.21 17.84 18.18 3552119 63985244.00
2023/06/29 18.25 18.50 18.08 18.33 3146464 57722916.00
2023/06/30 18.48 18.48 18.20 18.21 3166532 58000532.00
2023/07/03 18.13 18.16 17.84 18.09 4013574 72435104.00
2023/07/04 18.09 18.16 17.88 17.93 2884202 51754104.00
2023/07/05 17.85 18.03 17.68 17.72 2984232 53201032.00
2023/07/06 17.67 17.99 17.63 17.78 3079701 54733492.00
2023/07/07 17.65 18.45 17.65 18.28 5037871 91352384.00
2023/07/10 18.37 19.15 18.33 18.98 9083405 171426320.00
2023/07/11 19.02 19.34 18.88 18.99 5903149 112593480.00
2023/07/12 18.97 19.29 18.97 19.12 4588839 87894352.00
2023/07/13 19.27 19.40 19.17 19.28 4206977 81033672.00
2023/07/14 19.28 19.28 18.91 18.98 3163963 60218724.00
2023/07/17 18.43 18.77 18.25 18.75 4481316 83295688.00
2023/07/18 18.83 19.63 18.58 19.30 8015299 154146672.00
2023/07/19 19.39 19.58 19.20 19.41 4762118 92520312.00
2023/07/20 19.41 19.53 19.09 19.13 2911862 56071664.00
2023/07/21 19.03 19.45 19.01 19.37 3140427 60647308.00
2023/07/24 19.18 19.44 18.82 18.88 3432342 65220448.00
2023/07/25 18.99 19.07 18.71 18.79 3495205 65771816.00
2023/07/26 18.88 19.17 18.87 19.07 3516336 66918564.00
2023/07/27 19.10 19.24 18.92 18.96 2619276 49944460.00
2023/07/28 18.90 19.24 18.90 19.10 2783985 53178912.00
2023/07/31 19.50 19.70 19.14 19.56 5983008 116373560.00
2023/08/01 19.55 19.66 19.30 19.38 3176571 61712724.00
2023/08/02 19.38 19.49 19.11 19.18 2715400 52221144.00
2023/08/03 19.17 19.36 19.08 19.26 2682062 51557084.00
2023/08/04 19.30 19.33 18.81 18.90 4562400 86698944.00
2023/08/07 19.18 19.33 19.04 19.11 3708411 71060464.00
2023/08/08 19.25 19.53 18.90 19.11 3522800 67353216.00
2023/08/09 18.85 19.04 18.45 18.57 4096238 76457032.00
2023/08/10 18.42 18.60 18.33 18.47 2764700 51050020.00
2023/08/11 18.48 18.49 17.87 17.95 4391327 79390936.00
2023/08/14 17.82 17.94 16.27 16.80 15289303 259005904.00
2023/08/15 16.65 16.87 16.39 16.55 5078300 84344016.00
2023/08/16 16.47 16.51 16.06 16.07 8517824 138445872.00
2023/08/17 15.99 16.44 15.97 16.15 4973829 80208512.00
2023/08/18 16.04 16.17 15.50 15.50 7377662 116595528.00
2023/08/21 15.62 15.81 15.44 15.45 5240712 81761720.00
2023/08/22 15.46 15.64 15.00 15.32 5350923 81619368.00
2023/08/23 15.26 15.51 15.12 15.28 3890200 59597688.00
2023/08/24 15.25 15.70 15.13 15.65 6092655 94494464.00
2023/08/25 15.63 16.13 15.34 15.46 8941963 141251824.00
2023/08/28 16.10 16.28 15.23 15.31 8835837 138874144.00
2023/08/29 15.19 15.49 15.16 15.42 5651821 86669456.00
2023/08/30 15.39 15.48 15.14 15.15 6243233 95420128.00
2023/08/31 15.10 15.15 14.72 14.81 7607634 113086000.00
2023/09/01 14.85 15.05 14.73 15.04 4613544 68869088.00
2023/09/04 15.03 15.36 14.97 15.33 5126600 77727912.00
2023/09/05 15.24 15.33 15.13 15.21 3849300 58478324.00
2023/09/06 15.20 15.20 14.97 15.04 3405277 51181144.00
2023/09/07 15.06 15.15 14.70 14.70 5236932 77995096.00
2023/09/08 14.70 14.79 14.55 14.75 3362300 49292352.00
2023/09/11 14.89 15.10 14.83 14.93 5946700 89040064.00
2023/09/12 14.93 15.22 14.87 15.12 4886600 73827576.00
2023/09/13 15.18 15.18 14.62 14.76 5869606 86901152.00
2023/09/14 14.76 14.78 14.24 14.30 6413200 92488976.00
2023/09/15 14.33 14.45 14.11 14.26 5536400 78958360.00
2023/09/18 14.25 14.47 14.10 14.45 5762450 82655952.00
2023/09/19 14.41 14.50 14.22 14.28 4073726 58311808.00
2023/09/20 14.23 14.49 14.21 14.32 6132413 88265160.00
2023/09/21 14.26 14.38 14.08 14.09 4282969 60796620.00
2023/09/22 14.10 14.35 14.01 14.34 3807632 54144860.00
2023/09/25 14.35 14.35 14.10 14.18 3421988 48586416.00
2023/09/26 14.24 14.24 14.00 14.01 3202000 45059800.00
2023/09/27 14.00 14.15 13.93 14.00 3911485 54869980.00
2023/09/28 14.08 14.08 13.69 13.75 7956475 109946984.00
2023/10/09 13.70 13.77 13.29 13.40 6848700 91785128.00
2023/10/10 13.44 13.53 13.18 13.22 6534700 87238280.00
2023/10/11 13.23 13.33 13.06 13.11 6403354 84378624.00
2023/10/12 13.13 13.20 13.08 13.13 5455206 71628776.00
2023/10/13 13.05 13.05 12.72 12.87 8287284 106569032.00
2023/10/16 12.92 12.96 12.72 12.74 4860909 62160604.00
2023/10/17 12.82 12.89 12.66 12.72 4276053 54454160.00
2023/10/18 12.75 12.88 12.56 12.59 4520094 57271188.00
2023/10/19 12.51 12.65 12.36 12.37 4904573 61242720.00
2023/10/20 12.31 12.48 12.26 12.29 4317200 53457256.00
2023/10/23 12.32 12.50 11.99 12.08 4814473 58614872.00
2023/10/24 12.07 12.30 11.96 12.24 5252382 63907300.00
2023/10/25 12.30 12.53 12.24 12.41 7611096 94453680.00
2023/10/26 12.35 12.52 12.20 12.44 5207564 64432184.00
2023/10/27 12.44 12.69 12.34 12.65 6433927 80902160.00
2023/10/30 12.62 12.77 12.50 12.64 5531497 70028592.00
2023/10/31 12.61 12.75 12.55 12.62 4832880 61041732.00
2023/11/01 12.63 13.39 12.56 13.12 17394506 226656352.00
2023/11/02 12.91 13.90 12.91 13.53 22251658 300582080.00
2023/11/03 13.52 13.53 13.15 13.33 12320236 163456080.00
2023/11/06 13.26 13.35 13.01 13.22 11186766 146826400.00
2023/11/07 13.32 13.57 12.98 13.40 12423379 164590976.00
2023/11/08 13.34 13.55 13.26 13.52 9087648 122122000.00
2023/11/09 13.49 13.52 13.29 13.30 5109325 68337408.00
2023/11/10 13.21 13.57 13.14 13.52 8514584 114280840.00
2023/11/13 13.52 13.53 13.15 13.35 6705296 88968088.00
2023/11/14 13.33 13.48 13.17 13.19 8092856 107514016.00
2023/11/15 13.26 13.32 13.00 13.14 8476654 111009496.00
2023/11/16 13.08 13.23 13.05 13.06 4612900 60482248.00
2023/11/17 13.04 13.12 13.01 13.10 3156981 41263288.00
2023/11/20 13.12 13.81 13.12 13.63 14655531 197765328.00
2023/11/21 13.61 13.63 13.40 13.41 7157700 96651456.00
2023/11/22 13.41 13.68 13.35 13.45 6049424 81813808.00
2023/11/23 13.38 13.51 13.30 13.46 4545257 60851784.00
2023/11/24 13.45 13.68 13.36 13.47 7685919 104067832.00
2023/11/27 13.47 13.61 13.23 13.36 5468446 73122360.00
2023/11/28 13.36 13.43 13.00 13.33 6812105 89872792.00
2023/11/29 13.32 13.35 12.94 12.96 8527971 111491368.00
2023/11/30 12.89 13.22 12.86 13.03 6448704 84070448.00
2023/12/01 12.97 13.16 12.89 12.92 4754373 61747352.00
2023/12/04 12.90 13.28 12.80 13.18 7563213 98980176.00
2023/12/05 13.10 13.29 12.91 12.93 4811801 63097608.00
2023/12/06 12.95 13.75 12.80 13.65 18950432 255642064.00
2023/12/07 13.71 13.94 13.42 13.79 17000036 232568176.00
2023/12/08 13.70 13.84 13.35 13.36 13280438 179327520.00
2023/12/11 13.21 13.46 12.96 13.41 9104519 120322016.00
2023/12/12 13.39 13.44 13.05 13.19 8615684 113636320.00
2023/12/13 13.20 13.22 12.40 12.47 15144953 192377648.00
2023/12/14 12.46 12.58 12.34 12.40 5819351 72464752.00
2023/12/15 12.38 12.67 12.36 12.39 5821199 72746768.00
2023/12/18 12.39 12.64 12.22 12.24 4604908 56942524.00
2023/12/19 12.20 12.32 12.12 12.21 3224488 39325496.00
2023/12/20 12.21 12.34 12.08 12.09 3314308 40358364.00
2023/12/21 12.08 12.15 11.83 12.11 4428300 53115952.00
2023/12/22 12.17 12.17 11.86 11.89 3831703 45830884.00
2023/12/25 11.90 11.90 11.63 11.71 4439077 52058496.00
2023/12/26 11.71 11.82 11.61 11.65 3153100 36834656.00
2023/12/27 11.65 11.89 11.60 11.88 4532000 53233132.00
2023/12/28 11.80 12.11 11.75 12.04 4875902 58406452.00
2023/12/29 12.10 12.22 12.00 12.10 3275536 39574236.00
2024/01/02 12.10 12.25 12.04 12.15 3491360 42459344.00
2024/01/03 12.12 12.28 12.00 12.08 3141824 38041032.00
2024/01/04 12.04 12.10 11.89 12.01 2782184 33264850.00
2024/01/05 11.96 12.00 11.51 11.60 4129359 48566292.00
2024/01/08 11.66 11.69 11.20 11.23 4167916 47552968.00
2024/01/09 11.28 11.47 11.18 11.28 3163967 35800184.00
2024/01/10 11.29 11.49 11.21 11.42 3689000 41966172.00
2024/01/11 11.36 11.70 11.32 11.69 4114700 47747368.00
2024/01/12 11.63 12.23 11.63 11.82 5311800 63443472.00
2024/01/15 11.88 11.98 11.68 11.73 3276016 38675676.00
2024/01/16 11.69 11.94 11.63 11.74 4183300 49280408.00
2024/01/17 11.79 11.83 11.40 11.42 3032007 35104844.00
2024/01/18 11.40 11.50 11.10 11.50 5546153 62535720.00
2024/01/19 11.48 11.61 11.38 11.52 4470500 51518956.00
2024/01/22 11.48 11.49 10.64 10.69 6604100 72731472.00
2024/01/23 10.65 10.80 10.41 10.62 5227012 55365668.00
2024/01/24 10.63 10.79 10.26 10.71 4675665 49421344.00
2024/01/25 10.64 11.25 10.64 11.25 5849542 64337036.00
2024/01/26 11.25 11.55 11.11 11.38 5033429 57183172.00
2024/01/29 11.51 11.52 11.05 11.06 3921600 43985340.00
2024/01/30 11.36 11.36 10.76 10.79 4563779 50324168.00
2024/01/31 10.70 10.74 10.07 10.10 7482535 77455616.00
2024/02/01 10.10 10.22 9.69 9.93 6203504 61705468.00
2024/02/02 9.90 10.31 9.30 9.66 7468024 73547688.00
2024/02/05 9.57 9.58 8.76 8.91 8959521 80912808.00
2024/02/06 8.84 9.59 8.54 9.41 8698208 78725728.00
2024/02/07 9.42 9.50 8.99 9.07 8923000 82610928.00
2024/02/08 9.00 9.85 8.92 9.75 9067981 86012000.00
2024/02/19 9.75 9.96 9.71 9.90 6962333 68625416.00
2024/02/20 9.90 9.98 9.75 9.95 3671422 36255544.00
2024/02/21 9.92 10.17 9.82 9.92 5928727 59423648.00
2024/02/22 9.89 10.03 9.80 10.02 5104191 50650280.00
2024/02/23 10.02 10.10 9.87 10.07 4718679 47184420.00
2024/02/26 10.05 10.33 9.93 10.12 7118862 72133504.00
2024/02/27 10.48 10.92 10.16 10.69 10996993 116727320.00
2024/02/28 10.74 10.88 10.01 10.07 11089057 117293360.00
2024/02/29 9.98 10.23 9.90 10.19 6547907 66165148.00
2024/03/01 10.15 10.26 10.02 10.11 4707020 47573020.00
2024/03/04 10.14 10.18 9.95 10.03 4648000 46566856.00
2024/03/05 9.99 10.24 9.95 10.06 5124700 51872300.00
2024/03/06 10.02 10.06 9.85 9.98 4416039 43915228.00
2024/03/07 9.95 10.26 9.94 10.02 5227813 52735376.00
2024/03/08 10.03 10.12 9.78 9.88 4788083 47379588.00
2024/03/11 9.80 10.20 9.80 10.20 6078612 61216048.00
2024/03/12 10.20 10.70 10.12 10.58 8205883 85524688.00
2024/03/13 10.57 10.57 10.29 10.49 6338777 66001196.00
2024/03/14 10.48 10.60 10.25 10.33 3861355 40088904.00
2024/03/15 10.29 10.49 10.28 10.46 2996359 31153538.00
2024/03/18 10.46 10.65 10.45 10.64 4704748 49748656.00
2024/03/19 10.59 11.19 10.50 10.99 10757984 117573344.00
2024/03/20 10.92 11.11 10.80 10.93 6148153 67236776.00
2024/03/21 10.92 11.57 10.88 11.49 12358512 140375120.00
2024/03/22 11.47 11.49 11.16 11.27 8595866 96951032.00
2024/03/25 11.16 11.23 10.79 10.82 6912900 76250168.00
2024/03/26 10.95 11.14 10.80 11.02 5343417 58687124.00
2024/03/27 11.01 11.02 10.63 10.68 4518407 48873512.00
2024/03/28 10.69 10.77 10.60 10.70 4775528 51030356.00
2024/03/29 10.72 11.03 10.64 11.00 5314029 57813672.00
2024/04/01 10.95 11.18 10.92 11.04 4878700 53956304.00
2024/04/02 11.03 11.03 10.80 10.90 4360609 47502904.00
2024/04/03 10.88 11.10 10.88 11.04 4941630 54397180.00
2024/04/08 11.04 11.07 10.78 10.86 5059202 55155824.00
2024/04/09 10.94 10.95 10.66 10.91 3725031 40256340.00
2024/04/10 10.91 10.97 10.51 10.57 5040700 53828520.00
2024/04/11 10.54 10.56 10.28 10.31 5094794 53024456.00
2024/04/12 10.32 10.44 9.97 10.01 5016316 50716328.00
2024/04/15 10.01 10.09 9.56 9.70 7235871 70494544.00
2024/04/16 9.69 9.74 9.22 9.22 6080877 56805716.00
2024/04/17 9.24 9.57 9.24 9.54 3637130 34441212.00
2024/04/18 9.54 9.56 9.30 9.41 3262100 30779068.00
2024/04/19 9.40 9.40 9.23 9.27 2733600 25362440.00
2024/04/22 9.09 9.68 9.07 9.57 4845643 45856344.00
2024/04/23 9.50 9.60 9.43 9.49 2753220 26181178.00
2024/04/24 9.49 9.55 9.39 9.53 1875800 17751960.00
2024/04/25 9.51 9.74 9.51 9.65 2280700 22011124.00
2024/04/26 9.66 9.67 9.50 9.63 2732825 26257666.00
2024/04/29 9.57 9.90 9.55 9.86 4854266 47638168.00
2024/04/30 9.88 10.13 9.86 10.04 4829900 48346820.00
2024/05/06 10.08 10.25 10.01 10.08 2863000 28930620.00
2024/05/07 10.04 10.14 9.91 10.06 3788101 37879188.00
2024/05/08 9.99 10.27 9.95 10.11 5528300 55947716.00
2024/05/09 10.13 10.19 10.04 10.14 3497487 35426380.00
2024/05/10 10.12 10.33 10.05 10.07 3177773 32268600.00
2024/05/13 10.05 10.11 9.88 9.91 3515373 35054604.00
2024/05/14 9.91 10.33 9.91 10.26 6559073 66802528.00
2024/05/15 10.21 10.34 10.06 10.08 3262900 33155348.00
2024/05/16 10.11 10.23 10.03 10.11 3049300 30920808.00
2024/05/17 10.15 10.31 10.10 10.20 3118800 31774080.00
2024/05/20 10.25 10.68 10.25 10.53 6814713 71755096.00
2024/05/21 10.48 11.11 10.42 10.68 10898155 117227232.00
2024/05/22 10.66 11.14 10.60 11.11 12186204 133011368.00
2024/05/23 11.11 11.23 10.68 10.85 11242195 123069824.00
2024/05/24 10.83 11.35 10.65 11.10 13032481 143804288.00
2024/05/27 11.00 11.12 10.60 10.76 9736400 104696640.00
2024/05/28 10.72 10.77 10.41 10.44 7275400 76440032.00
2024/05/29 10.40 10.62 10.35 10.45 4154790 43542952.00
2024/05/30 10.36 10.44 10.12 10.15 5351600 54823728.00
2024/05/31 10.18 10.24 10.05 10.19 3491500 35442620.00
2024/06/03 10.34 11.07 10.26 10.52 11138761 118656008.00
2024/06/04 10.20 10.33 10.01 10.26 6804902 69111256.00
2024/06/05 10.21 10.21 9.83 9.84 5102901 50914580.00
2024/06/06 9.77 9.89 9.40 9.54 5169012 49558440.00
2024/06/07 9.66 9.76 9.43 9.67 3265973 31376926.00
2024/06/11 9.60 9.88 9.53 9.83 2613261 25376132.00
2024/06/12 9.87 10.07 9.82 9.86 2883400 28604696.00
2024/06/13 9.86 10.01 9.75 9.76 3574551 35371640.00
2024/06/14 9.91 10.18 9.66 10.09 5213197 52038504.00
2024/06/17 10.11 10.14 9.88 9.96 2638787 26329392.00
2024/06/18 10.02 10.09 9.86 9.88 2476300 24593812.00
2024/06/19 9.90 9.90 9.69 9.74 1765309 17239628.00
2024/06/20 9.75 9.80 9.57 9.58 1936900 18719884.00
2024/06/21 9.58 9.75 9.52 9.58 1849152 17790896.00
2024/06/24 9.63 9.77 9.40 9.47 2864517 27420144.00
2024/06/25 9.47 9.48 9.33 9.40 1864800 17505350.00
2024/06/26 9.35 9.59 9.26 9.58 1622400 15359412.00
2024/06/27 9.51 9.68 9.50 9.58 1613000 15458376.00
2024/06/28 9.58 9.68 9.47 9.48 1497300 14345247.00
2024/07/01 9.42 9.63 9.42 9.59 1899201 18110132.00
2024/07/02 9.58 9.65 9.48 9.51 1556200 14863770.00
2024/07/03 9.52 9.60 9.47 9.50 1134800 10807082.00
2024/07/04 9.45 9.54 8.86 8.97 4645800 42375716.00
2024/07/05 8.97 8.99 8.80 8.95 2800681 24918444.00
2024/07/08 8.88 8.94 8.68 8.81 2039890 17987002.00
2024/07/09 8.82 8.93 8.43 8.73 3450690 29708964.00
2024/07/10 8.10 8.51 7.86 7.86 11695200 93214032.00
2024/07/11 7.91 8.19 7.87 8.01 6229900 50254672.00
2024/07/12 8.02 8.08 7.86 7.96 3488200 27751420.00
2024/07/15 7.96 8.21 7.92 8.14 4630293 37582656.00
2024/07/16 8.07 8.40 8.04 8.33 4138100 34291524.00
2024/07/17 8.30 8.64 8.24 8.56 4793564 40449368.00
2024/07/18 8.48 8.52 8.18 8.45 5003948 41877952.00
2024/07/19 8.42 8.88 8.30 8.81 7284322 63152224.00
2024/07/22 8.82 8.95 8.47 8.49 6519200 56231336.00
2024/07/23 8.44 8.57 8.20 8.20 3358400 28051404.00
2024/07/24 8.22 8.33 8.05 8.10 2927400 23841338.00
2024/07/25 8.11 8.55 8.11 8.44 5590710 46928432.00
2024/07/26 8.44 8.78 8.42 8.63 5145669 44247712.00
2024/07/29 8.60 8.62 8.24 8.32 5091200 42440112.00
2024/07/30 8.32 8.54 8.32 8.46 3768600 31850852.00
2024/07/31 8.44 8.65 8.35 8.65 3999300 34174856.00
2024/08/01 8.62 8.75 8.59 8.61 2759100 23886460.00
2024/08/02 8.57 8.84 8.55 8.63 4099500 35707816.00
2024/08/05 8.57 8.75 8.40 8.42 3926702 33568628.00
2024/08/06 8.55 8.59 8.45 8.57 2204769 18760234.00
2024/08/07 8.54 8.57 8.33 8.38 2759900 23191328.00
2024/08/08 8.38 8.51 8.32 8.46 2341893 19714374.00
2024/08/09 8.48 8.51 8.30 8.30 2130202 17846454.00
2024/08/12 8.30 8.42 8.27 8.29 1841869 15364905.00
2024/08/13 8.28 8.50 8.21 8.30 2451893 20487320.00
2024/08/14 8.27 8.30 8.17 8.25 1643769 13520938.00
2024/08/15 8.25 8.33 8.16 8.28 1540602 12727682.00
2024/08/16 8.25 8.29 8.13 8.14 2065169 16909486.00
2024/08/19 8.10 8.22 8.04 8.12 1996211 16212058.00
2024/08/20 8.08 8.10 7.89 7.94 2003111 15966760.00
2024/08/21 7.89 7.98 7.86 7.90 1438199 11389530.00
2024/08/22 7.90 7.94 7.72 7.80 1828400 14288275.00
2024/08/23 7.79 7.84 7.55 7.61 2469600 18946672.00
2024/08/26 7.51 7.79 7.43 7.74 2559400 19657040.00
2024/08/27 7.78 7.79 7.63 7.65 1524400 11730252.00
2024/08/28 7.61 7.75 7.51 7.68 1498800 11478002.00
2024/08/29 7.69 7.76 7.60 7.74 1376200 10608792.00
2024/08/30 7.74 7.96 7.70 7.88 2030400 15986200.00
2024/09/02 7.88 7.95 7.76 7.76 2056200 16176432.00
2024/09/03 7.77 7.91 7.72 7.83 1338422 10480925.00
2024/09/04 7.77 7.90 7.68 7.71 1806024 14025694.00
2024/09/05 7.70 7.92 7.68 7.89 2427800 19051968.00
2024/09/06 7.87 7.92 7.70 7.72 2387964 18558396.00
2024/09/09 7.68 7.75 7.57 7.72 1245300 9555388.00
2024/09/10 7.68 7.86 7.59 7.70 2458271 18946428.00
2024/09/11 7.73 7.73 7.58 7.62 1656600 12632850.00
2024/09/12 7.60 7.71 7.60 7.60 1125040 8604698.00
2024/09/13 7.61 7.66 7.42 7.44 2058700 15445302.00
2024/09/18 7.42 7.44 7.17 7.18 3477949 25203550.00
2024/09/19 7.26 7.53 7.22 7.45 3673700 27225772.00
2024/09/20 7.52 7.52 7.27 7.34 2155471 15814983.00
2024/09/23 7.28 7.40 7.27 7.29 1348200 9863366.00
2024/09/24 7.35 7.63 7.34 7.63 3442500 25840022.00
2024/09/25 7.69 7.85 7.64 7.66 3692579 28603488.00
2024/09/26 7.58 8.03 7.58 8.03 3973020 31224004.00
2024/09/27 8.15 8.48 8.13 8.39 6646482 55157900.00
2024/09/30 8.68 9.19 8.46 9.16 14759909 131002248.00
2024/10/08 10.07 10.07 8.98 9.47 19055268 181731488.00
2024/10/09 9.26 9.26 8.76 8.77 12291600 110904280.00
2024/10/10 8.90 9.30 8.90 9.01 10026406 91234960.00
2024/10/11 9.07 9.08 8.56 8.64 6128147 53984432.00
2024/10/14 8.70 8.79 8.62 8.73 3861353 33646576.00
2024/10/15 8.73 8.73 8.30 8.35 8163721 69526960.00
2024/10/16 8.27 8.44 8.20 8.31 4589585 38212844.00
2024/10/17 8.35 8.49 8.21 8.23 4012800 33456800.00
2024/10/18 8.25 8.48 8.10 8.37 6599641 54730432.00
2024/10/21 8.37 8.50 8.32 8.41 5322794 44782052.00
2024/10/22 8.36 8.74 8.36 8.73 7419346 63632516.00
2024/10/23 8.79 8.87 8.61 8.77 6626301 57836956.00
2024/10/24 8.65 8.87 8.65 8.71 5663400 49582940.00
2024/10/25 8.68 8.86 8.68 8.79 5010699 44041760.00
2024/10/28 8.85 8.99 8.79 8.96 8552035 76088152.00
2024/10/29 8.99 9.01 8.61 8.63 7447214 64966020.00
2024/10/30 8.70 8.75 8.55 8.66 5277015 45676216.00
2024/10/31 8.59 8.68 8.44 8.49 7255339 61989668.00
2024/11/01 8.47 8.59 8.28 8.40 6648406 56109756.00
2024/11/04 8.39 8.56 8.32 8.56 4720700 39948916.00
2024/11/05 8.55 8.64 8.49 8.61 7680100 65952776.00
2024/11/06 8.58 8.82 8.51 8.76 8455920 73298264.00
2024/11/07 8.80 9.20 8.77 9.12 13398434 121511264.00
2024/11/08 9.17 9.22 8.94 9.02 10130151 91594784.00
2024/11/11 8.92 9.08 8.87 9.03 6394300 57251800.00
2024/11/12 9.04 9.59 9.04 9.29 16032702 149475472.00
2024/11/13 9.30 9.37 9.01 9.14 8211500 75233560.00
2024/11/14 9.13 9.17 8.92 8.93 5139800 46297744.00
2024/11/15 8.93 9.06 8.78 8.83 5376900 48016760.00
2024/11/18 8.95 9.38 8.91 8.98 11321721 103018528.00
2024/11/19 8.99 9.08 8.80 9.03 6433900 57460352.00
2024/11/20 9.03 9.17 8.96 9.12 6866870 62183448.00
2024/11/21 9.11 9.56 9.11 9.50 15855001 148474784.00
2024/11/22 9.42 9.58 9.05 9.07 11555535 107124448.00
2024/11/25 9.06 9.30 8.97 9.16 6361694 58111212.00
2024/11/26 9.16 9.35 9.14 9.22 6633448 61375360.00
2024/11/27 9.25 9.26 8.90 9.15 7390400 66840204.00
2024/11/28 9.15 9.30 9.09 9.23 6364900 58721100.00
2024/11/29 9.23 9.58 9.21 9.52 13106900 123786968.00
2024/12/02 9.54 10.47 9.49 10.42 34988904 357847104.00
2024/12/03 10.29 11.27 10.29 10.81 36408784 395337440.00
2024/12/04 10.65 10.80 10.34 10.40 15812521 166403648.00
2024/12/05 10.42 10.55 10.07 10.14 11920637 121429152.00
2024/12/06 10.16 10.23 9.97 10.13 8948600 90325400.00
2024/12/09 10.16 10.23 9.92 9.99 9481700 95327608.00
2024/12/10 10.34 10.46 10.04 10.08 9917100 100803264.00
2024/12/11 10.09 10.62 10.00 10.50 14646000 152665328.00
2024/12/12 10.51 10.65 10.33 10.58 9228203 96953696.00
2024/12/13 10.50 10.57 10.28 10.34 8590800 89142976.00
2024/12/16 10.35 10.47 10.11 10.19 6273403 64409044.00
2024/12/17 10.15 10.21 9.70 9.74 8570712 84573296.00
2024/12/18 9.77 9.82 9.51 9.56 5930720 57144944.00
2024/12/19 9.47 9.54 9.32 9.50 5684274 53732296.00
2024/12/20 9.49 9.62 9.47 9.55 5100374 48680200.00
2024/12/23 9.70 9.87 9.14 9.17 8842574 82629176.00
2024/12/24 9.21 9.25 9.03 9.16 4700671 42875672.00
2024/12/25 9.11 9.14 8.81 8.94 5506560 49096572.00
2024/12/26 8.93 9.07 8.92 8.96 3642900 32803944.00
2024/12/27 8.96 9.34 8.90 9.27 6896801 63457068.00
2024/12/30 9.25 9.33 9.01 9.09 5790701 52809164.00
2024/12/31 9.09 9.23 8.89 8.89 5077401 45747184.00
2025/01/02 8.97 9.05 8.60 8.70 5642000 49992456.00
2025/01/03 8.79 8.79 8.28 8.30 8371667 70660192.00
2025/01/06 8.27 8.37 7.99 8.16 4740000 38779764.00
2025/01/07 8.16 8.36 8.09 8.35 3482600 28598360.00
2025/01/08 8.31 8.40 8.06 8.21 4963500 40750412.00
2025/01/09 8.21 8.29 8.12 8.24 3442800 28267486.00
2025/01/10 8.23 8.27 7.93 7.95 4138100 33491906.00
2025/01/13 7.95 8.15 7.76 8.15 4193600 33559904.00
2025/01/14 8.16 8.31 8.16 8.30 4864700 40115220.00
2025/01/15 8.29 8.35 8.20 8.30 3201900 26516180.00
2025/01/16 8.33 8.47 8.25 8.32 3971900 33189060.00
2025/01/17 8.28 8.38 8.24 8.35 3056200 25396676.00
2025/01/20 8.39 8.43 8.21 8.32 4094300 34038388.00
2025/01/21 8.34 8.40 8.14 8.23 3611800 29726612.00
2025/01/22 8.21 8.33 8.13 8.15 2647636 21660888.00
2025/01/23 8.21 8.30 8.18 8.18 3954815 32643094.00
2025/01/24 8.13 8.19 8.05 8.11 3631457 29436898.00
2025/01/27 8.17 8.37 8.15 8.19 4617591 38138052.00
2025/02/05 8.26 8.26 8.14 8.20 3675200 30161084.00
2025/02/06 8.21 8.21 8.00 8.17 4446816 36034660.00
2025/02/07 8.17 8.40 8.13 8.32 6630357 54935552.00
2025/02/10 8.32 8.47 8.28 8.46 5294988 44343556.00
2025/02/11 8.48 8.51 8.22 8.28 5600167 46481540.00
2025/02/12 8.27 8.31 8.16 8.22 4176700 34298904.00
2025/02/13 8.24 8.66 8.24 8.47 10773713 91322264.00
2025/02/14 8.47 8.61 8.36 8.46 8305201 70615760.00
2025/02/17 8.46 8.48 8.28 8.37 7578401 63157136.00
2025/02/18 8.38 8.40 8.16 8.18 5389100 44502032.00
2025/02/19 8.15 8.24 8.14 8.21 4476736 36658064.00
2025/02/20 8.21 8.26 8.15 8.22 4191900 34408352.00
2025/02/21 8.18 8.29 8.06 8.16 5448153 44447368.00
2025/02/24 8.21 8.35 8.21 8.23 5941101 49156480.00
2025/02/25 8.18 8.23 8.11 8.13 5081201 41400604.00
2025/02/26 8.15 8.55 8.12 8.39 10301259 86056824.00
2025/02/27 8.39 8.48 8.27 8.42 8343301 69841024.00
2025/02/28 8.39 8.46 8.20 8.22 6891200 57325612.00
2025/03/03 8.24 8.35 8.20 8.26 4182109 34539488.00
2025/03/04 8.21 8.45 8.16 8.44 6509581 54222932.00
2025/03/05 8.51 8.58 8.30 8.32 5824401 48802888.00
2025/03/06 8.30 8.37 8.24 8.36 5356401 44496840.00
2025/03/07 8.36 8.37 8.23 8.25 5135360 42609464.00
2025/03/10 8.32 8.39 8.22 8.29 4389100 36393728.00
2025/03/11 8.21 8.44 8.20 8.43 7431443 62118912.00
2025/03/12 8.39 8.44 8.34 8.35 4229160 35384192.00
2025/03/13 8.66 9.19 8.65 9.19 17852512 162467952.00
2025/03/14 9.28 9.39 9.00 9.03 26765728 243645504.00
2025/03/17 9.11 9.29 9.03 9.08 19131960 174843584.00
2025/03/18 9.06 9.19 8.97 9.16 13970908 126815272.00
2025/03/19 9.21 9.64 9.10 9.42 21963692 207134992.00
2025/03/20 9.35 9.70 9.21 9.23 16101025 151755712.00
2025/03/21 9.28 9.35 8.94 9.01 13519300 123159664.00
2025/03/24 9.07 9.13 8.77 8.91 9506000 84676344.00
2025/03/25 8.95 9.08 8.81 9.00 8041600 71951312.00
2025/03/26 9.05 9.79 8.95 9.56 24771790 233205648.00
2025/03/27 9.40 9.55 9.35 9.41 15219890 143448128.00
2025/03/28 9.40 9.47 9.23 9.25 9144500 85214608.00
2025/03/31 9.26 9.39 8.94 9.06 9028450 82499328.00
2025/04/01 9.13 9.30 9.06 9.28 8338695 76820024.00
2025/04/02 9.31 9.45 9.07 9.12 8004300 73570168.00
2025/04/03 9.05 9.45 9.03 9.39 13599002 127100848.00
2025/04/07 9.38 9.95 9.06 9.32 35119272 335874944.00
2025/04/08 9.12 10.25 9.12 10.25 40076984 390575072.00
2025/04/09 10.15 10.65 9.60 10.04 40455460 407226272.00
2025/04/10 9.65 10.19 9.60 10.01 28644942 285219488.00
2025/04/11 9.85 9.89 9.46 9.53 21709052 208289408.00
2025/04/14 9.49 9.77 9.42 9.76 19469396 187233568.00
2025/04/15 9.73 9.87 9.54 9.83 16923842 163970416.00
2025/04/16 9.76 9.91 9.48 9.56 16116700 155841760.00
2025/04/17 9.45 9.49 9.24 9.25 13993289 130591496.00
2025/04/18 9.25 9.27 8.88 8.95 13586316 122513968.00
2025/04/21 8.95 9.06 8.86 9.04 6482100 58050372.00
2025/04/22 9.08 9.08 8.88 9.00 7798001 70021872.00
2025/04/23 8.95 8.99 8.78 8.80 9194955 81317344.00
2025/04/24 8.76 8.95 8.73 8.78 7685279 68112872.00
2025/04/25 8.80 8.85 8.76 8.78 5011500 44118088.00
2025/04/28 8.45 8.47 8.20 8.20 12766288 106147192.00
2025/04/29 8.19 8.26 8.14 8.23 6463642 53065184.00
2025/04/30 8.28 8.37 8.20 8.20 4669600 38564828.00
2025/05/06 8.27 8.33 8.20 8.33 4912001 40567052.00
2025/05/07 8.36 8.59 8.35 8.48 7283411 61568104.00
2025/05/08 8.42 8.59 8.36 8.48 4049292 34193896.00
2025/05/09 8.48 8.52 8.36 8.38 4554000 38312932.00
2025/05/12 8.44 8.44 8.28 8.39 4723400 39363424.00
2025/05/13 8.42 8.46 8.36 8.38 4127090 34658520.00
2025/05/14 8.40 8.40 8.25 8.34 5080981 42290304.00
2025/05/15 8.34 8.40 8.30 8.36 4268400 35673132.00
2025/05/16 8.35 8.36 8.23 8.30 4896793 40569660.00
2025/05/19 8.50 8.58 8.41 8.47 7566711 64067392.00
2025/05/20 8.45 8.60 8.45 8.60 9469400 80873424.00
2025/05/21 8.59 8.59 8.44 8.49 5892600 49977604.00
2025/05/22 8.49 8.49 8.30 8.30 5872197 49076216.00
2025/05/23 8.30 8.37 8.21 8.22 4400800 36443488.00
2025/05/26 8.26 8.28 8.20 8.25 2771600 22848004.00
2025/05/27 8.25 8.37 8.21 8.36 3572300 29687548.00
2025/05/28 8.36 8.36 8.25 8.27 2290100 18982408.00
2025/05/29 8.27 8.34 8.22 8.33 3427400 28464220.00
2025/05/30 8.31 8.49 8.29 8.36 6569188 55171160.00
2025/06/03 8.33 8.50 8.21 8.43 5710800 47865184.00
2025/06/04 8.41 8.47 8.33 8.47 5433100 45694512.00
2025/06/05 8.45 8.48 8.32 8.35 4305800 36060664.00
2025/06/06 8.35 8.43 8.33 8.40 4224600 35459496.00
2025/06/09 8.39 8.50 8.37 8.50 5226600 44287280.00
2025/06/10 8.51 8.52 8.31 8.44 5613000 47212608.00
2025/06/11 8.39 8.58 8.38 8.53 7015800 59781504.00
2025/06/12 8.49 8.52 8.38 8.44 5263000 44382036.00
2025/06/13 8.40 8.44 8.28 8.28 5324300 44301552.00
2025/06/16 8.27 8.33 8.25 8.27 3836300 31756604.00
2025/06/17 8.28 8.33 8.22 8.25 3837400 31676556.00
2025/06/18 8.24 8.25 8.10 8.11 5925808 48260616.00
2025/06/19 8.10 8.11 7.97 8.00 4444697 35664504.00
2025/06/20 7.98 8.06 7.90 7.92 3776497 30061372.00
2025/06/23 7.86 8.02 7.85 8.00 2936800 23385286.00
2025/06/24 8.00 8.09 7.97 8.06 3697000 29807158.00
2025/06/25 8.10 8.15 8.01 8.12 4097700 33126556.00
2025/06/26 8.14 8.17 8.09 8.10 3177216 25810802.00
2025/06/27 8.13 8.15 8.09 8.14 3097567 25142728.00
2025/06/30 8.13 8.16 8.11 8.15 2458100 20003828.00
2025/07/01 8.13 8.18 8.09 8.14 2804702 22815748.00
2025/07/02 8.12 8.21 8.09 8.20 4916299 40136376.00
2025/07/03 8.21 8.25 8.17 8.20 3396300 27861620.00
2025/07/04 8.18 8.22 8.14 8.17 3126900 25551532.00
2025/07/07 8.19 8.22 8.11 8.21 3583940 29316694.00
2025/07/08 8.20 8.25 8.16 8.24 3906600 32087414.00
2025/07/09 8.26 8.39 8.24 8.32 5736200 47816648.00
2025/07/10 8.33 8.38 8.28 8.35 4125900 34371888.00
2025/07/11 8.35 8.46 8.32 8.40 5580500 46843220.00
2025/07/14 8.42 8.44 8.34 8.36 3980000 33339988.00
2025/07/15 8.33 8.33 8.06 8.10 7505602 61158240.00
2025/07/16 8.11 8.28 8.10 8.24 5707617 46825972.00
2025/07/17 8.25 8.33 8.23 8.29 3810100 31559576.00
2025/07/18 8.32 8.36 8.27 8.32 3282200 27289898.00
2025/07/21 8.34 8.57 8.31 8.50 7782100 65842624.00
2025/07/22 8.47 8.66 8.44 8.63 8972105 76655664.00
2025/07/23 8.63 8.74 8.47 8.51 7501600 64406256.00
2025/07/24 8.52 8.65 8.46 8.65 5632001 48275864.00
2025/07/25 8.73 8.90 8.64 8.84 11165900 98380120.00
2025/07/28 8.84 8.88 8.74 8.80 6243001 54938168.00
2025/07/29 8.80 8.82 8.60 8.69 5249900 45558628.00
2025/07/30 8.65 8.92 8.65 8.84 7963636 70177760.00
2025/07/31 8.80 8.87 8.64 8.67 5675200 49533896.00
2025/08/01 8.67 8.78 8.63 8.67 4561800 39684064.00
2025/08/04 8.73 8.86 8.67 8.78 5407000 47422492.00
2025/08/05 8.81 9.08 8.79 8.98 9401791 84290736.00
2025/08/06 8.98 9.02 8.87 9.00 5370291 47961212.00
2025/08/07 8.95 9.19 8.92 9.12 7391291 66734528.00
2025/08/08 9.12 9.26 9.05 9.19 8134100 74398864.00
2025/08/11 9.60 9.80 9.30 9.53 23861520 228059648.00
2025/08/12 9.72 10.35 9.60 9.66 31098616 307729568.00
2025/08/13 9.54 9.66 9.27 9.38 18070200 170505984.00
2025/08/14 9.38 9.41 8.99 8.99 14813154 135225872.00
2025/08/15 9.09 9.15 9.00 9.08 8374743 76007176.00
2025/08/18 9.18 9.19 8.96 8.99 13203072 119540928.00
2025/08/19 8.99 9.10 8.96 9.02 6960063 62898300.00
2025/08/20 9.02 9.05 8.97 9.00 5415800 48728624.00
2025/08/21 9.01 9.13 8.98 9.04 8961748 81127104.00
2025/08/22 9.04 9.06 8.79 8.93 10988100 97434664.00
2025/08/25 8.92 8.99 8.84 8.95 8943700 79826896.00
2025/08/26 8.95 9.32 8.89 9.22 19331360 176446352.00
2025/08/27 9.16 9.18 8.92 8.92 12663019 114561080.00
2025/08/28 8.95 9.00 8.60 8.78 11470328 100626904.00
2025/08/29 8.79 8.90 8.70 8.74 6902900 60684676.00
2025/09/01 8.72 8.84 8.63 8.75 5922002 51836516.00
2025/09/02 8.75 8.84 8.68 8.78 6364142 55858884.00
2025/09/03 8.82 8.85 8.48 8.50 7125002 61368924.00
2025/09/04 8.50 8.87 8.47 8.72 11475841 100124352.00
2025/09/05 8.75 8.77 8.58 8.71 6764141 58696260.00
2025/09/08 8.74 8.99 8.65 8.98 9435502 84022528.00
2025/09/09 8.98 9.08 8.92 8.95 9558000 85878368.00
2025/09/10 8.97 9.09 8.93 9.05 6305590 56845480.00
2025/09/11 9.05 9.18 9.01 9.16 9624485 87790480.00
2025/09/12 9.10 9.17 9.00 9.01 7026677 63690372.00
2025/09/15 9.01 9.15 8.93 9.14 7886800 71540256.00
2025/09/16 9.13 9.14 8.83 8.93 8815600 78591056.00
2025/09/17 8.91 8.99 8.80 8.84 6050800 53552556.00
2025/09/18 8.85 8.87 8.56 8.62 7970489 69327344.00
2025/09/19 8.63 8.65 8.53 8.57 4152130 35674760.00
2025/09/22 8.56 8.60 8.47 8.57 3675531 31319748.00
2025/09/23 8.57 8.57 8.36 8.48 4669652 39411940.00
2025/09/24 8.44 8.65 8.39 8.61 4998026 42810572.00
2025/09/25 8.62 8.62 8.46 8.50 4227002 35989528.00
2025/09/26 8.50 8.63 8.43 8.51 3952600 33801332.00
2025/09/29 8.51 8.55 8.26 8.47 4657802 39079680.00
2025/09/30 8.47 8.49 8.40 8.44 3317649 28015848.00
2025/10/09 8.43 8.44 8.29 8.39 4295020 35839624.00
2025/10/10 8.37 8.62 8.37 8.57 5823618 49745744.00
2025/10/13 8.45 8.57 8.43 8.53 4516200 38352444.00
2025/10/14 8.56 8.66 8.50 8.57 4780800 41036468.00
2025/10/15 8.59 8.64 8.49 8.60 3633417 31231028.00
2025/10/16 8.64 8.64 8.46 8.48 4255700 36274352.00
2025/10/17 8.51 8.54 8.41 8.42 3586702 30362660.00
2025/10/20 8.48 8.51 8.39 8.50 2752000 23274246.00
2025/10/21 8.50 8.70 8.46 8.69 4968691 42802292.00
2025/10/22 8.69 8.76 8.65 8.69 3569299 31065330.00
2025/10/23 8.64 8.85 8.64 8.84 5923486 51996224.00
2025/10/24 8.90 8.98 8.82 8.85 6433500 57197352.00
2025/10/27 8.85 9.29 8.84 9.11 12804193 116597760.00
2025/10/28 9.11 9.13 8.99 9.03 5583000 50487476.00
2025/10/29 9.05 9.05 8.86 8.98 5880200 52643616.00
2025/10/30 8.99 9.12 8.91 8.98 4787501 43213540.00
2025/10/31 8.98 9.08 8.95 9.01 4469443 40274404.00
2025/11/03 9.06 9.19 9.03 9.16 5862200 53580716.00
2025/11/04 9.17 9.23 9.09 9.16 5403387 49489876.00
2025/11/05 9.10 9.23 9.06 9.20 5063710 46484404.00
2025/11/06 9.24 9.26 9.15 9.18 4464346 41118232.00
2025/11/07 9.16 9.38 9.14 9.28 6203334 57728504.00
2025/11/10 9.28 9.45 9.24 9.44 6247264 58596256.00
2025/11/11 9.44 9.64 9.37 9.63 7699600 73335200.00
2025/11/12 9.65 9.74 9.50 9.56 6811689 65233880.00
2025/11/13 9.58 9.62 9.41 9.59 5541819 52809452.00
2025/11/14 9.58 9.73 9.58 9.66 5494202 53101072.00
2025/11/17 9.73 9.78 9.54 9.66 4979200 47955428.00
2025/11/18 9.66 9.72 9.40 9.48 6434400 61068760.00
2025/11/19 9.55 9.55 9.30 9.45 6911264 64998180.00
2025/11/20 9.48 9.50 9.21 9.29 5430300 50574232.00
2025/11/21 9.29 9.38 8.90 8.92 7592900 68887504.00
2025/11/24 9.01 9.18 8.96 9.05 6296500 57111952.00
2025/11/25 9.10 9.25 9.00 9.15 6302301 57607396.00
2025/11/26 9.11 9.25 9.03 9.06 4821200 43990560.00
2025/11/27 9.08 9.45 9.08 9.19 6265100 57934496.00
2025/11/28 9.14 9.60 9.03 9.55 8116750 76028496.00
2025/12/01 9.55 9.65 9.39 9.41 7497920 70987528.00
2025/12/02 9.41 9.42 9.23 9.29 4799482 44622984.00
2025/12/03 9.34 9.37 9.15 9.22 4992080 46299208.00
2025/12/04 9.30 9.30 8.99 9.00 4726400 42788984.00
2025/12/05 9.04 9.18 8.93 9.15 3922600 35669364.00
2025/12/08 9.21 9.25 9.05 9.13 5078000 46343228.00
2025/12/09 9.09 9.19 9.03 9.07 3739600 34067956.00
2025/12/10 9.10 9.15 8.98 9.00 4189224 37884756.00
2025/12/11 9.05 9.05 8.49 8.53 14387006 124524416.00
2025/12/12 8.55 8.62 8.42 8.61 9964836 85161112.00
2025/12/15 8.46 8.61 8.37 8.53 7502189 63763860.00
2025/12/16 8.53 8.71 8.45 8.46 6389900 54540020.00
2025/12/17 8.53 8.56 8.35 8.45 5372780 45293716.00
2025/12/18 8.47 8.63 8.39 8.54 5115880 43747520.00
2025/12/19 8.59 8.79 8.48 8.78 5304211 46090552.00
2025/12/22 8.84 9.10 8.68 9.00 7299480 64860684.00
2025/12/23 8.97 9.03 8.84 8.85 5130980 45827544.00
2025/12/24 8.84 8.87 8.68 8.80 4769100 41838944.00
2025/12/25 8.78 8.90 8.76 8.86 3449600 30463944.00
2025/12/26 8.86 8.89 8.77 8.77 3172700 27974594.00
2025/12/29 8.79 8.93 8.68 8.77 5327100 46827828.00
2025/12/30 8.75 8.85 8.63 8.69 4593100 40042384.00
2025/12/31 8.69 8.73 8.54 8.62 3549802 30567484.00
2026/01/05 8.68 8.88 8.62 8.77 5497100 48332328.00
2026/01/06 8.79 8.87 8.72 8.79 4345702 38280868.00
2026/01/07 8.84 9.09 8.80 8.81 6704400 59687228.00
2026/01/08 8.90 9.16 8.90 8.94 6274817 56416740.00
2026/01/09 9.00 9.02 8.78 8.90 6893347 61194444.00
2026/01/12 8.90 9.04 8.81 9.02 8075061 72182080.00
2026/01/13 9.00 9.14 8.93 8.94 6903210 62378236.00
2026/01/14 8.94 9.00 8.69 8.79 11472600 101548072.00
2026/01/15 8.80 8.96 8.78 8.81 6327500 55952472.00
2026/01/16 8.84 8.90 8.67 8.73 5809054 50821852.00
2026/01/19 8.75 8.98 8.72 8.97 8226763 72954488.00
2026/01/20 8.96 9.09 8.91 8.98 6676563 60193464.00
2026/01/21 8.95 9.12 8.90 9.08 6000303 54195160.00
2026/01/22 9.08 9.12 9.01 9.11 4914900 44605912.00
2026/01/23 9.12 9.22 9.08 9.15 5155324 47089864.00
2026/01/26 9.12 9.42 9.11 9.39 10404075 96968896.00
2026/01/27 9.42 9.70 9.18 9.27 10676447 99792304.00
2026/01/28 9.37 9.46 9.19 9.35 8826537 82268576.00
2026/01/29 9.34 9.42 9.26 9.32 6095200 56885784.00
2026/01/30 9.31 9.54 9.23 9.48 9206002 86960872.00
2026/02/02 9.36 9.46 9.22 9.27 8693800 81263128.00
2026/02/03 9.30 9.32 9.08 9.18 6734036 61687108.00
2026/02/04 9.21 9.30 9.15 9.28 5260257 48664308.00
2026/02/05 9.28 9.40 9.23 9.25 4264000 39658520.00
2026/02/06 9.26 9.42 9.20 9.31 5829100 54360404.00
2026/02/09 9.35 9.42 9.28 9.38 4633509 43351420.00
2026/02/10 9.38 9.38 9.28 9.30 3690000 34361212.00
2026/02/11 9.29 9.33 9.20 9.28 3739200 34702812.00
2026/02/12 9.28 9.32 9.07 9.13 5983902 54738936.00
2026/02/13 9.13 9.18 8.99 9.00 3466600 31489686.00
2026/02/24 9.10 9.34 9.06 9.30 5805407 53602396.00
2026/02/25 9.30 9.40 9.25 9.35 4502100 42034304.00
#Ъ§ОнРДдД:ЭЈДяаХ
