300470 жаУмПиЙЩ ШеЯп ЧАИДШЈ
      ШеЦк	    ПЊХЬ	    зюИп	    зюЕЭ	    ЪеХЬ	    ГЩНЛСП	    ГЩНЛЖю
2021/08/02 33.15 35.68 33.14 35.40 3614438 137453328.00
2021/08/03 35.49 36.19 35.03 36.01 2832573 111533520.00
2021/08/04 36.17 36.34 35.18 35.20 2226656 87170608.00
2021/08/05 35.20 35.80 34.80 35.44 2146706 83504632.00
2021/08/06 35.70 36.15 35.00 35.67 1941618 75691440.00
2021/08/09 35.67 36.87 35.08 36.68 1809639 71943544.00
2021/08/10 36.46 38.20 36.46 38.05 3189757 130886976.00
2021/08/11 38.06 39.14 37.62 38.50 2315147 96986832.00
2021/08/12 38.00 38.40 36.80 36.89 2122684 86595456.00
2021/08/13 37.08 37.98 36.40 37.31 2490818 101512824.00
2021/08/16 37.29 37.29 36.00 36.84 1977618 79520440.00
2021/08/17 36.79 38.10 36.45 36.58 2157026 88072544.00
2021/08/18 36.30 37.86 35.70 37.66 1733111 70244976.00
2021/08/19 37.41 38.00 36.70 36.70 1739565 70813072.00
2021/08/20 36.70 38.16 36.05 37.81 2020683 82752368.00
2021/08/23 37.89 41.77 37.89 40.88 4280929 188564608.00
2021/08/24 40.59 42.93 40.05 42.20 4219113 190493792.00
2021/08/25 42.00 42.20 40.50 41.16 2502978 111454264.00
2021/08/26 41.10 42.00 40.10 41.69 3250578 145462592.00
2021/08/27 41.55 43.77 40.29 42.80 4744892 219492944.00
2021/08/30 43.00 43.00 40.74 41.30 3560593 160517232.00
2021/08/31 41.50 42.38 40.90 41.73 2212034 99854392.00
2021/09/01 41.59 41.73 39.38 40.24 2777610 120984600.00
2021/09/02 40.50 41.49 39.85 40.10 1954550 86270976.00
2021/09/03 40.22 40.40 39.33 39.50 1998260 86379864.00
2021/09/06 39.73 41.48 39.67 40.83 1939894 85673448.00
2021/09/07 41.10 42.61 40.78 41.40 2609152 118136160.00
2021/09/08 41.15 41.60 40.26 40.50 1867144 82483480.00
2021/09/09 40.71 40.74 38.40 38.95 2532354 108416584.00
2021/09/10 39.98 39.98 37.88 38.64 2151870 90985584.00
2021/09/13 38.52 39.20 38.00 38.59 1089980 45830844.00
2021/09/14 38.62 38.87 37.90 38.15 1124900 47128264.00
2021/09/15 37.80 39.20 37.34 38.73 1450436 60997924.00
2021/09/16 38.56 38.89 37.56 37.61 1490375 61960132.00
2021/09/17 37.70 38.72 36.18 36.50 1919718 78238000.00
2021/09/22 36.43 38.10 36.10 37.89 1527056 62560048.00
2021/09/23 38.10 38.20 36.27 36.28 2197715 88682176.00
2021/09/24 36.19 37.05 35.18 35.49 1790432 71108416.00
2021/09/27 36.10 36.79 34.58 34.89 2047474 79293080.00
2021/09/28 34.80 35.60 34.60 35.17 1348664 52085168.00
2021/09/29 35.10 35.90 34.00 34.13 1371352 52514764.00
2021/09/30 34.32 34.80 33.33 33.69 2345766 87674360.00
2021/10/08 33.53 35.30 33.53 34.32 1482668 56496580.00
2021/10/11 34.32 35.70 33.90 34.68 1155533 44119944.00
2021/10/12 34.85 34.85 32.90 33.39 1475811 54877736.00
2021/10/13 33.49 33.61 32.55 33.09 1238444 45201776.00
2021/10/14 33.10 33.47 32.67 32.94 1126400 41061924.00
2021/10/15 33.10 33.80 32.75 32.90 1411876 51810052.00
2021/10/18 32.93 33.78 32.93 33.65 1002357 37011692.00
2021/10/19 33.65 34.83 33.40 34.52 1476501 56039920.00
2021/10/20 34.80 35.85 34.17 35.55 1984141 76351320.00
2021/10/21 35.22 35.48 34.51 34.95 1573830 60528080.00
2021/10/22 34.77 35.36 34.50 34.95 1172300 44982432.00
2021/10/25 34.68 36.35 34.57 35.83 1509540 59371052.00
2021/10/26 36.22 36.50 35.56 36.34 1048108 41625604.00
2021/10/27 35.73 36.35 35.27 36.15 1537470 60601560.00
2021/10/28 36.10 37.12 35.21 36.92 2855812 114198904.00
2021/10/29 36.88 36.89 34.90 35.39 2041226 79619464.00
2021/11/01 35.24 36.10 34.83 35.90 1735224 67502584.00
2021/11/02 35.65 36.30 34.24 34.96 1536900 59244172.00
2021/11/03 34.92 36.80 34.70 35.90 2203720 87066536.00
2021/11/04 36.50 36.63 35.91 36.26 1093309 43502748.00
2021/11/05 36.26 39.00 36.11 38.42 5175444 215478992.00
2021/11/08 36.79 38.20 35.60 37.70 3444900 140290096.00
2021/11/09 37.70 38.08 36.85 37.75 1642412 67414304.00
2021/11/10 37.63 37.80 37.01 37.66 1117349 45717312.00
2021/11/11 37.30 38.49 37.06 38.45 1782561 73564384.00
2021/11/12 38.45 40.44 37.80 39.83 2616166 111958232.00
2021/11/15 39.78 40.38 39.20 39.65 2020982 87241976.00
2021/11/16 39.43 40.08 38.55 38.65 1414288 60389448.00
2021/11/17 38.86 39.66 38.54 39.40 1233473 52674344.00
2021/11/18 39.48 39.83 39.00 39.80 1622295 69853672.00
2021/11/19 39.51 40.08 39.40 39.62 1016812 43863040.00
2021/11/22 39.93 41.20 39.90 40.50 1578198 69613088.00
2021/11/23 41.00 41.88 40.30 40.95 1914100 85382248.00
2021/11/24 40.56 41.42 39.88 40.30 1744254 76665752.00
2021/11/25 40.31 40.80 39.63 40.11 1529414 66527128.00
2021/11/26 40.18 40.70 39.84 40.15 1066904 46527716.00
2021/11/29 40.01 40.36 39.73 40.25 1566420 68215008.00
2021/11/30 40.41 41.03 40.03 40.21 1618180 71199808.00
2021/12/01 40.24 40.46 39.57 39.83 1597865 69344080.00
2021/12/02 39.70 40.45 38.39 38.59 1924286 81857432.00
2021/12/03 38.80 39.70 37.81 38.62 2015452 84643360.00
2021/12/06 38.88 38.88 36.60 36.90 2881616 117550136.00
2021/12/07 36.90 37.20 35.40 35.69 2405739 94842280.00
2021/12/08 35.89 37.20 35.84 36.99 1795932 72214960.00
2021/12/09 37.01 38.30 36.83 38.13 1921615 79348904.00
2021/12/10 37.90 38.25 37.45 38.22 1023622 42439540.00
2021/12/13 38.23 38.99 37.90 38.21 1999271 83656608.00
2021/12/14 38.16 38.20 36.86 36.97 2006500 82031264.00
2021/12/15 36.99 37.81 36.15 36.28 1955934 78741680.00
2021/12/16 37.00 38.08 36.73 38.05 2509468 103077344.00
2021/12/17 38.10 38.38 37.40 37.51 1345442 55307324.00
2021/12/20 37.16 38.39 37.06 37.68 2422176 99761760.00
2021/12/21 37.45 40.05 36.95 38.97 2569049 108897688.00
2021/12/22 39.00 40.05 38.45 39.77 2701353 116632224.00
2021/12/23 39.82 41.33 39.18 40.97 3455249 152021600.00
2021/12/24 40.88 41.28 39.79 40.56 1815410 79759672.00
2021/12/27 40.35 41.79 40.10 41.00 1792548 79984728.00
2021/12/28 41.03 41.20 40.13 40.50 2412965 106230200.00
2021/12/29 40.37 41.10 40.30 40.56 1628810 71907240.00
2021/12/30 40.50 40.96 40.00 40.38 2075315 91020736.00
2021/12/31 40.40 41.93 39.82 41.17 2873476 127445040.00
2022/01/04 41.37 41.37 39.59 40.09 1745078 76186736.00
2022/01/05 40.08 40.08 38.60 39.40 2227750 94914552.00
2022/01/06 39.38 42.84 39.16 42.62 4166979 188637280.00
2022/01/07 42.49 42.80 41.58 42.11 2888284 132096544.00
2022/01/10 42.11 42.56 40.82 41.70 2693643 121280248.00
2022/01/11 41.97 42.61 40.10 40.34 2413777 107555280.00
2022/01/12 40.20 41.69 39.88 41.49 1373753 61128896.00
2022/01/13 41.40 41.58 39.70 40.74 1801110 79342312.00
2022/01/14 40.60 41.44 39.91 41.26 1365267 60576068.00
2022/01/17 41.00 42.17 40.57 41.70 1422607 64249364.00
2022/01/18 41.65 41.99 40.62 41.18 1098300 49065564.00
2022/01/19 40.76 41.95 39.70 41.45 1545716 69071440.00
2022/01/20 41.40 41.70 40.48 40.59 1240800 55278264.00
2022/01/21 40.59 40.59 38.30 38.66 1849800 79042656.00
2022/01/24 38.63 39.69 38.23 39.22 1273873 54274844.00
2022/01/25 39.20 39.75 38.00 38.39 1211613 51137740.00
2022/01/26 38.40 38.50 36.65 37.12 2067235 84743984.00
2022/01/27 37.03 37.53 35.80 35.90 1310134 52119084.00
2022/01/28 36.06 37.40 35.90 36.57 1375830 55221568.00
2022/02/07 37.00 37.97 37.00 37.55 1030400 42276580.00
2022/02/08 37.59 37.60 35.83 37.09 1046000 41997200.00
2022/02/09 37.17 38.20 36.80 37.50 1321420 54036840.00
2022/02/10 37.70 38.00 37.15 37.46 918703 37621464.00
2022/02/11 37.46 37.80 36.45 36.59 1675039 68026936.00
2022/02/14 36.30 38.23 36.11 36.59 1853643 75074296.00
2022/02/15 36.59 36.80 35.99 36.51 1325688 52782140.00
2022/02/16 36.70 37.52 36.38 37.15 896435 36265800.00
2022/02/17 37.40 37.99 37.12 37.86 1178454 48365596.00
2022/02/18 37.52 38.18 37.36 38.13 1263134 52412328.00
2022/02/21 38.10 38.70 37.70 37.90 688500 28524744.00
2022/02/22 37.65 38.19 37.10 37.40 1798179 73646568.00
2022/02/23 37.58 39.00 37.50 38.66 1597429 66676928.00
2022/02/24 38.36 39.73 37.91 38.39 1726345 73069264.00
2022/02/25 38.53 39.99 38.53 39.76 1663116 71587616.00
2022/02/28 39.60 40.85 39.32 40.10 1258549 54624200.00
2022/03/01 40.02 40.28 39.00 39.23 932319 39969444.00
2022/03/02 38.94 39.30 38.15 39.00 1118419 47151792.00
2022/03/03 39.00 39.29 38.41 38.50 708540 29890030.00
2022/03/04 38.25 38.66 38.00 38.51 975600 40872216.00
2022/03/07 38.35 38.35 37.13 37.28 1151110 47302476.00
2022/03/08 37.07 37.61 36.20 36.29 1422245 57441464.00
2022/03/09 36.28 37.10 35.14 36.34 1458364 57995500.00
2022/03/10 37.12 37.30 35.35 35.59 2156484 85375544.00
2022/03/11 35.45 36.39 34.62 36.22 1335129 52270360.00
2022/03/14 36.00 36.23 35.17 35.17 1352913 52944020.00
2022/03/15 35.04 35.32 33.02 33.11 1674380 63022964.00
2022/03/16 33.65 33.88 31.83 33.11 1839361 66858664.00
2022/03/17 33.49 34.38 33.45 33.99 1770933 66450940.00
2022/03/18 34.06 34.43 33.59 34.16 915539 34456760.00
2022/03/21 34.17 34.46 33.70 34.23 991820 37202668.00
2022/03/22 34.19 34.83 33.70 34.28 821985 31074664.00
2022/03/23 34.58 35.56 34.33 35.53 1276525 49449016.00
2022/03/24 35.30 35.68 34.91 35.20 1030800 40005944.00
2022/03/25 35.30 35.47 34.41 34.51 861009 32946032.00
2022/03/28 34.00 34.44 33.52 34.02 463200 17352284.00
2022/03/29 34.30 34.58 33.89 34.17 448700 16923968.00
2022/03/30 34.26 34.75 34.16 34.59 477762 18182624.00
2022/03/31 34.35 34.50 33.18 33.50 1174155 43570120.00
2022/04/01 33.10 33.99 32.83 33.87 843821 31336306.00
2022/04/06 33.86 33.86 33.10 33.55 1038489 38266096.00
2022/04/07 33.43 33.80 32.50 32.50 1076208 39480580.00
2022/04/08 32.39 32.93 32.14 32.87 647331 23323062.00
2022/04/11 32.46 32.52 30.89 30.89 1290051 45134624.00
2022/04/12 30.89 31.71 29.50 31.02 1730222 58939180.00
2022/04/13 30.84 30.97 30.14 30.39 732967 25003266.00
2022/04/14 30.60 32.05 30.22 31.60 1087036 37447084.00
2022/04/15 31.23 31.96 30.64 31.44 736956 25595840.00
2022/04/18 30.90 31.80 30.70 31.42 554400 19340082.00
2022/04/19 31.08 31.77 30.27 30.75 1177299 40329480.00
2022/04/20 30.97 30.97 29.93 30.30 1109668 37586376.00
2022/04/21 31.15 31.68 29.50 29.89 2098353 71599296.00
2022/04/22 29.04 29.60 27.75 29.17 1705120 54907200.00
2022/04/25 28.83 28.83 26.70 28.12 2208090 69246608.00
2022/04/26 28.46 28.47 27.16 27.40 1926042 59881356.00
2022/04/27 26.61 29.16 26.61 29.15 1864077 58874632.00
2022/04/28 29.40 29.59 28.22 28.97 1403405 45432944.00
2022/04/29 29.30 30.25 28.71 29.92 1278753 42259396.00
2022/05/05 29.98 31.84 29.70 31.30 1831267 63507468.00
2022/05/06 30.98 30.98 30.25 30.50 1066644 36374452.00
2022/05/09 30.35 30.98 30.11 30.50 670684 22880512.00
2022/05/10 30.05 31.37 29.91 31.15 961495 33113694.00
2022/05/11 31.50 31.95 31.16 31.20 1145870 40262972.00
2022/05/12 31.06 31.90 31.01 31.78 795983 27954188.00
2022/05/13 31.94 32.30 31.68 32.00 666316 23684166.00
2022/05/16 32.48 32.48 30.82 30.95 1480140 51496396.00
2022/05/17 30.95 31.30 30.59 31.14 448400 15491569.00
2022/05/18 31.15 31.60 30.82 31.38 654346 22756346.00
2022/05/19 30.80 30.98 30.13 30.83 918067 31263880.00
2022/05/20 30.88 31.98 30.88 31.80 1360536 47826556.00
2022/05/23 31.80 32.55 31.50 32.44 1232709 43998476.00
2022/05/24 32.26 32.93 31.00 31.07 1503197 53196944.00
2022/05/25 31.07 31.76 31.00 31.50 988310 34474844.00
2022/05/26 31.38 31.90 30.88 31.59 676518 23572210.00
2022/05/27 31.52 31.96 31.40 31.74 712299 25092454.00
2022/05/30 31.78 32.72 31.51 32.40 983144 35220472.00
2022/05/31 32.37 33.49 32.25 33.13 1183380 43235684.00
2022/06/01 33.03 33.65 32.82 33.18 843202 31035110.00
2022/06/02 33.30 34.15 32.96 34.10 897094 33468462.00
2022/06/06 33.80 35.35 33.80 34.99 1423608 54632312.00
2022/06/07 35.29 35.29 34.61 34.90 955184 36720712.00
2022/06/08 34.75 35.25 34.19 34.84 1000300 38196544.00
2022/06/09 34.40 34.55 33.40 33.78 1136780 42606896.00
2022/06/10 33.97 34.40 33.51 33.80 977717 36078892.00
2022/06/13 33.49 35.28 33.49 35.10 1273467 48099756.00
2022/06/14 34.68 34.96 33.70 34.50 1089600 40491056.00
2022/06/15 34.50 34.77 33.75 34.00 1068570 39858016.00
2022/06/16 34.29 34.75 34.02 34.30 841600 31503822.00
2022/06/17 33.88 34.67 33.67 34.27 734675 27301336.00
2022/06/20 34.01 35.47 33.49 34.99 2370410 88722960.00
2022/06/21 35.37 35.37 34.15 34.54 959863 36115924.00
2022/06/22 35.10 35.10 33.80 33.80 1247933 46381972.00
2022/06/23 33.80 35.61 33.80 35.00 1449366 54940136.00
2022/06/24 34.92 35.70 34.78 35.26 1001045 38205196.00
2022/06/27 35.00 35.40 33.95 34.00 2335122 87367536.00
2022/06/28 34.00 34.61 33.52 33.76 3594889 132738392.00
2022/06/29 33.76 33.97 32.20 32.29 2970786 106646656.00
2022/06/30 32.29 32.75 32.01 32.29 1998033 70618800.00
2022/07/01 32.38 33.15 32.27 32.49 1096855 39188292.00
2022/07/04 32.71 33.10 32.15 32.99 1610708 57592964.00
2022/07/05 32.98 33.26 31.60 32.14 2531849 89123672.00
2022/07/06 32.01 33.10 31.82 32.52 1377137 49032076.00
2022/07/07 32.48 33.00 32.48 32.80 1920477 68667040.00
2022/07/08 32.81 34.97 32.81 34.49 2730202 101805312.00
2022/07/11 34.50 34.63 33.13 33.28 2020188 74076288.00
2022/07/12 33.37 33.58 32.82 32.84 1029732 37168024.00
2022/07/13 32.78 34.17 32.78 34.00 1302219 47727600.00
2022/07/14 34.24 34.76 34.00 34.43 1610513 60401996.00
2022/07/15 34.25 35.33 34.13 34.80 1792740 67991776.00
2022/07/18 34.89 35.13 34.52 34.92 1068600 40480020.00
2022/07/19 34.81 35.09 34.50 34.77 887495 33512460.00
2022/07/20 34.58 35.11 34.29 34.76 1098413 41291776.00
2022/07/21 34.89 35.89 34.61 35.24 1738294 66645620.00
2022/07/22 35.10 35.74 34.38 34.40 1624921 61396548.00
2022/07/25 34.51 34.94 33.83 34.08 946120 35189320.00
2022/07/26 34.11 34.36 33.50 34.06 804063 29641722.00
2022/07/27 34.00 34.87 33.82 34.70 1495662 56059140.00
2022/07/28 34.98 35.65 34.80 35.44 1926237 73941536.00
2022/07/29 35.60 35.95 35.21 35.80 1662101 64216252.00
2022/08/01 35.67 36.25 35.50 35.94 1963601 76334448.00
2022/08/02 35.88 36.25 35.03 35.80 3301661 127765952.00
2022/08/03 35.91 37.43 35.91 36.61 2839454 113477952.00
2022/08/04 36.44 36.90 36.15 36.72 2218038 87537016.00
2022/08/05 36.52 37.60 36.43 37.06 1714454 68697096.00
2022/08/08 36.98 37.25 36.30 37.10 1679338 67091824.00
2022/08/09 37.10 37.37 36.52 37.01 1063500 42399660.00
2022/08/10 37.02 37.57 36.80 37.55 1117645 44944288.00
2022/08/11 37.60 38.66 37.34 38.52 2148910 88649856.00
2022/08/12 38.52 38.70 37.32 37.45 1611090 65650760.00
2022/08/15 37.53 38.08 37.10 37.39 1357100 54921136.00
2022/08/16 37.30 38.18 37.07 37.36 1434700 58089344.00
2022/08/17 37.36 38.28 37.10 38.10 1367280 55985320.00
2022/08/18 38.20 38.21 37.17 37.44 1036346 41978660.00
2022/08/19 37.48 37.72 35.74 36.03 2288215 90139840.00
2022/08/22 36.37 36.54 35.66 36.40 1287500 50361424.00
2022/08/23 36.21 36.88 36.13 36.56 765740 30246488.00
2022/08/24 36.20 36.60 34.53 35.05 2544120 97087744.00
2022/08/25 35.26 35.32 34.12 34.55 1179900 44314604.00
2022/08/26 34.18 35.54 34.18 34.66 1491154 56451120.00
2022/08/29 34.32 36.00 34.23 35.52 1210900 46408540.00
2022/08/30 35.50 36.68 35.32 35.66 1293511 50296160.00
2022/08/31 35.56 36.25 34.90 35.84 1783420 68920520.00
2022/09/01 35.92 35.93 34.75 34.85 1321160 50483468.00
2022/09/02 34.85 35.05 33.95 34.25 1320914 49372836.00
2022/09/05 34.25 34.75 34.00 34.47 856991 31988794.00
2022/09/06 34.59 35.14 34.24 35.09 826600 31247392.00
2022/09/07 34.90 35.71 34.80 35.71 1245390 47852484.00
2022/09/08 35.71 35.99 35.46 35.96 929810 36113352.00
2022/09/09 35.90 36.07 35.24 35.80 751500 29034564.00
2022/09/13 35.90 37.00 35.50 36.76 1303528 51617664.00
2022/09/14 36.21 36.67 35.54 36.45 1242832 48686324.00
2022/09/15 37.62 39.50 35.28 35.57 3783515 152386096.00
2022/09/16 35.18 36.75 35.01 35.57 2627341 102499808.00
2022/09/19 35.92 36.46 35.15 35.43 1738433 67394960.00
2022/09/20 35.56 37.00 35.16 36.32 1596219 62816640.00
2022/09/21 36.52 36.52 35.25 35.51 1523238 58841232.00
2022/09/22 35.23 35.99 35.13 35.40 1157515 44551680.00
2022/09/23 35.28 35.59 33.72 34.64 1818823 68191360.00
2022/09/26 34.40 35.16 34.12 34.57 1055500 39834064.00
2022/09/27 34.57 35.18 34.42 34.93 970874 36767636.00
2022/09/28 35.00 35.00 33.91 33.91 833998 31097248.00
2022/09/29 34.12 34.48 33.70 33.74 650486 24098564.00
2022/09/30 33.77 33.95 32.40 32.63 1179145 42675820.00
2022/10/10 32.66 32.89 31.72 31.81 800670 28191300.00
2022/10/11 32.15 32.31 31.71 31.80 553070 19330530.00
2022/10/12 32.05 33.67 31.43 33.67 1322594 47042364.00
2022/10/13 33.60 34.98 33.31 34.79 1644729 61718400.00
2022/10/14 34.87 35.30 34.55 35.24 942053 35861684.00
2022/10/17 35.10 35.95 34.87 35.87 865626 33530664.00
2022/10/18 35.68 36.12 35.50 35.80 1079902 41975448.00
2022/10/19 35.50 35.78 34.80 34.90 1226600 46835228.00
2022/10/20 34.86 35.18 34.18 34.69 955100 35922172.00
2022/10/21 34.93 35.10 34.30 34.70 817200 30709166.00
2022/10/24 34.60 35.78 34.60 34.79 1300338 49421396.00
2022/10/25 34.67 35.86 34.61 35.51 1720882 66191908.00
2022/10/26 36.40 38.78 35.40 37.87 4680851 189556192.00
2022/10/27 37.40 39.83 37.36 39.35 5494728 231383504.00
2022/10/28 39.30 40.00 38.58 38.65 3723162 156778304.00
2022/10/31 38.77 40.43 38.34 39.18 3209543 136470496.00
2022/11/01 39.18 41.77 38.81 41.36 3323063 146201232.00
2022/11/02 41.45 41.70 40.48 41.08 1532441 67213224.00
2022/11/03 40.60 41.50 40.60 41.17 907316 40000672.00
2022/11/04 41.13 41.51 40.27 40.40 1531291 66833496.00
2022/11/07 41.09 41.88 40.24 40.96 1937152 85395568.00
2022/11/08 40.71 40.80 39.55 40.40 1282220 55431352.00
2022/11/09 40.14 41.24 39.69 40.45 798808 34801840.00
2022/11/10 40.20 40.64 39.31 39.34 1059201 45200324.00
2022/11/11 39.71 40.88 39.00 39.12 1619948 69147992.00
2022/11/14 39.44 39.80 38.60 39.03 1156775 48747008.00
2022/11/15 38.69 39.75 38.56 39.12 1903400 80116760.00
2022/11/16 39.00 39.28 37.80 38.51 3919877 162394448.00
2022/11/17 38.53 38.75 37.08 38.24 2001362 81865144.00
2022/11/18 38.20 39.14 37.78 37.91 1445733 59917524.00
2022/11/21 37.92 38.97 37.31 38.96 1412057 58398972.00
2022/11/22 38.83 39.14 38.00 38.27 1628102 67545072.00
2022/11/23 38.27 38.47 37.44 38.00 938237 38440952.00
2022/11/24 38.01 38.79 37.91 38.72 985170 40918260.00
2022/11/25 38.71 39.08 37.70 37.80 1440218 59688156.00
2022/11/28 37.80 38.20 37.26 37.83 722500 29471700.00
2022/11/29 38.00 38.74 37.83 38.04 802802 33139172.00
2022/11/30 38.05 38.57 37.44 38.48 997260 40877264.00
2022/12/01 38.60 38.80 37.56 37.60 1907123 78030336.00
2022/12/02 37.60 39.55 37.30 39.14 2531179 106003192.00
2022/12/05 39.01 39.20 37.37 37.56 1921530 78564744.00
2022/12/06 37.22 38.44 37.05 37.55 1362138 55470004.00
2022/12/07 37.65 38.22 37.50 37.80 836242 34256584.00
2022/12/08 37.92 37.92 37.14 37.29 993894 40194884.00
2022/12/09 37.32 37.46 36.60 36.78 1233200 49235916.00
2022/12/12 36.73 37.35 36.61 37.11 725643 29016440.00
2022/12/13 37.01 37.12 36.45 36.78 769304 30597222.00
2022/12/14 36.83 37.15 36.50 36.69 782400 31146020.00
2022/12/15 36.58 36.83 36.26 36.55 535151 21146844.00
2022/12/16 36.26 36.52 35.55 36.00 765450 29753098.00
2022/12/19 36.10 36.28 35.00 35.23 794200 30493236.00
2022/12/20 35.23 35.55 35.02 35.05 878877 33616816.00
2022/12/21 35.05 35.30 34.34 34.61 704676 26594226.00
2022/12/22 34.70 34.75 34.25 34.32 583500 21844944.00
2022/12/23 34.20 34.87 34.10 34.31 1627520 60865416.00
2022/12/26 34.40 35.15 34.23 34.90 484718 18339098.00
2022/12/27 35.00 35.20 34.71 35.05 677504 25735088.00
2022/12/28 35.06 35.16 34.66 34.99 530991 20103158.00
2022/12/29 34.84 35.80 34.78 35.50 693673 26666898.00
2022/12/30 35.49 36.02 35.05 35.91 880002 33951712.00
2023/01/03 35.80 36.88 35.72 36.80 1273653 50425900.00
2023/01/04 36.90 37.45 36.45 36.92 826564 33182576.00
2023/01/05 36.86 38.00 36.81 37.89 937871 38192368.00
2023/01/06 37.80 38.30 37.40 37.56 941876 38422248.00
2023/01/09 37.69 37.69 36.90 37.00 731687 29455674.00
2023/01/10 37.35 37.66 36.90 37.24 616785 24891956.00
2023/01/11 37.39 37.47 36.92 36.97 476275 19120406.00
2023/01/12 37.30 38.63 36.98 38.24 1036450 42550204.00
2023/01/13 38.40 38.90 37.86 38.34 869200 35908176.00
2023/01/16 38.32 38.85 37.80 37.86 910620 37568536.00
2023/01/17 37.85 38.62 37.75 38.40 621100 25603464.00
2023/01/18 38.55 39.27 38.03 38.97 842143 35322928.00
2023/01/19 38.91 39.10 38.38 39.06 443700 18562106.00
2023/01/20 39.07 39.50 38.56 38.93 734920 30886376.00
2023/01/30 39.10 39.82 38.92 39.16 800575 33887368.00
2023/01/31 38.87 39.20 38.45 38.65 778439 32503388.00
2023/02/01 38.69 39.07 38.35 38.75 650793 27111150.00
2023/02/02 38.88 39.10 38.50 38.64 593618 24842708.00
2023/02/03 38.55 39.00 38.01 38.68 866000 35928644.00
2023/02/06 38.59 39.19 38.59 38.86 656640 27508302.00
2023/02/07 38.84 39.05 38.30 38.82 981880 40976100.00
2023/02/08 38.88 39.11 38.33 38.36 716180 29860076.00
2023/02/09 38.30 39.55 38.20 39.40 889441 37458856.00
2023/02/10 39.25 39.55 38.40 38.86 679600 28427286.00
2023/02/13 38.90 40.08 38.73 39.45 1243680 52964596.00
2023/02/14 39.60 41.03 39.49 40.87 1762883 76654912.00
2023/02/15 41.29 41.69 40.00 40.50 1610441 70213520.00
2023/02/16 40.53 40.65 39.37 39.52 1130716 48666900.00
2023/02/17 39.52 39.70 38.23 38.33 946280 39520772.00
2023/02/20 38.31 39.49 38.15 38.73 882800 36897492.00
2023/02/21 38.74 39.50 38.56 39.30 890759 37580476.00
2023/02/22 39.05 39.83 38.96 39.78 755015 32117844.00
2023/02/23 39.86 39.97 39.15 39.49 438395 18656658.00
2023/02/24 39.28 39.79 39.25 39.65 521500 22254278.00
2023/02/27 39.53 40.65 39.41 40.27 1086609 46981020.00
2023/02/28 40.40 41.00 40.15 40.97 985700 43117512.00
2023/03/01 40.85 40.95 39.97 40.09 1344232 58298600.00
2023/03/02 39.92 40.27 39.13 39.37 1041210 44192648.00
2023/03/03 39.37 39.65 38.53 38.61 1142620 47870896.00
2023/03/06 38.52 40.88 38.43 40.51 2042145 87580800.00
2023/03/07 40.61 41.15 40.21 40.34 1249076 54452248.00
2023/03/08 40.70 41.61 40.35 40.64 1476877 64988408.00
2023/03/09 40.79 40.82 39.71 39.87 789377 34024688.00
2023/03/10 39.75 40.40 39.62 39.76 829470 35626740.00
2023/03/13 39.60 41.15 39.51 40.94 1427498 62227332.00
2023/03/14 40.75 40.94 39.65 40.26 1057675 45635704.00
2023/03/15 40.50 41.20 40.20 40.75 954435 41583540.00
2023/03/16 40.50 41.50 40.43 40.78 1005027 44094040.00
2023/03/17 40.80 41.29 39.50 39.79 2024259 87610264.00
2023/03/20 39.49 39.85 38.90 39.20 1332344 56287696.00
2023/03/21 39.00 40.21 38.88 40.00 864142 37007320.00
2023/03/22 40.09 40.63 39.52 39.68 746455 32102390.00
2023/03/23 39.68 39.97 38.82 39.18 1242586 52431944.00
2023/03/24 39.40 39.45 38.45 38.75 705060 29578574.00
2023/03/27 38.57 39.26 38.57 38.65 715846 30016724.00
2023/03/28 38.78 41.48 38.78 39.81 2672580 115558296.00
2023/03/29 39.47 40.45 39.35 40.11 1081008 46512764.00
2023/03/30 40.12 41.00 39.81 40.65 986056 42931888.00
2023/03/31 40.50 40.83 39.93 40.22 1051824 45484912.00
2023/04/03 40.53 41.05 40.00 40.55 1055978 45986848.00
2023/04/04 40.55 41.25 40.20 40.99 1409000 61700556.00
2023/04/06 40.65 41.30 40.45 41.00 894840 39338816.00
2023/04/07 40.99 42.18 40.73 42.07 1661432 74554792.00
2023/04/10 42.19 43.00 40.82 41.18 1396780 62134468.00
2023/04/11 41.07 41.47 40.75 41.01 899444 39623740.00
2023/04/12 40.83 41.19 39.40 39.72 1762576 75702168.00
2023/04/13 39.60 40.20 39.40 39.92 966117 41428268.00
2023/04/14 40.09 41.90 39.86 41.15 1607432 71090952.00
2023/04/17 41.20 42.29 40.90 41.88 1816336 81498216.00
2023/04/18 41.81 42.80 41.75 42.01 924219 41700180.00
2023/04/19 41.90 42.27 41.51 42.20 776535 34917168.00
2023/04/20 41.95 42.50 41.25 41.84 1038396 46505808.00
2023/04/21 41.99 42.83 41.16 41.30 2150638 96692560.00
2023/04/24 41.21 41.83 40.88 41.66 1258180 55923872.00
2023/04/25 41.85 42.47 40.63 42.33 1882700 84308736.00
2023/04/26 42.14 43.30 41.40 41.43 2746556 124429288.00
2023/04/27 41.69 42.13 40.38 41.90 1591338 70771104.00
2023/04/28 41.76 43.18 41.34 43.00 1844520 83791072.00
2023/05/04 43.08 43.75 41.95 42.48 1579710 72117536.00
2023/05/05 42.48 42.60 40.50 40.90 1905060 84127616.00
2023/05/08 40.90 41.86 40.73 41.32 1101706 48962996.00
2023/05/09 41.59 41.81 39.80 39.90 1700900 73973280.00
2023/05/10 39.90 40.19 38.77 39.13 1566072 66174448.00
2023/05/11 39.00 39.60 38.86 38.91 1219284 51412344.00
2023/05/12 38.91 40.00 38.91 39.53 1043100 44387420.00
2023/05/15 39.51 40.35 39.10 40.25 940308 40225956.00
2023/05/16 40.22 40.90 40.11 40.67 794079 34579760.00
2023/05/17 40.50 41.22 40.31 41.19 766711 33575944.00
2023/05/18 41.00 43.49 41.00 43.46 2422119 110680200.00
2023/05/19 42.90 43.72 42.70 43.13 1384645 64034080.00
2023/05/22 43.20 43.70 42.91 43.62 1391714 64607880.00
2023/05/23 43.75 44.09 43.19 43.40 1364413 63734668.00
2023/05/24 43.20 43.87 42.50 43.20 1004614 46394176.00
2023/05/25 43.16 44.27 42.90 44.01 1358360 63481060.00
2023/05/26 43.70 44.27 42.88 43.88 1039300 48497276.00
2023/05/29 44.00 44.77 43.79 44.17 1082720 51208388.00
2023/05/30 44.17 44.43 43.32 44.10 1044969 49105228.00
2023/05/31 44.10 44.40 43.11 43.26 845917 39250584.00
2023/06/01 43.43 43.69 42.51 42.60 1020960 46907540.00
2023/06/02 42.60 42.98 42.18 42.38 932960 42505872.00
2023/06/05 42.60 43.05 42.10 42.36 897560 40882648.00
2023/06/06 42.32 42.65 41.46 41.48 911900 41002348.00
2023/06/07 41.48 41.74 40.88 41.52 1028480 45587648.00
2023/06/08 41.47 41.60 40.60 41.04 1147700 50606328.00
2023/06/09 41.08 42.46 41.05 41.61 1059880 46731612.00
2023/06/12 41.62 41.88 41.00 41.48 866634 38086512.00
2023/06/13 41.40 42.05 41.27 41.80 557624 24660544.00
2023/06/14 41.95 42.22 41.36 41.52 727582 32138390.00
2023/06/15 41.64 42.98 41.52 42.90 1005883 45303804.00
2023/06/16 42.81 43.82 42.61 43.51 782847 35962296.00
2023/06/19 43.75 43.95 43.20 43.41 731374 33646736.00
2023/06/20 43.31 44.33 43.31 44.04 875182 40622716.00
2023/06/21 44.04 44.45 43.80 43.86 956313 44574332.00
2023/06/26 43.48 44.71 43.22 43.44 1443579 66966428.00
2023/06/27 43.10 44.35 43.10 43.96 549900 25502184.00
2023/06/28 43.70 44.53 43.46 44.28 760020 35419536.00
2023/06/29 44.28 45.10 44.00 44.36 1143600 53986548.00
2023/06/30 44.47 44.60 43.40 43.72 1356572 62763812.00
2023/07/03 43.70 44.25 42.69 42.82 1171740 53689412.00
2023/07/04 42.65 43.65 42.51 42.58 1045320 47461504.00
2023/07/05 42.55 43.13 42.25 42.81 1097280 49648516.00
2023/07/06 42.59 43.30 42.30 42.90 888780 40308312.00
2023/07/07 42.80 43.14 42.35 42.50 599492 27045326.00
2023/07/10 42.51 42.90 42.30 42.73 739880 33355106.00
2023/07/11 42.76 44.58 42.50 44.25 1127696 52171728.00
2023/07/12 44.09 44.29 43.49 43.60 786500 36399568.00
2023/07/13 43.51 43.79 42.79 42.89 1072600 48935824.00
2023/07/14 42.89 43.47 42.66 42.98 669800 30546734.00
2023/07/17 42.98 42.98 42.07 42.21 978100 43897952.00
2023/07/18 42.10 42.37 41.38 41.44 1219778 53797508.00
2023/07/19 41.35 41.75 40.98 41.26 663382 29070652.00
2023/07/20 41.26 41.73 41.11 41.21 838129 36823100.00
2023/07/21 41.21 41.90 40.92 41.71 955019 42113296.00
2023/07/24 41.65 42.10 41.22 41.91 634065 27987614.00
2023/07/25 41.99 42.48 41.64 41.66 926300 41217244.00
2023/07/26 41.73 41.73 40.26 40.73 1206703 52167132.00
2023/07/27 40.84 40.84 40.30 40.48 615163 26450182.00
2023/07/28 40.49 40.87 40.20 40.35 1041000 44678628.00
2023/07/31 40.31 40.75 39.92 40.05 885731 37924752.00
2023/08/01 40.39 40.98 40.03 40.33 1281568 54880892.00
2023/08/02 40.10 40.63 40.10 40.51 586316 25145976.00
2023/08/03 40.38 40.43 39.70 39.85 1014995 43059044.00
2023/08/04 40.09 40.59 39.86 40.48 658628 28154174.00
2023/08/07 40.30 41.38 40.21 40.66 780014 33699272.00
2023/08/08 40.71 40.98 39.98 40.30 690851 29712478.00
2023/08/09 40.15 40.29 39.80 40.02 532400 22610412.00
2023/08/10 40.04 40.58 39.86 40.44 474416 20290072.00
2023/08/11 40.35 40.48 39.25 39.44 688502 29043472.00
2023/08/14 39.44 40.00 39.09 39.94 581100 24377576.00
2023/08/15 39.74 39.97 39.15 39.65 416680 17543346.00
2023/08/16 39.38 39.89 38.90 38.97 566469 23637806.00
2023/08/17 38.97 40.18 38.60 40.03 801220 33601404.00
2023/08/18 40.03 40.18 39.36 39.41 396037 16732356.00
2023/08/21 39.49 39.54 38.60 38.65 652580 27101336.00
2023/08/22 38.83 38.93 37.65 38.10 996980 40505288.00
2023/08/23 38.26 38.44 37.71 37.85 554000 22448538.00
2023/08/24 37.85 38.38 37.50 37.87 625580 25283072.00
2023/08/25 37.73 38.12 37.50 37.60 481800 19385232.00
2023/08/28 39.01 39.43 36.47 36.47 1600988 64084988.00
2023/08/29 36.38 38.88 36.20 38.60 1138435 46049248.00
2023/08/30 37.74 38.38 34.91 36.01 5810953 224387088.00
2023/08/31 35.88 36.47 35.83 36.12 1981760 76564160.00
2023/09/01 36.10 37.20 36.03 36.85 1245300 49058164.00
2023/09/04 36.77 37.24 36.27 36.46 1361284 53175040.00
2023/09/05 36.40 36.70 36.02 36.63 732924 28487294.00
2023/09/06 36.59 37.65 36.44 37.50 1402730 55848580.00
2023/09/07 37.30 37.50 36.75 36.91 1172896 46335944.00
2023/09/08 36.62 37.03 36.32 36.35 883289 34583692.00
2023/09/11 36.10 37.50 36.04 37.31 1171172 46378444.00
2023/09/12 37.31 37.50 36.62 36.76 597700 23570150.00
2023/09/13 36.54 36.86 35.95 36.18 669393 25936896.00
2023/09/14 36.00 36.28 35.76 35.87 652100 25069108.00
2023/09/15 36.00 36.00 35.00 35.10 1402720 53087268.00
2023/09/18 35.11 36.75 34.90 36.75 1480668 57057844.00
2023/09/19 36.46 36.91 35.63 36.56 1000900 38876576.00
2023/09/20 36.54 37.44 36.35 37.16 1037760 40946072.00
2023/09/21 37.16 37.16 36.46 36.57 528998 20745994.00
2023/09/22 36.57 37.06 36.23 36.90 566344 22195556.00
2023/09/25 36.90 37.50 36.69 37.13 795888 31553782.00
2023/09/26 37.24 37.77 36.83 37.64 858020 34327604.00
2023/09/27 37.60 38.64 37.21 38.40 1037025 42227520.00
2023/09/28 38.28 38.85 38.00 38.77 864237 35501696.00
2023/10/09 38.77 38.98 38.00 38.42 1013865 41507600.00
2023/10/10 38.50 39.09 38.00 38.85 1126200 46359104.00
2023/10/11 38.85 38.91 38.00 38.03 580502 23734014.00
2023/10/12 38.18 38.27 36.92 37.17 1143302 45612032.00
2023/10/13 37.00 37.65 36.61 37.47 732862 29101886.00
2023/10/16 37.61 37.61 36.52 37.33 492400 19472160.00
2023/10/17 37.32 37.74 37.03 37.61 585520 23414848.00
2023/10/18 37.38 37.38 36.53 36.67 482605 19018090.00
2023/10/19 36.67 36.71 36.10 36.12 557274 21647648.00
2023/10/20 36.49 36.90 35.60 35.84 442600 16845622.00
2023/10/23 35.83 35.97 34.78 34.80 664700 24722864.00
2023/10/24 34.93 35.25 34.52 34.83 886235 32619420.00
2023/10/25 35.32 35.49 35.03 35.05 434960 16197262.00
2023/10/26 34.99 35.68 34.51 35.51 786094 29302680.00
2023/10/27 35.01 36.83 34.50 36.61 1295620 48714436.00
2023/10/30 36.39 36.80 35.85 36.46 747020 28633298.00
2023/10/31 36.39 36.87 35.92 36.80 617096 23712198.00
2023/11/01 36.79 38.15 36.23 37.84 1728940 68030040.00
2023/11/02 37.85 37.85 36.95 37.09 893748 35062564.00
2023/11/03 37.09 37.84 37.08 37.20 855039 33725132.00
2023/11/06 37.31 37.48 36.65 37.33 887300 34690500.00
2023/11/07 37.11 37.45 36.36 36.62 855100 33056340.00
2023/11/08 36.72 36.95 36.01 36.25 1207800 46415712.00
2023/11/09 35.99 36.25 35.41 36.00 1495120 56524908.00
2023/11/10 36.01 36.09 35.45 35.66 543000 20458912.00
2023/11/13 35.86 35.97 35.51 35.90 674500 25442944.00
2023/11/14 35.91 36.76 35.75 36.52 886753 33904800.00
2023/11/15 36.69 37.18 36.33 37.06 747751 28967546.00
2023/11/16 36.88 37.10 36.07 36.20 536922 20692736.00
2023/11/17 36.40 36.89 35.95 36.81 872100 33540858.00
2023/11/20 36.80 37.30 36.59 37.30 1094100 42696876.00
2023/11/21 37.30 37.35 36.40 36.52 892981 34652732.00
2023/11/22 36.30 36.74 35.60 35.62 1053600 40140564.00
2023/11/23 35.62 36.73 35.48 36.66 689793 26388202.00
2023/11/24 36.66 36.76 35.66 36.01 715770 27208802.00
2023/11/27 35.98 36.15 35.48 36.12 764437 28921642.00
2023/11/28 35.94 36.68 35.74 36.50 638300 24470140.00
2023/11/29 36.59 36.80 36.05 36.22 840572 32236400.00
2023/11/30 36.34 36.35 35.54 35.94 610372 23099832.00
2023/12/01 35.80 35.81 34.83 35.09 1298680 48246692.00
2023/12/04 35.09 35.22 34.60 34.99 697669 25745212.00
2023/12/05 34.90 35.30 34.82 34.89 801800 29714786.00
2023/12/06 34.80 35.19 34.61 34.90 598300 22139634.00
2023/12/07 34.80 34.81 33.90 34.32 974300 35376516.00
2023/12/08 34.35 34.58 33.81 33.81 741010 26731388.00
2023/12/11 33.75 35.50 33.35 35.35 1082929 39754824.00
2023/12/12 35.47 35.47 34.76 34.94 464000 17125494.00
2023/12/13 34.94 35.88 34.56 35.51 1047919 39323184.00
2023/12/14 35.78 35.85 35.05 35.06 492859 18441216.00
2023/12/15 35.00 35.34 34.31 34.45 532114 19546682.00
2023/12/18 34.51 34.55 34.00 34.10 365300 13227241.00
2023/12/19 33.93 35.29 33.93 35.09 731580 26964196.00
2023/12/20 35.20 35.29 34.60 34.60 369300 13643609.00
2023/12/21 34.50 35.10 34.03 34.87 573083 20926396.00
2023/12/22 34.93 35.20 34.50 34.86 519300 19134004.00
2023/12/25 34.70 35.17 34.27 35.00 688400 25377488.00
2023/12/26 35.19 35.19 34.40 34.56 348700 12753160.00
2023/12/27 34.60 34.89 34.27 34.72 373700 13658872.00
2023/12/28 35.00 35.98 34.54 35.85 1025880 38525568.00
2023/12/29 35.81 36.11 35.62 35.80 571600 21670536.00
2024/01/02 35.89 36.25 35.70 35.87 700980 26641830.00
2024/01/03 35.86 36.38 35.40 36.01 796900 30122886.00
2024/01/04 35.86 36.20 35.43 35.74 530324 20056364.00
2024/01/05 35.54 35.98 35.20 35.39 513149 19277282.00
2024/01/08 35.21 35.54 34.51 34.83 631247 23296332.00
2024/01/09 34.70 35.29 34.59 34.75 463360 17132538.00
2024/01/10 34.79 35.53 34.58 34.91 550400 20421184.00
2024/01/11 35.06 36.23 34.76 35.56 837864 31593198.00
2024/01/12 35.67 36.17 34.81 34.86 1005980 37601564.00
2024/01/15 34.80 35.00 34.36 34.42 776980 28422654.00
2024/01/16 34.44 34.53 33.83 34.20 860700 31125734.00
2024/01/17 34.30 34.30 33.43 33.43 626918 22403222.00
2024/01/18 33.21 33.83 32.01 32.88 961710 33255438.00
2024/01/19 32.88 32.97 32.40 32.68 398900 13851715.00
2024/01/22 32.68 32.68 30.78 31.75 848498 28627638.00
2024/01/23 31.31 31.94 30.80 31.80 643700 21475372.00
2024/01/24 31.95 32.24 30.88 32.24 474700 15991434.00
2024/01/25 32.09 33.08 31.86 32.99 499800 17313134.00
2024/01/26 32.90 33.01 32.08 32.10 646981 22229624.00
2024/01/29 32.39 32.44 31.42 31.54 617981 20900774.00
2024/01/30 31.70 31.72 30.81 30.85 385170 12810262.00
2024/01/31 30.51 30.94 29.50 29.69 637280 20482220.00
2024/02/01 29.48 30.32 28.67 28.98 1091900 34067908.00
2024/02/02 29.00 29.28 27.03 28.13 1176159 35393080.00
2024/02/05 27.48 30.97 27.13 28.40 1579187 47834080.00
2024/02/06 28.06 31.45 28.06 30.96 3166719 102951512.00
2024/02/07 30.52 32.33 30.52 32.04 2146439 72081496.00
2024/02/08 31.47 33.66 31.47 32.43 2453776 85863808.00
2024/02/19 32.60 32.81 30.66 31.33 2080387 69268184.00
2024/02/20 31.00 31.27 30.47 30.89 878100 28740372.00
2024/02/21 30.73 31.96 30.38 31.00 1055100 35201776.00
2024/02/22 30.83 31.27 30.56 30.99 740300 24352652.00
2024/02/23 31.03 31.27 30.15 31.03 1223070 39898548.00
2024/02/26 31.05 31.99 30.80 31.55 2050980 68539424.00
2024/02/27 31.01 31.70 30.61 31.58 1736300 57410096.00
2024/02/28 31.58 31.86 30.05 30.05 2260300 74703160.00
2024/02/29 29.97 31.30 29.80 31.29 1511270 49466204.00
2024/03/01 31.21 31.60 31.01 31.47 1134517 37915452.00
2024/03/04 31.46 31.98 30.83 31.32 1520585 50668212.00
2024/03/05 31.20 31.20 30.49 30.77 1343600 44047128.00
2024/03/06 30.66 31.53 30.41 31.08 1426285 47123436.00
2024/03/07 31.18 32.35 31.18 31.41 1697500 57425904.00
2024/03/08 31.33 31.99 31.25 31.91 1072721 36168716.00
2024/03/11 31.91 32.26 31.45 32.26 1492869 50538196.00
2024/03/12 32.26 32.55 32.01 32.40 1266650 43407464.00
2024/03/13 32.80 33.05 32.22 32.86 1033841 35902416.00
2024/03/14 32.86 33.47 32.47 33.01 1649300 57537740.00
2024/03/15 33.04 33.17 32.15 32.50 1411100 48688040.00
2024/03/18 32.88 33.45 32.35 33.45 1373799 48026072.00
2024/03/19 33.32 33.47 32.65 32.74 973121 33989176.00
2024/03/20 32.67 33.04 32.50 32.78 1083040 37665584.00
2024/03/21 32.89 32.99 32.13 32.37 1203616 41425668.00
2024/03/22 32.39 32.70 31.33 31.44 1137768 38406072.00
2024/03/25 31.56 31.69 30.70 30.76 952800 31709790.00
2024/03/26 30.71 31.10 30.64 30.85 861360 28315668.00
2024/03/27 30.97 30.97 30.19 30.19 744500 24312148.00
2024/03/28 30.21 31.04 30.05 30.60 841280 27428310.00
2024/03/29 30.63 30.95 30.00 30.83 1028174 33265000.00
2024/04/01 31.10 31.64 30.90 31.49 1020000 34012912.00
2024/04/02 31.59 31.59 30.90 31.16 733218 24291882.00
2024/04/03 31.33 31.53 30.80 30.91 794175 26300494.00
2024/04/08 30.90 30.90 29.21 29.32 1860645 59280612.00
2024/04/09 29.33 29.70 29.11 29.70 1108758 34840340.00
2024/04/10 29.62 29.67 28.43 28.54 1532482 47307704.00
2024/04/11 28.72 29.50 28.34 29.10 1427440 44452432.00
2024/04/12 29.09 29.55 28.85 28.97 1064610 33203246.00
2024/04/15 28.77 29.82 28.48 29.34 1646590 51515064.00
2024/04/16 29.20 29.29 28.10 28.22 1431895 43748016.00
2024/04/17 28.60 29.49 28.54 29.48 1145302 35618708.00
2024/04/18 29.41 30.00 28.93 29.61 1691902 53564520.00
2024/04/19 29.44 30.10 29.44 29.80 939193 29839144.00
2024/04/22 29.71 30.93 29.66 30.59 2427957 78985992.00
2024/04/23 30.58 30.70 29.01 29.34 2461754 77467880.00
2024/04/24 29.34 29.69 28.82 29.62 1189473 37168452.00
2024/04/25 30.38 32.10 30.32 31.92 3426504 114052920.00
2024/04/26 31.85 32.80 31.43 32.60 2643433 90405064.00
2024/04/29 32.60 33.55 32.10 33.27 2463156 86004544.00
2024/04/30 33.01 33.70 33.00 33.32 1536275 54383572.00
2024/05/06 33.76 33.94 33.22 33.36 1512496 53802412.00
2024/05/07 33.31 33.90 33.02 33.41 1083080 38372472.00
2024/05/08 33.68 33.68 32.69 32.71 1118754 39263052.00
2024/05/09 32.65 34.37 32.65 33.79 2690787 96362728.00
2024/05/10 33.70 33.96 33.00 33.47 1991400 70591680.00
2024/05/13 33.36 34.75 32.90 34.55 2403377 86928432.00
2024/05/14 34.40 35.36 33.92 35.08 2748050 101053704.00
2024/05/15 34.87 36.05 34.63 34.70 1937016 72592224.00
2024/05/16 34.87 35.07 34.06 34.46 1819190 66451652.00
2024/05/17 34.66 34.70 33.90 34.40 1375231 49721376.00
2024/05/20 34.43 34.90 34.20 34.38 1784300 65017128.00
2024/05/21 34.19 34.41 33.93 34.14 1157708 41828360.00
2024/05/22 33.90 34.55 33.68 33.92 1528602 55088732.00
2024/05/23 33.92 34.10 33.38 33.55 1164880 41541920.00
2024/05/24 33.75 34.16 33.39 33.73 1229200 43993712.00
2024/05/27 33.75 34.36 33.54 34.24 1403900 50552312.00
2024/05/28 34.17 34.50 33.78 33.86 1357318 48962820.00
2024/05/29 33.70 34.43 33.30 33.50 1564587 56025148.00
2024/05/30 33.75 34.14 33.24 33.75 1517855 54207264.00
2024/05/31 33.88 34.69 33.87 34.50 1407167 51175028.00
2024/06/03 34.50 35.35 34.26 34.66 1920187 70682600.00
2024/06/04 34.66 34.98 34.20 34.88 924000 33813356.00
2024/06/05 34.70 35.06 34.42 34.43 729106 26785832.00
2024/06/06 34.43 34.81 33.76 33.98 959640 34639560.00
2024/06/07 34.16 34.20 33.51 33.90 673882 24153610.00
2024/06/11 33.60 34.14 33.28 34.11 984900 35097080.00
2024/06/12 33.98 34.10 33.61 33.69 559400 20026804.00
2024/06/13 33.69 34.20 33.41 34.00 927600 33272150.00
2024/06/14 33.75 34.14 33.65 33.99 743675 26661146.00
2024/06/17 33.60 34.09 33.55 33.90 633948 22735444.00
2024/06/18 34.09 34.47 33.80 34.47 917092 33230178.00
2024/06/19 34.47 34.51 33.18 33.26 1089232 38712544.00
2024/06/20 32.86 33.23 32.44 32.49 727005 25259294.00
2024/06/21 32.38 32.74 32.19 32.32 764105 25898602.00
2024/06/24 32.08 32.19 31.20 31.58 1358840 45103112.00
2024/06/25 31.58 32.21 31.55 31.97 784011 26175684.00
2024/06/26 31.97 32.68 31.58 32.63 648753 21851950.00
2024/06/27 32.58 32.70 31.58 31.72 925841 30891620.00
2024/06/28 31.73 32.64 31.41 32.31 985775 33253434.00
2024/07/01 32.24 32.48 31.22 31.81 1172417 38824340.00
2024/07/02 31.60 32.05 31.60 31.83 863100 28762992.00
2024/07/03 31.77 32.07 31.50 31.68 513427 17081412.00
2024/07/04 31.53 31.96 31.04 31.13 725995 23855162.00
2024/07/05 30.90 31.44 30.40 31.29 934537 30205444.00
2024/07/08 31.23 31.42 30.75 31.09 667432 21720266.00
2024/07/09 31.08 31.60 30.47 31.36 810643 26399828.00
2024/07/10 31.20 31.91 31.10 31.50 653612 21659048.00
2024/07/11 31.80 32.25 31.31 31.69 765930 25400710.00
2024/07/12 31.69 31.79 31.36 31.49 372500 12295993.00
2024/07/15 31.20 31.62 31.10 31.43 486945 16001112.00
2024/07/16 31.20 31.26 30.39 30.48 1020608 32788536.00
2024/07/17 30.48 30.79 29.90 30.18 1063987 33698216.00
2024/07/18 30.19 30.70 29.90 30.52 777243 24726034.00
2024/07/19 30.31 30.64 30.00 30.10 849800 26972706.00
2024/07/22 30.05 30.25 29.82 30.01 557860 17585498.00
2024/07/23 30.30 30.30 28.70 28.71 971763 29899624.00
2024/07/24 28.76 28.96 28.20 28.33 1035769 31111536.00
2024/07/25 28.30 28.98 28.01 28.79 1288529 38863992.00
2024/07/26 28.71 30.16 28.45 29.95 1982535 61439388.00
2024/07/29 29.95 29.95 29.03 29.05 937660 28885766.00
2024/07/30 29.09 29.38 28.50 29.23 750989 22900792.00
2024/07/31 29.08 30.36 28.93 30.26 1199545 37727352.00
2024/08/01 30.31 30.48 29.52 29.56 1233139 38768284.00
2024/08/02 29.48 29.75 29.00 29.15 852705 26318632.00
2024/08/05 29.00 29.57 28.70 28.75 1334415 40812960.00
2024/08/06 28.99 29.37 28.65 29.03 655145 19998918.00
2024/08/07 28.83 28.98 28.38 28.66 1196093 36082296.00
2024/08/08 28.62 29.08 28.30 29.02 787616 23795994.00
2024/08/09 29.17 29.40 28.59 28.61 536978 16321126.00
2024/08/12 28.69 28.98 28.48 28.82 335865 10152357.00
2024/08/13 29.30 29.35 28.71 29.35 778224 23769144.00
2024/08/14 29.40 29.40 28.74 28.84 660840 20093924.00
2024/08/15 28.84 29.32 28.53 28.83 898363 27368364.00
2024/08/16 28.99 29.03 28.20 28.20 792345 23740218.00
2024/08/19 28.20 28.58 28.09 28.22 470190 14026023.00
2024/08/20 28.55 28.98 27.73 27.90 1095199 32555246.00
2024/08/21 27.70 28.05 27.21 27.53 1145749 33225044.00
2024/08/22 27.50 27.75 27.21 27.31 627121 18115690.00
2024/08/23 27.32 27.70 27.20 27.50 471224 13610516.00
2024/08/26 27.50 27.85 27.27 27.74 487852 14205827.00
2024/08/27 27.74 27.87 27.51 27.75 417820 12196025.00
2024/08/28 27.80 28.42 27.74 28.33 623739 18506718.00
2024/08/29 28.16 29.27 28.16 29.10 885927 26957536.00
2024/08/30 29.89 30.58 29.06 30.14 2097309 66243100.00
2024/09/02 30.00 30.38 29.07 29.12 1269502 39401832.00
2024/09/03 29.42 30.57 28.91 30.37 1551682 49005868.00
2024/09/04 30.13 30.80 29.91 30.37 845238 27022060.00
2024/09/05 30.49 31.17 30.20 30.78 850062 27442840.00
2024/09/06 30.78 30.99 30.30 30.36 576179 18431130.00
2024/09/09 30.30 30.77 29.95 30.18 812856 25859180.00
2024/09/10 30.27 30.38 29.52 30.22 836242 26329280.00
2024/09/11 30.19 30.76 29.96 30.66 1023876 32694616.00
2024/09/12 30.63 30.83 30.31 30.46 648410 20792068.00
2024/09/13 30.30 30.75 30.07 30.15 477442 15218214.00
2024/09/18 29.92 30.27 29.75 29.97 629602 19808536.00
2024/09/19 30.02 30.94 29.92 30.47 901700 28799260.00
2024/09/20 30.47 30.47 29.42 29.70 1008453 31514704.00
2024/09/23 29.65 29.94 29.04 29.25 957662 29483908.00
2024/09/24 29.34 30.55 29.12 30.48 1444502 45438076.00
2024/09/25 30.80 31.29 29.90 29.93 1827087 58701092.00
2024/09/26 29.89 31.47 29.89 31.38 2830230 91062224.00
2024/09/27 31.54 32.94 31.41 32.57 2848463 95975608.00
2024/09/30 33.60 37.16 33.11 36.60 6893085 251283440.00
2024/10/08 42.65 43.30 36.17 39.43 10904638 442454656.00
2024/10/09 37.45 37.46 34.00 34.01 7932530 295134080.00
2024/10/10 34.68 35.80 34.30 34.64 5032825 183955888.00
2024/10/11 34.47 34.63 32.95 33.30 3297465 115710720.00
2024/10/14 33.43 34.78 32.84 34.60 3389700 119608944.00
2024/10/15 34.30 34.60 33.30 33.37 2815200 99703048.00
2024/10/16 33.19 35.78 33.00 35.77 6176651 224249168.00
2024/10/17 35.75 35.89 34.00 34.67 6182566 224320256.00
2024/10/18 34.35 36.39 33.70 35.18 6250452 223272624.00
2024/10/21 34.98 36.00 34.53 35.14 5338800 193330496.00
2024/10/22 35.15 36.55 34.65 36.35 5223866 191427552.00
2024/10/23 35.92 36.20 35.47 35.78 4159724 153031808.00
2024/10/24 35.50 35.95 34.98 35.11 2491757 90441088.00
2024/10/25 35.02 35.78 34.98 35.50 2476279 89971736.00
2024/10/28 35.50 35.58 35.00 35.50 2574486 93458528.00
2024/10/29 36.02 36.85 35.20 35.32 3622704 133430584.00
2024/10/30 35.02 35.37 34.50 34.76 2948029 105916496.00
2024/10/31 34.80 35.43 34.38 35.29 2507121 90199616.00
2024/11/01 35.00 35.80 34.51 34.60 2997378 108507752.00
2024/11/04 34.50 35.49 34.33 35.38 2136441 77212144.00
2024/11/05 35.30 36.56 35.12 36.34 3595093 133224704.00
2024/11/06 36.41 36.80 35.75 36.14 3250452 121009640.00
2024/11/07 35.88 36.71 35.68 36.68 3234058 120757952.00
2024/11/08 37.00 37.85 36.86 36.97 3951073 151033504.00
2024/11/11 36.99 37.33 36.63 37.32 2847187 108402216.00
2024/11/12 37.32 37.60 36.28 36.62 2730571 103639376.00
2024/11/13 36.44 36.78 35.93 36.71 1698877 63545696.00
2024/11/14 36.90 37.10 35.75 35.85 1808168 67402144.00
2024/11/15 35.85 36.29 35.15 35.29 1657498 61024220.00
2024/11/18 35.30 35.69 34.50 34.80 2207855 79749632.00
2024/11/19 35.00 35.87 34.80 35.85 2157273 78269112.00
2024/11/20 35.73 35.94 35.37 35.69 2007906 73544664.00
2024/11/21 35.63 35.86 35.23 35.46 2101723 76764888.00
2024/11/22 35.43 35.77 33.60 33.65 2775847 98500712.00
2024/11/25 33.80 34.39 33.50 34.27 2304309 80738064.00
2024/11/26 34.20 34.36 33.73 33.92 1432520 50222956.00
2024/11/27 33.92 34.69 33.23 34.63 2289047 79843608.00
2024/11/28 34.63 34.67 33.85 33.95 2245083 79028648.00
2024/11/29 33.92 35.02 33.87 34.70 2261623 80490712.00
2024/12/02 34.86 35.19 34.42 35.02 2532425 90799176.00
2024/12/03 35.17 35.20 34.66 35.04 1693161 60904532.00
2024/12/04 35.08 35.34 34.45 34.69 1806226 64765372.00
2024/12/05 34.62 37.40 34.54 37.15 7823727 292860672.00
2024/12/06 36.87 36.87 35.50 36.40 6032854 224430720.00
2024/12/09 36.24 36.73 35.81 35.98 3135045 116675232.00
2024/12/10 36.63 38.80 36.48 37.00 8071797 311562912.00
2024/12/11 36.50 37.02 36.07 36.67 4306380 161421760.00
2024/12/12 36.98 36.99 36.24 36.68 3033554 114316968.00
2024/12/13 36.50 36.69 35.60 35.71 3232340 119579168.00
2024/12/16 35.54 37.10 35.44 36.01 3515049 130614736.00
2024/12/17 36.04 37.08 35.85 36.43 4270000 160177136.00
2024/12/18 36.23 36.79 35.90 36.65 3322000 124236688.00
2024/12/19 36.15 44.18 35.77 39.08 15978101 639708544.00
2024/12/20 38.00 39.71 37.55 38.88 12843080 507425376.00
2024/12/23 38.60 39.02 36.66 37.00 8008967 308947936.00
2024/12/24 37.05 39.94 37.05 39.88 11275919 448168160.00
2024/12/25 39.46 42.52 38.86 39.66 11583479 478538624.00
2024/12/26 39.50 41.11 39.25 39.90 9881372 406611232.00
2024/12/27 40.00 41.30 39.53 40.80 9264825 384666112.00
2024/12/30 40.58 40.58 38.20 38.40 8389007 335800416.00
2024/12/31 38.46 38.60 36.66 36.70 6175038 236763792.00
2025/01/02 36.58 37.28 35.63 36.03 4964548 185878368.00
2025/01/03 36.14 36.39 34.37 34.39 5261940 190005200.00
2025/01/06 34.39 34.98 33.98 34.40 3226600 114132672.00
2025/01/07 34.38 35.27 34.20 35.19 3410539 122375064.00
2025/01/08 34.98 35.10 33.51 34.68 4398440 155445584.00
2025/01/09 34.48 34.92 34.13 34.23 2632313 93365376.00
2025/01/10 34.20 34.74 33.50 33.60 2733840 96189128.00
2025/01/13 33.27 33.90 33.00 33.60 2154540 74447088.00
2025/01/14 33.80 35.00 33.45 34.86 3452412 122423952.00
2025/01/15 34.78 34.95 34.29 34.46 2714500 96554768.00
2025/01/16 34.61 35.25 34.13 34.36 2334388 83206480.00
2025/01/17 34.16 34.71 33.86 34.57 2645900 93610936.00
2025/01/20 34.80 35.30 34.50 34.56 2259624 80973952.00
2025/01/21 34.90 36.69 34.21 35.99 5426300 197891328.00
2025/01/22 35.31 36.13 35.26 35.50 3026024 110744632.00
2025/01/23 35.88 36.20 35.42 35.48 3034685 111785488.00
2025/01/24 35.40 36.11 35.34 36.05 2492900 91783720.00
2025/01/27 36.10 36.21 35.26 35.26 2138608 78453616.00
2025/02/05 35.56 35.60 34.39 34.82 3212328 115178312.00
2025/02/06 34.66 35.47 34.60 35.37 2710674 97995544.00
2025/02/07 35.36 35.82 34.90 35.37 4156394 151459200.00
2025/02/10 35.36 35.51 34.55 34.83 4245419 152043872.00
2025/02/11 34.77 34.88 34.17 34.26 3288631 116115040.00
2025/02/12 34.23 34.45 33.97 34.40 2576300 90731392.00
2025/02/13 34.36 34.46 33.81 33.84 3029480 106147832.00
2025/02/14 33.77 34.39 33.75 34.12 2283119 80205368.00
2025/02/17 34.20 34.37 33.77 34.03 3377423 118339152.00
2025/02/18 33.91 34.43 33.56 33.72 3335343 116869688.00
2025/02/19 33.60 34.86 33.57 34.56 4694623 165521280.00
2025/02/20 34.50 35.10 34.25 34.96 4078118 145979008.00
2025/02/21 35.10 35.47 34.76 35.23 4375520 158483168.00
2025/02/24 35.05 35.18 34.56 34.84 3217625 115392208.00
2025/02/25 34.55 34.75 34.18 34.38 3224467 114358304.00
2025/02/26 34.61 36.25 34.50 35.65 6954078 254749200.00
2025/02/27 36.19 36.35 35.33 36.03 4918821 181403968.00
2025/02/28 35.81 36.12 34.72 34.90 3865485 140242976.00
2025/03/03 34.87 35.55 34.66 34.80 3246643 117261512.00
2025/03/04 34.75 35.44 34.66 35.12 2566426 92739984.00
2025/03/05 35.01 36.16 34.82 36.05 4966106 182038736.00
2025/03/06 36.08 36.37 35.89 36.18 4902403 182173744.00
2025/03/07 36.03 36.88 35.99 36.29 4408982 164589776.00
2025/03/10 36.29 37.16 35.99 37.14 5801281 218860656.00
2025/03/11 36.65 37.08 36.45 36.78 4159580 156820400.00
2025/03/12 36.80 36.90 36.26 36.32 3623872 135716688.00
2025/03/13 36.22 36.56 35.54 35.94 3621518 133975152.00
2025/03/14 36.17 36.43 35.70 36.39 3085879 114894008.00
2025/03/17 36.59 38.06 36.30 37.47 6715304 257501536.00
2025/03/18 37.41 37.41 36.86 37.22 3359847 128143392.00
2025/03/19 37.18 38.43 36.90 37.65 4871887 188188032.00
2025/03/20 37.58 39.20 37.32 38.40 7381775 289430400.00
2025/03/21 38.00 40.10 37.99 38.75 11511221 460583936.00
2025/03/24 39.22 39.40 36.33 37.39 9902672 379990336.00
2025/03/25 36.90 38.35 36.70 37.25 7386283 285625184.00
2025/03/26 37.08 38.21 37.00 37.30 5200229 200394608.00
2025/03/27 37.45 37.88 36.60 37.20 5910277 226777376.00
2025/03/28 37.08 37.75 36.83 36.95 4356700 166427392.00
2025/03/31 36.58 36.99 35.83 36.11 4475200 166678736.00
2025/04/01 36.10 38.19 36.10 37.66 6751827 258449424.00
2025/04/02 37.46 37.70 36.94 37.12 3493314 133765792.00
2025/04/03 36.74 37.19 36.01 36.38 3451999 129557136.00
2025/04/07 33.66 34.87 30.51 32.03 7547788 254731616.00
2025/04/08 32.28 33.25 31.72 32.53 4771995 159636896.00
2025/04/09 32.08 33.27 30.87 32.97 4156139 139290160.00
2025/04/10 33.55 34.33 33.27 33.33 3923401 136364512.00
2025/04/11 33.15 33.99 33.15 33.68 2675600 92587664.00
2025/04/14 34.24 34.30 33.88 34.13 2169600 76068768.00
2025/04/15 34.60 35.18 34.24 34.30 3107401 110753320.00
2025/04/16 34.28 34.29 33.09 33.42 2414201 83519416.00
2025/04/17 33.20 34.25 33.16 33.71 2060560 71733744.00
2025/04/18 34.00 34.13 33.41 33.93 1539670 53680716.00
2025/04/21 33.88 34.79 33.69 34.49 1821600 64696308.00
2025/04/22 34.60 34.60 34.06 34.54 1749694 61917176.00
2025/04/23 34.54 35.36 34.47 35.09 2775160 99772176.00
2025/04/24 35.09 35.45 34.76 35.20 2135500 77124280.00
2025/04/25 35.41 35.58 34.91 34.92 1870160 67576840.00
2025/04/28 35.35 35.69 34.56 34.80 2161260 77743832.00
2025/04/29 34.45 35.16 34.40 34.73 1481360 53090984.00
2025/04/30 34.69 35.44 34.59 35.07 2080020 74642312.00
2025/05/06 35.01 36.08 35.01 35.95 3178190 116371776.00
2025/05/07 36.50 36.90 35.91 36.23 3930393 146729056.00
2025/05/08 36.17 37.45 35.85 37.29 4525984 170794704.00
2025/05/09 36.97 37.20 36.19 36.42 4142806 155928448.00
2025/05/12 36.71 37.01 36.16 36.58 3240400 121975416.00
2025/05/13 36.66 36.85 36.11 36.14 2565872 95831088.00
2025/05/14 36.11 36.29 35.83 35.99 1836348 67970320.00
2025/05/15 35.94 35.98 35.57 35.72 1350460 49636204.00
2025/05/16 35.70 36.29 35.66 35.97 1804040 66930640.00
2025/05/19 36.16 36.18 35.52 35.92 1389000 51172288.00
2025/05/20 35.92 36.16 35.71 35.85 1499611 55260892.00
2025/05/21 35.87 35.87 35.23 35.27 2068400 75431352.00
2025/05/22 35.20 35.55 34.74 34.75 1647780 59430500.00
2025/05/23 34.69 35.28 34.51 34.53 1650600 59294580.00
2025/05/26 34.54 35.14 34.53 34.82 1415700 50794388.00
2025/05/27 34.73 34.81 34.36 34.67 1115300 39669200.00
2025/05/28 34.66 35.44 34.62 35.22 2198800 79432552.00
2025/05/29 35.15 35.68 35.02 35.44 2400470 87330192.00
2025/05/30 35.12 35.20 34.67 34.85 1603400 57516680.00
2025/06/03 34.68 35.08 34.60 34.92 1410201 50663532.00
2025/06/04 35.19 35.34 34.75 35.19 1984459 71613328.00
2025/06/05 35.19 36.40 35.15 35.84 3522347 130027624.00
2025/06/06 35.82 36.12 35.57 36.08 1809386 66685120.00
2025/06/09 36.16 36.99 35.93 36.02 2578609 96576568.00
2025/06/10 36.04 36.30 35.22 35.50 1904911 69871216.00
2025/06/11 35.36 36.05 35.30 35.64 1610276 59082392.00
2025/06/12 35.65 35.76 35.36 35.60 1135400 41574280.00
2025/06/13 35.83 36.37 35.50 35.98 2426032 88228840.00
2025/06/16 35.98 36.35 35.86 36.33 1869269 68608856.00
2025/06/17 36.31 36.60 35.88 36.08 1346980 49284704.00
2025/06/18 35.86 36.27 35.75 35.78 1084800 39495248.00
2025/06/19 35.85 35.96 35.07 35.21 1753520 62939388.00
2025/06/20 35.11 35.43 34.95 34.99 964900 34383800.00
2025/06/23 34.97 35.09 34.55 34.95 1147109 40522312.00
2025/06/24 35.00 35.55 35.00 35.50 1234090 44269284.00
2025/06/25 35.47 35.93 35.47 35.89 1589680 57589772.00
2025/06/26 35.98 36.18 35.70 35.78 1529100 55735128.00
2025/06/27 35.71 36.07 35.70 35.71 1179606 42918488.00
2025/06/30 35.93 36.67 35.88 36.27 2364700 86699000.00
2025/07/01 36.40 36.41 35.90 36.14 1517630 55568500.00
2025/07/02 36.61 37.17 36.04 36.23 3695900 137286656.00
2025/07/03 36.14 36.70 36.07 36.28 2034700 75019264.00
2025/07/04 36.20 36.45 35.91 36.13 1449200 53124352.00
2025/07/07 36.12 36.18 35.80 36.04 1207600 44053836.00
2025/07/08 36.08 36.56 35.99 36.38 1561855 57495256.00
2025/07/09 36.38 36.64 35.95 36.14 1476400 54313992.00
2025/07/10 36.18 36.47 35.96 36.32 1828400 67179760.00
2025/07/11 36.33 36.53 36.08 36.39 2065675 76102112.00
2025/07/14 36.46 37.20 36.46 36.73 2717400 101451968.00
2025/07/15 36.60 36.97 36.22 36.83 2268780 84208344.00
2025/07/16 36.83 37.12 36.64 37.04 2608640 97583056.00
2025/07/17 37.07 37.13 36.79 36.97 1913600 71644712.00
2025/07/18 37.00 37.08 36.66 36.97 1973200 73613848.00
2025/07/21 37.38 39.20 37.38 38.86 8510207 330033280.00
2025/07/22 40.80 41.80 39.71 40.25 19311468 794185856.00
2025/07/23 41.10 41.42 38.08 38.11 14211272 562185344.00
2025/07/24 38.50 38.79 37.73 37.89 8378591 322478368.00
2025/07/25 37.88 38.19 37.32 37.56 6366026 242668592.00
2025/07/28 37.30 37.60 37.10 37.50 4698804 178041008.00
2025/07/29 37.48 37.69 37.20 37.68 3829955 145245776.00
2025/07/30 37.60 38.16 37.22 37.51 4718000 179939936.00
2025/07/31 37.26 37.47 36.71 36.75 4275100 160449184.00
2025/08/01 36.75 37.16 36.64 37.07 2345900 87811760.00
2025/08/04 36.90 37.62 36.82 37.44 2490046 94306464.00
2025/08/05 37.42 37.69 37.34 37.60 2566381 97564312.00
2025/08/06 37.60 38.23 37.50 38.06 4122900 158771968.00
2025/08/07 38.03 38.17 37.80 37.92 3202120 123255560.00
2025/08/08 37.92 38.68 37.85 38.38 3958560 153677024.00
2025/08/11 38.51 38.62 38.10 38.38 3596270 139795152.00
2025/08/12 38.64 38.64 37.89 38.04 3915680 151268240.00
2025/08/13 38.04 38.37 37.86 38.12 2822948 108997520.00
2025/08/14 38.18 38.34 37.37 37.55 3464678 132459264.00
2025/08/15 37.38 37.97 37.38 37.96 2570360 98449224.00
2025/08/18 38.18 38.37 37.82 38.28 4864140 187756096.00
2025/08/19 38.32 38.46 37.85 38.07 2973521 114846264.00
2025/08/20 38.00 38.53 37.75 38.52 3355392 130104200.00
2025/08/21 38.58 39.37 38.45 38.90 5736226 226355376.00
2025/08/22 38.77 38.91 38.46 38.89 4305360 168590544.00
2025/08/25 38.80 39.39 38.54 39.10 4926700 194438384.00
2025/08/26 39.13 39.13 38.70 38.87 3254800 128307776.00
2025/08/27 38.80 39.09 38.21 38.25 4168594 163507360.00
2025/08/28 38.18 38.65 37.47 38.62 3865474 149498192.00
2025/08/29 38.85 38.98 38.22 38.40 3922945 153122304.00
2025/09/01 38.30 39.08 38.30 38.76 4540899 177882864.00
2025/09/02 38.80 39.52 38.16 39.01 6528972 256855056.00
2025/09/03 39.13 39.14 37.83 37.88 3995580 155413440.00
2025/09/04 37.99 38.41 37.15 37.64 3756120 144011280.00
2025/09/05 37.80 38.45 37.62 38.36 3226700 124811592.00
2025/09/08 38.40 38.69 38.34 38.65 3179600 124151200.00
2025/09/09 38.59 38.64 37.91 38.26 2490100 96554448.00
2025/09/10 38.20 38.32 37.50 37.52 3051500 116718832.00
2025/09/11 37.52 38.35 37.31 38.35 3111538 119537384.00
2025/09/12 38.43 38.57 38.12 38.17 2805260 108821568.00
2025/09/15 38.12 38.27 37.65 37.69 2304125 88457912.00
2025/09/16 37.79 38.15 37.38 37.92 2829860 108196344.00
2025/09/17 37.88 38.77 37.76 38.07 4885960 189227504.00
2025/09/18 38.06 38.87 37.31 37.60 8021800 311188544.00
2025/09/19 37.50 37.78 36.83 36.94 5105376 192170352.00
2025/09/22 36.94 37.12 36.32 36.46 3863100 143126272.00
2025/09/23 36.46 36.55 35.38 36.23 4220855 153344400.00
2025/09/24 36.20 36.60 35.85 36.57 2576267 95041072.00
2025/09/25 36.56 36.76 36.08 36.14 3078155 113571232.00
2025/09/26 36.01 36.27 35.56 35.58 3871719 140580944.00
2025/09/29 35.62 35.79 35.18 35.49 3085368 110986296.00
2025/09/30 35.38 36.10 35.36 35.86 3641200 131822584.00
2025/10/09 36.00 36.85 35.86 36.46 4912817 181408752.00
2025/10/10 36.49 37.48 36.38 37.08 5365665 201847008.00
2025/10/13 36.26 36.63 35.96 36.51 4462095 164474064.00
2025/10/14 36.49 36.78 36.06 36.20 3043560 112309592.00
2025/10/15 36.30 36.69 36.15 36.67 2460000 90992112.00
2025/10/16 36.87 36.95 36.36 36.38 2472600 91707440.00
2025/10/17 36.38 36.41 35.32 35.45 3088300 111944120.00
2025/10/20 35.72 35.86 35.28 35.57 1907380 67722128.00
2025/10/21 35.72 36.04 35.55 35.94 1591280 57146288.00
2025/10/22 36.01 36.57 35.80 36.28 2211900 80255480.00
2025/10/23 36.26 36.27 35.71 36.17 1571500 56462412.00
2025/10/24 36.23 36.40 36.01 36.38 2188846 79304144.00
2025/10/27 36.50 36.71 36.21 36.70 2807546 102680648.00
2025/10/28 36.78 36.90 36.40 36.54 2221599 81324080.00
2025/10/29 36.41 36.84 36.22 36.84 2029839 74245960.00
2025/10/30 35.60 35.96 34.70 34.72 8744680 307810784.00
2025/10/31 34.73 35.08 34.64 34.80 2959959 103218960.00
2025/11/03 35.47 35.88 35.03 35.54 3734395 132535744.00
2025/11/04 35.38 36.09 35.08 35.36 3527255 125232904.00
2025/11/05 36.78 38.59 36.78 37.63 14927415 563099392.00
2025/11/06 37.02 37.74 36.65 37.25 9226043 343855200.00
2025/11/07 37.11 38.39 36.86 37.21 7769500 292002208.00
2025/11/10 37.37 37.98 37.21 37.42 5928291 222071536.00
2025/11/11 37.43 38.68 37.28 38.15 7535540 285593184.00
2025/11/12 37.71 37.85 36.84 37.06 5244900 194905296.00
2025/11/13 37.15 37.34 36.80 37.28 3398660 126282464.00
2025/11/14 37.01 37.37 36.71 36.84 3128692 116118040.00
2025/11/17 36.91 37.09 36.20 36.30 3334500 121450040.00
2025/11/18 36.20 36.25 35.78 35.95 2725700 97930304.00
2025/11/19 35.95 36.05 35.50 35.66 2118400 75602920.00
2025/11/20 35.70 35.86 35.27 35.49 2567800 91219512.00
2025/11/21 35.40 35.49 34.44 34.58 3494080 121717128.00
2025/11/24 34.62 35.35 34.58 35.15 2381885 83414144.00
2025/11/25 35.14 35.62 35.05 35.23 2489700 87983936.00
2025/11/26 35.16 35.35 34.90 34.99 1697800 59702240.00
2025/11/27 35.00 35.37 34.86 35.07 1380800 48610344.00
2025/11/28 35.20 35.35 34.93 35.34 1187660 41777888.00
2025/12/01 35.41 35.68 35.33 35.50 1524880 54172032.00
2025/12/02 35.53 35.75 35.26 35.29 1325700 46958300.00
2025/12/03 35.34 35.36 35.09 35.33 1412300 49752284.00
2025/12/04 35.47 35.47 34.93 34.94 1638842 57474064.00
2025/12/05 34.92 35.66 34.85 35.63 2089772 74076952.00
2025/12/08 35.80 35.97 35.67 35.79 1795763 64394460.00
2025/12/09 35.68 35.92 35.45 35.60 1221963 43577656.00
2025/12/10 35.56 35.58 35.23 35.47 1232700 43652504.00
2025/12/11 35.55 35.85 35.30 35.57 2071492 73708352.00
2025/12/12 35.64 36.49 35.57 36.26 3842849 139131056.00
2025/12/15 36.08 36.89 36.03 36.80 4189912 153391760.00
2025/12/16 36.67 36.70 36.17 36.43 2491625 90677080.00
2025/12/17 36.39 36.44 35.70 36.35 2540360 91625664.00
2025/12/18 36.24 36.50 36.12 36.22 1581000 57434012.00
2025/12/19 36.21 36.75 36.21 36.50 2098019 76670672.00
2025/12/22 37.31 37.48 36.61 36.94 3992600 147631856.00
2025/12/23 36.88 37.22 36.65 36.96 2771900 102267576.00
2025/12/24 36.91 37.30 36.77 37.20 2751303 102285368.00
2025/12/25 37.12 37.41 37.03 37.30 2440100 90972880.00
2025/12/26 37.41 37.58 36.91 37.22 2660305 99225856.00
2025/12/29 37.23 37.48 37.02 37.29 2418400 90190016.00
2025/12/30 37.38 37.65 37.10 37.35 2421700 90635048.00
2025/12/31 37.20 37.87 37.18 37.60 3067000 115343352.00
2026/01/05 37.70 37.98 37.36 37.75 4334260 163288480.00
2026/01/06 37.75 37.75 37.11 37.32 5049378 188518624.00
2026/01/07 37.33 37.45 36.95 37.04 3991942 148318208.00
2026/01/08 36.99 37.74 36.99 37.52 3791656 142273984.00
2026/01/09 38.36 38.96 38.00 38.44 6997873 269589568.00
2026/01/12 38.88 40.17 38.53 39.67 8549900 336801056.00
2026/01/13 39.83 39.88 38.41 38.49 6453705 250082384.00
2026/01/14 38.49 39.18 37.90 38.32 6323352 243673520.00
2026/01/15 38.20 38.65 38.08 38.44 3220600 123550464.00
2026/01/16 38.33 38.70 38.20 38.40 2984965 114589664.00
2026/01/19 38.21 39.07 38.20 39.00 3890525 151180368.00
2026/01/20 38.97 39.24 38.26 38.50 3012900 116171176.00
2026/01/21 38.50 38.90 38.16 38.69 3020064 116607952.00
2026/01/22 38.69 39.25 38.62 38.87 3526600 136960832.00
2026/01/23 38.88 39.17 38.59 39.15 3927107 152741408.00
2026/01/26 39.20 39.20 38.04 38.20 4628050 177862272.00
2026/01/27 38.23 38.64 37.43 38.42 3955360 150570640.00
2026/01/28 38.36 38.50 37.71 37.78 3041987 115315760.00
2026/01/29 37.80 37.89 37.20 37.50 3558200 133587432.00
2026/01/30 37.31 37.69 36.91 37.55 2708852 101193096.00
2026/02/02 37.40 37.67 36.72 36.80 3194400 119017440.00
2026/02/03 37.03 37.53 36.98 37.48 2444862 91145568.00
2026/02/04 37.29 37.75 37.24 37.65 2243500 84275056.00
2026/02/05 37.51 37.75 37.15 37.20 1849200 69125288.00
2026/02/06 37.00 37.37 36.80 36.90 2203725 81702552.00
2026/02/09 37.23 37.31 37.00 37.20 1873580 69535848.00
2026/02/10 37.21 37.70 37.02 37.55 2095825 78484752.00
2026/02/11 37.56 38.95 37.34 38.37 4872199 187345344.00
2026/02/12 38.39 38.88 38.11 38.68 2588900 99982648.00
2026/02/13 38.47 38.90 38.21 38.34 2809280 108270352.00
2026/02/24 38.66 38.88 38.30 38.86 2957625 114230336.00
2026/02/25 38.90 39.64 38.61 39.21 3918100 153820512.00
#Ъ§ОнРДдД:ЭЈДяаХ
