300869 ПЕЬЉвНбЇ ШеЯп ЧАИДШЈ
      ШеЦк	    ПЊХЬ	    зюИп	    зюЕЭ	    ЪеХЬ	    ГЩНЛСП	    ГЩНЛЖю
2021/08/02 70.89 70.90 65.93 67.33 4346044 297963584.00
2021/08/03 67.53 72.91 66.99 70.33 5309507 377799424.00
2021/08/04 69.03 69.83 66.44 68.74 3893762 268053296.00
2021/08/05 69.03 71.54 66.93 66.93 3671476 257509744.00
2021/08/06 66.43 68.53 63.57 64.18 3173594 209769232.00
2021/08/09 65.21 67.06 64.15 66.13 2351440 157211728.00
2021/08/10 65.89 66.55 64.56 65.38 2007996 132677352.00
2021/08/11 65.03 65.83 64.32 64.94 1532929 101123408.00
2021/08/12 65.73 65.73 61.54 61.71 3021330 193632528.00
2021/08/13 61.16 62.00 59.61 60.29 2072646 127621160.00
2021/08/16 60.04 62.01 60.04 60.50 1484290 91894688.00
2021/08/17 60.65 60.73 57.69 58.12 1892376 113186928.00
2021/08/18 58.11 59.98 57.53 58.31 1585841 94167336.00
2021/08/19 58.53 59.60 57.80 57.80 1362216 80952608.00
2021/08/20 57.03 57.53 55.42 56.96 1743348 100112024.00
2021/08/23 54.45 57.33 54.45 56.01 2286145 130757256.00
2021/08/24 54.01 54.22 48.64 48.87 9178863 466655168.00
2021/08/25 46.52 46.53 40.72 41.42 17105048 751310592.00
2021/08/26 41.04 41.69 39.78 40.23 11373411 471598528.00
2021/08/27 40.33 40.33 38.33 38.58 8501823 339798784.00
2021/08/30 38.84 39.00 37.98 38.22 6514425 256759728.00
2021/08/31 38.22 38.48 36.66 37.07 7418343 283936096.00
2021/09/01 37.16 38.14 36.63 37.82 6957713 268055840.00
2021/09/02 37.60 37.73 36.85 37.03 4940547 188292624.00
2021/09/03 37.23 37.93 36.76 37.12 6012073 229896256.00
2021/09/06 37.20 38.47 36.83 38.01 7118233 275997504.00
2021/09/07 37.98 38.39 37.47 37.91 4857780 188592736.00
2021/09/08 38.04 38.42 37.75 38.08 4556856 177664912.00
2021/09/09 38.13 38.16 37.11 37.58 4705448 181429856.00
2021/09/10 37.33 37.71 37.03 37.17 4311931 164752560.00
2021/09/13 37.29 38.52 37.28 37.63 7111215 276605728.00
2021/09/14 37.63 38.20 37.33 37.80 5923354 229602560.00
2021/09/15 37.62 37.62 36.03 36.38 5620487 210607408.00
2021/09/16 36.29 37.33 36.11 36.41 5478928 206473936.00
2021/09/17 36.08 36.36 35.04 36.13 6019924 221076480.00
2021/09/22 35.63 37.00 35.51 36.29 3749707 139890944.00
2021/09/23 36.51 39.03 36.23 37.64 8936749 347308960.00
2021/09/24 37.77 37.99 36.37 36.51 6554976 247619824.00
2021/09/27 36.53 36.82 35.44 35.81 6718881 248568464.00
2021/09/28 35.47 35.83 34.59 34.68 5914829 213016560.00
2021/09/29 34.19 34.72 33.45 33.49 4285369 150057344.00
2021/09/30 33.91 34.47 33.75 34.17 2913220 102353472.00
2021/10/08 34.17 35.58 34.16 35.42 5469912 197811648.00
2021/10/11 35.54 36.16 34.89 34.96 3917621 142056096.00
2021/10/12 34.85 35.48 34.44 34.58 4448561 159586784.00
2021/10/13 34.73 36.00 34.33 34.96 4968370 179085552.00
2021/10/14 34.73 35.16 34.42 34.84 2986882 106530616.00
2021/10/15 34.84 34.92 33.76 33.80 4625972 162053504.00
2021/10/18 33.80 33.89 32.95 33.01 4257285 145121200.00
2021/10/19 33.00 33.51 32.81 33.24 3693555 126435600.00
2021/10/20 33.32 33.48 32.61 32.72 4367212 147716864.00
2021/10/21 32.75 33.11 32.61 32.61 3328923 112557120.00
2021/10/22 32.65 33.13 32.56 32.65 3056100 103132216.00
2021/10/25 32.77 32.83 32.13 32.23 3194506 106309200.00
2021/10/26 32.40 33.43 32.24 32.64 5356821 181528368.00
2021/10/27 32.58 32.69 30.03 30.15 7319525 231698256.00
2021/10/28 30.13 30.71 29.65 30.29 3909977 121587960.00
2021/10/29 30.03 31.24 29.69 30.91 4169631 132264328.00
2021/11/01 30.97 33.39 30.81 33.04 8329961 279353984.00
2021/11/02 33.03 33.38 31.83 32.06 4971200 166282144.00
2021/11/03 32.22 35.11 32.22 33.71 11605196 405315904.00
2021/11/04 33.23 33.92 33.03 33.63 5898661 202760176.00
2021/11/05 33.64 34.15 32.54 32.60 6439723 220510688.00
2021/11/08 32.59 32.73 31.58 32.05 4640145 152615664.00
2021/11/09 32.15 33.32 32.03 32.29 4198542 140694768.00
2021/11/10 32.33 34.53 32.21 33.59 9237423 316537056.00
2021/11/11 33.34 34.96 33.24 33.96 8741844 307708896.00
2021/11/12 33.94 34.11 33.37 33.64 5162440 178584032.00
2021/11/15 33.53 35.03 33.49 34.34 7410042 261847936.00
2021/11/16 34.35 36.39 34.21 35.76 12875243 468982592.00
2021/11/17 35.63 35.64 34.43 34.94 9132924 326283040.00
2021/11/18 34.68 34.78 33.84 33.86 6486801 227858832.00
2021/11/19 33.96 34.47 33.95 34.20 4004543 140804768.00
2021/11/22 34.20 34.94 33.62 33.92 5967462 209363664.00
2021/11/23 33.92 34.41 33.44 34.19 5400755 188453248.00
2021/11/24 33.91 34.93 33.84 34.66 6586768 233461504.00
2021/11/25 34.78 41.79 34.70 41.79 30019392 1193132928.00
2021/11/26 43.03 46.48 42.63 43.09 40232303 1816492800.00
2021/11/29 44.62 46.33 42.85 45.63 30228337 1377638656.00
2021/11/30 44.03 47.86 42.86 46.50 29699930 1362840704.00
2021/12/01 45.89 45.99 43.48 43.74 19558193 894385280.00
2021/12/02 43.12 45.03 42.23 42.55 14494449 644140736.00
2021/12/03 42.20 42.83 41.29 41.45 12189529 521885504.00
2021/12/06 41.11 41.53 39.15 39.43 12683085 520523936.00
2021/12/07 39.46 40.79 38.64 39.93 12820220 520223840.00
2021/12/08 40.08 40.47 39.30 40.18 8067521 330214944.00
2021/12/09 40.03 41.23 39.73 40.20 9704268 402481216.00
2021/12/10 40.33 41.51 40.04 40.93 9670021 405281376.00
2021/12/13 40.97 41.23 39.80 40.35 7669256 318233504.00
2021/12/14 40.77 43.58 40.58 42.77 14630886 634121984.00
2021/12/15 42.52 42.77 41.12 41.65 9995546 427532960.00
2021/12/16 41.98 41.98 39.61 39.87 10405239 430156192.00
2021/12/17 39.43 39.86 38.34 38.43 9299244 369694080.00
2021/12/20 38.13 39.49 38.09 38.48 6569608 262132960.00
2021/12/21 38.39 39.35 37.70 38.84 5116414 202483440.00
2021/12/22 38.94 39.55 38.35 38.37 5285604 210222864.00
2021/12/23 38.63 38.74 37.31 37.58 6098729 235712800.00
2021/12/24 37.89 38.01 36.98 37.77 5379620 207432096.00
2021/12/27 37.88 38.76 37.88 38.72 5875821 231025840.00
2021/12/28 38.53 38.70 37.45 38.42 6105121 238218464.00
2021/12/29 38.83 42.00 38.58 40.13 14644187 605834368.00
2021/12/30 39.83 40.78 39.20 40.38 9262406 379556768.00
2021/12/31 40.37 41.00 39.03 39.58 7417828 303957184.00
2022/01/04 39.02 40.08 38.98 39.24 5224880 210413264.00
2022/01/05 39.42 39.53 37.77 38.82 6478187 255819216.00
2022/01/06 38.43 39.42 38.34 39.24 5161325 205767904.00
2022/01/07 39.28 40.78 39.00 39.01 8577048 350303552.00
2022/01/10 39.06 40.87 39.06 40.40 7905173 325784576.00
2022/01/11 40.42 41.63 39.71 41.30 10873429 453378656.00
2022/01/12 42.31 43.13 40.77 40.90 11644789 498619488.00
2022/01/13 40.83 41.28 39.50 39.50 8163484 336838112.00
2022/01/14 39.06 42.46 39.06 41.52 14078475 593822464.00
2022/01/17 41.69 42.53 40.98 41.69 10350405 443012448.00
2022/01/18 41.53 41.53 38.43 39.08 11150610 452385312.00
2022/01/19 39.08 39.59 38.58 39.28 4801402 192589232.00
2022/01/20 39.39 40.01 38.03 38.14 5840017 233420608.00
2022/01/21 38.03 38.07 34.32 34.32 9421318 342834144.00
2022/01/24 34.43 35.16 34.13 34.80 3815922 135718112.00
2022/01/25 34.52 34.86 32.79 32.88 5151764 177607696.00
2022/01/26 32.89 33.53 32.36 32.98 3142669 106945824.00
2022/01/27 32.68 33.06 31.25 31.39 5028324 165819584.00
2022/01/28 34.02 34.03 32.54 32.57 7163535 244298608.00
2022/02/07 32.63 33.73 32.63 33.00 4385232 149712784.00
2022/02/08 32.91 33.35 32.62 33.29 2931200 99736272.00
2022/02/09 33.23 33.61 33.02 33.53 3152088 108272568.00
2022/02/10 33.32 33.78 33.26 33.49 2639366 90979288.00
2022/02/11 33.37 33.46 32.03 32.36 4261400 142604384.00
2022/02/14 32.43 33.58 32.05 32.90 3095890 105090384.00
2022/02/15 33.09 33.54 32.68 33.32 2967078 101552504.00
2022/02/16 33.33 33.68 33.03 33.46 3320459 114047096.00
2022/02/17 33.23 34.13 33.14 33.36 3725267 129132776.00
2022/02/18 35.41 40.23 35.33 40.23 16843588 665614592.00
2022/02/21 44.01 44.35 39.88 39.99 25502634 1084588160.00
2022/02/22 39.83 39.99 36.93 37.76 16844967 660065664.00
2022/02/23 37.49 38.38 37.48 37.82 9462497 368185760.00
2022/02/24 37.77 38.32 35.73 36.23 12227661 465065760.00
2022/02/25 36.38 37.83 36.38 37.06 9254818 353619360.00
2022/02/28 37.29 37.96 36.45 37.54 8116631 310983264.00
2022/03/01 37.28 37.49 36.63 37.25 6011650 228386512.00
2022/03/02 37.02 37.31 36.41 37.31 5254915 198815024.00
2022/03/03 38.02 41.04 38.02 39.38 18057789 730462656.00
2022/03/04 38.61 39.72 38.03 38.04 9660579 383320352.00
2022/03/07 38.02 38.40 36.80 38.14 7346448 283654592.00
2022/03/08 38.83 39.60 36.93 38.33 9070351 355693632.00
2022/03/09 38.29 38.29 34.44 36.36 9102708 341025984.00
2022/03/10 36.88 39.03 36.68 38.99 11730480 455181152.00
2022/03/11 38.43 41.24 38.06 40.16 21300117 871960512.00
2022/03/14 42.03 43.53 38.63 38.71 21538492 906583296.00
2022/03/15 37.13 38.34 35.53 35.65 13128368 500201568.00
2022/03/16 37.20 37.20 33.03 34.93 13483965 479134944.00
2022/03/17 34.86 36.93 34.73 35.36 12049405 443811776.00
2022/03/18 35.33 36.03 35.06 35.62 7303525 267036672.00
2022/03/21 35.86 37.10 35.63 36.82 10551408 394758752.00
2022/03/22 36.53 36.53 35.09 35.33 8638026 315744512.00
2022/03/23 35.43 35.72 34.51 34.98 5887446 212406912.00
2022/03/24 34.62 35.13 33.77 34.63 6712135 237937648.00
2022/03/25 34.63 34.88 33.38 33.43 6301274 221250336.00
2022/03/28 33.82 34.23 33.03 33.17 4825608 165998032.00
2022/03/29 33.41 34.23 33.09 33.61 5540995 192353520.00
2022/03/30 33.63 34.00 32.43 33.78 5256254 180008704.00
2022/03/31 33.77 34.38 33.19 33.22 5658367 197017872.00
2022/04/01 33.01 33.16 32.28 32.53 5001109 168019072.00
2022/04/06 32.53 33.42 32.53 32.95 3899716 132460112.00
2022/04/07 32.80 32.95 31.69 31.75 4539239 150600576.00
2022/04/08 31.98 31.99 30.49 30.67 4672982 149261600.00
2022/04/11 30.56 31.02 29.21 29.49 5020916 155827568.00
2022/04/12 29.53 30.25 29.37 30.18 3769316 116190224.00
2022/04/13 29.99 30.02 29.36 29.44 3288587 100642280.00
2022/04/14 29.73 30.71 29.55 30.27 4845931 151266512.00
2022/04/15 29.96 30.81 29.83 30.69 4741788 148533328.00
2022/04/18 30.83 32.71 30.83 31.99 7808658 258014336.00
2022/04/19 31.58 31.92 30.88 31.22 4751953 153512016.00
2022/04/20 31.03 31.51 30.20 30.30 3848102 122459512.00
2022/04/21 30.16 30.53 28.96 29.13 4230550 129816264.00
2022/04/22 29.06 29.06 27.24 27.41 5601216 160471968.00
2022/04/25 27.00 27.00 24.61 24.62 6625557 177207440.00
2022/04/26 24.62 25.54 24.17 24.33 5496608 142360928.00
2022/04/27 23.88 24.99 23.35 24.94 5289465 132870840.00
2022/04/28 25.23 25.53 24.25 24.53 5220859 134691808.00
2022/04/29 24.55 25.69 24.55 25.48 4815569 126151080.00
2022/05/05 26.31 26.47 25.44 26.13 4867354 131461936.00
2022/05/06 25.72 26.69 25.53 26.03 5013677 136020560.00
2022/05/09 26.04 26.52 25.84 26.40 3212316 87522928.00
2022/05/10 26.17 26.62 25.82 26.61 4070409 111204696.00
2022/05/11 26.60 27.41 26.53 26.65 5377043 150646528.00
2022/05/12 26.92 27.23 26.38 27.15 3992609 111578144.00
2022/05/13 27.36 27.69 26.71 27.04 3289314 92299552.00
2022/05/16 27.25 27.32 26.38 26.45 3371218 93370352.00
2022/05/17 26.44 26.53 25.88 26.09 3433028 92923288.00
2022/05/18 26.13 26.62 25.96 26.09 2742083 74720608.00
2022/05/19 25.65 26.08 25.51 26.01 2629994 70421512.00
2022/05/20 26.13 26.91 26.13 26.82 4137551 114143120.00
2022/05/23 27.31 27.71 26.98 27.21 3759566 106035576.00
2022/05/24 27.21 27.32 25.08 25.08 5664910 153348416.00
2022/05/25 25.40 25.45 24.96 25.44 2811726 73723688.00
2022/05/26 25.42 25.53 24.57 25.30 3328218 86728360.00
2022/05/27 25.53 25.78 24.91 25.09 2922910 75831864.00
2022/05/30 25.31 25.51 24.80 25.16 2692664 69337312.00
2022/05/31 24.99 25.70 24.54 25.61 4212335 108825336.00
2022/06/01 25.72 26.08 25.45 25.76 3146106 83283232.00
2022/06/02 25.69 26.01 25.35 26.00 2679824 70706296.00
2022/06/06 26.02 26.67 26.02 26.57 3809935 103316968.00
2022/06/07 26.71 26.71 26.21 26.60 3148411 85421088.00
2022/06/08 26.60 26.98 26.22 26.48 3985151 108549320.00
2022/06/09 26.54 26.57 25.64 25.70 3485800 93050736.00
2022/06/10 25.63 26.71 25.63 26.50 5585620 151355536.00
2022/06/13 26.37 26.93 26.37 26.77 4022760 109919976.00
2022/06/14 26.63 26.91 25.87 26.61 3618094 97650120.00
2022/06/15 26.63 26.97 26.46 26.59 4697308 128729848.00
2022/06/16 26.63 27.33 26.63 26.98 4670840 129307192.00
2022/06/17 26.73 27.26 26.40 27.18 4096913 113131808.00
2022/06/20 27.19 27.78 27.13 27.35 3591788 100823344.00
2022/06/21 27.19 27.60 26.73 26.98 3876990 107823200.00
2022/06/22 27.11 27.29 26.54 26.58 3418410 94220376.00
2022/06/23 26.79 27.09 26.34 27.05 3459998 94795360.00
2022/06/24 27.03 27.49 26.97 27.25 3441726 96066824.00
2022/06/27 27.53 28.51 27.47 27.67 6050971 172792192.00
2022/06/28 27.63 27.97 27.13 27.94 4517552 127443944.00
2022/06/29 28.44 28.58 27.23 27.30 6578051 187437968.00
2022/06/30 27.36 27.91 27.36 27.59 4670771 132277856.00
2022/07/01 27.39 27.69 26.86 26.91 4255283 118325784.00
2022/07/04 27.07 28.96 26.93 28.36 9409655 270834720.00
2022/07/05 28.43 28.67 27.45 28.32 6560532 187555840.00
2022/07/06 28.43 29.93 28.33 28.88 10546975 314188512.00
2022/07/07 28.51 28.83 28.05 28.16 5111415 148000272.00
2022/07/08 28.32 28.39 27.72 27.72 3898833 111832544.00
2022/07/11 27.84 28.21 27.19 27.43 3856548 109289280.00
2022/07/12 27.43 27.73 26.51 26.51 4170338 114470216.00
2022/07/13 26.60 26.73 26.33 26.59 2338548 63736240.00
2022/07/14 26.56 27.22 26.50 26.93 3152558 87136640.00
2022/07/15 26.97 27.10 25.99 25.99 3378446 91505888.00
2022/07/18 26.00 26.76 25.91 26.75 2816050 76388816.00
2022/07/19 26.92 27.10 26.64 27.09 2598138 71545096.00
2022/07/20 27.01 27.71 27.01 27.34 3884900 109288896.00
2022/07/21 27.13 27.68 26.93 27.07 3222043 89981312.00
2022/07/22 27.11 27.38 26.33 26.62 3016280 82849184.00
2022/07/25 26.61 27.38 26.61 26.80 2544361 70340968.00
2022/07/26 26.81 26.91 26.29 26.51 2411943 65486600.00
2022/07/27 26.53 26.95 26.31 26.87 2701016 73751192.00
2022/07/28 26.88 27.10 26.71 26.73 2534973 69887952.00
2022/07/29 26.78 26.87 26.03 26.11 2989058 80770288.00
2022/08/01 26.10 26.32 25.61 26.21 1597751 42829656.00
2022/08/02 26.03 26.03 24.06 24.33 5492362 139444736.00
2022/08/03 24.13 25.00 24.13 24.35 3176511 80322456.00
2022/08/04 24.47 24.79 24.35 24.64 2231613 56380116.00
2022/08/05 24.70 25.52 24.63 25.47 3320697 85698840.00
2022/08/08 25.63 25.89 25.48 25.63 2348742 61823740.00
2022/08/09 25.58 25.63 25.23 25.39 2065734 53759276.00
2022/08/10 25.45 25.63 24.93 25.24 1583576 41226376.00
2022/08/11 25.51 25.87 25.49 25.78 2475719 65382600.00
2022/08/12 25.86 25.95 25.66 25.74 1801973 47675844.00
2022/08/15 25.72 25.73 25.36 25.42 1981862 51841656.00
2022/08/16 25.46 25.61 25.33 25.38 1780963 46498228.00
2022/08/17 25.39 25.79 25.20 25.46 2018868 52661788.00
2022/08/18 25.47 25.47 25.00 25.16 1790024 46222276.00
2022/08/19 25.16 25.52 24.79 24.80 2326650 59909164.00
2022/08/22 24.79 24.99 24.36 24.89 1672299 42550852.00
2022/08/23 24.88 24.88 24.48 24.52 2107122 53223516.00
2022/08/24 24.63 25.47 24.15 24.21 5321452 135440592.00
2022/08/25 24.22 24.42 23.45 23.72 4150321 101369288.00
2022/08/26 23.78 24.08 23.48 23.55 2601923 63617624.00
2022/08/29 23.36 23.55 22.90 23.46 2475979 59387788.00
2022/08/30 23.51 23.85 23.51 23.63 2406527 58532008.00
2022/08/31 23.66 23.77 23.05 23.19 2576621 61808364.00
2022/09/01 23.26 23.78 23.19 23.52 2587731 62741244.00
2022/09/02 23.40 24.15 23.40 23.76 2551146 62500552.00
2022/09/05 23.99 24.33 23.73 23.93 2474414 60893620.00
2022/09/06 23.94 24.12 23.61 23.85 1801636 43996468.00
2022/09/07 23.85 23.92 23.59 23.78 1680163 41015000.00
2022/09/08 24.03 24.03 23.39 23.47 1650600 40102480.00
2022/09/09 23.58 24.33 23.37 23.80 4762741 117237616.00
2022/09/13 23.57 23.97 23.47 23.68 2463666 60055140.00
2022/09/14 23.22 23.33 22.73 23.18 3409091 80839808.00
2022/09/15 23.31 23.61 22.56 22.76 3289558 77980536.00
2022/09/16 22.77 22.88 21.91 21.97 3492561 80157352.00
2022/09/19 21.83 21.95 21.28 21.34 2309787 51178388.00
2022/09/20 21.38 21.68 21.38 21.54 1425429 31648118.00
2022/09/21 21.45 21.74 20.98 21.63 2106442 46458276.00
2022/09/22 21.44 21.80 21.24 21.24 2054466 45394452.00
2022/09/23 21.38 21.38 20.53 20.64 2287938 49248564.00
2022/09/26 20.48 20.53 19.76 19.89 3322153 69199824.00
2022/09/27 20.08 20.77 19.90 20.73 4752731 99967376.00
2022/09/28 20.73 21.18 20.34 20.35 3776261 80807064.00
2022/09/29 20.56 21.13 20.56 20.73 4363611 94003216.00
2022/09/30 20.88 21.21 20.59 20.67 3401896 73268248.00
2022/10/10 20.71 21.19 20.20 20.26 3251568 69629104.00
2022/10/11 20.48 20.64 19.64 20.00 2547714 52607408.00
2022/10/12 20.01 20.49 19.44 20.49 2903470 59703928.00
2022/10/13 20.52 21.27 20.28 21.08 4241457 91704896.00
2022/10/14 21.10 22.64 21.10 22.30 7189426 163627296.00
2022/10/17 22.27 22.90 22.20 22.55 5981303 139234752.00
2022/10/18 22.47 23.00 22.04 22.74 5554046 129366384.00
2022/10/19 22.59 22.73 22.22 22.32 3301939 76127760.00
2022/10/20 22.57 26.92 22.33 25.84 23765821 628496768.00
2022/10/21 24.52 24.88 23.83 24.32 16683384 417739648.00
2022/10/24 24.32 24.48 23.24 23.34 9652523 236179264.00
2022/10/25 22.99 23.32 21.93 22.19 7865594 181512832.00
2022/10/26 22.23 23.59 22.23 23.24 9338062 222038688.00
2022/10/27 22.99 23.20 22.66 22.85 6920504 162770272.00
2022/10/28 22.82 23.56 22.55 22.94 9209719 219644016.00
2022/10/31 22.51 23.60 22.51 23.46 6665426 158861360.00
2022/11/01 24.03 25.53 24.03 24.31 10857216 273912960.00
2022/11/02 23.94 25.83 23.94 24.83 12479477 320363264.00
2022/11/03 24.38 24.81 24.23 24.68 6810432 171197216.00
2022/11/04 24.44 25.59 24.44 25.33 8627425 223483072.00
2022/11/07 25.33 25.56 24.70 25.06 7078205 182349664.00
2022/11/08 25.29 25.29 24.59 24.72 4395870 111895016.00
2022/11/09 24.96 25.26 24.68 24.88 4632533 118955312.00
2022/11/10 24.73 25.60 24.70 25.23 6437134 166873776.00
2022/11/11 25.74 25.91 24.15 24.19 10512358 270915200.00
2022/11/14 24.12 26.46 23.82 26.37 15808379 413929152.00
2022/11/15 26.63 27.45 25.84 27.31 14706578 401806784.00
2022/11/16 27.18 27.18 26.13 26.15 9769940 264799040.00
2022/11/17 26.14 26.89 26.04 26.49 8443374 229237232.00
2022/11/18 27.36 28.82 27.13 27.22 15324086 435241088.00
2022/11/21 26.71 27.47 26.26 26.55 9324879 255938208.00
2022/11/22 26.27 26.90 25.33 25.61 8114416 216690384.00
2022/11/23 25.54 25.83 24.56 25.08 5944842 152064144.00
2022/11/24 25.33 25.82 25.09 25.40 5688221 148450576.00
2022/11/25 25.15 25.29 24.23 24.70 5401511 136891616.00
2022/11/28 24.41 25.13 24.20 24.46 4261210 107468792.00
2022/11/29 24.44 25.82 24.43 25.64 8564093 223735168.00
2022/11/30 25.60 25.97 25.14 25.36 4878150 127156760.00
2022/12/01 25.95 26.09 24.83 25.23 7131262 184356992.00
2022/12/02 25.79 27.20 25.79 27.12 14880293 406631168.00
2022/12/05 27.19 27.21 26.28 26.62 10809939 294399104.00
2022/12/06 26.43 26.52 25.46 25.59 7775407 207328224.00
2022/12/07 25.65 25.99 25.23 25.67 5902870 155913856.00
2022/12/08 25.93 26.18 24.86 25.06 9359476 244134592.00
2022/12/09 24.84 27.53 24.84 26.95 24385331 663777408.00
2022/12/12 28.24 28.24 26.83 27.52 20229460 568887040.00
2022/12/13 27.47 28.22 26.65 28.21 16712768 470285312.00
2022/12/14 29.47 30.02 27.68 28.18 20887409 612659648.00
2022/12/15 28.24 30.38 28.24 28.47 17115728 511528672.00
2022/12/16 28.58 31.58 27.44 31.13 27744383 841583744.00
2022/12/19 31.65 31.65 27.79 28.16 22898640 689981824.00
2022/12/20 27.75 28.43 26.73 27.06 11328467 316759712.00
2022/12/21 28.05 28.59 27.07 27.68 11978291 341459808.00
2022/12/22 27.76 28.48 27.18 27.62 11190414 320487648.00
2022/12/23 28.03 32.92 27.19 31.57 29128247 898381632.00
2022/12/26 32.34 34.23 31.81 31.93 34311752 1151617280.00
2022/12/27 32.00 32.33 28.13 29.33 27456165 830835328.00
2022/12/28 29.71 35.23 29.53 34.69 44115951 1463870208.00
2022/12/29 33.33 34.10 32.07 32.21 32972016 1104532736.00
2022/12/30 31.39 33.01 30.43 31.90 23415864 757008960.00
2023/01/03 31.55 32.23 30.48 31.19 17989715 571112704.00
2023/01/04 31.83 32.65 31.34 31.97 18007390 586884864.00
2023/01/05 31.72 31.73 30.15 30.73 15503405 487787296.00
2023/01/06 30.82 30.95 29.57 29.67 13832923 425595712.00
2023/01/09 29.29 29.89 29.01 29.06 10902009 326757792.00
2023/01/10 29.06 29.18 28.03 28.15 12522264 365340192.00
2023/01/11 28.23 28.63 27.68 28.48 9625642 277934240.00
2023/01/12 28.29 28.33 27.25 27.27 9804024 277981920.00
2023/01/13 27.49 27.81 27.05 27.53 6444320 181606784.00
2023/01/16 27.35 28.42 27.35 27.68 8317114 238497264.00
2023/01/17 27.45 27.78 26.11 26.15 11314679 310004352.00
2023/01/18 26.14 26.26 25.66 25.69 7261201 192960560.00
2023/01/19 25.53 25.98 25.51 25.57 5577114 147300256.00
2023/01/20 25.71 26.00 25.64 25.91 4657691 123528368.00
2023/01/30 26.07 26.31 25.91 26.10 6029984 161334752.00
2023/01/31 26.09 26.10 25.58 25.75 4747512 125527288.00
2023/02/01 25.79 26.46 25.79 26.34 5952565 159685664.00
2023/02/02 26.54 26.61 26.28 26.51 4966465 134741760.00
2023/02/03 26.53 26.58 25.86 26.23 5164100 138580000.00
2023/02/06 26.13 26.22 25.75 25.81 4655758 124021112.00
2023/02/07 25.86 26.05 25.61 26.02 4239559 112474296.00
2023/02/08 26.03 26.18 25.65 25.72 3976095 105749024.00
2023/02/09 25.63 25.74 25.00 25.73 6175142 160708496.00
2023/02/10 25.63 25.96 25.34 25.59 4384038 115374920.00
2023/02/13 25.28 25.51 25.03 25.45 4463495 116180608.00
2023/02/14 25.49 25.65 25.40 25.51 3387300 88688944.00
2023/02/15 25.52 25.63 25.25 25.31 3816406 99431400.00
2023/02/16 25.34 25.80 24.72 25.03 7349877 191938304.00
2023/02/17 25.11 25.78 24.84 25.69 7716484 201567600.00
2023/02/20 25.70 26.28 25.50 26.28 7982633 212373888.00
2023/02/21 26.28 26.55 25.94 26.33 5978685 160549504.00
2023/02/22 26.18 26.48 26.08 26.14 3952784 106312680.00
2023/02/23 26.13 26.38 26.00 26.21 3731823 100105928.00
2023/02/24 26.31 26.46 25.86 25.86 3658863 97942752.00
2023/02/27 25.79 25.88 25.12 25.23 4763967 124254400.00
2023/02/28 25.21 25.70 25.21 25.70 3036399 79370968.00
2023/03/01 25.76 25.88 25.53 25.64 2894475 76165864.00
2023/03/02 25.63 25.68 25.29 25.35 3022936 78924736.00
2023/03/03 25.37 25.52 25.14 25.37 2697177 70059432.00
2023/03/06 25.39 25.52 25.16 25.18 2444124 63331424.00
2023/03/07 25.16 25.31 24.43 24.56 4454896 113616896.00
2023/03/08 24.08 24.76 24.08 24.74 2297027 57911876.00
2023/03/09 24.75 24.88 24.60 24.76 1816240 46208984.00
2023/03/10 24.72 24.72 24.35 24.49 2648351 66656716.00
2023/03/13 24.34 24.52 23.97 24.40 2855662 71091400.00
2023/03/14 24.35 24.54 23.73 23.97 3115376 77171016.00
2023/03/15 23.92 24.41 23.88 23.98 3781100 93759176.00
2023/03/16 23.74 24.01 23.48 23.52 2787598 67973712.00
2023/03/17 23.73 23.78 23.22 23.27 3950628 95315504.00
2023/03/20 23.33 23.37 22.88 22.98 4036150 95735248.00
2023/03/21 23.03 23.61 23.03 23.57 3114682 74850992.00
2023/03/22 23.64 23.90 23.59 23.70 2679921 65323568.00
2023/03/23 23.64 23.87 23.53 23.84 2435104 59388808.00
2023/03/24 23.95 24.27 23.77 23.82 3404299 83896176.00
2023/03/27 23.82 24.45 23.74 24.17 5266208 130552504.00
2023/03/28 24.19 24.42 23.77 23.86 4112077 101846136.00
2023/03/29 23.77 23.87 23.49 23.54 2615072 63557000.00
2023/03/30 23.55 23.71 23.26 23.63 2580947 62512264.00
2023/03/31 23.62 23.82 23.54 23.67 2130356 51938160.00
2023/04/03 23.64 23.88 23.44 23.49 2962844 71827136.00
2023/04/04 23.63 23.63 23.13 23.24 3384279 81161632.00
2023/04/06 23.18 23.63 23.18 23.46 3153059 76147272.00
2023/04/07 23.61 24.15 23.43 24.05 5092279 125127392.00
2023/04/10 24.21 24.28 23.55 23.65 3852628 94257864.00
2023/04/11 23.73 23.81 23.37 23.55 2485534 60185628.00
2023/04/12 23.72 23.80 23.33 23.41 2967600 71622416.00
2023/04/13 23.35 23.91 23.10 23.77 4443538 107591288.00
2023/04/14 23.89 24.01 23.37 23.50 3756860 91173776.00
2023/04/17 23.50 23.56 23.23 23.31 2784880 66801452.00
2023/04/18 23.24 23.40 23.00 23.05 2696806 64099528.00
2023/04/19 23.01 23.15 22.41 22.47 4060311 94716680.00
2023/04/20 22.45 22.63 22.13 22.23 2917865 67017312.00
2023/04/21 22.14 22.71 21.86 21.90 3301300 75673600.00
2023/04/24 21.90 22.39 21.83 22.08 3155333 71873088.00
2023/04/25 22.14 22.14 20.92 21.16 4154139 91471456.00
2023/04/26 21.13 22.27 21.13 22.18 4721635 106380656.00
2023/04/27 23.13 25.45 23.12 25.17 22960598 583986048.00
2023/04/28 25.19 25.47 24.65 25.15 13161249 338863904.00
2023/05/04 24.76 25.30 24.73 25.01 6918985 177485104.00
2023/05/05 25.33 26.02 24.85 25.03 8264489 213967200.00
2023/05/08 24.88 25.10 24.43 24.46 6414569 162333040.00
2023/05/09 24.41 24.78 23.83 23.86 6111631 152521184.00
2023/05/10 23.85 24.26 23.74 24.14 4597310 113648360.00
2023/05/11 24.23 24.65 24.05 24.24 4923302 123032192.00
2023/05/12 24.13 24.57 23.99 24.15 4437508 110963992.00
2023/05/15 24.27 24.53 23.73 24.42 5046141 125361808.00
2023/05/16 24.42 24.61 24.11 24.42 4383853 109704768.00
2023/05/17 24.34 24.53 24.03 24.52 3430761 85797040.00
2023/05/18 24.42 24.48 23.98 24.22 4002901 99391920.00
2023/05/19 24.23 24.40 23.86 24.38 3688983 91819696.00
2023/05/22 24.36 24.68 24.15 24.52 3754837 94199816.00
2023/05/23 24.75 24.99 24.46 24.53 6537550 166126896.00
2023/05/24 24.33 24.63 24.03 24.41 4115559 102848288.00
2023/05/25 24.45 24.45 23.73 24.04 4690788 115731024.00
2023/05/26 24.09 24.13 23.70 24.05 2862122 70390920.00
2023/05/29 24.13 24.30 23.76 24.03 3332713 82223736.00
2023/05/30 23.94 25.66 23.88 24.93 13397693 344560064.00
2023/05/31 24.85 25.88 24.79 25.23 12827681 335493664.00
2023/06/01 25.40 25.49 24.71 24.98 6499513 166537824.00
2023/06/02 25.03 25.07 24.21 24.24 7164400 179773632.00
2023/06/05 24.18 24.46 24.01 24.44 4489773 111895712.00
2023/06/06 24.45 24.45 23.30 23.38 5926251 145007280.00
2023/06/07 23.28 23.63 23.16 23.41 2835416 68305208.00
2023/06/08 23.29 23.47 22.76 23.18 3490273 83196504.00
2023/06/09 23.29 23.70 23.16 23.25 5205613 125423296.00
2023/06/12 23.25 23.36 22.81 22.85 4608503 108894664.00
2023/06/13 22.90 23.02 22.49 22.63 3920839 91493416.00
2023/06/14 22.64 22.83 22.54 22.65 2736073 63900744.00
2023/06/15 22.65 22.87 22.51 22.85 2885441 67607496.00
2023/06/16 22.87 23.08 22.78 23.00 3187359 75383528.00
2023/06/19 23.02 23.04 22.64 22.65 3307067 77658160.00
2023/06/20 22.72 22.79 22.35 22.42 3331247 76890504.00
2023/06/21 22.54 22.64 22.08 22.09 3276100 74800392.00
2023/06/26 22.10 22.30 21.80 21.92 2627199 59253668.00
2023/06/27 21.89 22.42 21.89 22.24 4676586 106436848.00
2023/06/28 22.20 22.23 21.82 22.05 2479800 56002384.00
2023/06/29 22.06 22.32 22.04 22.21 2260126 51422236.00
2023/06/30 22.11 22.63 22.11 22.41 3236260 74423856.00
2023/07/03 22.41 22.65 22.31 22.64 2949624 68059816.00
2023/07/04 22.55 22.63 22.40 22.56 2170560 50052508.00
2023/07/05 22.51 22.63 22.41 22.45 1951359 45004892.00
2023/07/06 22.41 22.54 22.31 22.33 1760310 40360372.00
2023/07/07 22.32 22.54 22.24 22.40 1879534 43170380.00
2023/07/10 22.51 22.80 22.45 22.61 2443123 56683580.00
2023/07/11 22.65 22.70 22.51 22.67 1732700 40139580.00
2023/07/12 22.73 22.73 22.34 22.34 1949096 44996856.00
2023/07/13 22.35 22.70 22.35 22.62 2257812 52296016.00
2023/07/14 22.63 22.71 22.39 22.42 2131065 49047968.00
2023/07/17 22.52 22.53 22.03 22.27 2506443 56896284.00
2023/07/18 22.30 22.31 22.03 22.18 1937808 43963936.00
2023/07/19 22.18 22.38 22.10 22.26 2375623 54208756.00
2023/07/20 22.26 22.49 22.05 22.08 2996448 68303824.00
2023/07/21 21.99 22.71 21.96 22.50 4353429 100151064.00
2023/07/24 22.48 23.13 22.40 22.69 4548521 106272704.00
2023/07/25 22.84 22.93 22.46 22.73 3405501 78961064.00
2023/07/26 22.70 22.87 22.57 22.75 2405840 56039952.00
2023/07/27 22.74 22.82 22.49 22.53 2253045 52291304.00
2023/07/28 22.48 22.75 22.28 22.71 3010433 69443664.00
2023/07/31 22.76 22.98 22.67 22.71 3121845 72845536.00
2023/08/01 22.61 22.90 22.48 22.63 2394086 55576464.00
2023/08/02 22.61 22.62 22.28 22.30 2950016 67706432.00
2023/08/03 22.30 22.81 22.26 22.80 4197124 97318792.00
2023/08/04 22.80 22.87 22.55 22.64 2886384 67051228.00
2023/08/07 22.55 22.58 21.88 21.92 5136544 115936872.00
2023/08/08 21.87 22.05 21.55 22.01 3834231 85773472.00
2023/08/09 21.90 22.74 21.87 22.70 6749943 155332768.00
2023/08/10 22.75 22.91 22.53 22.83 4688068 109202632.00
2023/08/11 22.65 23.52 22.57 22.87 7235305 171215360.00
2023/08/14 22.81 22.83 22.11 22.64 5459980 125520640.00
2023/08/15 22.62 22.64 22.05 22.62 3923036 90072736.00
2023/08/16 22.48 23.37 22.45 22.86 6567955 154896112.00
2023/08/17 22.60 22.72 22.14 22.27 5346682 122446872.00
2023/08/18 22.16 22.28 21.52 21.53 5401783 121002888.00
2023/08/21 21.35 21.56 21.03 21.13 3567125 77799688.00
2023/08/22 21.23 21.33 20.50 20.94 4246169 90742664.00
2023/08/23 20.98 21.00 20.45 20.45 2434820 51657848.00
2023/08/24 20.60 20.88 20.37 20.56 3119835 66004364.00
2023/08/25 20.46 20.90 20.22 20.32 3181725 67191360.00
2023/08/28 21.44 21.57 20.57 20.66 5336582 115853440.00
2023/08/29 20.49 21.25 20.49 21.21 3825046 82545344.00
2023/08/30 20.95 21.27 20.86 21.03 5160911 111383312.00
2023/08/31 21.03 21.03 20.60 20.91 3087419 65898896.00
2023/09/01 21.01 21.03 20.72 20.73 1905615 40680056.00
2023/09/04 20.81 20.98 20.70 20.97 2328122 49867836.00
2023/09/05 20.98 21.08 20.80 20.91 2315636 49708856.00
2023/09/06 20.97 20.99 20.66 20.94 1767614 37775988.00
2023/09/07 20.94 20.94 20.54 20.56 2177481 46309060.00
2023/09/08 20.41 20.72 20.41 20.56 1597300 33764640.00
2023/09/11 20.62 21.00 20.47 20.92 3118321 66823040.00
2023/09/12 20.92 21.16 20.81 20.97 2332998 50285464.00
2023/09/13 20.94 21.04 20.57 20.70 2306721 49169796.00
2023/09/14 20.73 20.80 20.43 20.56 1986000 41928036.00
2023/09/15 20.68 21.18 20.49 21.05 4076464 87617280.00
2023/09/18 21.22 21.28 21.02 21.13 2753000 59742576.00
2023/09/19 21.10 21.37 20.92 21.00 2137900 46271240.00
2023/09/20 20.96 21.24 20.90 20.98 1803000 38934168.00
2023/09/21 20.87 20.95 20.53 20.53 2194882 46604408.00
2023/09/22 20.65 20.92 20.26 20.91 3295898 69661304.00
2023/09/25 20.86 21.29 20.79 21.19 3736284 80982832.00
2023/09/26 21.20 21.20 20.83 20.87 1886400 40607428.00
2023/09/27 20.85 21.29 20.76 21.22 3162507 68652400.00
2023/09/28 21.25 21.34 21.03 21.06 2542155 55098040.00
2023/10/09 21.03 21.14 20.79 21.02 2165200 46529068.00
2023/10/10 21.02 21.05 20.69 20.70 2325100 49631784.00
2023/10/11 20.77 21.60 20.75 21.19 5472700 119587984.00
2023/10/12 21.23 21.84 21.23 21.50 4283717 94590040.00
2023/10/13 21.39 21.85 21.33 21.79 4023812 89662264.00
2023/10/16 21.79 21.91 21.33 21.48 3714341 81876680.00
2023/10/17 21.48 21.50 21.05 21.50 2812260 61457880.00
2023/10/18 21.51 21.51 21.01 21.15 2355100 51132056.00
2023/10/19 20.97 21.14 20.63 20.64 2443000 52278396.00
2023/10/20 20.55 20.74 20.25 20.30 2509800 52732252.00
2023/10/23 20.30 20.30 19.31 19.36 3849628 77605688.00
2023/10/24 19.46 19.77 19.27 19.70 2672496 53714784.00
2023/10/25 19.74 19.90 19.65 19.67 2466213 50112444.00
2023/10/26 19.49 19.85 19.39 19.81 2100823 42386080.00
2023/10/27 19.70 20.85 19.55 20.82 5639469 117792208.00
2023/10/30 20.63 21.43 20.53 21.20 4385403 95293792.00
2023/10/31 21.12 21.53 21.09 21.32 3816123 83518976.00
2023/11/01 21.32 21.39 20.96 21.26 2749680 59717144.00
2023/11/02 21.26 21.40 20.95 21.02 2374100 51400292.00
2023/11/03 21.10 21.27 21.05 21.05 1880874 40805316.00
2023/11/06 21.11 21.59 21.05 21.48 2587246 56950000.00
2023/11/07 21.56 21.57 21.36 21.36 2092000 45991408.00
2023/11/08 21.36 21.80 21.32 21.56 3107782 68907808.00
2023/11/09 21.59 21.95 21.29 21.31 3272072 72385232.00
2023/11/10 21.41 21.50 21.08 21.35 2153961 47116504.00
2023/11/13 21.38 21.49 21.11 21.26 2203900 47955832.00
2023/11/14 21.25 21.52 21.20 21.43 1801000 39444840.00
2023/11/15 21.56 21.62 21.35 21.40 1612400 35470336.00
2023/11/16 21.35 21.40 21.08 21.13 1625500 35371480.00
2023/11/17 21.05 21.32 21.03 21.29 1883136 40950708.00
2023/11/20 21.40 21.62 21.33 21.59 2979744 65774092.00
2023/11/21 21.60 21.83 21.50 21.55 2821832 62662704.00
2023/11/22 21.48 21.65 21.32 21.33 1750357 38554672.00
2023/11/23 21.33 21.83 21.30 21.78 3643688 81006824.00
2023/11/24 21.80 23.04 21.80 22.70 14537159 336374624.00
2023/11/27 22.25 22.63 21.79 21.83 9469441 214448000.00
2023/11/28 21.66 22.20 21.49 21.96 4908392 109998920.00
2023/11/29 21.92 21.98 21.54 21.63 3420274 76151632.00
2023/11/30 21.56 21.74 21.34 21.45 2719221 59932528.00
2023/12/01 21.35 21.66 21.35 21.57 2268522 50020908.00
2023/12/04 21.62 21.63 21.07 21.23 2850134 62200556.00
2023/12/05 21.15 21.24 20.70 20.70 3775400 80899080.00
2023/12/06 20.59 21.00 20.57 20.74 2720899 57927452.00
2023/12/07 20.76 20.89 20.53 20.77 2143512 45552536.00
2023/12/08 20.76 21.29 20.67 21.05 3696700 79629496.00
2023/12/11 20.96 20.96 20.43 20.79 3457100 73257640.00
2023/12/12 20.69 20.84 20.63 20.71 1938175 41226904.00
2023/12/13 20.71 21.08 20.63 20.63 3220418 68964608.00
2023/12/14 20.63 20.87 20.35 20.37 2901868 61327156.00
2023/12/15 20.42 20.52 20.10 20.14 2199291 45800196.00
2023/12/18 20.10 20.26 19.83 19.86 1666862 34286288.00
2023/12/19 19.87 20.00 19.77 19.88 1406600 28721794.00
2023/12/20 19.92 20.09 19.72 19.76 1570900 32132792.00
2023/12/21 19.75 19.85 19.48 19.84 1958283 39642828.00
2023/12/22 19.84 19.90 19.55 19.56 2020265 40835024.00
2023/12/25 19.61 19.77 19.51 19.64 1268981 25608862.00
2023/12/26 19.73 19.73 19.38 19.45 1656952 33187560.00
2023/12/27 19.45 19.60 19.29 19.45 1590400 31762460.00
2023/12/28 19.48 20.00 19.36 19.90 2942100 59777852.00
2023/12/29 19.77 20.23 19.77 20.08 2374700 48947028.00
2024/01/02 20.05 20.08 19.88 19.93 1793580 36811536.00
2024/01/03 19.95 20.17 19.85 19.94 1955420 40197712.00
2024/01/04 19.86 19.94 19.75 19.82 1483755 30207750.00
2024/01/05 19.69 19.86 19.41 19.48 2101355 42388912.00
2024/01/08 19.54 19.55 19.00 19.04 2217890 43930008.00
2024/01/09 19.05 19.27 18.80 18.82 2450887 47889712.00
2024/01/10 18.82 19.00 18.59 18.98 2283329 44219952.00
2024/01/11 18.92 19.30 18.90 19.18 1907548 37477588.00
2024/01/12 19.11 19.25 18.94 18.94 1293600 25432082.00
2024/01/15 18.94 19.07 18.78 18.95 1234172 24052216.00
2024/01/16 19.26 19.83 19.17 19.42 4432502 88783960.00
2024/01/17 19.31 19.38 18.68 18.71 2632447 51599712.00
2024/01/18 18.60 18.68 18.07 18.68 3205249 60709848.00
2024/01/19 18.65 18.74 18.51 18.63 1300183 24948378.00
2024/01/22 18.49 18.68 17.60 17.69 2465386 45955008.00
2024/01/23 17.61 17.94 17.45 17.66 1895387 34519608.00
2024/01/24 17.67 17.92 17.19 17.84 2052073 37288508.00
2024/01/25 17.86 18.33 17.73 18.28 2677791 49828792.00
2024/01/26 18.19 18.38 18.00 18.08 2293815 43007500.00
2024/01/29 18.00 18.23 17.60 17.62 2143677 39400572.00
2024/01/30 17.54 17.63 17.05 17.08 1986500 35585252.00
2024/01/31 17.05 17.10 16.00 16.15 3434873 58130612.00
2024/02/01 16.08 16.45 15.68 16.05 2283704 37951524.00
2024/02/02 16.05 16.27 14.42 14.97 3815039 60386248.00
2024/02/05 14.81 14.81 12.85 13.95 5629893 81351168.00
2024/02/06 13.80 15.40 13.46 15.24 5088025 76379704.00
2024/02/07 15.35 16.09 15.35 15.82 5050818 82493280.00
2024/02/08 15.80 17.04 15.80 16.61 5149271 88755400.00
2024/02/19 16.64 16.88 16.21 16.43 4268024 72794760.00
2024/02/20 16.40 16.58 16.21 16.53 2653652 44998748.00
2024/02/21 16.41 17.04 16.27 16.52 3827811 65956548.00
2024/02/22 16.52 16.70 16.41 16.63 2878136 49190604.00
2024/02/23 16.65 16.87 16.47 16.85 3056138 52631900.00
2024/02/26 16.83 17.27 16.70 17.00 3743198 65578308.00
2024/02/27 17.03 17.52 16.88 17.50 3686466 65492376.00
2024/02/28 17.50 18.00 16.59 16.59 6417515 114972272.00
2024/02/29 16.40 17.01 16.38 17.01 4028530 69886440.00
2024/03/01 16.96 17.16 16.84 17.08 3033714 53262256.00
2024/03/04 17.15 17.56 17.05 17.31 3777952 67288096.00
2024/03/05 17.24 17.26 16.91 16.96 2965048 52203924.00
2024/03/06 16.85 17.13 16.73 16.89 2107025 36806188.00
2024/03/07 16.85 17.06 16.57 16.58 2467400 42837748.00
2024/03/08 16.59 16.75 16.47 16.68 1742353 29898754.00
2024/03/11 16.63 17.11 16.61 17.11 3073266 53750528.00
2024/03/12 17.17 17.52 17.17 17.35 3805478 68117480.00
2024/03/13 17.42 17.43 17.14 17.28 2305885 41087752.00
2024/03/14 17.45 17.69 16.97 17.15 3507361 62665996.00
2024/03/15 17.05 17.31 17.00 17.25 2456970 43476960.00
2024/03/18 17.27 17.50 17.18 17.50 3267627 58635180.00
2024/03/19 17.41 17.54 17.31 17.32 2550697 45814000.00
2024/03/20 17.34 17.72 17.22 17.67 5305345 96151864.00
2024/03/21 17.65 17.69 17.30 17.35 3409900 61429032.00
2024/03/22 17.41 17.41 16.85 16.91 4329608 76152336.00
2024/03/25 16.82 16.95 16.25 16.26 3504008 60029060.00
2024/03/26 16.21 16.34 15.91 16.16 2973634 49609016.00
2024/03/27 16.28 16.53 15.90 15.90 2979475 50123808.00
2024/03/28 15.85 16.30 15.80 16.13 2140924 35649604.00
2024/03/29 16.20 16.33 16.01 16.32 1583525 26424026.00
2024/04/01 16.33 16.65 16.33 16.64 2035400 34783600.00
2024/04/02 16.67 16.70 16.48 16.65 1850396 31723454.00
2024/04/03 16.49 16.72 16.36 16.65 1751625 29942174.00
2024/04/08 16.58 16.61 15.86 15.88 3007778 50163184.00
2024/04/09 15.89 16.54 15.89 16.49 2960600 49862092.00
2024/04/10 16.48 16.49 15.86 16.01 2281426 38017928.00
2024/04/11 15.93 16.18 15.83 15.87 1690821 28003840.00
2024/04/12 15.95 15.98 15.63 15.66 1837053 29947150.00
2024/04/15 15.50 15.81 15.04 15.26 2692449 42846292.00
2024/04/16 15.20 15.35 14.44 14.48 2919387 44710276.00
2024/04/17 14.58 15.30 14.58 15.30 2478835 38775208.00
2024/04/18 15.30 15.47 15.06 15.21 1928059 30539262.00
2024/04/19 15.13 15.26 14.94 15.04 1664885 25994384.00
2024/04/22 15.05 15.55 14.90 15.36 2154438 34169364.00
2024/04/23 15.37 15.70 15.29 15.61 2710400 43615364.00
2024/04/24 15.63 15.75 15.45 15.64 1966500 31696074.00
2024/04/25 15.58 15.91 15.50 15.60 2319400 37673032.00
2024/04/26 15.47 15.84 15.47 15.77 2874725 46757632.00
2024/04/29 15.45 15.74 14.96 15.56 5150632 82385928.00
2024/04/30 15.58 15.71 15.33 15.59 3104794 49865816.00
2024/05/06 15.77 16.35 15.77 16.24 5056283 84626376.00
2024/05/07 16.55 16.89 16.34 16.48 5192228 88845928.00
2024/05/08 16.50 16.79 16.35 16.53 4263500 72978544.00
2024/05/09 16.47 16.82 16.39 16.72 3612400 62237168.00
2024/05/10 16.72 16.80 16.30 16.31 3070450 52169576.00
2024/05/13 16.23 16.28 15.80 15.83 2747300 45366788.00
2024/05/14 15.78 16.06 15.78 15.89 1786635 29483060.00
2024/05/15 15.92 15.99 15.49 15.54 2157021 34886188.00
2024/05/16 15.61 15.65 15.35 15.41 2337500 37522592.00
2024/05/17 15.44 15.61 15.32 15.55 2189500 35019752.00
2024/05/20 15.82 15.82 15.48 15.49 2437900 39362852.00
2024/05/21 15.49 15.51 15.28 15.31 1972900 31349792.00
2024/05/22 15.31 15.54 15.30 15.46 1662200 26558870.00
2024/05/23 15.45 15.45 14.92 14.94 2284800 35778176.00
2024/05/24 14.86 15.04 14.74 14.76 1873853 28833174.00
2024/05/27 14.60 14.88 14.44 14.88 2324698 35246444.00
2024/05/28 14.80 14.92 14.66 14.74 1633135 25013436.00
2024/05/29 14.74 14.97 14.69 14.81 1435400 21647216.00
2024/05/30 14.68 14.92 14.60 14.76 1410235 21173190.00
2024/05/31 14.75 15.07 14.75 15.00 1684600 25656426.00
2024/06/03 15.09 15.10 14.55 14.65 2023144 30298086.00
2024/06/04 14.59 14.64 14.33 14.47 1797551 26440530.00
2024/06/05 14.48 14.61 14.33 14.35 1409500 20771956.00
2024/06/06 14.35 14.44 13.52 13.58 3562845 50202816.00
2024/06/07 13.82 14.04 13.78 13.97 2271339 32230066.00
2024/06/11 13.95 14.25 13.77 14.20 1530800 21855832.00
2024/06/12 14.16 14.45 14.16 14.21 1459470 21212072.00
2024/06/13 14.25 14.27 13.90 14.06 1647300 23571040.00
2024/06/14 13.94 14.05 13.71 13.75 2405540 33845396.00
2024/06/17 13.68 13.78 13.57 13.70 1606126 22396110.00
2024/06/18 13.70 13.84 13.63 13.75 1219755 17091676.00
2024/06/19 13.77 13.91 13.57 13.60 1398700 19488350.00
2024/06/20 13.57 13.81 13.25 13.30 2003100 27582688.00
2024/06/21 13.29 13.53 13.20 13.34 1586631 21617100.00
2024/06/24 13.25 13.33 12.71 12.72 2309125 30360408.00
2024/06/25 12.78 12.93 12.71 12.82 1501700 19644040.00
2024/06/26 12.82 13.32 12.76 13.32 2234270 29661904.00
2024/06/27 13.23 13.36 13.02 13.02 1697300 22759298.00
2024/06/28 12.99 13.20 12.80 12.82 2039337 27090638.00
2024/07/01 12.82 12.85 12.33 12.67 2740448 35095496.00
2024/07/02 12.75 12.87 12.63 12.78 1881212 24505164.00
2024/07/03 12.80 12.87 12.70 12.74 1657518 21592876.00
2024/07/04 12.74 12.75 12.16 12.22 2300970 29086428.00
2024/07/05 12.23 12.92 12.08 12.84 2880032 36895716.00
2024/07/08 12.85 12.93 12.29 12.36 2196769 28070770.00
2024/07/09 12.28 12.45 11.97 12.34 2337590 29190852.00
2024/07/10 12.28 12.53 12.16 12.28 1650400 20843984.00
2024/07/11 12.58 12.91 12.51 12.84 2775497 36116380.00
2024/07/12 12.87 13.01 12.81 12.85 1494400 19631176.00
2024/07/15 12.85 12.93 12.50 12.54 1643498 21131290.00
2024/07/16 12.54 12.62 12.41 12.53 1266502 16154038.00
2024/07/17 12.52 12.70 12.47 12.60 1512002 19419620.00
2024/07/18 12.54 12.62 12.32 12.60 1918281 24472242.00
2024/07/19 12.60 12.75 12.51 12.66 1428301 18404476.00
2024/07/22 12.61 12.86 12.59 12.79 1769780 23022390.00
2024/07/23 12.80 12.80 12.50 12.52 1818919 23445426.00
2024/07/24 12.54 12.54 12.13 12.15 1761484 22071700.00
2024/07/25 12.08 12.38 11.98 12.19 1627100 20259260.00
2024/07/26 12.27 12.40 12.20 12.33 1110000 13937527.00
2024/07/29 12.38 12.40 12.15 12.16 1228307 15312243.00
2024/07/30 12.12 12.32 12.12 12.26 1382800 17260606.00
2024/07/31 12.26 12.86 12.19 12.86 3092666 39817616.00
2024/08/01 12.81 13.00 12.71 12.81 1950912 25580540.00
2024/08/02 12.67 13.22 12.67 12.89 3177534 42199692.00
2024/08/05 12.80 13.11 12.63 12.63 2650600 34776220.00
2024/08/06 12.73 13.15 12.73 13.15 3514300 46555024.00
2024/08/07 13.07 13.17 12.87 12.97 2062800 27257852.00
2024/08/08 12.96 13.21 12.89 13.06 2209094 29466780.00
2024/08/09 13.10 13.20 12.85 12.88 1944400 25825580.00
2024/08/12 12.84 13.27 12.84 13.12 3986459 53353908.00
2024/08/13 13.04 13.07 12.82 13.01 2308300 30385564.00
2024/08/14 12.96 13.08 12.82 12.93 2032000 26790148.00
2024/08/15 12.90 13.14 12.85 13.00 2338998 31010028.00
2024/08/16 12.99 13.38 12.81 13.29 4221349 56508048.00
2024/08/19 13.30 13.40 13.07 13.13 3017766 40582688.00
2024/08/20 13.13 13.13 12.80 12.84 2305716 30341678.00
2024/08/21 12.86 12.86 12.54 12.55 2123200 27423672.00
2024/08/22 12.55 12.64 12.22 12.26 1784500 22576328.00
2024/08/23 12.32 12.39 11.97 12.02 1918182 23690162.00
2024/08/26 11.97 12.25 11.87 12.22 1887984 23361888.00
2024/08/27 12.16 12.36 12.07 12.07 1596284 19849494.00
2024/08/28 12.10 12.31 11.95 12.27 1698100 21109686.00
2024/08/29 12.26 12.75 12.21 12.71 2587098 33092418.00
2024/08/30 12.55 13.05 12.50 12.83 3099898 40573556.00
2024/09/02 12.78 12.93 12.58 12.62 2166190 28193296.00
2024/09/03 12.56 12.87 12.50 12.64 1707000 22094020.00
2024/09/04 12.62 12.82 12.56 12.65 1415200 18356220.00
2024/09/05 12.65 12.90 12.63 12.87 1597400 20884860.00
2024/09/06 12.86 12.91 12.53 12.53 1530598 19791728.00
2024/09/09 12.78 13.05 12.60 12.72 3626400 47501568.00
2024/09/10 12.72 12.88 12.41 12.69 2642298 33932620.00
2024/09/11 12.63 12.73 12.55 12.61 1341898 17289460.00
2024/09/12 12.59 12.92 12.55 12.77 2323900 30346950.00
2024/09/13 12.74 12.78 12.47 12.47 1504928 19330312.00
2024/09/18 12.49 12.60 12.14 12.21 1683500 21011952.00
2024/09/19 12.27 12.61 12.20 12.49 1574700 19959776.00
2024/09/20 12.50 12.50 12.16 12.18 2215700 27715720.00
2024/09/23 12.20 12.37 12.16 12.20 1256200 15692752.00
2024/09/24 12.24 12.61 12.23 12.61 2888420 36728376.00
2024/09/25 12.75 13.04 12.74 12.82 3660446 48202500.00
2024/09/26 12.76 13.29 12.71 13.29 3978500 52715212.00
2024/09/27 13.45 14.46 13.45 14.19 7248770 102800840.00
2024/09/30 14.75 16.64 14.74 16.35 15149197 241574464.00
2024/10/08 19.04 19.29 17.11 18.49 19190500 357684928.00
2024/10/09 17.75 18.08 16.38 16.39 12267134 214761536.00
2024/10/10 16.64 17.37 16.46 16.51 9339503 159804512.00
2024/10/11 16.45 16.57 15.28 15.49 6446607 103663848.00
2024/10/14 15.61 15.82 15.12 15.81 6172107 97232688.00
2024/10/15 15.75 16.02 15.38 15.40 5301400 84618176.00
2024/10/16 15.21 15.62 15.11 15.25 4586600 71577408.00
2024/10/17 15.37 15.56 15.22 15.23 3696970 57829632.00
2024/10/18 15.18 16.25 15.15 15.79 7258314 115498736.00
2024/10/21 15.79 16.16 15.73 15.86 5887212 95258424.00
2024/10/22 15.93 16.11 15.77 16.00 4495311 72834336.00
2024/10/23 15.77 15.90 15.55 15.64 7161667 114266136.00
2024/10/24 15.63 15.81 15.50 15.62 3535567 56292552.00
2024/10/25 15.63 16.08 15.56 16.01 5875876 94716760.00
2024/10/28 16.02 16.42 15.87 16.39 5912243 97072192.00
2024/10/29 16.68 16.70 15.65 15.77 7354446 120019120.00
2024/10/30 15.64 15.81 15.29 15.53 4331620 68460360.00
2024/10/31 15.55 15.83 15.46 15.72 3760955 59854672.00
2024/11/01 15.65 15.74 15.12 15.21 4990282 77757256.00
2024/11/04 15.27 15.58 15.26 15.57 2949977 46417936.00
2024/11/05 15.52 15.96 15.45 15.93 5118805 82209872.00
2024/11/06 15.99 16.30 15.83 16.03 6123348 99916240.00
2024/11/07 15.89 16.56 15.87 16.54 6439131 106910352.00
2024/11/08 16.73 16.92 16.45 16.50 6798835 114858280.00
2024/11/11 16.38 16.93 16.38 16.93 6091228 103332656.00
2024/11/12 16.98 17.64 16.83 17.00 9822436 171739664.00
2024/11/13 17.00 17.24 16.38 16.64 7894502 133754200.00
2024/11/14 16.65 16.68 15.91 15.94 6987297 114903856.00
2024/11/15 15.95 16.04 15.42 15.45 6065332 96992768.00
2024/11/18 15.45 15.60 14.95 15.02 7842220 121138864.00
2024/11/19 15.10 15.35 14.96 15.34 5561349 85897632.00
2024/11/20 15.34 15.83 15.29 15.79 5675605 90077144.00
2024/11/21 15.78 15.83 15.47 15.64 4111388 65329800.00
2024/11/22 15.67 15.71 14.83 14.87 5619710 87021016.00
2024/11/25 14.96 15.22 14.87 15.17 4251876 65052964.00
2024/11/26 15.11 15.44 14.97 15.04 3550461 54821612.00
2024/11/27 15.03 15.26 14.59 15.23 4625586 70066976.00
2024/11/28 15.23 15.32 15.12 15.14 3483337 53881488.00
2024/11/29 15.14 15.41 15.04 15.32 4631517 71934504.00
2024/12/02 15.34 15.90 15.32 15.87 5663101 90116784.00
2024/12/03 15.82 15.86 15.53 15.74 3874188 61731128.00
2024/12/04 15.70 15.72 15.33 15.40 3392900 53567648.00
2024/12/05 15.40 15.59 15.35 15.53 2525900 39762000.00
2024/12/06 15.51 15.85 15.47 15.84 4616000 73694392.00
2024/12/09 15.93 16.06 15.68 15.80 3893200 62779656.00
2024/12/10 16.34 16.41 15.85 15.86 5450649 89033328.00
2024/12/11 15.81 16.07 15.81 16.02 3355800 54505584.00
2024/12/12 16.02 16.18 15.92 16.16 3842510 62768272.00
2024/12/13 16.10 16.10 15.70 15.70 4791518 77287576.00
2024/12/16 15.77 16.26 15.72 15.94 6507604 105782096.00
2024/12/17 15.90 15.94 15.34 15.40 5208300 82446144.00
2024/12/18 15.42 15.55 15.19 15.22 4120100 64126832.00
2024/12/19 15.09 15.20 14.81 15.12 3781477 57683672.00
2024/12/20 15.12 15.31 15.09 15.14 2528700 39061264.00
2024/12/23 15.14 15.26 14.47 14.54 4381100 65511276.00
2024/12/24 14.46 14.69 14.35 14.44 3183900 46889144.00
2024/12/25 14.59 14.72 14.08 14.19 4170700 60483744.00
2024/12/26 14.17 14.34 14.09 14.13 2502500 36150712.00
2024/12/27 14.19 14.54 14.03 14.34 3382701 49387080.00
2024/12/30 14.35 14.47 14.03 14.12 2945100 42366784.00
2024/12/31 14.12 14.20 13.69 13.69 3513500 49684784.00
2025/01/02 13.69 13.78 13.14 13.27 3947500 54319224.00
2025/01/03 13.35 13.46 12.83 12.89 5203246 69655904.00
2025/01/06 12.96 13.43 12.77 13.17 5262472 70524824.00
2025/01/07 13.16 13.18 12.91 13.15 3685454 49094300.00
2025/01/08 13.21 13.33 12.79 13.15 4188100 55959200.00
2025/01/09 13.14 13.47 13.00 13.14 4060623 54562352.00
2025/01/10 13.13 13.19 12.63 12.68 3433400 45183380.00
2025/01/13 12.61 12.88 12.41 12.84 2948100 38197396.00
2025/01/14 12.92 13.29 12.90 13.28 3922400 52475084.00
2025/01/15 13.27 13.27 13.07 13.15 3124823 41846340.00
2025/01/16 13.20 13.43 13.07 13.13 2909300 39250256.00
2025/01/17 13.16 13.31 13.01 13.22 2676757 35905624.00
2025/01/20 13.01 13.12 12.76 13.04 3854888 51011936.00
2025/01/21 13.09 13.14 12.85 12.96 2330301 30754644.00
2025/01/22 12.90 12.95 12.63 12.71 2797682 36368584.00
2025/01/23 12.89 13.08 12.80 12.82 3707701 48992492.00
2025/01/24 12.75 12.91 12.70 12.86 2712684 35449504.00
2025/01/27 12.95 13.19 12.75 12.75 3361700 44458936.00
2025/02/05 12.90 13.15 12.85 13.10 3487547 46347188.00
2025/02/06 13.07 13.30 12.96 13.30 3253823 43655644.00
2025/02/07 13.28 13.65 13.25 13.52 5244756 72115336.00
2025/02/10 13.55 14.11 13.54 13.90 5287400 74299344.00
2025/02/11 13.90 13.95 13.58 13.74 4300262 59988256.00
2025/02/12 13.75 13.85 13.65 13.82 3320539 46463744.00
2025/02/13 13.85 13.86 13.65 13.71 2971700 41527224.00
2025/02/14 13.67 14.36 13.67 14.18 7222727 103934376.00
2025/02/17 14.30 15.10 14.23 14.69 10169892 152364096.00
2025/02/18 14.62 14.68 14.02 14.04 6008540 87361688.00
2025/02/19 14.04 14.32 13.89 14.20 4711528 67759552.00
2025/02/20 14.18 14.65 14.16 14.36 5245326 77011208.00
2025/02/21 14.40 14.69 14.14 14.37 5204330 75931312.00
2025/02/24 14.35 14.43 13.95 14.14 4772962 68803752.00
2025/02/25 13.95 14.09 13.86 14.01 3521500 50175160.00
2025/02/26 14.03 14.14 13.92 14.14 3576325 51091624.00
2025/02/27 14.15 14.27 13.89 14.10 3677439 52733648.00
2025/02/28 14.06 14.18 13.67 13.70 3607620 50937428.00
2025/03/03 13.71 14.08 13.67 13.86 3127800 44365032.00
2025/03/04 13.80 14.11 13.78 14.09 2910844 41521116.00
2025/03/05 14.10 14.13 13.73 13.92 3147031 44458136.00
2025/03/06 13.97 14.28 13.88 14.27 4788198 68933144.00
2025/03/07 14.24 14.29 13.99 14.05 3665545 52707848.00
2025/03/10 14.43 14.78 14.33 14.43 7134325 105388264.00
2025/03/11 14.25 14.46 14.19 14.37 3859065 56178616.00
2025/03/12 14.37 14.47 14.13 14.14 4175249 60417384.00
2025/03/13 14.15 14.19 13.81 14.00 3754488 53420156.00
2025/03/14 14.00 14.47 13.94 14.47 5344031 77450176.00
2025/03/17 14.49 14.57 14.31 14.44 3230069 47361324.00
2025/03/18 14.46 14.63 14.41 14.45 3540746 52217552.00
2025/03/19 14.46 14.55 14.31 14.39 3136200 46040964.00
2025/03/20 14.34 14.41 14.19 14.19 2976900 43193060.00
2025/03/21 14.17 14.25 13.89 13.93 3419000 48876656.00
2025/03/24 13.93 14.01 13.37 13.59 4219300 58612220.00
2025/03/25 13.59 13.73 13.45 13.67 3053713 42280628.00
2025/03/26 13.64 14.00 13.61 13.90 3352122 47230740.00
2025/03/27 13.89 14.04 13.59 14.00 3722651 52593224.00
2025/03/28 13.91 14.23 13.87 13.89 2895285 41387516.00
2025/03/31 13.82 13.85 13.41 13.51 3277600 45354188.00
2025/04/01 13.57 14.25 13.57 13.99 5214119 74427272.00
2025/04/02 13.96 14.45 13.87 14.29 5955906 86183824.00
2025/04/03 14.29 14.91 14.20 14.33 7182516 106183568.00
2025/04/07 13.75 13.93 11.42 11.68 10936167 139801392.00
2025/04/08 11.76 12.68 11.76 12.26 7951632 99518528.00
2025/04/09 12.14 12.47 11.33 12.33 6795071 82923224.00
2025/04/10 12.69 12.99 12.58 12.82 6186957 80751600.00
2025/04/11 12.66 12.89 12.52 12.60 4106903 53118484.00
2025/04/14 12.75 12.88 12.65 12.71 3128200 40626900.00
2025/04/15 12.71 12.85 12.56 12.80 2935300 38022540.00
2025/04/16 12.68 12.77 12.26 12.46 4193235 53325408.00
2025/04/17 12.36 12.57 12.36 12.43 2396235 30491298.00
2025/04/18 12.44 12.60 12.24 12.35 2070900 26141312.00
2025/04/21 12.40 12.60 12.26 12.59 2612218 33350242.00
2025/04/22 12.55 12.66 12.45 12.60 2629459 33658316.00
2025/04/23 12.60 12.78 12.48 12.51 2715200 34797072.00
2025/04/24 12.54 12.69 12.36 12.52 3033400 38807056.00
2025/04/25 12.54 12.66 12.39 12.40 2527100 32233140.00
2025/04/28 12.36 12.40 12.08 12.16 2899788 36098548.00
2025/04/29 12.79 13.25 12.69 13.01 10658885 141463952.00
2025/04/30 13.15 13.80 13.07 13.35 7649131 105151208.00
2025/05/06 13.45 13.70 13.41 13.67 5939013 82140672.00
2025/05/07 13.72 13.97 13.50 13.58 5851443 81739040.00
2025/05/08 13.51 13.83 13.43 13.72 4343900 60596784.00
2025/05/09 13.43 13.45 13.18 13.33 5041868 68419568.00
2025/05/12 13.35 13.63 13.30 13.62 3883537 53319128.00
2025/05/13 13.75 13.84 13.56 13.73 3341900 46544824.00
2025/05/14 13.78 13.87 13.57 13.73 2860400 39884912.00
2025/05/15 13.75 13.92 13.67 13.84 3807600 53551828.00
2025/05/16 13.72 13.83 13.64 13.73 2810600 39215880.00
2025/05/19 13.71 13.86 13.61 13.84 2668300 37351448.00
2025/05/20 13.84 14.13 13.84 14.00 3017500 43052240.00
2025/05/21 14.03 14.09 13.91 13.95 2508400 35712728.00
2025/05/22 13.81 13.98 13.66 13.77 3015180 42364888.00
2025/05/23 13.78 14.02 13.78 13.78 3028300 42862048.00
2025/05/26 13.78 13.80 13.58 13.76 2400800 33506184.00
2025/05/27 13.76 13.96 13.69 13.95 2977364 42064268.00
2025/05/28 13.98 14.00 13.75 13.79 2329813 32806380.00
2025/05/29 13.86 14.37 13.72 14.35 4855056 69919568.00
2025/05/30 14.30 14.60 14.25 14.30 5735056 82591040.00
2025/06/03 14.27 14.53 14.18 14.47 4591008 66162404.00
2025/06/04 14.46 14.55 14.26 14.37 4047913 58069072.00
2025/06/05 14.40 14.44 14.11 14.24 3918152 55735480.00
2025/06/06 14.16 14.32 13.99 14.08 3356000 47309260.00
2025/06/09 14.17 14.47 14.11 14.39 4470822 64251240.00
2025/06/10 14.47 14.65 14.23 14.40 5068700 73269000.00
2025/06/11 14.37 14.52 14.24 14.27 3849135 55306036.00
2025/06/12 14.26 14.29 14.11 14.22 3966775 56296464.00
2025/06/13 14.16 14.32 13.90 13.93 5531052 77575560.00
2025/06/16 13.97 13.99 13.75 13.80 5235433 72605184.00
2025/06/17 13.91 14.24 13.71 13.77 6522668 90939376.00
2025/06/18 13.84 13.85 13.51 13.63 3916000 53366636.00
2025/06/19 13.62 13.62 13.37 13.39 3836700 51728360.00
2025/06/20 13.40 13.55 13.37 13.39 3357600 45173168.00
2025/06/23 13.32 13.81 13.32 13.80 3859800 52521420.00
2025/06/24 13.78 14.00 13.77 13.99 2942666 40972692.00
2025/06/25 13.95 14.12 13.87 14.05 3310900 46355788.00
2025/06/26 14.05 14.06 13.87 13.94 2568160 35883116.00
2025/06/27 13.93 14.10 13.92 14.00 2669800 37403512.00
2025/06/30 14.02 14.35 13.98 14.34 4070300 57838808.00
2025/07/01 14.39 14.65 14.34 14.55 6032035 87537888.00
2025/07/02 14.56 14.64 14.42 14.57 4875100 70826688.00
2025/07/03 14.58 14.68 14.49 14.58 3180486 46403856.00
2025/07/04 14.58 14.70 14.48 14.51 3744400 54531500.00
2025/07/07 14.51 14.86 14.42 14.62 3680900 53870452.00
2025/07/08 14.59 15.00 14.52 14.85 6430341 95485832.00
2025/07/09 14.84 14.95 14.75 14.82 4349300 64532136.00
2025/07/10 14.83 15.05 14.75 14.90 4210800 62875608.00
2025/07/11 14.90 15.09 14.84 14.94 3401400 50841956.00
2025/07/14 14.98 15.04 14.87 15.00 3540235 52979912.00
2025/07/15 14.99 15.04 14.70 14.92 4917635 72931080.00
2025/07/16 14.91 15.02 14.84 15.00 2889200 43152720.00
2025/07/17 15.00 15.42 14.95 15.31 6421895 97953960.00
2025/07/18 15.30 15.30 15.00 15.17 3889100 58769972.00
2025/07/21 15.12 15.33 15.11 15.32 3404800 51889816.00
2025/07/22 15.28 15.40 15.13 15.20 4438699 67669112.00
2025/07/23 15.20 15.30 15.05 15.08 4464400 67738816.00
2025/07/24 15.23 15.83 15.18 15.68 8742021 135579392.00
2025/07/25 16.21 18.82 16.21 18.82 30351190 551457024.00
2025/07/28 18.02 20.08 18.00 19.52 59303644 1123468928.00
2025/07/29 19.13 19.78 18.55 18.68 36353740 685766080.00
2025/07/30 18.71 21.54 18.71 20.48 50060724 1022274624.00
2025/07/31 20.48 21.06 19.88 20.70 42232664 864647808.00
2025/08/01 20.27 20.50 19.74 19.80 28478192 571386112.00
2025/08/04 19.53 20.85 19.16 20.54 24130084 487616192.00
2025/08/05 20.20 20.54 19.50 19.51 27617014 548678656.00
2025/08/06 19.55 19.75 19.05 19.19 18179548 350567552.00
2025/08/07 19.35 19.91 19.10 19.81 21755046 425092064.00
2025/08/08 20.25 20.30 17.90 18.10 32695640 612219200.00
2025/08/11 17.86 18.68 17.85 18.52 18411216 339433568.00
2025/08/12 18.60 19.38 18.39 18.49 16625316 312410464.00
2025/08/13 18.40 18.63 18.18 18.52 12422600 228918800.00
2025/08/14 18.60 18.72 18.05 18.12 11053206 202295312.00
2025/08/15 18.39 18.53 18.14 18.34 8877345 162489936.00
2025/08/18 18.90 19.48 18.64 18.82 19589716 370921216.00
2025/08/19 18.83 19.07 18.53 18.62 12862118 241658176.00
2025/08/20 18.36 18.50 18.00 18.26 11192702 203486848.00
2025/08/21 18.29 18.33 18.05 18.26 7911448 144112032.00
2025/08/22 18.23 18.30 18.01 18.25 8603615 156312928.00
2025/08/25 18.25 18.75 18.23 18.68 11401680 211416528.00
2025/08/26 18.60 18.64 18.34 18.39 8046360 148582016.00
2025/08/27 18.44 18.48 17.57 17.57 11655850 210207328.00
2025/08/28 17.50 17.75 16.94 17.62 10825939 188079248.00
2025/08/29 17.45 17.58 17.14 17.25 9874062 171095984.00
2025/09/01 17.39 17.53 17.25 17.30 6986800 121318736.00
2025/09/02 17.27 17.31 16.70 16.95 8599973 145693888.00
2025/09/03 17.00 17.09 16.58 16.67 5217800 87641096.00
2025/09/04 16.67 16.94 16.26 16.46 6229500 103432544.00
2025/09/05 16.46 16.70 16.26 16.70 7161891 118456880.00
2025/09/08 16.70 17.15 16.62 17.12 8861700 150481072.00
2025/09/09 17.12 17.12 16.70 16.86 6400600 108062680.00
2025/09/10 16.82 17.07 16.77 16.95 4777171 80758168.00
2025/09/11 16.95 17.36 16.64 17.27 7467400 127572896.00
2025/09/12 17.21 17.67 17.21 17.40 9048130 157883104.00
2025/09/15 17.40 17.44 17.19 17.26 4580009 79130408.00
2025/09/16 17.32 17.40 17.17 17.39 4439721 76828816.00
2025/09/17 17.39 17.41 17.13 17.15 4611498 79349280.00
2025/09/18 17.22 17.39 16.70 16.84 6976319 118947552.00
2025/09/19 16.78 16.93 16.46 16.61 5498974 91387376.00
2025/09/22 16.57 16.90 16.52 16.66 3702699 61711072.00
2025/09/23 16.61 16.70 16.00 16.36 6231038 101158880.00
2025/09/24 16.36 16.56 16.26 16.48 4024600 66305648.00
2025/09/25 16.46 16.62 16.25 16.29 4258820 69942920.00
2025/09/26 16.29 16.43 16.11 16.21 3124032 50870924.00
2025/09/29 16.19 16.33 15.91 16.27 3883014 62776652.00
2025/09/30 16.31 16.46 16.25 16.37 3728724 61040152.00
2025/10/09 16.46 16.46 16.15 16.31 3859890 62829484.00
2025/10/10 16.34 16.67 16.25 16.40 5181608 85297904.00
2025/10/13 15.60 16.18 15.31 16.15 7596800 120445632.00
2025/10/14 16.15 16.35 15.98 16.03 5411783 87373808.00
2025/10/15 16.07 16.47 15.98 16.32 6814400 111043376.00
2025/10/16 16.30 16.50 16.16 16.20 4180600 68104592.00
2025/10/17 16.15 16.32 15.85 15.86 4167700 66823472.00
2025/10/20 15.96 16.10 15.91 16.06 3235200 51813216.00
2025/10/21 16.16 16.32 16.01 16.32 3749626 60754632.00
2025/10/22 16.30 16.41 16.22 16.22 2882200 46970740.00
2025/10/23 16.19 16.29 15.95 16.25 4119075 66352632.00
2025/10/24 16.25 16.42 16.20 16.29 4739200 77173584.00
2025/10/27 16.40 16.41 16.14 16.22 3736200 60588404.00
2025/10/28 16.28 16.51 16.16 16.41 5345500 87632344.00
2025/10/29 16.36 16.69 16.17 16.54 6517551 106963632.00
2025/10/30 16.37 16.45 16.05 16.05 6540995 106064000.00
2025/10/31 16.05 16.47 16.04 16.44 5930147 97032696.00
2025/11/03 16.52 16.54 16.33 16.53 3543304 58277704.00
2025/11/04 16.53 16.53 16.33 16.41 3406215 55852452.00
2025/11/05 16.32 16.80 16.32 16.68 5698514 94747080.00
2025/11/06 16.65 16.70 16.46 16.51 3933800 65004600.00
2025/11/07 16.51 16.96 16.42 16.80 7679311 128968648.00
2025/11/10 16.94 17.59 16.78 17.52 12997877 224918768.00
2025/11/11 17.52 17.53 17.21 17.33 7029682 121829704.00
2025/11/12 17.28 17.56 17.13 17.50 7944235 138125600.00
2025/11/13 17.46 17.68 17.30 17.60 7760729 135864880.00
2025/11/14 17.48 17.76 17.42 17.54 5824923 102856688.00
2025/11/17 17.42 17.49 17.17 17.37 5503028 95349912.00
2025/11/18 17.42 18.10 17.34 17.59 9478556 168373312.00
2025/11/19 17.63 17.65 17.20 17.32 5717920 99490416.00
2025/11/20 17.30 17.40 16.87 16.99 6137039 104596840.00
2025/11/21 16.86 17.08 16.29 16.29 5930222 98248344.00
2025/11/24 16.40 16.63 16.33 16.56 3654200 60258276.00
2025/11/25 16.56 16.86 16.54 16.67 3502799 58709324.00
2025/11/26 16.65 17.27 16.61 16.68 5459200 92389856.00
2025/11/27 16.69 16.92 16.52 16.74 3853281 64380692.00
2025/11/28 16.63 16.74 16.46 16.50 4231100 69947128.00
2025/12/01 16.46 16.76 16.46 16.76 3829375 63748304.00
2025/12/02 16.80 16.92 16.46 16.46 3523700 58572252.00
2025/12/03 16.50 16.53 16.05 16.11 4366443 70656472.00
2025/12/04 16.10 16.11 15.68 15.83 4039555 64098116.00
2025/12/05 15.78 15.97 15.66 15.90 2576660 40732516.00
2025/12/08 15.93 16.08 15.80 15.82 3058815 48644024.00
2025/12/09 15.80 16.28 15.66 16.02 6177200 98237232.00
2025/12/10 15.90 15.93 15.50 15.51 5717119 89322256.00
2025/12/11 15.55 15.71 15.33 15.34 3268163 50390572.00
2025/12/12 15.35 15.44 15.26 15.44 2587186 39757448.00
2025/12/15 15.32 15.57 15.27 15.39 2476526 38231580.00
2025/12/16 15.39 15.47 15.19 15.43 3066859 47025328.00
2025/12/17 15.40 15.44 15.11 15.35 2985159 45606944.00
2025/12/18 15.30 15.60 15.27 15.51 2760802 42841232.00
2025/12/19 15.48 15.63 15.48 15.59 2881790 44861952.00
2025/12/22 15.56 15.64 15.51 15.58 2362859 36770464.00
2025/12/23 15.55 15.57 15.24 15.28 2453200 37756628.00
2025/12/24 15.28 15.37 15.22 15.37 1904684 29158884.00
2025/12/25 15.34 15.46 15.31 15.44 1927795 29670126.00
2025/12/26 15.43 15.44 15.28 15.34 2222218 34159564.00
2025/12/29 15.30 15.35 15.15 15.17 2510618 38266420.00
2025/12/30 15.23 15.23 14.95 15.04 2706582 40811808.00
2025/12/31 15.06 15.08 14.88 15.00 2345623 35116864.00
2026/01/05 14.99 15.65 14.98 15.64 6952735 107544680.00
2026/01/06 15.68 15.90 15.64 15.78 6129376 96748696.00
2026/01/07 15.74 15.78 15.52 15.55 3775845 58999712.00
2026/01/08 15.62 15.92 15.49 15.80 4540694 71511200.00
2026/01/09 15.87 15.95 15.71 15.95 5255794 83272808.00
2026/01/12 15.94 16.26 15.90 16.22 6199445 100166736.00
2026/01/13 16.35 16.73 16.27 16.27 9993417 164972896.00
2026/01/14 16.28 16.73 16.05 16.30 9743732 160130960.00
2026/01/15 16.19 16.32 15.94 16.01 4768381 76617992.00
2026/01/16 16.04 16.15 15.72 15.81 4407397 69864880.00
2026/01/19 15.72 15.93 15.69 15.83 2926808 46320272.00
2026/01/20 15.78 15.92 15.52 15.63 4428961 69571464.00
2026/01/21 15.54 15.87 15.54 15.68 3180894 49989692.00
2026/01/22 15.69 15.94 15.64 15.87 3146893 49787384.00
2026/01/23 15.92 16.06 15.89 16.01 3860208 61683020.00
2026/01/26 16.14 16.66 16.06 16.44 10254695 167909360.00
2026/01/27 16.49 16.49 15.80 16.35 8532255 137854960.00
2026/01/28 16.34 16.36 15.90 15.92 5661937 90898168.00
2026/01/29 15.73 15.96 15.55 15.64 5280113 83073560.00
2026/01/30 15.65 15.80 15.36 15.43 4661187 72395256.00
2026/02/02 15.35 15.63 15.28 15.28 3331216 51521972.00
2026/02/03 15.33 15.59 15.31 15.53 2798748 43187024.00
2026/02/04 15.53 15.60 15.38 15.58 3217993 49863840.00
2026/02/05 15.56 15.68 15.50 15.52 2567959 40044984.00
2026/02/06 15.51 15.64 15.50 15.56 2244542 34982288.00
2026/02/09 15.60 15.69 15.54 15.67 2733969 42668548.00
2026/02/10 15.66 15.72 15.61 15.64 2265458 35519492.00
2026/02/11 15.60 15.64 15.45 15.47 2777000 43132372.00
2026/02/12 15.45 15.52 15.26 15.28 2530373 38831632.00
2026/02/13 15.27 15.38 15.15 15.15 1875031 28628654.00
2026/02/24 15.22 15.34 15.15 15.19 2105507 32036102.00
2026/02/25 15.23 15.38 15.19 15.33 2571050 39364940.00
#Ъ§ОнРДдД:ЭЈДяаХ
