300841 ПЕЛЊЩњЮя ШеЯп ЧАИДШЈ
      ШеЦк	    ПЊХЬ	    зюИп	    зюЕЭ	    ЪеХЬ	    ГЩНЛСП	    ГЩНЛЖю
2021/08/02 137.89 140.17 131.83 139.61 860190 182817520.00
2021/08/03 140.17 147.41 136.85 145.82 1388141 309954208.00
2021/08/04 143.50 143.50 138.83 139.36 1268658 275479936.00
2021/08/05 138.34 140.17 135.43 136.91 822328 175328496.00
2021/08/06 137.03 137.49 130.53 131.91 733471 150921280.00
2021/08/09 130.64 139.88 130.17 138.40 869856 184032144.00
2021/08/10 138.83 139.19 135.03 138.09 527036 111811480.00
2021/08/11 139.50 139.50 133.42 135.65 766736 160821600.00
2021/08/12 135.49 136.05 131.87 132.11 655694 135245728.00
2021/08/13 132.10 134.70 130.89 133.88 643558 132654552.00
2021/08/16 133.75 134.37 131.70 132.94 521072 107490512.00
2021/08/17 132.93 132.93 126.17 126.33 957748 192285744.00
2021/08/18 125.54 126.95 122.32 123.30 807265 155470784.00
2021/08/19 123.50 125.42 120.48 122.05 946611 180200640.00
2021/08/20 120.85 120.90 115.50 116.43 991017 181277968.00
2021/08/23 117.76 123.43 117.75 122.53 1012763 191608208.00
2021/08/24 122.95 123.51 119.83 120.17 743296 139596704.00
2021/08/25 120.17 122.69 118.83 122.23 598503 113074440.00
2021/08/26 122.16 122.17 116.92 117.55 755319 139616064.00
2021/08/27 117.55 119.21 116.17 116.54 655803 119400056.00
2021/08/30 116.10 117.02 113.50 115.21 828375 148480112.00
2021/08/31 116.11 116.11 110.24 111.23 834705 145989184.00
2021/09/01 110.19 116.41 110.19 113.63 888808 157290640.00
2021/09/02 116.17 121.23 114.55 117.03 1378034 255143104.00
2021/09/03 114.83 115.56 110.16 114.40 801357 141574752.00
2021/09/06 113.28 120.03 112.75 119.17 879398 160871312.00
2021/09/07 118.81 120.29 117.21 118.58 621349 114542920.00
2021/09/08 117.90 119.50 115.50 116.43 562150 102575016.00
2021/09/09 117.46 117.76 115.09 116.43 391572 70782056.00
2021/09/10 115.51 116.57 113.95 114.43 561398 100423112.00
2021/09/13 115.15 117.41 113.02 113.53 438643 78517088.00
2021/09/14 113.47 115.03 111.42 111.71 699650 122933192.00
2021/09/15 112.91 113.17 109.51 110.10 628900 108662864.00
2021/09/16 110.16 112.03 108.17 110.30 834580 143689312.00
2021/09/17 110.30 110.96 106.23 109.01 876742 148664064.00
2021/09/22 108.15 109.34 106.17 108.23 805300 134876592.00
2021/09/23 108.51 112.48 107.71 110.83 950851 163933984.00
2021/09/24 111.22 111.49 108.12 109.44 787292 134247584.00
2021/09/27 109.12 112.98 108.19 111.49 1019825 177216992.00
2021/09/28 111.50 111.57 107.72 108.17 865753 147172592.00
2021/09/29 107.42 107.99 104.83 105.58 667756 110531160.00
2021/09/30 105.58 107.14 104.67 106.70 459250 76026464.00
2021/10/08 106.17 109.97 105.50 108.74 640754 108209168.00
2021/10/11 109.37 121.03 108.85 120.63 2530425 458193920.00
2021/10/12 119.38 132.39 118.97 128.25 2865800 567468224.00
2021/10/13 128.17 131.07 125.90 129.51 1359780 271744832.00
2021/10/14 129.57 130.83 123.27 124.17 1390730 272507808.00
2021/10/15 125.49 127.13 120.95 123.29 979055 188290944.00
2021/10/18 124.17 124.27 116.69 118.13 1228875 226375632.00
2021/10/19 117.57 120.83 116.87 118.82 779688 144807088.00
2021/10/20 119.49 119.49 114.83 117.53 619678 113041008.00
2021/10/21 118.16 118.37 114.93 115.86 552693 99796992.00
2021/10/22 116.03 120.23 115.23 120.23 771437 142184864.00
2021/10/25 119.37 122.03 116.20 117.19 810265 148804416.00
2021/10/26 114.14 114.17 106.77 110.31 2150265 367713984.00
2021/10/27 108.84 109.23 105.50 105.52 1003109 166653616.00
2021/10/28 105.50 105.50 99.50 99.58 1278665 202642368.00
2021/10/29 101.49 104.33 100.91 101.97 992978 159339424.00
2021/11/01 102.77 103.73 99.57 103.18 661788 105413616.00
2021/11/02 102.51 104.15 100.17 100.29 624607 99685504.00
2021/11/03 102.38 104.46 101.50 102.92 700522 113072360.00
2021/11/04 103.15 104.99 102.33 103.92 658350 106998704.00
2021/11/05 103.67 110.56 103.03 107.05 1380273 231868224.00
2021/11/08 107.06 107.48 104.09 105.47 665742 109454208.00
2021/11/09 105.23 107.05 104.57 106.17 483050 80030872.00
2021/11/10 105.50 110.07 105.50 109.47 885679 149695440.00
2021/11/11 108.83 109.64 106.87 108.11 549620 92660600.00
2021/11/12 108.07 108.71 105.65 106.17 530950 88463984.00
2021/11/15 105.80 108.57 105.51 107.75 563552 94677568.00
2021/11/16 108.17 110.33 106.61 108.77 1020150 173486000.00
2021/11/17 108.77 108.83 105.89 107.40 743674 124242488.00
2021/11/18 107.59 107.86 104.37 104.85 654001 108220120.00
2021/11/19 105.63 107.13 105.20 106.13 477618 79321696.00
2021/11/22 105.89 106.77 104.22 104.94 613548 100720272.00
2021/11/23 104.91 106.83 104.57 105.82 648030 107293160.00
2021/11/24 106.42 109.29 105.37 108.80 1190458 200581104.00
2021/11/25 109.29 110.70 107.17 109.72 1013676 172592704.00
2021/11/26 108.83 112.15 108.50 109.49 954903 164226560.00
2021/11/29 109.53 113.17 107.83 109.53 1147322 197257232.00
2021/11/30 108.03 108.81 106.61 107.51 844050 141770368.00
2021/12/01 107.48 107.48 106.17 106.26 567300 94550160.00
2021/12/02 106.17 106.70 102.95 103.42 913610 149982064.00
2021/12/03 103.83 104.48 103.23 104.30 459566 74695624.00
2021/12/06 103.91 104.69 102.37 102.41 538200 86829728.00
2021/12/07 103.17 103.51 101.62 102.35 521920 83713784.00
2021/12/08 102.50 103.11 101.50 103.10 494357 79445232.00
2021/12/09 103.16 105.03 102.37 104.88 1025486 166919920.00
2021/12/10 105.42 113.50 104.89 109.35 1735650 297803968.00
2021/12/13 109.29 109.88 107.57 108.65 943752 160053136.00
2021/12/14 108.83 111.76 108.65 110.77 1039004 179015360.00
2021/12/15 110.83 111.35 108.85 108.93 851852 146313200.00
2021/12/16 108.79 109.41 107.16 107.53 582920 98101512.00
2021/12/17 108.03 111.47 106.71 110.71 1065282 182086912.00
2021/12/20 110.77 111.46 107.57 107.84 914980 156818016.00
2021/12/21 107.79 108.87 106.15 107.63 549916 92138696.00
2021/12/22 107.77 110.31 107.18 109.56 670744 114096480.00
2021/12/23 109.55 110.52 107.17 109.57 654450 110797408.00
2021/12/24 110.75 113.28 108.23 109.97 978270 169310848.00
2021/12/27 109.97 113.45 108.70 112.72 973864 168954400.00
2021/12/28 118.75 124.24 114.83 120.83 2902573 539566336.00
2021/12/29 118.86 120.83 115.50 115.50 1740439 320096416.00
2021/12/30 116.09 121.42 113.83 120.87 1630973 298864096.00
2021/12/31 122.17 143.63 121.50 137.31 4356856 901685312.00
2022/01/04 136.17 148.08 135.57 146.97 3818103 849431744.00
2022/01/05 147.43 160.75 147.07 148.01 4430675 1052106432.00
2022/01/06 147.50 160.17 144.38 157.89 3148589 757516672.00
2022/01/07 157.50 157.50 150.97 155.75 1769494 423267616.00
2022/01/10 154.17 166.80 146.50 163.16 2970372 725647872.00
2022/01/11 163.09 165.50 156.17 158.63 1572809 388890560.00
2022/01/12 158.63 172.08 158.63 169.22 2104110 543149440.00
2022/01/13 168.29 168.29 156.83 156.83 2095261 521934912.00
2022/01/14 155.37 164.50 154.83 158.05 1946810 479007584.00
2022/01/17 156.17 156.83 147.42 149.92 2839300 660487104.00
2022/01/18 150.69 151.15 145.89 148.35 2133736 488320416.00
2022/01/19 146.71 151.00 146.09 147.17 1556474 355880128.00
2022/01/20 148.21 149.03 144.17 145.01 1195591 270379968.00
2022/01/21 144.30 145.15 138.87 139.50 1129239 246983168.00
2022/01/24 139.05 141.82 135.63 140.38 1039710 225023856.00
2022/01/25 147.53 159.21 145.65 148.64 2567858 597724224.00
2022/01/26 152.17 153.49 140.17 141.49 1305678 292920800.00
2022/01/27 141.49 148.49 137.22 140.94 1126587 251196320.00
2022/01/28 141.94 151.35 140.24 145.16 1130415 254779360.00
2022/02/07 149.41 149.50 137.22 140.31 1074889 233853392.00
2022/02/08 140.31 142.10 132.54 137.61 996352 210840432.00
2022/02/09 137.23 139.96 135.70 138.49 700050 149703424.00
2022/02/10 136.89 141.75 136.05 138.94 597991 128819704.00
2022/02/11 138.83 138.83 127.37 133.50 1577019 321969280.00
2022/02/14 132.82 136.23 130.17 131.51 670927 138602384.00
2022/02/15 135.17 146.08 132.10 144.82 1498914 327833472.00
2022/02/16 147.02 147.50 139.17 142.83 912403 201912208.00
2022/02/17 143.99 146.07 140.13 140.55 470720 103106360.00
2022/02/18 139.87 141.44 138.30 140.57 381300 82563248.00
2022/02/21 139.71 141.23 138.17 140.17 545423 117951008.00
2022/02/22 138.09 139.41 132.83 137.83 957100 200519744.00
2022/02/23 137.99 147.13 136.88 143.91 880047 195518656.00
2022/02/24 143.60 145.36 137.24 138.83 913363 200027968.00
2022/02/25 140.39 150.37 140.17 148.83 1166323 264923792.00
2022/02/28 149.53 152.17 146.30 151.19 877903 202885648.00
2022/03/01 150.47 150.47 146.20 147.91 689323 157431136.00
2022/03/02 146.83 150.57 143.95 148.07 538122 122616712.00
2022/03/03 147.89 149.83 146.30 146.50 470454 107359416.00
2022/03/04 148.90 149.12 144.22 144.25 533350 120037456.00
2022/03/07 142.92 145.73 137.66 139.07 611800 133212032.00
2022/03/08 138.83 140.14 128.43 128.43 1048961 215818864.00
2022/03/09 128.63 130.17 119.25 123.42 1076529 207277408.00
2022/03/10 127.49 134.65 127.49 129.27 1204711 245737424.00
2022/03/11 127.50 130.71 124.17 129.81 1229363 244359520.00
2022/03/14 128.83 128.83 123.62 124.51 718889 140301808.00
2022/03/15 123.46 125.21 119.27 119.35 912200 173127776.00
2022/03/16 122.29 123.40 115.57 121.02 993373 183594736.00
2022/03/17 122.83 128.47 122.83 127.10 1394809 273659104.00
2022/03/18 128.15 128.15 123.42 125.09 858150 166460640.00
2022/03/21 125.10 129.57 123.85 126.28 695160 136024592.00
2022/03/22 125.37 125.37 118.53 121.19 1049097 197681808.00
2022/03/23 121.19 121.19 116.59 118.59 1090765 200594144.00
2022/03/24 118.17 119.15 115.83 119.13 767941 140985568.00
2022/03/25 119.09 122.74 117.18 117.47 850265 158248944.00
2022/03/28 113.50 114.83 110.17 111.78 1044650 182627504.00
2022/03/29 111.74 113.79 110.11 112.29 716250 125154696.00
2022/03/30 113.50 117.37 110.65 115.63 826161 147034496.00
2022/03/31 115.82 118.35 112.17 112.50 618197 110512488.00
2022/04/01 111.30 112.50 109.35 109.71 822520 141587152.00
2022/04/06 110.85 111.40 107.37 108.12 744524 126097952.00
2022/04/07 108.15 109.25 105.24 105.80 670615 111568368.00
2022/04/08 106.13 106.74 103.65 104.51 518174 85153976.00
2022/04/11 103.93 105.09 100.95 101.85 666445 107087856.00
2022/04/12 101.97 103.43 100.37 102.75 602739 96263568.00
2022/04/13 102.05 102.05 98.17 98.21 598842 93382760.00
2022/04/14 98.83 100.37 98.23 99.88 508250 79101520.00
2022/04/15 100.05 103.83 98.47 101.41 647127 102373968.00
2022/04/18 100.51 100.81 97.83 99.83 571900 88704608.00
2022/04/19 100.99 101.87 96.21 96.85 787102 121192688.00
2022/04/20 96.77 100.03 96.34 97.63 690806 106397696.00
2022/04/21 97.13 99.03 94.29 96.17 766404 115885320.00
2022/04/22 90.17 90.17 76.03 76.03 3299311 416447264.00
2022/04/25 70.27 76.61 70.27 72.13 2507386 294506816.00
2022/04/26 71.69 72.75 68.17 68.69 1670401 188242464.00
2022/04/27 68.16 72.63 67.35 72.35 1564161 174937472.00
2022/04/28 72.35 74.03 70.17 71.43 1125992 128801424.00
2022/04/29 71.50 75.03 70.50 73.95 1473239 171681744.00
2022/05/05 74.83 76.50 72.18 75.75 1073673 128368832.00
2022/05/06 74.03 76.15 73.38 75.98 775901 92563744.00
2022/05/09 75.54 76.83 74.83 75.89 587616 70891280.00
2022/05/10 74.83 76.98 73.99 76.17 749411 90243608.00
2022/05/11 76.84 79.95 75.21 76.99 1116292 138585504.00
2022/05/12 77.01 82.63 76.19 80.36 1716091 218892688.00
2022/05/13 81.49 83.49 79.21 79.61 1406795 179467296.00
2022/05/16 79.75 80.57 76.71 77.99 1256711 155536576.00
2022/05/17 78.75 78.82 75.67 77.15 1014786 124135696.00
2022/05/18 77.15 79.63 76.51 77.87 971202 120939040.00
2022/05/19 76.83 81.67 76.17 79.01 1427170 180044224.00
2022/05/20 82.35 82.51 77.97 81.63 1806643 229711520.00
2022/05/23 81.64 83.50 81.17 82.67 1507225 196693520.00
2022/05/24 83.15 83.31 79.03 79.09 1358620 173943984.00
2022/05/25 79.10 80.88 78.27 80.08 1261458 105260776.00
2022/05/26 80.09 88.16 78.11 83.68 3083985 269284512.00
2022/05/27 84.04 87.28 82.75 86.07 2691569 238317120.00
2022/05/30 87.07 89.70 85.85 89.25 2373282 217711664.00
2022/05/31 88.20 95.37 87.55 94.04 3091561 293231296.00
2022/06/01 99.50 101.30 91.40 92.79 4534072 442633696.00
2022/06/02 92.00 92.00 87.81 88.60 3931631 363692096.00
2022/06/06 86.78 90.06 86.72 88.89 2801078 257347968.00
2022/06/07 88.63 90.70 87.90 88.34 2847367 264700064.00
2022/06/08 88.67 90.61 86.68 89.52 2003067 185456592.00
2022/06/09 89.10 90.27 84.50 84.60 2114350 189051648.00
2022/06/10 84.60 85.62 82.62 85.33 2165744 189665104.00
2022/06/13 84.44 87.14 83.50 86.72 1535000 137288992.00
2022/06/14 85.65 86.69 82.38 86.50 1712398 151314720.00
2022/06/15 86.86 88.80 85.00 86.65 1470800 133095464.00
2022/06/16 86.42 89.35 86.09 88.00 1964912 180107728.00
2022/06/17 87.00 91.70 85.83 91.10 2298452 213137200.00
2022/06/20 90.74 92.50 89.63 91.30 2620214 248601632.00
2022/06/21 91.35 93.60 90.00 90.50 1892450 179906384.00
2022/06/22 90.50 91.49 86.70 88.43 2234178 205582768.00
2022/06/23 88.35 88.93 85.88 87.70 1275311 115797816.00
2022/06/24 87.85 91.85 87.51 91.49 2122475 198687920.00
2022/06/27 92.20 104.98 89.24 103.63 5804280 584766464.00
2022/06/28 103.56 109.37 100.30 106.31 5598684 606670592.00
2022/06/29 106.30 106.81 102.03 105.27 3576923 386586816.00
2022/06/30 105.39 116.97 105.28 111.94 4691014 544324032.00
2022/07/01 111.80 115.49 110.14 112.51 2501744 291911680.00
2022/07/04 112.30 116.46 109.76 114.77 2224066 262139360.00
2022/07/05 114.80 116.30 112.58 113.88 1682279 197850592.00
2022/07/06 112.89 113.98 108.34 109.80 2651487 302486880.00
2022/07/07 106.24 106.50 99.50 102.56 4468791 469620992.00
2022/07/08 103.71 104.36 99.52 101.45 2091145 219443760.00
2022/07/11 101.43 103.32 99.27 100.29 1447130 150766288.00
2022/07/12 101.26 101.27 94.76 96.81 1859948 187376896.00
2022/07/13 96.10 96.50 93.53 94.06 1256437 123081000.00
2022/07/14 94.06 100.93 94.03 98.46 1574290 159997776.00
2022/07/15 96.50 97.95 94.30 94.30 1341325 133282112.00
2022/07/18 93.56 97.00 92.25 95.79 1549625 152611776.00
2022/07/19 93.70 95.65 93.20 94.60 1285315 125688888.00
2022/07/20 95.15 98.00 95.15 97.68 1594050 160169536.00
2022/07/21 97.45 102.05 95.11 98.13 1834744 188066128.00
2022/07/22 98.13 98.90 93.46 94.22 1643551 162738496.00
2022/07/25 94.47 101.10 93.85 100.29 2409662 246747344.00
2022/07/26 99.97 100.50 96.50 96.81 1958215 198422128.00
2022/07/27 96.81 97.17 94.52 95.01 1274503 125895304.00
2022/07/28 95.20 96.96 94.38 94.78 1029170 101597544.00
2022/07/29 94.78 95.37 91.65 92.15 1227989 118301984.00
2022/08/01 92.15 94.76 90.00 94.69 1160475 111774040.00
2022/08/02 93.42 93.42 89.60 90.87 1266411 120110264.00
2022/08/03 90.61 93.94 90.61 91.00 963861 92484584.00
2022/08/04 92.50 92.50 89.80 90.61 832950 78738336.00
2022/08/05 90.60 93.37 90.55 93.29 856885 82306280.00
2022/08/08 93.75 95.98 92.65 94.78 1095856 106846208.00
2022/08/09 94.41 96.25 93.00 96.10 1294200 127397960.00
2022/08/10 95.45 96.13 93.33 94.82 936675 91845656.00
2022/08/11 94.83 99.20 94.17 98.00 1264108 127507136.00
2022/08/12 98.09 99.45 96.97 99.00 1001325 102011464.00
2022/08/15 99.00 107.52 98.00 106.56 2232607 238892960.00
2022/08/16 105.76 108.30 104.00 107.78 1331066 146803072.00
2022/08/17 106.89 107.15 101.26 102.96 2051017 218376896.00
2022/08/18 102.66 107.97 100.75 103.89 1755538 190549808.00
2022/08/19 104.44 106.70 100.51 101.50 1383350 146680096.00
2022/08/22 101.50 102.54 98.50 102.47 1055553 109905216.00
2022/08/23 101.87 105.50 101.50 105.26 1595493 171567728.00
2022/08/24 104.50 106.48 102.35 105.88 1798459 195498912.00
2022/08/25 105.88 106.48 103.13 106.30 1087370 118137440.00
2022/08/26 106.98 110.00 103.52 106.30 1211837 133836728.00
2022/08/29 104.45 106.45 100.80 105.67 1088667 117093864.00
2022/08/30 104.67 105.70 100.10 102.72 1363376 144286336.00
2022/08/31 102.91 104.09 100.47 101.07 792204 83212968.00
2022/09/01 101.00 103.28 98.60 99.07 771925 80326288.00
2022/09/02 99.09 101.18 97.50 99.79 806695 82609656.00
2022/09/05 99.50 100.75 94.78 96.53 988975 99081496.00
2022/09/06 96.90 96.90 94.50 96.17 660020 65297420.00
2022/09/07 95.55 98.00 95.06 96.16 479709 47954536.00
2022/09/08 96.09 96.97 94.90 95.30 493682 48966128.00
2022/09/09 95.88 97.27 94.88 96.88 438575 43814932.00
2022/09/13 96.87 97.65 95.70 96.00 397251 39680304.00
2022/09/14 95.03 95.03 91.61 92.20 787502 75903936.00
2022/09/15 92.99 93.30 89.25 91.90 770318 72956424.00
2022/09/16 91.24 91.86 88.29 90.50 748918 70059552.00
2022/09/19 90.51 91.10 88.10 91.06 646442 60192224.00
2022/09/20 91.39 91.39 88.32 89.34 841000 77960128.00
2022/09/21 89.15 90.00 87.50 89.70 769547 71052808.00
2022/09/22 88.40 91.00 88.19 89.52 756507 70561864.00
2022/09/23 90.10 90.49 87.60 89.06 648875 60140656.00
2022/09/26 88.49 89.00 86.38 87.90 475046 43349960.00
2022/09/27 87.90 89.69 86.50 89.50 724403 66490900.00
2022/09/28 87.94 90.12 85.18 85.50 1007774 91272712.00
2022/09/29 85.51 88.47 83.87 84.51 1010897 90861752.00
2022/09/30 84.72 85.74 83.10 83.10 468827 41076012.00
2022/10/10 83.10 83.72 79.55 79.86 491500 41726788.00
2022/10/11 79.85 82.50 78.77 81.55 667274 56415308.00
2022/10/12 81.50 81.55 78.00 80.77 786951 65299388.00
2022/10/13 80.00 83.70 79.52 82.27 964691 82994936.00
2022/10/14 83.07 87.84 82.23 86.63 1506575 134960928.00
2022/10/17 86.34 88.97 85.18 86.66 984285 89141760.00
2022/10/18 86.65 89.38 86.05 87.00 1196326 108993576.00
2022/10/19 86.76 88.20 83.80 84.08 830015 73325832.00
2022/10/20 83.65 85.07 82.50 82.51 942076 82135240.00
2022/10/21 82.51 84.30 81.22 83.98 939928 81309496.00
2022/10/24 84.08 87.00 82.71 83.99 1053765 92726968.00
2022/10/25 84.50 88.08 79.50 80.72 1583439 138290944.00
2022/10/26 82.00 88.78 80.96 87.70 2396825 213982736.00
2022/10/27 87.50 88.40 82.50 83.78 2462339 216535968.00
2022/10/28 83.77 92.37 81.98 91.32 3522085 326592736.00
2022/10/31 90.50 98.96 89.61 98.73 3664077 364857504.00
2022/11/01 98.01 100.37 94.55 99.12 2545302 256828512.00
2022/11/02 97.94 102.50 96.81 99.60 2348414 243743280.00
2022/11/03 97.51 99.08 96.00 98.30 1352133 136705024.00
2022/11/04 98.74 108.47 97.60 106.48 2389634 256196496.00
2022/11/07 105.49 107.61 102.39 102.83 1347071 145531328.00
2022/11/08 103.50 103.50 100.07 102.21 1103538 115496040.00
2022/11/09 101.27 102.09 99.56 100.78 922821 96167488.00
2022/11/10 100.46 102.38 99.61 100.53 759293 79232872.00
2022/11/11 103.50 104.47 97.50 97.50 1433329 149064752.00
2022/11/14 97.50 100.00 95.79 98.58 900064 91738072.00
2022/11/15 98.00 98.82 94.60 96.47 2422361 241694880.00
2022/11/16 96.26 98.80 95.55 97.21 1182392 119174480.00
2022/11/17 96.59 97.36 95.72 97.34 830611 83142448.00
2022/11/18 97.34 99.37 96.51 98.00 1196276 121315688.00
2022/11/21 96.70 99.83 94.90 98.79 995713 100594088.00
2022/11/22 98.38 99.50 93.50 93.95 1192504 118317264.00
2022/11/23 93.07 93.85 89.45 90.95 1143568 108012272.00
2022/11/24 91.30 92.45 89.60 90.37 828900 78219368.00
2022/11/25 90.05 90.52 88.08 88.68 907183 83939240.00
2022/11/28 87.21 89.68 86.50 87.61 897298 81756288.00
2022/11/29 87.44 90.82 87.22 90.12 1072193 99401080.00
2022/11/30 89.50 90.86 88.00 89.29 1001788 92628776.00
2022/12/01 90.02 90.78 87.80 88.50 1403527 130039472.00
2022/12/02 87.89 89.20 87.26 87.60 709597 64929448.00
2022/12/05 88.27 88.63 86.78 87.44 974821 88649080.00
2022/12/06 87.30 89.70 86.38 88.80 1076846 99081712.00
2022/12/07 89.09 90.60 87.51 89.98 1272428 118508600.00
2022/12/08 89.48 90.55 88.63 90.32 885320 82485488.00
2022/12/09 90.32 91.00 88.93 89.54 1590163 148650560.00
2022/12/12 90.30 94.39 90.30 93.42 2173404 209118288.00
2022/12/13 92.51 92.99 90.27 92.56 1043861 99225888.00
2022/12/14 86.50 87.92 81.52 85.65 2865798 252418624.00
2022/12/15 85.85 86.05 82.50 83.72 1597714 139562960.00
2022/12/16 83.50 83.72 82.15 82.50 1190948 102664112.00
2022/12/19 82.80 83.71 81.50 82.10 890650 76471608.00
2022/12/20 81.68 82.44 79.71 80.92 911855 76758240.00
2022/12/21 81.38 81.38 80.12 80.44 476775 40075444.00
2022/12/22 80.48 82.06 80.02 80.15 587473 49651452.00
2022/12/23 80.19 80.20 78.84 79.30 496008 41062408.00
2022/12/26 79.30 80.99 78.90 80.85 457750 38387108.00
2022/12/27 80.40 81.32 80.00 80.61 705525 59310108.00
2022/12/28 80.61 81.83 80.12 80.81 519990 43956480.00
2022/12/29 81.06 84.19 80.61 83.10 1392208 120223472.00
2022/12/30 83.09 83.30 80.16 81.12 1122718 95317056.00
2023/01/03 81.38 83.96 80.68 83.10 1050930 90765568.00
2023/01/04 83.00 84.22 82.65 83.39 616629 53543000.00
2023/01/05 83.10 86.37 82.95 86.03 1501062 133413128.00
2023/01/06 86.50 86.68 83.75 84.22 1621350 142754672.00
2023/01/09 84.14 86.00 83.15 83.85 1171400 102919528.00
2023/01/10 83.30 84.35 82.39 83.52 1301975 113029512.00
2023/01/11 83.49 86.49 82.01 84.10 3368438 295954304.00
2023/01/12 83.72 84.40 81.16 82.51 1264733 108780616.00
2023/01/13 83.20 87.72 83.00 84.95 3840266 340320640.00
2023/01/16 85.36 87.68 85.01 85.81 2912824 262137952.00
2023/01/17 86.00 86.47 84.80 85.30 1338375 119069344.00
2023/01/18 85.42 85.70 84.07 85.42 1149307 101681488.00
2023/01/19 84.97 88.34 84.58 87.19 1660404 150720416.00
2023/01/20 86.73 88.47 86.73 88.16 1337112 121829168.00
2023/01/30 88.27 90.12 87.53 87.89 2417420 222535184.00
2023/01/31 87.99 88.16 84.80 86.49 2115576 191013312.00
2023/02/01 87.62 96.38 87.62 95.98 6461945 622107648.00
2023/02/02 95.99 98.27 93.83 97.16 2789333 278987072.00
2023/02/03 96.53 98.58 95.22 97.86 2254104 227287968.00
2023/02/06 97.30 97.86 93.38 94.40 1766875 173709344.00
2023/02/07 94.70 95.26 93.21 94.22 979704 95494008.00
2023/02/08 94.08 94.47 91.20 91.56 1524150 146012000.00
2023/02/09 91.50 92.67 90.10 92.27 1422244 135264400.00
2023/02/10 92.31 92.51 90.27 91.20 1155831 109562960.00
2023/02/13 91.19 95.36 90.33 94.20 1999361 193170528.00
2023/02/14 94.20 95.08 92.70 92.89 1472805 142861136.00
2023/02/15 92.89 99.50 92.83 98.22 2988510 300294816.00
2023/02/16 98.22 99.22 95.75 95.93 1876463 190053936.00
2023/02/17 96.58 96.58 93.48 93.58 1408961 138466448.00
2023/02/20 94.10 94.65 91.30 93.60 1277073 122993216.00
2023/02/21 93.60 93.84 91.93 92.74 1240753 119289888.00
2023/02/22 92.50 94.88 92.04 92.80 1038481 100555536.00
2023/02/23 92.50 94.26 91.35 91.61 784691 75268664.00
2023/02/24 91.59 93.30 90.60 93.20 1090238 104240416.00
2023/02/27 92.90 93.50 91.16 91.76 890770 85056184.00
2023/02/28 92.33 93.85 91.11 92.38 778622 74416648.00
2023/03/01 94.86 97.49 93.73 95.80 2004911 198650128.00
2023/03/02 95.50 95.79 93.01 93.25 1324171 128993960.00
2023/03/03 93.45 95.49 92.62 94.31 932106 90931288.00
2023/03/06 93.75 94.31 92.03 93.87 1134043 109384840.00
2023/03/07 93.59 95.20 92.65 93.10 879654 85454048.00
2023/03/08 92.95 93.50 90.80 93.36 1126728 108002688.00
2023/03/09 93.07 95.08 92.56 94.54 980329 95690656.00
2023/03/10 93.99 96.19 93.13 94.15 1233230 120656504.00
2023/03/13 94.11 94.48 91.00 93.50 1216201 116930792.00
2023/03/14 93.21 93.83 91.41 92.67 833439 80030576.00
2023/03/15 92.85 93.74 91.91 92.36 690622 66453948.00
2023/03/16 91.52 92.64 87.98 88.37 1504587 140120720.00
2023/03/17 88.45 89.78 87.69 88.40 1089624 100362768.00
2023/03/20 88.39 88.50 85.91 87.25 882641 80085464.00
2023/03/21 86.67 90.77 86.67 90.50 1066380 98872928.00
2023/03/22 90.44 92.21 89.73 91.39 809639 76467952.00
2023/03/23 91.38 91.51 89.84 91.00 663087 62438152.00
2023/03/24 90.94 93.81 90.51 92.29 883960 85194128.00
2023/03/27 92.29 96.09 91.50 95.00 1355182 133077688.00
2023/03/28 94.60 95.49 92.82 94.07 1367293 133187432.00
2023/03/29 93.45 94.06 92.14 93.20 973189 94096096.00
2023/03/30 89.09 93.20 83.78 91.50 2949303 270366720.00
2023/03/31 92.15 92.16 88.21 89.10 1193372 111114000.00
2023/04/03 89.60 90.90 87.83 89.74 1219135 113226656.00
2023/04/04 88.50 91.18 87.61 90.70 1838301 171945680.00
2023/04/06 90.51 91.50 89.80 90.05 763465 71733376.00
2023/04/07 89.55 95.45 89.50 93.21 1902435 185140528.00
2023/04/10 92.30 96.18 92.30 94.14 1990380 195925072.00
2023/04/11 94.14 95.36 93.10 93.74 1034252 101004432.00
2023/04/12 93.68 95.04 92.62 94.37 895775 87174920.00
2023/04/13 94.28 101.11 93.26 99.25 2586799 262905024.00
2023/04/14 99.01 100.36 96.52 97.80 1606405 163445328.00
2023/04/17 97.50 98.41 96.68 97.20 767987 77367840.00
2023/04/18 96.55 97.08 94.33 95.42 1062601 105032536.00
2023/04/19 94.79 95.41 91.32 92.30 1506825 144694640.00
2023/04/20 92.35 92.64 90.10 90.39 725006 68496432.00
2023/04/21 90.11 91.57 87.50 87.50 1084596 100218672.00
2023/04/24 87.50 88.50 85.28 85.75 894874 80505576.00
2023/04/25 84.84 86.48 81.00 82.70 2061921 177749568.00
2023/04/26 82.48 84.03 82.10 83.69 953975 82766488.00
2023/04/27 83.66 83.73 80.32 82.30 1270149 108368720.00
2023/04/28 81.52 83.00 81.40 82.76 698424 59895144.00
2023/05/04 81.88 83.63 81.71 83.50 502684 43426552.00
2023/05/05 83.52 83.75 80.02 81.80 980249 83281432.00
2023/05/08 81.90 82.29 80.40 80.89 438891 37100600.00
2023/05/09 80.91 81.46 78.34 79.00 1015419 84195792.00
2023/05/10 78.50 82.25 78.01 81.29 1033550 87227472.00
2023/05/11 81.87 84.71 80.50 81.00 1157888 99766712.00
2023/05/12 80.94 81.94 79.30 80.02 531850 44595472.00
2023/05/15 79.43 81.30 79.18 80.88 491413 41207020.00
2023/05/16 80.79 81.49 79.85 80.74 392570 33029366.00
2023/05/17 80.70 81.30 80.15 81.08 248449 20923680.00
2023/05/18 80.70 81.74 79.57 80.30 396026 33191034.00
2023/05/19 80.20 82.00 79.00 81.30 711323 59867968.00
2023/05/22 81.33 82.35 80.80 81.51 369708 31431520.00
2023/05/23 81.51 82.63 80.80 80.80 511525 43651044.00
2023/05/24 81.01 81.01 79.50 80.03 376197 31198810.00
2023/05/25 80.00 80.26 78.70 80.20 376145 31036698.00
2023/05/26 80.15 81.31 79.35 80.67 542980 45366584.00
2023/05/29 80.20 81.25 78.72 79.26 693897 57355968.00
2023/05/30 79.00 79.59 74.45 76.65 1280593 101557992.00
2023/05/31 76.87 77.10 74.68 75.27 681400 53566928.00
2023/06/01 74.77 75.45 73.68 73.98 1181502 91590064.00
2023/06/02 73.89 75.86 73.18 75.35 908798 70463384.00
2023/06/05 74.88 75.70 73.67 73.68 743631 57357280.00
2023/06/06 73.25 73.27 70.50 70.50 961044 71742344.00
2023/06/07 71.23 71.79 70.00 70.74 510575 37584748.00
2023/06/08 70.98 70.98 69.20 69.80 846908 61644024.00
2023/06/09 69.65 71.28 69.30 70.55 680146 49818316.00
2023/06/12 69.90 70.47 68.12 69.12 806594 58217968.00
2023/06/13 69.05 69.35 68.00 68.81 776775 55608604.00
2023/06/14 68.74 68.85 67.48 67.48 854076 60636928.00
2023/06/15 67.40 67.70 65.54 65.75 2205480 152320336.00
2023/06/16 65.73 66.80 65.08 65.42 1658708 114002712.00
2023/06/19 65.41 65.72 64.80 64.91 975224 66457872.00
2023/06/20 65.06 65.38 64.45 64.80 1207900 82002216.00
2023/06/21 64.80 64.82 61.54 61.88 1960075 128879576.00
2023/06/26 61.88 62.99 61.04 62.21 1018158 66192588.00
2023/06/27 62.00 63.25 61.81 62.62 729108 47772040.00
2023/06/28 62.27 62.43 61.33 62.08 668657 43369268.00
2023/06/29 62.00 62.32 61.51 61.64 689927 44723184.00
2023/06/30 61.65 63.66 61.56 62.89 1074058 70803016.00
2023/07/03 63.16 63.55 62.71 62.87 973962 64291248.00
2023/07/04 63.11 63.11 62.14 62.36 1096684 71858776.00
2023/07/05 62.23 62.59 61.72 61.86 758557 49281284.00
2023/07/06 60.84 60.89 58.46 59.45 1781702 111613752.00
2023/07/07 59.59 59.65 57.77 57.99 1669468 102431632.00
2023/07/10 58.22 59.45 56.86 57.22 2394949 146229952.00
2023/07/11 57.45 58.09 56.77 58.04 2006301 121250056.00
2023/07/12 58.04 58.04 56.00 56.16 2171451 129947784.00
2023/07/13 56.16 57.65 56.16 56.82 2219925 132951760.00
2023/07/14 56.80 57.16 55.02 55.85 2136462 126397368.00
2023/07/17 56.01 56.01 53.67 54.15 2647200 151631264.00
2023/07/18 54.30 54.37 53.06 53.28 2433055 137227696.00
2023/07/19 53.11 53.78 52.77 53.44 1317588 74125248.00
2023/07/20 53.60 53.86 52.60 52.62 2019135 113334336.00
2023/07/21 52.75 57.27 52.52 54.90 6797150 394999456.00
2023/07/24 54.55 55.94 54.12 54.35 2924009 168488512.00
2023/07/25 54.52 56.06 54.38 56.00 3385758 197366336.00
2023/07/26 55.50 58.16 55.45 57.29 4381276 263763456.00
2023/07/27 56.90 57.80 56.30 56.98 2667604 160033104.00
2023/07/28 56.48 58.19 56.47 57.95 2600943 157803968.00
2023/07/31 58.00 58.27 55.76 56.10 3912809 232980656.00
2023/08/01 56.25 57.47 55.71 56.39 2277672 135664448.00
2023/08/02 55.67 56.15 54.76 54.99 2249431 131268944.00
2023/08/03 55.20 56.25 55.08 56.10 1824156 107123296.00
2023/08/04 56.45 56.63 55.38 55.50 1524989 89720048.00
2023/08/07 55.50 55.50 53.80 53.88 1878694 107424784.00
2023/08/08 54.00 54.27 53.29 53.87 1348187 76633240.00
2023/08/09 53.89 59.97 53.70 59.30 8734548 531840352.00
2023/08/10 58.60 59.75 58.29 59.42 4744219 294317600.00
2023/08/11 59.42 59.55 58.56 58.98 3192179 197845920.00
2023/08/14 58.39 59.55 57.77 59.46 3629197 224638112.00
2023/08/15 59.46 59.46 57.10 58.30 3091797 188466032.00
2023/08/16 57.80 61.30 57.65 59.05 3894291 244242640.00
2023/08/17 59.04 59.26 57.64 58.20 2577408 158110336.00
2023/08/18 57.98 58.69 55.85 55.90 2323533 139290704.00
2023/08/21 55.90 58.20 55.40 57.53 2468675 148560800.00
2023/08/22 57.40 57.56 54.13 57.30 3038550 180410704.00
2023/08/23 57.00 59.99 56.51 57.95 3996304 245548544.00
2023/08/24 57.50 60.35 57.18 59.48 3186541 197607760.00
2023/08/25 59.69 59.69 55.26 55.81 3557355 213864560.00
2023/08/28 59.40 59.85 54.30 54.66 3102167 185920592.00
2023/08/29 54.63 58.29 54.01 58.20 3201187 191380384.00
2023/08/30 57.61 59.37 57.45 58.48 2102633 128767584.00
2023/08/31 58.18 58.18 57.00 57.80 1697706 102848264.00
2023/09/01 57.67 57.99 56.44 56.61 1439575 86282096.00
2023/09/04 56.62 57.05 55.70 56.50 1764312 104656928.00
2023/09/05 56.52 56.61 55.54 56.50 1088615 64406376.00
2023/09/06 56.06 57.48 55.38 57.40 1682611 100532192.00
2023/09/07 57.29 58.70 57.00 57.38 2105010 127839080.00
2023/09/08 57.47 61.19 57.38 60.15 4212201 265080544.00
2023/09/11 59.40 62.88 59.35 61.94 3587533 232034800.00
2023/09/12 61.52 61.86 60.59 60.84 1948303 124886216.00
2023/09/13 60.69 60.83 59.11 59.60 1770785 111315544.00
2023/09/14 59.60 60.60 59.30 59.68 1355235 85056424.00
2023/09/15 59.69 61.29 58.68 60.69 2233124 141376464.00
2023/09/18 60.32 62.75 59.50 62.00 2908025 188517856.00
2023/09/19 61.96 65.22 60.82 64.95 4352223 287906912.00
2023/09/20 64.08 66.69 63.45 63.58 4262055 290624512.00
2023/09/21 63.15 64.10 62.10 62.85 2276840 150269888.00
2023/09/22 62.40 63.52 62.01 63.30 2000111 131700328.00
2023/09/25 63.10 64.80 62.45 64.31 2150638 143751152.00
2023/09/26 64.00 64.05 62.06 62.50 2133651 140506016.00
2023/09/27 62.66 64.97 62.36 63.79 2141764 143214160.00
2023/09/28 64.38 64.59 63.20 63.97 1338691 89428912.00
2023/10/09 64.56 64.56 62.60 62.79 1873289 123783968.00
2023/10/10 62.79 63.39 60.77 60.95 2678344 173159696.00
2023/10/11 60.54 62.44 59.59 60.53 3964207 253066560.00
2023/10/12 60.53 61.42 60.05 61.13 1703355 108796096.00
2023/10/13 60.88 61.21 59.87 60.49 1906517 120851296.00
2023/10/16 60.40 61.49 57.95 58.33 2420404 149730816.00
2023/10/17 58.10 59.00 57.44 58.85 1650202 100978888.00
2023/10/18 58.36 59.26 57.90 58.50 1462075 89874080.00
2023/10/19 58.09 58.55 56.92 56.92 1806125 109375408.00
2023/10/20 56.68 57.58 56.41 56.77 1380592 82905784.00
2023/10/23 56.88 59.85 56.07 59.08 3492712 215928976.00
2023/10/24 59.40 61.13 58.98 60.65 2505669 158317536.00
2023/10/25 60.70 61.88 59.79 59.95 1873357 118853864.00
2023/10/26 59.70 61.80 59.38 61.68 2090236 133389680.00
2023/10/27 61.50 65.78 60.82 65.27 3865080 258618576.00
2023/10/30 65.00 68.26 64.80 67.50 3753256 262438272.00
2023/10/31 67.30 70.40 67.01 67.39 3924579 280946880.00
2023/11/01 67.39 67.94 66.00 67.14 1956264 136787952.00
2023/11/02 66.92 67.58 65.45 65.50 1932084 133468992.00
2023/11/03 65.60 66.44 65.15 65.43 1532300 105196520.00
2023/11/06 65.91 69.88 65.47 69.46 3113328 220264496.00
2023/11/07 69.20 73.60 68.86 72.62 3935169 292769248.00
2023/11/08 72.00 73.89 71.36 71.90 2651734 200316080.00
2023/11/09 72.01 73.19 71.05 71.74 1397498 104705064.00
2023/11/10 71.01 72.76 70.28 72.13 1707864 127367512.00
2023/11/13 72.77 72.96 70.51 71.18 1506913 111994352.00
2023/11/14 71.38 71.57 69.30 70.26 1886582 137970144.00
2023/11/15 70.31 73.88 68.50 71.60 3274404 241949248.00
2023/11/16 71.33 72.68 70.80 71.40 1267825 94823664.00
2023/11/17 71.18 74.20 71.00 73.18 1658390 126176344.00
2023/11/20 73.55 80.40 72.89 78.22 4616774 370674976.00
2023/11/21 77.55 81.05 77.21 77.45 3757012 308218208.00
2023/11/22 77.03 79.40 75.50 77.17 2605821 207947280.00
2023/11/23 77.37 79.77 76.30 79.20 2325100 189932672.00
2023/11/24 79.18 80.52 77.70 79.62 1821735 149875808.00
2023/11/27 78.99 79.12 76.00 76.25 2388007 191550032.00
2023/11/28 76.00 77.56 75.00 75.45 2201045 174017072.00
2023/11/29 74.68 77.98 74.65 75.30 2566200 203553984.00
2023/11/30 75.19 77.26 74.83 75.33 1710250 134683840.00
2023/12/01 75.20 76.65 73.82 74.78 1908324 148677072.00
2023/12/04 75.01 75.20 71.73 72.10 2630149 198859152.00
2023/12/05 72.10 72.90 70.91 71.24 2157631 161330288.00
2023/12/06 71.50 71.87 70.40 70.83 1581888 116995744.00
2023/12/07 70.60 70.99 69.45 69.62 1459725 106405280.00
2023/12/08 69.61 71.35 69.00 70.55 1451862 106190832.00
2023/12/11 69.73 73.30 69.25 72.57 2384367 177693248.00
2023/12/12 73.00 77.35 72.57 73.42 3149517 244714240.00
2023/12/13 72.50 74.53 71.50 71.70 1543814 116912992.00
2023/12/14 71.00 75.80 70.84 71.50 1235550 92457248.00
2023/12/15 71.01 72.51 69.80 70.00 1461270 108098752.00
2023/12/18 69.96 71.49 68.98 69.20 1659827 121159864.00
2023/12/19 69.14 69.66 68.07 69.15 1344925 96522792.00
2023/12/20 69.15 69.90 67.60 67.78 1059100 75825616.00
2023/12/21 68.19 68.19 66.19 67.45 1437623 100661816.00
2023/12/22 67.30 68.22 66.59 66.86 991902 69824808.00
2023/12/25 66.86 68.53 66.49 67.10 1278396 89962800.00
2023/12/26 67.10 67.77 65.27 66.17 1169420 80841936.00
2023/12/27 66.18 68.47 65.51 67.95 1234950 86634080.00
2023/12/28 67.90 69.55 67.55 68.57 1597646 114441408.00
2023/12/29 69.00 74.94 68.28 74.54 3722893 281681792.00
2024/01/02 74.54 76.08 73.02 75.18 1828644 142448592.00
2024/01/03 74.91 74.96 72.32 73.00 1984449 151229456.00
2024/01/04 72.95 75.35 72.04 74.08 1692604 129809688.00
2024/01/05 74.73 75.50 71.20 71.36 1820810 137404672.00
2024/01/08 71.42 73.45 69.72 69.83 1695450 125328288.00
2024/01/09 71.80 72.10 63.18 64.60 4521999 309791392.00
2024/01/10 63.80 65.73 63.55 64.60 1983389 134003600.00
2024/01/11 64.43 65.53 63.72 64.91 1163234 78610016.00
2024/01/12 64.60 64.61 61.88 61.92 1928350 127139136.00
2024/01/15 61.85 62.02 60.39 61.22 2392402 153660416.00
2024/01/16 61.85 61.85 59.68 60.84 1381335 87594432.00
2024/01/17 61.16 61.53 58.73 58.74 1207681 75873304.00
2024/01/18 58.62 59.16 55.90 59.02 2230425 134571872.00
2024/01/19 58.57 58.93 57.66 58.48 1675218 102695584.00
2024/01/22 58.47 58.63 55.13 55.60 2043400 122848888.00
2024/01/23 56.29 56.36 54.61 55.03 1811920 105463232.00
2024/01/24 55.55 56.47 52.99 56.00 2111302 122355480.00
2024/01/25 56.14 59.00 55.16 58.30 1971072 118900208.00
2024/01/26 57.90 59.80 57.09 57.48 1616943 99362112.00
2024/01/29 57.48 58.24 56.11 56.25 1015224 61096528.00
2024/01/30 56.25 56.75 54.50 54.53 1149575 67288480.00
2024/01/31 54.39 55.39 52.00 53.11 2060425 116682448.00
2024/02/01 52.50 54.21 51.20 52.45 1538576 85491720.00
2024/02/02 52.50 52.90 48.00 49.42 2195289 117106680.00
2024/02/05 49.00 49.04 41.78 47.30 3364768 164586880.00
2024/02/06 46.50 53.69 44.80 52.78 2954840 156043664.00
2024/02/07 52.80 57.39 52.51 56.07 3057061 180135488.00
2024/02/08 55.92 59.00 55.80 57.48 2230877 135743440.00
2024/02/19 57.92 58.30 56.11 57.66 1788562 107015888.00
2024/02/20 57.49 61.39 56.60 60.94 2352722 146417376.00
2024/02/21 60.25 61.85 59.68 59.81 1944051 124187112.00
2024/02/22 59.60 60.60 59.21 60.20 1210555 76127952.00
2024/02/23 60.21 61.16 59.14 60.80 1321094 83360752.00
2024/02/26 60.81 61.80 59.40 60.91 1303579 83006296.00
2024/02/27 60.75 62.60 60.51 62.29 1348613 87543512.00
2024/02/28 62.27 63.88 58.50 58.50 2629275 168415600.00
2024/02/29 58.24 60.13 58.13 60.00 1524168 95266960.00
2024/03/01 60.12 60.60 59.17 59.97 1201889 75541080.00
2024/03/04 59.80 61.75 59.60 61.20 1558101 99118632.00
2024/03/05 60.62 60.90 59.40 60.51 1119269 70667016.00
2024/03/06 59.90 60.58 58.68 59.75 1057875 66227636.00
2024/03/07 59.75 60.09 57.66 57.78 1173325 72304904.00
2024/03/08 57.77 59.38 57.36 58.29 891733 54478384.00
2024/03/11 58.55 62.83 58.43 62.56 2559892 164355312.00
2024/03/12 62.94 63.82 62.20 63.06 1292725 85410904.00
2024/03/13 62.96 63.37 62.03 62.43 999387 65395896.00
2024/03/14 63.41 64.83 62.35 62.90 1512400 100564720.00
2024/03/15 63.45 64.47 62.70 63.66 1390150 92495648.00
2024/03/18 59.98 59.98 56.12 59.29 7862777 479934208.00
2024/03/19 58.82 61.38 58.00 60.05 4120381 258075696.00
2024/03/20 60.48 60.48 58.91 59.36 1762246 110126584.00
2024/03/21 59.29 59.65 57.97 58.20 1628825 100184416.00
2024/03/22 57.90 58.21 55.81 56.76 2154357 128586608.00
2024/03/25 56.30 56.79 55.03 55.05 1225510 72170216.00
2024/03/26 55.08 55.32 52.75 53.70 2348523 133208992.00
2024/03/27 53.51 54.49 52.14 52.16 1537663 86809552.00
2024/03/28 52.41 52.54 50.50 50.99 3056205 166759536.00
2024/03/29 50.93 52.59 50.81 52.52 2011146 109595912.00
2024/04/01 55.42 59.42 55.42 59.38 4272905 259256096.00
2024/04/02 59.02 59.27 56.70 57.35 2876664 174685840.00
2024/04/03 57.04 57.67 55.80 56.33 1679645 100037528.00
2024/04/08 55.89 56.55 54.53 54.58 1685488 98315600.00
2024/04/09 54.65 56.80 54.03 56.30 1879717 110056264.00
2024/04/10 56.39 56.48 54.80 55.05 1035375 60447424.00
2024/04/11 54.66 55.40 54.21 54.41 1426104 82322080.00
2024/04/12 54.40 54.95 53.63 53.72 937875 53583976.00
2024/04/15 53.56 54.86 52.28 53.10 1816800 102463048.00
2024/04/16 53.14 53.75 51.89 52.04 1613864 89900464.00
2024/04/17 52.68 53.94 52.68 53.14 1680596 94510680.00
2024/04/18 53.00 54.29 52.15 53.02 1637246 92142064.00
2024/04/19 52.53 53.08 51.90 52.75 1179275 65390172.00
2024/04/22 52.70 55.09 52.33 55.00 2044265 116656064.00
2024/04/23 54.57 54.99 52.90 53.99 2059028 116981392.00
2024/04/24 55.80 57.19 55.63 56.68 3233532 191601520.00
2024/04/25 56.38 58.42 56.30 56.60 2292500 138192880.00
2024/04/26 56.41 57.99 56.26 57.80 2052862 123818464.00
2024/04/29 58.00 60.53 57.95 60.00 2384817 149810352.00
2024/04/30 60.30 60.69 59.25 59.82 2094378 131959992.00
2024/05/06 60.75 63.19 60.65 63.07 3294586 214900144.00
2024/05/07 63.00 63.73 62.20 63.06 2237050 147464000.00
2024/05/08 63.11 63.90 61.04 61.70 3169200 199597968.00
2024/05/09 61.73 64.90 61.58 64.76 2981604 193482752.00
2024/05/10 64.12 64.42 62.40 63.02 2133850 136553872.00
2024/05/13 62.44 62.95 61.05 61.40 2469247 155319456.00
2024/05/14 61.85 63.15 61.52 61.90 2484900 157078304.00
2024/05/15 61.60 61.94 60.44 60.70 1968632 121998736.00
2024/05/16 60.95 61.46 59.79 59.92 1516100 93319360.00
2024/05/17 59.94 60.74 59.50 60.64 1371875 84070664.00
2024/05/20 60.53 62.38 60.42 61.81 1943362 122122216.00
2024/05/21 61.40 61.79 60.13 60.49 1695580 104504264.00
2024/05/22 60.29 61.05 60.12 60.46 1430597 87947264.00
2024/05/23 60.88 61.00 58.85 59.09 1357275 82121072.00
2024/05/24 59.23 59.88 57.86 57.97 1315945 78569792.00
2024/05/27 58.50 58.50 56.80 58.20 1498977 87586656.00
2024/05/28 58.18 58.18 56.50 56.63 1632227 94951344.00
2024/05/29 56.68 57.36 56.18 56.78 1328900 76803944.00
2024/05/30 56.80 57.05 56.01 56.43 972200 55813656.00
2024/05/31 56.86 57.45 56.61 56.90 1381800 80154640.00
2024/06/03 57.15 57.19 55.51 55.81 1433900 82231264.00
2024/06/04 55.80 56.93 55.53 56.86 1313979 75288584.00
2024/06/05 56.84 57.42 55.78 55.78 1331667 76814760.00
2024/06/06 55.81 55.97 53.88 54.38 1702604 94880672.00
2024/06/07 54.55 55.17 53.60 54.05 1335267 73700544.00
2024/06/11 54.19 55.05 53.13 54.91 1416587 77925328.00
2024/06/12 54.93 56.20 54.60 55.24 1390101 78517152.00
2024/06/13 55.20 55.44 54.13 54.40 1176937 65400624.00
2024/06/14 54.52 54.92 53.40 54.92 1560804 85945632.00
2024/06/17 54.35 54.50 53.63 53.69 1415281 77726400.00
2024/06/18 53.99 54.79 53.24 53.51 1577925 86632136.00
2024/06/19 53.63 54.20 53.01 53.10 1172175 63701944.00
2024/06/20 53.00 53.81 52.10 52.12 1782225 95712592.00
2024/06/21 51.99 53.08 51.63 52.43 965225 51554168.00
2024/06/24 52.38 52.39 50.60 50.60 1399400 73231520.00
2024/06/25 50.61 51.47 50.34 50.60 1247935 64723380.00
2024/06/26 50.59 51.89 50.08 51.80 1689689 87822784.00
2024/06/27 51.80 51.92 50.10 50.25 1495388 77286368.00
2024/06/28 50.20 50.80 49.58 49.64 1510513 77374088.00
2024/07/01 49.60 50.91 49.11 50.68 1385748 70808624.00
2024/07/02 50.66 51.36 50.10 50.43 1197029 61821696.00
2024/07/03 50.43 51.17 49.76 51.06 1693004 87371232.00
2024/07/04 51.00 51.04 48.80 49.20 2148600 108230736.00
2024/07/05 48.78 51.08 48.76 50.78 2328381 118472864.00
2024/07/08 50.70 50.86 48.59 49.30 2045656 102857624.00
2024/07/09 48.99 49.66 48.12 49.52 1655650 82762296.00
2024/07/10 49.29 50.35 49.12 49.93 1179772 59985608.00
2024/07/11 50.36 51.51 50.28 51.20 1628775 84826208.00
2024/07/12 51.03 51.35 50.28 50.75 1214656 62736372.00
2024/07/15 50.63 50.63 49.59 49.89 1082050 55070564.00
2024/07/16 49.60 50.07 49.18 49.59 1050425 53145444.00
2024/07/17 49.71 51.65 49.40 51.36 2152799 111279680.00
2024/07/18 50.85 51.18 49.69 51.08 1765184 90949112.00
2024/07/19 50.70 53.50 50.36 52.70 2177056 115551048.00
2024/07/22 52.32 52.77 51.80 52.23 1379795 73443400.00
2024/07/23 52.23 52.37 49.98 49.98 1673474 87058080.00
2024/07/24 49.68 50.39 49.04 49.12 1200732 60688284.00
2024/07/25 49.06 49.98 48.82 49.26 1079357 54369996.00
2024/07/26 49.30 49.93 49.26 49.70 911630 46127504.00
2024/07/29 49.64 49.64 48.90 49.07 927872 46563588.00
2024/07/30 49.06 49.50 48.35 49.03 866575 43177888.00
2024/07/31 49.23 52.38 48.68 52.11 2345637 122401568.00
2024/08/01 51.80 52.48 51.18 51.42 1217618 64114184.00
2024/08/02 51.10 52.80 51.06 51.60 1625625 86200680.00
2024/08/05 51.48 52.35 50.00 50.01 1677236 87288912.00
2024/08/06 50.48 51.58 50.23 51.49 1407695 73109480.00
2024/08/07 51.28 51.28 50.42 50.95 1304304 67619288.00
2024/08/08 50.58 51.95 50.45 51.38 1125131 58716588.00
2024/08/09 51.51 52.08 50.58 50.65 1268754 66350924.00
2024/08/12 50.58 52.18 50.44 51.46 1500456 78717656.00
2024/08/13 51.30 51.60 50.61 51.58 1026591 53342904.00
2024/08/14 51.50 51.56 50.44 51.19 1241905 64514508.00
2024/08/15 51.00 52.39 50.81 52.30 1666209 88068304.00
2024/08/16 51.91 53.07 51.32 53.07 2093809 111717432.00
2024/08/19 53.03 53.03 49.93 50.05 3712571 193323984.00
2024/08/20 50.08 50.34 47.58 48.36 3031192 149963952.00
2024/08/21 48.09 49.58 47.73 48.18 1501619 74494848.00
2024/08/22 48.30 48.77 47.88 48.30 1103906 54394140.00
2024/08/23 48.26 48.52 46.90 48.28 1359510 66225500.00
2024/08/26 48.06 48.69 47.88 48.45 852206 42001856.00
2024/08/27 48.51 51.00 48.25 49.40 2064893 104794840.00
2024/08/28 48.50 50.67 48.21 50.42 2005080 101792176.00
2024/08/29 50.01 51.30 50.01 50.95 1418410 73608848.00
2024/08/30 50.82 51.90 50.48 50.97 1997795 104468824.00
2024/09/02 50.89 51.35 50.34 50.53 1815934 94193328.00
2024/09/03 50.50 51.45 50.12 50.22 1980654 102322680.00
2024/09/04 50.01 50.35 48.98 49.13 2311600 116528952.00
2024/09/05 49.24 49.59 48.50 48.57 2334925 116366720.00
2024/09/06 48.50 48.87 46.59 47.09 2798750 135366912.00
2024/09/09 46.80 47.31 45.90 46.14 1915136 90774528.00
2024/09/10 46.56 46.56 44.68 45.72 1936245 89931832.00
2024/09/11 45.59 46.36 45.38 45.96 1527703 71621216.00
2024/09/12 45.76 46.63 45.30 45.32 1438700 67635504.00
2024/09/13 45.25 45.46 44.00 44.04 2094682 95242288.00
2024/09/18 44.18 44.75 43.01 44.14 1558725 69851424.00
2024/09/19 44.52 45.57 43.97 44.79 1981568 90909872.00
2024/09/20 44.66 44.86 43.81 44.00 1392934 62862204.00
2024/09/23 44.08 44.75 43.87 43.98 1054443 47699832.00
2024/09/24 44.48 46.18 44.00 46.16 2485909 114744800.00
2024/09/25 46.73 48.30 46.34 47.16 3019885 146269520.00
2024/09/26 47.16 49.26 46.76 49.26 2677558 131170984.00
2024/09/27 50.28 54.66 50.21 54.11 5254076 281913888.00
2024/09/30 57.26 64.98 57.12 64.83 8262667 509862304.00
2024/10/08 77.99 78.00 69.23 77.00 11022731 837983040.00
2024/10/09 72.89 73.88 66.23 66.68 8039206 570909312.00
2024/10/10 67.50 70.36 66.04 66.31 4942663 341237824.00
2024/10/11 66.49 66.50 60.05 60.92 5294782 335877312.00
2024/10/14 61.12 62.36 59.58 61.35 4381453 272099680.00
2024/10/15 61.34 62.28 59.67 59.69 3998275 247594464.00
2024/10/16 58.63 60.25 58.01 59.17 3859975 231687136.00
2024/10/17 60.42 62.45 59.46 59.46 4823645 299439456.00
2024/10/18 59.42 63.98 59.03 62.12 7357889 462727168.00
2024/10/21 62.50 63.80 61.30 62.72 4701741 299726016.00
2024/10/22 62.50 63.04 61.30 62.35 3711289 234499072.00
2024/10/23 62.50 63.62 61.40 62.71 4187027 266103184.00
2024/10/24 62.30 63.60 62.00 62.32 3153326 201335072.00
2024/10/25 61.73 64.35 61.52 63.48 4749769 303981856.00
2024/10/28 63.68 63.95 62.40 63.29 3384625 216651360.00
2024/10/29 62.65 63.10 59.60 59.67 7106325 441367104.00
2024/10/30 59.05 59.68 57.60 58.55 3723704 222077296.00
2024/10/31 58.52 60.19 58.25 59.38 3043114 183571232.00
2024/11/01 59.00 59.68 57.60 57.67 2821979 167617344.00
2024/11/04 57.78 59.88 57.78 59.40 2558252 153531744.00
2024/11/05 59.47 60.99 58.53 60.74 3810285 233315184.00
2024/11/06 60.80 61.60 59.63 60.09 3416306 210402976.00
2024/11/07 59.51 62.33 59.13 62.30 4249944 264044608.00
2024/11/08 63.30 63.67 61.26 61.57 4626985 293482720.00
2024/11/11 61.29 63.99 60.75 63.97 5146196 328915360.00
2024/11/12 63.80 67.48 63.74 64.85 7283275 483969856.00
2024/11/13 64.49 66.30 63.57 64.46 3987650 261786032.00
2024/11/14 62.98 62.98 59.70 59.79 7075900 438086656.00
2024/11/15 59.20 59.91 57.70 57.85 4130672 247397744.00
2024/11/18 57.84 58.15 56.01 56.40 3509100 202525584.00
2024/11/19 56.50 57.13 55.36 56.50 4162651 237754432.00
2024/11/20 56.55 57.73 56.18 57.40 3747911 217202960.00
2024/11/21 56.99 57.35 56.11 56.69 2493537 143929360.00
2024/11/22 56.52 56.68 53.91 53.91 3472958 195190416.00
2024/11/25 53.90 54.99 53.43 54.94 2147322 118333032.00
2024/11/26 54.76 56.18 54.55 54.87 2757829 155292272.00
2024/11/27 54.76 55.97 53.52 55.96 2317918 129274048.00
2024/11/28 55.96 56.27 55.45 55.65 1969748 111990208.00
2024/11/29 55.65 57.39 55.65 56.63 2742922 157917600.00
2024/12/02 56.60 57.28 56.12 56.69 2495725 144315488.00
2024/12/03 56.99 56.99 55.79 56.44 2097082 120228304.00
2024/12/04 56.65 58.86 55.81 57.22 4411052 258020240.00
2024/12/05 57.60 58.11 56.72 57.89 2906131 169628112.00
2024/12/06 57.52 58.30 56.81 57.87 2884940 168992896.00
2024/12/09 57.59 58.28 56.58 57.00 2825910 165000304.00
2024/12/10 58.59 58.80 57.06 57.10 3244725 191251552.00
2024/12/11 56.90 57.34 56.56 56.62 2278155 131879400.00
2024/12/12 56.62 57.28 56.25 57.21 2222361 128396048.00
2024/12/13 56.91 57.00 55.51 55.60 2809047 160417360.00
2024/12/16 55.40 56.03 55.20 55.85 1516431 85863928.00
2024/12/17 56.19 57.80 56.01 56.80 3973313 230250992.00
2024/12/18 57.17 57.71 56.28 56.92 2800565 162666896.00
2024/12/19 56.37 56.56 55.39 56.29 2555525 145358976.00
2024/12/20 56.00 57.46 55.90 57.08 2196126 127299736.00
2024/12/23 57.10 57.38 55.60 55.71 1837437 105344352.00
2024/12/24 55.60 57.20 55.60 56.97 2301250 133095888.00
2024/12/25 56.99 57.29 56.05 56.54 1289800 74168456.00
2024/12/26 56.54 58.47 56.53 57.90 2813162 165069088.00
2024/12/27 57.91 58.36 57.31 57.78 2220080 130645672.00
2024/12/30 57.52 58.10 54.84 55.60 3428767 196801472.00
2024/12/31 55.58 55.95 53.52 53.52 2822969 156725536.00
2025/01/02 52.85 53.05 51.45 51.60 3169225 168263152.00
2025/01/03 51.73 52.52 50.66 50.78 2276000 119780840.00
2025/01/06 50.96 52.28 50.88 51.80 1928162 101332080.00
2025/01/07 51.53 51.79 50.56 51.32 1498499 78101912.00
2025/01/08 51.10 51.41 49.28 50.61 2049025 105301576.00
2025/01/09 50.21 50.91 49.91 50.30 1151525 59261200.00
2025/01/10 50.35 50.71 49.06 49.06 1211200 61568940.00
2025/01/13 48.59 49.55 48.48 49.40 1188970 59576260.00
2025/01/14 49.41 51.33 49.41 51.30 1961146 101295712.00
2025/01/15 51.29 51.30 50.58 50.88 970000 50275344.00
2025/01/16 50.88 51.99 49.89 50.28 2409725 124806528.00
2025/01/17 49.88 50.89 49.70 50.52 1377200 70619336.00
2025/01/20 50.74 51.38 50.62 50.80 1509425 78373264.00
2025/01/21 51.00 51.20 50.02 50.58 972475 50039620.00
2025/01/22 50.12 50.55 49.70 50.09 1161750 59190628.00
2025/01/23 50.66 51.30 50.21 50.32 1508327 78186040.00
2025/01/24 50.23 50.93 50.15 50.85 1288986 66551384.00
2025/01/27 51.15 51.40 50.20 50.26 1260825 65222004.00
2025/02/05 50.39 50.81 49.40 49.93 1971300 100847032.00
2025/02/06 49.68 50.94 49.26 50.92 1999502 102661672.00
2025/02/07 51.00 52.33 50.88 51.77 2922007 154048992.00
2025/02/10 51.88 52.47 51.60 52.20 2202560 116946040.00
2025/02/11 52.20 52.40 51.29 51.80 1877166 98687856.00
2025/02/12 51.66 51.95 51.54 51.94 1526864 80595512.00
2025/02/13 51.90 52.39 51.52 51.77 1766575 93376208.00
2025/02/14 51.59 53.33 51.50 52.86 2868000 154219936.00
2025/02/17 53.16 55.94 53.14 55.22 5067513 283758144.00
2025/02/18 54.89 54.89 53.32 53.61 3006431 165811776.00
2025/02/19 53.68 54.15 52.86 54.03 2257399 123395200.00
2025/02/20 53.96 55.76 53.85 54.71 2971736 166459216.00
2025/02/21 54.84 55.68 54.45 54.97 2552029 142806816.00
2025/02/24 54.98 55.00 53.22 53.57 2692865 147830608.00
2025/02/25 53.00 53.49 52.60 53.20 1903266 102845048.00
2025/02/26 53.21 54.13 53.02 54.05 1730818 94643104.00
2025/02/27 54.02 54.56 53.42 54.15 2211858 121796600.00
2025/02/28 53.89 54.50 51.87 52.14 2627380 141647056.00
2025/03/03 52.15 53.49 52.00 52.96 2235368 120741528.00
2025/03/04 52.45 53.65 52.44 53.35 1571275 85173680.00
2025/03/05 53.44 53.44 52.20 52.57 1594720 85362304.00
2025/03/06 52.70 54.20 52.61 53.93 2411934 131497584.00
2025/03/07 53.78 54.09 53.43 53.78 1851275 101252112.00
2025/03/10 53.76 57.53 53.76 57.34 6960528 398376320.00
2025/03/11 56.75 59.83 56.12 59.39 7109379 420219520.00
2025/03/12 59.70 59.80 58.29 58.32 3558375 212859232.00
2025/03/13 58.36 59.69 57.80 58.96 3368550 200676960.00
2025/03/14 58.88 60.98 58.55 60.86 4021450 244452064.00
2025/03/17 60.92 62.15 60.12 60.25 4006912 248780880.00
2025/03/18 59.68 60.99 59.63 60.19 2639700 161649440.00
2025/03/19 60.00 61.13 59.60 59.97 2739945 168154368.00
2025/03/20 59.84 59.92 58.61 58.80 2663735 160209232.00
2025/03/21 58.74 59.09 57.12 57.71 2595444 153138400.00
2025/03/24 57.60 63.06 57.21 61.18 6920630 427684928.00
2025/03/25 61.06 62.77 60.74 61.48 3984325 249394032.00
2025/03/26 61.44 63.98 61.10 62.61 5020199 320103040.00
2025/03/27 62.43 63.18 61.50 62.73 3497450 221895792.00
2025/03/28 62.00 64.07 60.35 60.65 4498260 283632320.00
2025/03/31 59.98 61.13 59.10 60.27 3068280 186975136.00
2025/04/01 60.58 65.66 60.58 61.95 6558350 419681824.00
2025/04/02 61.95 62.07 60.89 61.30 2621900 163396480.00
2025/04/03 61.00 63.08 60.81 63.04 5097638 322991552.00
2025/04/07 59.99 61.38 50.80 52.11 8014113 456350656.00
2025/04/08 53.60 55.77 53.60 55.01 5657478 314325472.00
2025/04/09 54.35 57.28 51.30 56.84 5589459 309732064.00
2025/04/10 57.22 59.17 57.12 58.20 4510885 266797632.00
2025/04/11 57.51 60.37 57.51 59.35 3666175 220481792.00
2025/04/14 59.99 59.99 58.88 59.20 2773925 167408832.00
2025/04/15 59.54 60.52 58.90 59.51 2476975 149971136.00
2025/04/16 59.09 59.30 56.55 57.21 4041275 237023584.00
2025/04/17 56.69 59.35 56.69 58.96 3195496 189695888.00
2025/04/18 58.89 62.63 58.37 62.12 5730525 356506560.00
2025/04/21 50.87 55.49 50.87 54.05 9916356 539950976.00
2025/04/22 53.73 53.95 52.58 53.39 3936625 213459728.00
2025/04/23 53.10 55.12 53.10 53.99 3469887 191703328.00
2025/04/24 54.00 54.00 52.52 52.60 3003457 162289376.00
2025/04/25 52.60 53.10 51.34 51.66 2703067 143872912.00
2025/04/28 51.30 51.60 49.18 49.39 3520409 179100160.00
2025/04/29 49.30 49.92 49.02 49.63 1462204 74025824.00
2025/04/30 49.80 50.24 49.25 49.34 1733200 87548424.00
2025/05/06 49.45 51.40 49.45 51.31 2170700 112055296.00
2025/05/07 51.92 52.28 51.10 51.44 1948888 102404280.00
2025/05/08 51.44 52.05 51.32 51.85 1457342 76888208.00
2025/05/09 51.83 52.10 51.16 51.80 1311559 69021704.00
2025/05/12 52.24 52.94 51.50 52.81 2575566 137199200.00
2025/05/13 53.50 53.91 52.29 52.49 2071622 111922320.00
2025/05/14 52.64 53.20 51.80 52.46 1799785 95991992.00
2025/05/15 52.93 53.66 52.38 52.38 2165533 117191504.00
2025/05/16 52.18 52.59 51.69 51.85 1523077 80610480.00
2025/05/19 51.86 52.15 51.01 51.45 1707554 89478448.00
2025/05/20 51.73 55.65 51.53 54.92 5462396 297383648.00
2025/05/21 54.40 55.13 53.93 54.02 2496223 136169008.00
2025/05/22 53.86 54.11 52.99 53.56 2308932 123517400.00
2025/05/23 53.79 54.45 52.79 52.79 1903850 102079336.00
2025/05/26 52.70 55.10 52.15 54.97 3919409 211409456.00
2025/05/27 54.67 55.50 54.39 54.73 1930330 105847944.00
2025/05/28 54.48 55.80 53.78 53.91 1525264 83075312.00
2025/05/29 53.63 54.80 53.31 54.43 1835665 99362744.00
2025/05/30 54.20 60.95 54.11 57.73 6758377 384135840.00
2025/06/03 56.80 57.96 56.38 57.33 3982025 228126032.00
2025/06/04 57.00 59.38 56.85 58.96 3887927 227080784.00
2025/06/05 59.02 59.02 57.88 58.57 2751600 160988144.00
2025/06/06 58.50 59.48 57.61 57.66 2216075 128593240.00
2025/06/09 57.40 61.18 57.40 60.08 4666178 280309664.00
2025/06/10 59.79 60.70 58.99 60.66 3533596 211153488.00
2025/06/11 60.58 61.78 59.68 59.73 3496650 212840944.00
2025/06/12 59.56 59.84 59.00 59.62 2128723 126453400.00
2025/06/13 59.26 59.74 57.01 57.27 3362910 194661728.00
2025/06/16 57.82 58.78 56.84 58.40 2262600 130893664.00
2025/06/17 58.26 59.88 57.86 58.50 1966300 115309056.00
2025/06/18 58.36 60.33 57.41 59.56 3135176 184759168.00
2025/06/19 59.45 59.60 57.79 57.89 3406901 199847824.00
2025/06/20 58.19 62.98 58.19 61.85 8366571 511679104.00
2025/06/23 61.25 62.80 60.70 62.58 4382367 271421536.00
2025/06/24 62.28 66.75 62.28 64.47 6369173 410648992.00
2025/06/25 64.96 65.33 64.10 64.55 3440527 222336368.00
2025/06/26 64.42 66.95 64.22 66.15 4664552 308286912.00
2025/06/27 66.13 66.30 65.19 65.73 2937700 193123296.00
2025/06/30 65.60 66.82 65.55 65.97 2847684 188590944.00
2025/07/01 65.97 66.52 63.81 65.24 4239592 274840384.00
2025/07/02 63.95 65.60 62.10 63.38 4215300 270559008.00
2025/07/03 63.38 64.42 63.12 63.93 2471050 157635024.00
2025/07/04 63.82 64.24 63.09 63.60 1996995 126911312.00
2025/07/07 63.61 63.96 62.80 63.11 1522925 96252480.00
2025/07/08 63.14 64.66 63.08 64.17 3234085 206809664.00
2025/07/09 63.99 63.99 60.21 62.96 5295731 328648768.00
2025/07/10 62.65 62.81 61.68 61.97 2131756 132632816.00
2025/07/11 61.88 72.68 61.88 72.01 15773498 1080413312.00
2025/07/21 66.00 68.58 64.02 67.06 17689384 1175891456.00
2025/07/22 67.39 69.90 66.10 66.32 12500175 843311680.00
2025/07/23 65.60 69.11 65.08 65.90 9560435 641353152.00
2025/07/24 65.70 70.50 65.70 69.93 11610497 794350080.00
2025/07/25 69.92 69.98 68.30 68.80 6755078 466858688.00
2025/07/28 68.92 69.40 66.63 67.00 6066434 409744992.00
2025/07/29 66.88 69.18 65.18 68.18 7912154 529302432.00
2025/07/30 67.97 74.56 67.58 73.25 12515523 895953408.00
2025/07/31 73.54 78.30 72.75 77.47 11373861 867229888.00
2025/08/01 78.11 82.08 76.78 79.42 10622335 848909568.00
2025/08/04 78.50 79.40 76.07 77.30 7370245 568801024.00
2025/08/05 77.58 79.01 76.95 78.11 4224340 329008000.00
2025/08/06 78.02 79.70 76.89 76.91 5128525 398160576.00
2025/08/07 77.18 78.40 75.00 78.14 5601758 430783488.00
2025/08/08 78.13 87.89 77.60 84.86 9383372 787667584.00
2025/08/11 85.03 91.24 84.91 88.11 9639617 844573056.00
2025/08/12 88.13 88.35 85.18 86.77 4734537 408687424.00
2025/08/13 84.99 90.88 84.78 89.79 8458299 743345024.00
2025/08/14 90.00 91.99 88.34 88.80 5691199 510337664.00
2025/08/15 88.53 94.30 87.40 92.06 6309298 574184320.00
2025/08/18 91.49 92.00 83.41 87.17 11805286 1031306304.00
2025/08/19 87.00 89.89 85.70 85.99 7413023 650066176.00
2025/08/20 85.03 85.80 82.17 83.70 6166652 517913952.00
2025/08/21 83.70 87.52 83.70 86.24 6101006 526538016.00
2025/08/22 86.56 86.62 84.02 84.77 4192181 355155776.00
2025/08/25 84.77 86.49 84.00 85.14 4718150 401750496.00
2025/08/26 85.00 86.86 83.62 84.07 4190479 354557120.00
2025/08/27 83.82 84.33 76.21 76.60 12524639 993073088.00
2025/08/28 76.80 78.19 74.00 76.32 6691100 509596768.00
2025/08/29 76.20 76.68 75.00 75.33 3714575 280789984.00
2025/09/01 75.33 76.50 74.76 75.83 3837250 290134688.00
2025/09/02 75.47 76.04 71.88 73.09 4809132 354003200.00
2025/09/03 73.12 74.35 71.73 72.25 2979560 217627520.00
2025/09/04 72.25 73.07 69.00 70.24 3687403 262714864.00
2025/09/05 70.48 72.98 69.03 72.50 4117322 292992192.00
2025/09/08 73.00 77.50 72.95 76.38 6348855 484314368.00
2025/09/09 76.08 76.23 72.58 73.15 3326895 246804656.00
2025/09/10 73.40 73.80 71.83 72.35 2508050 182197296.00
2025/09/11 72.50 77.60 70.05 76.60 6968229 525456544.00
2025/09/12 76.18 85.00 75.60 80.50 8623482 691498944.00
2025/09/15 81.00 83.83 80.57 82.22 5402588 442720224.00
2025/09/16 82.31 84.00 80.66 81.75 3759987 307613824.00
2025/09/17 84.00 84.33 78.50 78.60 5120424 407566784.00
2025/09/18 78.67 79.78 75.00 75.88 4905372 380846240.00
2025/09/19 75.88 77.27 75.30 76.33 2573363 196550576.00
2025/09/22 76.39 76.58 74.65 75.45 2539599 190936112.00
2025/09/23 75.31 76.55 72.30 74.25 3101066 228697648.00
2025/09/24 74.25 74.68 72.88 74.23 3252582 240138800.00
2025/09/25 74.18 75.00 73.33 73.42 2080500 153897376.00
2025/09/26 73.42 78.48 72.39 77.28 7818941 600652928.00
2025/09/29 76.77 77.28 74.05 75.47 4083124 306618848.00
2025/09/30 75.34 77.90 75.34 76.45 3346253 256979168.00
2025/10/09 76.80 77.80 75.88 77.30 2614708 201510672.00
2025/10/10 77.31 79.99 76.70 77.00 3643316 284764672.00
2025/10/13 74.07 76.49 73.09 75.20 2752973 206100400.00
2025/10/14 75.29 76.46 73.28 73.30 2939135 219168720.00
2025/10/15 73.39 79.50 73.01 77.71 4937700 384087040.00
2025/10/16 77.95 79.33 77.16 78.49 3310089 259644608.00
2025/10/17 78.00 79.07 75.01 75.29 3382058 259956320.00
2025/10/20 76.22 76.78 74.00 74.46 2529991 190389472.00
2025/10/21 74.48 75.03 73.63 74.67 1825525 135861728.00
2025/10/22 74.70 74.90 73.30 73.80 1941854 143220448.00
2025/10/23 73.78 73.78 70.70 72.40 2565062 183934896.00
2025/10/24 72.35 73.16 71.73 72.00 1949990 140930640.00
2025/10/27 72.23 74.30 71.81 73.95 2683954 196630128.00
2025/10/28 73.95 77.66 73.11 76.16 3315260 251677760.00
2025/10/29 76.16 76.48 73.61 74.59 2784575 207670944.00
2025/10/30 74.78 74.78 73.21 73.57 1751486 129354472.00
2025/10/31 73.58 77.98 73.58 77.24 5021666 384781408.00
2025/11/03 76.90 78.00 75.18 76.97 2918495 222623408.00
2025/11/04 76.52 78.40 76.00 77.70 2646616 204234768.00
2025/11/05 77.00 80.45 76.51 79.20 4364720 345458336.00
2025/11/06 79.22 79.90 77.59 79.69 2755017 217605424.00
2025/11/07 79.40 81.47 78.24 80.63 3537826 282257344.00
2025/11/10 80.62 82.84 78.33 78.47 4604112 371011040.00
2025/11/11 78.62 83.96 78.62 83.21 5705011 467818464.00
2025/11/12 83.09 84.05 81.86 82.30 2961100 245054560.00
2025/11/13 82.80 83.85 81.51 82.51 2813547 231799024.00
2025/11/14 82.51 85.26 81.98 83.81 3556502 299028320.00
2025/11/17 83.25 83.85 81.20 82.08 2681330 219556960.00
2025/11/18 81.85 84.60 81.58 82.56 3263092 270609248.00
2025/11/19 82.39 83.50 81.38 82.00 2004659 164866496.00
2025/11/20 82.49 82.90 79.50 80.84 2084277 168963216.00
2025/11/21 80.00 81.30 77.00 77.28 3063519 240871920.00
2025/11/24 77.28 79.17 77.00 78.32 1526810 118867240.00
2025/11/25 78.48 81.66 77.81 79.57 2925530 231975040.00
2025/11/26 79.57 81.19 78.50 78.89 2045995 163684960.00
2025/11/27 79.24 81.36 78.52 80.13 2490317 199724464.00
2025/11/28 80.31 82.47 79.38 81.81 2571002 208446624.00
2025/12/01 81.99 86.50 81.95 84.21 4133877 350621696.00
2025/12/02 83.50 83.98 81.88 82.25 2215100 183128784.00
2025/12/03 82.25 83.00 80.00 80.73 2142733 173351024.00
2025/12/04 80.73 81.20 79.70 79.70 1559203 125072776.00
2025/12/05 79.92 82.88 79.70 82.77 2781851 227831008.00
2025/12/08 82.70 82.70 78.16 79.60 4843948 386244192.00
2025/12/09 79.60 79.99 78.62 78.94 1534931 121476496.00
2025/12/10 78.56 80.30 78.09 79.06 1277155 101167008.00
2025/12/11 79.07 79.30 78.00 78.04 1623727 127430384.00
2025/12/12 78.34 78.95 77.00 78.51 1466574 114571424.00
2025/12/15 78.53 78.53 75.13 75.18 2591407 198048576.00
2025/12/16 75.35 75.40 72.70 73.56 2063310 151829296.00
2025/12/17 73.60 75.93 73.50 75.75 1369112 102201912.00
2025/12/18 75.30 76.70 75.10 75.18 1282176 97107112.00
2025/12/19 75.00 75.68 74.23 74.60 1463491 109328672.00
2025/12/22 74.80 75.50 73.80 74.05 1769720 132145152.00
2025/12/23 74.09 74.73 73.70 74.32 1301734 96455120.00
2025/12/24 74.40 74.58 73.81 74.35 1053903 78260032.00
2025/12/25 74.69 74.69 74.11 74.30 836049 62183532.00
2025/12/26 74.20 75.97 73.95 74.79 1650159 123356336.00
2025/12/29 74.98 74.98 72.63 72.66 2290908 167812880.00
2025/12/30 73.00 73.26 72.12 72.31 1253040 91064336.00
2025/12/31 72.76 72.80 71.86 72.26 1063168 76785160.00
2026/01/05 72.55 73.69 72.15 73.18 1341005 97937944.00
2026/01/06 73.45 73.89 72.51 72.82 1835100 134156064.00
2026/01/07 72.82 73.25 72.45 72.61 1900678 138383632.00
2026/01/08 72.88 74.38 72.60 74.00 2387565 176125456.00
2026/01/09 74.00 76.40 73.00 76.02 3403530 253594896.00
2026/01/12 76.00 76.73 74.70 75.14 2522370 189786736.00
2026/01/13 75.30 76.55 74.81 76.00 3146319 238848688.00
2026/01/14 75.99 77.70 75.35 75.80 3182549 243413104.00
2026/01/15 75.80 75.98 74.80 75.50 1809475 136256720.00
2026/01/16 75.60 76.20 74.67 75.66 1671029 125791392.00
2026/01/19 75.47 76.85 75.11 75.26 2110480 160050992.00
2026/01/20 75.26 77.68 75.09 76.45 2384238 182543808.00
2026/01/21 76.29 77.17 75.08 75.21 2264621 172194096.00
2026/01/22 75.37 75.61 72.60 74.50 3903551 288075232.00
2026/01/23 74.92 75.00 73.37 74.00 2157029 159303040.00
2026/01/26 74.00 75.50 71.70 74.98 4373406 322233600.00
2026/01/27 75.98 75.98 71.81 72.51 2932685 213861440.00
2026/01/28 72.40 74.79 72.03 74.70 2869996 212035552.00
2026/01/29 74.00 77.19 73.00 73.09 3480755 259818000.00
2026/01/30 73.43 74.18 71.92 72.40 1778984 129285960.00
2026/02/02 72.28 73.60 69.50 69.97 2343478 167620368.00
2026/02/03 70.76 71.00 68.90 70.03 1625704 113410344.00
2026/02/04 69.59 69.65 67.52 68.78 2223400 151814336.00
2026/02/05 68.78 68.78 67.26 68.00 1563669 105888160.00
2026/02/06 68.30 71.00 67.71 69.90 1921987 134169016.00
2026/02/09 70.84 72.10 69.90 71.43 1887408 134898880.00
2026/02/10 71.43 71.48 70.52 71.42 989525 70256776.00
2026/02/11 71.41 72.00 70.61 71.03 1678300 119390960.00
2026/02/12 70.89 71.47 70.55 71.02 825400 58652492.00
2026/02/13 71.29 72.26 70.54 71.42 1455445 104368032.00
2026/02/24 71.85 72.20 69.03 69.22 1996326 139544640.00
2026/02/25 69.26 70.59 69.26 69.46 1026436 71865224.00
#Ъ§ОнРДдД:ЭЈДяаХ
