301008 КъВ§ПЦММ ШеЯп ЧАИДШЈ
      ШеЦк	    ПЊХЬ	    зюИп	    зюЕЭ	    ЪеХЬ	    ГЩНЛСП	    ГЩНЛЖю
2021/08/02 24.80 25.31 24.16 25.07 930473 40418876.00
2021/08/03 25.02 25.60 25.02 25.25 817952 36322700.00
2021/08/04 25.59 25.59 25.13 25.45 735489 32726692.00
2021/08/05 25.97 26.79 25.66 25.66 1610491 74266144.00
2021/08/06 25.55 25.55 24.48 24.67 1010862 44086680.00
2021/08/09 24.79 25.08 24.42 24.97 601292 26323026.00
2021/08/10 24.97 25.64 24.49 25.58 885799 39417840.00
2021/08/11 25.50 26.51 25.33 26.48 1567874 71692400.00
2021/08/12 26.30 26.67 25.78 25.84 1085400 49624700.00
2021/08/13 26.17 26.17 25.66 26.00 725100 32939340.00
2021/08/16 25.98 27.04 25.74 27.04 1676225 78149496.00
2021/08/17 27.41 29.48 27.11 27.32 2976005 146652688.00
2021/08/18 26.88 28.26 26.75 27.82 1824899 88183936.00
2021/08/19 27.49 27.57 26.23 26.26 1678664 78504256.00
2021/08/20 26.45 26.45 25.55 25.61 813769 36829528.00
2021/08/23 25.79 26.73 25.66 26.72 1020707 47105760.00
2021/08/24 26.97 26.99 26.36 26.55 857589 40019636.00
2021/08/25 26.55 26.79 26.22 26.72 829607 38746212.00
2021/08/26 26.73 27.38 26.57 26.91 1266749 59909052.00
2021/08/27 26.75 26.80 25.74 26.36 1113785 51233568.00
2021/08/30 26.36 26.58 25.54 25.55 963024 43891012.00
2021/08/31 25.26 25.53 24.53 24.69 861400 37727696.00
2021/09/01 24.73 25.26 24.54 24.93 561301 24597868.00
2021/09/02 25.08 25.40 24.88 25.33 562876 24921460.00
2021/09/03 25.55 25.55 25.11 25.38 512535 22829400.00
2021/09/06 25.48 25.91 25.05 25.80 659094 29529796.00
2021/09/07 26.03 26.33 25.63 26.08 822492 37433104.00
2021/09/08 25.95 26.20 25.71 25.73 569694 25860558.00
2021/09/09 25.76 25.78 25.26 25.29 584291 26099436.00
2021/09/10 25.54 25.54 25.23 25.33 390020 17366436.00
2021/09/13 25.32 25.32 24.73 24.81 497600 21809854.00
2021/09/14 24.66 25.58 24.66 25.53 858813 37970012.00
2021/09/15 25.61 25.80 24.97 25.32 488684 21671274.00
2021/09/16 25.31 25.42 24.73 24.73 385200 16950280.00
2021/09/17 24.95 24.95 24.37 24.44 386600 16687110.00
2021/09/22 24.13 24.59 24.13 24.31 241600 10350773.00
2021/09/23 24.51 24.60 24.31 24.51 245600 10592433.00
2021/09/24 24.59 24.65 24.20 24.42 351813 15097526.00
2021/09/27 24.48 24.60 23.78 23.97 342953 14524109.00
2021/09/28 23.95 24.10 23.85 24.03 207000 8744431.00
2021/09/29 24.15 24.15 23.01 23.03 405800 16825608.00
2021/09/30 23.13 23.39 23.11 23.19 238600 9779224.00
2021/10/08 23.44 23.83 23.44 23.52 263600 10989266.00
2021/10/11 23.75 23.75 23.48 23.59 211849 8813047.00
2021/10/12 23.50 23.65 23.23 23.28 326000 13429918.00
2021/10/13 23.37 23.86 23.18 23.82 327349 13432360.00
2021/10/14 23.89 23.94 23.63 23.76 234500 9680635.00
2021/10/15 23.92 23.92 23.65 23.69 223349 9231874.00
2021/10/18 23.44 24.07 23.41 23.85 242449 9927320.00
2021/10/19 23.77 23.85 23.69 23.70 171849 7090484.50
2021/10/20 23.70 23.70 23.45 23.47 207049 8461696.00
2021/10/21 23.57 23.57 23.20 23.20 202400 8217465.00
2021/10/22 23.29 23.52 23.29 23.50 296400 12069792.00
2021/10/25 23.90 24.66 23.83 24.44 847800 35797456.00
2021/10/26 23.95 24.01 23.53 23.83 713100 29414098.00
2021/10/27 23.83 23.83 22.69 22.69 519900 20912308.00
2021/10/28 22.86 22.86 21.72 21.72 545714 20941928.00
2021/10/29 21.96 22.03 21.69 22.00 276100 10524129.00
2021/11/01 22.03 22.34 21.82 22.10 304014 11698328.00
2021/11/02 22.21 22.33 21.70 21.75 384500 14733603.00
2021/11/03 21.75 22.02 21.75 21.97 281800 10736387.00
2021/11/04 21.97 22.21 21.84 22.11 316600 12182171.00
2021/11/05 22.16 22.49 21.92 22.47 469415 18262794.00
2021/11/08 22.52 22.69 22.21 22.33 249400 9697209.00
2021/11/09 22.41 22.82 22.37 22.78 387711 15294586.00
2021/11/10 22.88 22.88 22.36 22.79 396100 15606381.00
2021/11/11 22.80 23.43 22.74 23.23 578900 23304224.00
2021/11/12 23.25 23.57 23.05 23.47 527527 21455550.00
2021/11/15 23.47 24.14 23.41 24.04 801820 33228140.00
2021/11/16 24.07 24.07 23.43 23.66 735646 30249124.00
2021/11/17 23.94 24.41 23.89 23.96 624400 26073104.00
2021/11/18 23.85 24.22 23.41 23.50 699600 28940550.00
2021/11/19 23.50 24.64 23.33 24.32 984016 41289968.00
2021/11/22 24.72 24.77 24.07 24.16 632800 26687766.00
2021/11/23 24.32 24.71 24.25 24.48 702600 29876268.00
2021/11/24 24.45 25.05 24.32 25.02 984811 42417984.00
2021/11/25 25.03 25.03 24.54 24.79 658372 28265994.00
2021/11/26 24.87 24.92 24.48 24.49 523800 22447310.00
2021/11/29 24.13 24.63 23.89 24.22 491701 20714784.00
2021/11/30 24.36 25.01 24.23 24.78 764092 32798410.00
2021/12/01 24.81 25.47 24.50 25.32 986600 42833532.00
2021/12/02 25.37 25.43 24.30 24.42 885700 38027940.00
2021/12/03 24.57 24.76 24.22 24.46 444300 18901964.00
2021/12/06 24.46 24.48 23.29 23.61 917200 37698104.00
2021/12/07 23.77 23.85 23.00 23.23 531916 21528106.00
2021/12/08 23.29 23.55 23.19 23.34 443000 18012614.00
2021/12/09 23.77 28.17 23.76 28.17 5470128 260702128.00
2021/12/10 27.76 29.54 26.48 28.40 7462403 358772448.00
2021/12/13 27.80 28.04 26.48 27.22 4347314 203103392.00
2021/12/14 26.83 27.28 26.67 27.10 2714066 126667728.00
2021/12/15 26.87 27.02 25.86 26.39 2304985 105339208.00
2021/12/16 26.39 26.90 26.15 26.90 1984015 91385472.00
2021/12/17 26.86 26.86 25.63 25.81 2003227 90540528.00
2021/12/20 25.72 26.19 25.67 26.15 1206327 54368748.00
2021/12/21 26.67 28.44 26.66 27.10 3242000 153796592.00
2021/12/22 26.56 26.56 25.67 26.12 2012391 90834008.00
2021/12/23 25.80 25.99 24.82 25.00 1735000 75716232.00
2021/12/24 25.00 25.18 24.51 25.06 1018214 43810000.00
2021/12/27 24.95 25.32 24.95 25.32 846000 36895312.00
2021/12/28 25.39 25.45 24.70 24.82 842513 36340868.00
2021/12/29 24.78 25.25 24.52 25.20 690300 29921936.00
2021/12/30 25.36 25.38 25.07 25.23 623465 27258984.00
2021/12/31 25.24 25.47 24.83 24.94 671100 29151576.00
2022/01/04 24.92 25.38 24.81 25.35 866628 37821232.00
2022/01/05 25.38 25.38 24.79 24.91 821050 35659088.00
2022/01/06 24.76 25.20 24.67 25.13 513200 22283668.00
2022/01/07 25.17 25.34 24.30 24.30 900450 38667496.00
2022/01/10 24.44 24.70 23.70 24.68 739500 31021520.00
2022/01/11 24.66 25.04 24.36 24.74 682460 29361452.00
2022/01/12 24.78 25.36 24.75 24.97 714960 31126966.00
2022/01/13 24.97 24.99 24.55 24.57 465502 19935136.00
2022/01/14 24.60 24.76 23.95 23.98 537300 22730708.00
2022/01/17 23.89 24.58 23.78 24.30 515100 21613888.00
2022/01/18 24.66 24.66 23.59 23.67 729602 30259386.00
2022/01/19 23.60 23.98 23.59 23.91 457100 18922698.00
2022/01/20 23.81 23.91 23.13 23.24 570460 23271138.00
2022/01/21 23.35 23.35 22.53 22.60 434000 17222304.00
2022/01/24 22.60 22.75 22.41 22.69 219400 8640114.00
2022/01/25 22.79 22.79 21.84 21.84 455000 17460766.00
2022/01/26 21.85 22.20 21.85 22.00 258700 9934888.00
2022/01/27 22.00 22.20 21.80 21.87 313300 11969684.00
2022/01/28 22.16 22.39 21.91 22.28 324300 12558219.00
2022/02/07 22.58 22.88 22.29 22.61 295100 11577783.00
2022/02/08 22.62 22.99 22.53 22.87 274800 10908288.00
2022/02/09 22.72 23.06 22.72 22.95 233172 9309149.00
2022/02/10 22.99 23.00 22.58 22.68 337900 13353678.00
2022/02/11 22.67 23.86 22.48 23.55 811103 32884110.00
2022/02/14 23.82 23.83 23.35 23.47 718500 29418012.00
2022/02/15 23.22 23.45 22.91 23.11 528000 21230354.00
2022/02/16 23.00 23.29 23.00 23.17 248300 10001914.00
2022/02/17 23.17 23.28 22.88 22.92 327500 13153623.00
2022/02/18 23.01 23.72 22.55 23.29 366817 14647338.00
2022/02/21 23.28 23.40 23.11 23.30 279300 11287715.00
2022/02/22 22.98 23.35 22.66 22.89 316282 12599787.00
2022/02/23 22.89 23.53 22.89 23.29 416371 16866824.00
2022/02/24 23.17 23.45 22.40 22.70 491307 19532064.00
2022/02/25 22.99 23.17 22.78 22.78 254382 10147045.00
2022/02/28 22.78 22.99 22.30 22.49 320818 12563889.00
2022/03/01 22.57 22.78 22.47 22.59 261280 10293870.00
2022/03/02 22.52 22.69 22.43 22.64 140880 5539335.00
2022/03/03 22.64 23.41 22.40 23.19 817486 32740498.00
2022/03/04 23.19 23.27 22.71 22.72 395986 15790464.00
2022/03/07 22.66 23.53 22.44 22.85 547000 21941896.00
2022/03/08 22.85 23.17 22.16 22.29 405518 15937179.00
2022/03/09 22.29 22.81 21.20 22.29 516800 19612672.00
2022/03/10 22.55 22.69 22.18 22.28 366300 14308515.00
2022/03/11 22.26 22.26 21.39 21.98 373900 14189967.00
2022/03/14 21.79 21.91 21.21 21.38 347500 13076909.00
2022/03/15 21.38 21.39 19.80 19.82 543774 19633744.00
2022/03/16 20.06 20.30 19.13 20.08 598400 20477820.00
2022/03/17 20.15 20.64 20.15 20.22 436014 15537849.00
2022/03/18 20.22 20.83 20.06 20.64 349700 12559965.00
2022/03/21 20.61 21.02 20.45 21.00 334900 12218017.00
2022/03/22 20.99 21.19 20.69 21.09 343200 12560627.00
2022/03/23 21.10 21.86 20.95 21.50 571300 21320864.00
2022/03/24 21.28 21.30 20.71 20.79 512400 18727750.00
2022/03/25 20.79 21.59 20.79 21.05 528200 19653864.00
2022/03/28 20.79 21.52 20.67 21.29 444400 16350139.00
2022/03/29 21.29 22.24 21.21 21.61 655474 24946946.00
2022/03/30 21.80 23.16 21.51 23.16 1513229 59235492.00
2022/03/31 21.80 21.88 21.27 21.63 1718253 64675328.00
2022/04/01 21.22 21.55 20.62 20.70 884332 32255896.00
2022/04/06 20.62 20.91 20.29 20.77 328400 11851484.00
2022/04/07 20.61 20.72 20.22 20.22 279300 9976600.00
2022/04/08 20.22 20.54 19.78 20.18 241300 8466640.00
2022/04/11 20.11 20.11 19.44 19.47 270100 9286823.00
2022/04/12 19.48 19.90 19.47 19.83 275200 9439063.00
2022/04/13 19.83 19.83 19.33 19.46 178931 6101861.00
2022/04/14 19.72 19.80 19.43 19.50 189000 6464894.00
2022/04/15 19.50 19.53 19.08 19.40 269600 9117605.00
2022/04/18 19.43 19.89 19.11 19.74 176200 6067103.00
2022/04/19 19.74 19.91 19.63 19.73 110300 3813361.00
2022/04/20 19.67 19.88 19.54 19.63 145300 5011730.50
2022/04/21 19.50 19.59 18.75 18.78 209248 7012491.50
2022/04/22 19.29 19.29 18.53 18.93 206772 6822988.00
2022/04/25 18.51 18.62 17.05 17.05 313800 9823609.00
2022/04/26 17.21 17.33 15.86 16.00 254500 7419490.00
2022/04/27 15.97 16.33 15.08 16.14 449600 12469133.00
2022/04/28 16.14 16.30 15.56 15.64 181724 5096452.00
2022/04/29 15.45 16.49 15.44 16.40 266700 7618201.00
2022/05/05 16.09 16.98 16.09 16.70 238600 7012169.00
2022/05/06 16.54 16.86 15.98 16.57 266900 7758581.00
2022/05/09 16.74 16.98 16.46 16.81 187400 5560004.00
2022/05/10 16.91 17.33 16.53 17.15 238016 7131047.50
2022/05/11 17.03 17.61 17.03 17.16 289192 8844895.00
2022/05/12 16.98 17.47 16.98 17.31 222449 6762588.50
2022/05/13 17.16 17.48 17.16 17.45 204526 6248120.50
2022/05/16 17.52 17.70 17.22 17.33 145903 4450257.00
2022/05/17 17.31 17.50 17.05 17.32 173600 5272581.00
2022/05/18 17.32 17.69 17.16 17.28 181400 5561605.00
2022/05/19 17.19 17.45 16.89 17.41 170292 5180064.00
2022/05/20 17.40 17.63 17.23 17.45 260799 8003171.50
2022/05/23 17.47 17.68 17.36 17.66 215249 6639434.00
2022/05/24 17.48 17.83 16.46 16.48 350400 10568910.00
2022/05/25 16.55 16.92 16.54 16.78 175592 5184763.50
2022/05/26 16.78 17.08 16.26 16.92 209192 6148709.00
2022/05/27 17.76 20.47 17.36 18.33 1822683 50515964.00
2022/05/30 18.48 18.48 17.39 17.68 1414823 36677844.00
2022/05/31 17.69 17.89 17.11 17.46 789521 20124116.00
2022/06/01 17.38 18.31 17.36 17.93 874420 22944846.00
2022/06/02 17.76 18.11 17.52 17.95 608800 15841230.00
2022/06/06 17.90 18.31 17.76 18.24 530244 14092186.00
2022/06/07 18.02 18.47 17.65 17.79 585100 15366532.00
2022/06/08 17.65 17.89 17.26 17.76 505100 13016809.00
2022/06/09 17.76 17.76 17.30 17.32 303440 7753066.00
2022/06/10 17.19 17.64 17.19 17.57 258600 6647166.50
2022/06/13 17.42 17.83 17.34 17.58 286510 7394767.00
2022/06/14 17.50 17.88 16.89 17.87 535738 13642799.00
2022/06/15 17.82 18.07 17.76 17.81 435400 11422402.00
2022/06/16 17.99 18.02 17.60 17.62 462790 12065893.00
2022/06/17 17.55 18.13 17.41 18.02 525564 13744920.00
2022/06/20 18.04 18.41 17.83 18.22 760780 20184426.00
2022/06/21 18.19 18.53 17.97 18.41 572026 15292629.00
2022/06/22 18.41 18.46 18.13 18.14 356929 9525099.00
2022/06/23 18.09 18.56 18.07 18.39 391900 10529149.00
2022/06/24 18.39 18.96 18.34 18.61 561020 15334868.00
2022/06/27 18.50 18.83 18.40 18.53 417300 11306570.00
2022/06/28 18.53 18.97 18.40 18.97 590919 16199875.00
2022/06/29 18.97 18.99 18.37 18.41 514260 13975416.00
2022/06/30 18.60 18.83 18.47 18.49 388586 10586873.00
2022/07/01 18.80 18.81 18.33 18.42 279426 7563401.50
2022/07/04 18.23 18.61 18.23 18.45 325920 8774975.00
2022/07/05 18.54 18.60 17.85 18.15 369860 9850455.00
2022/07/06 18.29 18.36 17.94 18.04 226120 5987043.00
2022/07/07 18.05 18.25 17.95 18.06 220360 5839939.00
2022/07/08 18.24 18.35 17.89 18.14 186146 4958285.00
2022/07/11 18.25 18.26 17.82 17.94 229780 6026929.50
2022/07/12 17.86 18.24 17.76 17.79 264107 6938828.50
2022/07/13 17.76 18.60 17.76 18.46 505179 13514029.00
2022/07/14 19.16 19.89 18.62 18.67 1693041 47541244.00
2022/07/15 18.11 18.26 17.79 17.84 1000481 26351004.00
2022/07/18 17.84 18.26 17.75 18.21 556364 14777849.00
2022/07/19 18.11 19.10 18.09 18.61 674900 18397324.00
2022/07/20 18.51 18.89 18.45 18.80 547642 14974999.00
2022/07/21 18.66 18.87 18.49 18.54 298163 8118484.00
2022/07/22 18.74 18.74 18.23 18.47 322840 8724689.00
2022/07/25 18.47 18.59 18.20 18.22 278760 7486785.00
2022/07/26 18.22 18.47 17.97 18.30 331012 8782770.00
2022/07/27 18.53 19.42 18.47 19.09 1261282 34994608.00
2022/07/28 19.09 19.53 19.08 19.39 1113531 31464934.00
2022/07/29 19.20 19.60 19.13 19.18 538160 15168895.00
2022/08/01 19.33 19.37 18.93 19.19 510540 14276553.00
2022/08/02 19.09 19.09 17.99 18.13 716140 19253446.00
2022/08/03 18.14 18.66 17.89 18.10 455812 12230066.00
2022/08/04 18.18 18.35 17.99 18.34 269572 7178793.00
2022/08/05 18.04 18.45 17.83 18.33 312200 8326446.00
2022/08/08 18.45 18.72 18.20 18.71 329400 8920083.00
2022/08/09 18.71 18.86 18.51 18.86 330080 9015584.00
2022/08/10 18.86 19.01 18.62 18.91 320240 8822108.00
2022/08/11 18.91 19.29 18.91 19.16 540240 15102009.00
2022/08/12 19.19 19.32 18.76 18.83 358480 9953918.00
2022/08/15 18.84 18.99 18.54 18.87 311980 8556027.00
2022/08/16 18.95 19.16 18.89 18.98 303946 8443108.00
2022/08/17 19.08 19.14 18.84 19.08 268806 7453179.00
2022/08/18 19.11 19.59 18.93 19.56 733420 20685070.00
2022/08/19 19.56 19.75 19.15 19.17 601362 16985772.00
2022/08/22 19.15 19.36 18.76 18.81 462000 12739013.00
2022/08/23 18.81 18.92 18.66 18.90 298924 8207335.00
2022/08/24 18.86 18.96 18.23 18.25 425620 11489730.00
2022/08/25 18.24 18.36 17.64 17.77 360678 9453607.00
2022/08/26 17.78 18.04 17.69 17.71 309000 8080187.00
2022/08/29 17.41 17.99 17.16 17.89 240980 6272140.50
2022/08/30 17.90 18.22 17.81 18.08 271298 7146533.00
2022/08/31 18.08 18.28 17.64 17.68 347920 9079902.00
2022/09/01 17.61 18.02 17.56 17.64 185768 4824728.50
2022/09/02 17.64 17.96 17.64 17.91 179520 4684418.00
2022/09/05 18.02 18.07 17.84 17.93 158820 4167472.75
2022/09/06 17.94 18.16 17.90 18.13 203950 5390046.00
2022/09/07 17.97 18.14 17.90 18.03 168510 4446203.00
2022/09/08 17.90 18.14 17.81 17.83 190402 4996143.50
2022/09/09 17.77 18.01 17.75 17.96 167860 4397240.50
2022/09/13 17.91 18.06 17.22 17.87 212520 5562093.00
2022/09/14 17.61 17.97 17.44 17.77 147634 3833877.50
2022/09/15 17.78 17.89 17.28 17.40 226254 5795451.50
2022/09/16 17.29 17.34 16.76 16.76 274762 6866107.00
2022/09/19 16.50 16.90 16.40 16.42 214984 5202975.50
2022/09/20 16.57 16.72 16.46 16.51 153320 3729712.75
2022/09/21 16.43 16.85 16.31 16.77 203140 4964097.00
2022/09/22 16.61 17.24 16.61 17.24 232854 5767741.50
2022/09/23 17.14 17.31 16.59 16.66 249900 6232158.00
2022/09/26 16.33 16.74 16.06 16.10 189998 4590568.00
2022/09/27 16.26 17.00 16.26 16.61 205420 4996201.50
2022/09/28 16.69 16.69 15.91 15.91 300320 7136275.00
2022/09/29 15.90 16.47 15.80 15.88 235400 5538840.00
2022/09/30 16.04 16.29 15.39 15.39 233975 5379852.00
2022/10/10 15.39 15.91 15.11 15.69 341210 7874575.50
2022/10/11 15.51 15.51 15.13 15.36 209060 4715358.00
2022/10/12 15.32 15.57 14.93 15.55 232820 5214846.00
2022/10/13 15.51 15.79 15.46 15.62 163200 3759858.00
2022/10/14 15.54 16.19 15.54 16.09 260140 6114944.00
2022/10/17 16.09 16.39 16.00 16.29 273200 6521550.50
2022/10/18 16.29 16.46 16.15 16.31 195069 4666157.00
2022/10/19 16.35 16.41 16.08 16.20 181740 4333836.00
2022/10/20 16.20 16.39 15.97 16.11 162640 3865647.75
2022/10/21 16.33 16.47 15.99 16.18 157529 3744845.00
2022/10/24 16.18 16.41 15.64 15.86 254920 6046126.00
2022/10/25 15.86 16.11 15.56 15.87 217399 5059583.50
2022/10/26 16.11 16.36 15.98 16.29 214960 5121973.00
2022/10/27 16.66 16.66 16.05 16.58 222945 5371271.00
2022/10/28 16.58 16.58 15.31 15.56 368560 8617691.00
2022/10/31 14.97 15.88 14.97 15.59 243944 5625668.50
2022/11/01 15.72 16.11 15.62 16.11 232366 5439048.00
2022/11/02 16.21 16.74 16.09 16.51 428070 10347705.00
2022/11/03 16.33 16.71 16.32 16.49 173840 4215900.00
2022/11/04 16.60 16.82 16.48 16.74 315882 7741630.00
2022/11/07 16.76 17.06 16.72 16.91 228060 5653727.00
2022/11/08 16.93 17.11 16.76 16.90 120477 2979663.00
2022/11/09 16.99 17.08 16.80 16.90 102340 2540359.50
2022/11/10 17.00 17.11 16.82 16.93 229520 5706714.00
2022/11/11 17.11 17.51 16.82 16.90 363884 9098467.00
2022/11/14 16.73 17.16 16.73 16.89 447684 11165757.00
2022/11/15 17.01 18.60 16.97 18.29 1703709 44953768.00
2022/11/16 18.66 18.66 17.69 17.71 1259136 33024432.00
2022/11/17 17.69 17.95 17.48 17.91 476739 12358818.00
2022/11/18 17.91 18.01 17.69 17.69 429151 11200282.00
2022/11/21 17.40 18.11 17.40 17.86 312623 8122817.00
2022/11/22 17.82 17.90 17.55 17.65 307012 7956488.50
2022/11/23 17.50 17.74 17.09 17.59 256800 6531018.00
2022/11/24 17.22 17.66 17.22 17.56 153500 3940251.50
2022/11/25 17.87 17.87 17.19 17.31 149340 3812462.50
2022/11/28 17.26 17.65 16.99 17.08 180054 4539852.00
2022/11/29 17.25 17.83 17.19 17.56 240300 6179764.50
2022/11/30 17.71 17.71 17.33 17.49 181260 4639859.50
2022/12/01 17.80 17.80 17.22 17.39 186660 4784939.50
2022/12/02 17.51 18.54 17.40 18.14 858406 22638820.00
2022/12/05 17.90 18.13 17.69 17.87 538220 14049429.00
2022/12/06 17.73 17.96 17.40 17.76 498900 12969791.00
2022/12/07 17.69 17.75 17.43 17.48 357440 9183959.00
2022/12/08 17.48 17.72 17.35 17.67 353458 9085191.00
2022/12/09 17.64 17.70 17.27 17.27 320868 8191040.50
2022/12/12 17.40 17.59 17.19 17.47 268488 6840919.00
2022/12/13 17.59 17.59 17.20 17.22 132200 3350645.75
2022/12/14 17.22 17.36 16.98 17.01 253140 6375858.00
2022/12/15 17.09 17.47 17.01 17.27 353840 8948828.00
2022/12/16 17.27 17.27 16.90 16.91 174600 4352436.50
2022/12/19 16.81 17.11 16.58 16.59 153048 3780288.75
2022/12/20 16.59 17.03 16.59 16.79 213720 5280308.00
2022/12/21 16.60 16.90 16.41 16.66 71000 1734247.25
2022/12/22 16.86 16.86 15.83 16.02 265000 6314868.50
2022/12/23 16.10 16.16 15.85 15.96 99998 2350335.50
2022/12/26 15.91 16.29 15.76 16.26 79480 1889884.38
2022/12/27 16.26 16.54 16.07 16.14 75340 1795845.00
2022/12/28 16.12 16.32 15.86 15.86 141120 3335600.75
2022/12/29 15.90 16.51 15.90 16.14 338740 8089084.50
2022/12/30 16.14 16.24 15.73 15.78 240320 5636345.00
2023/01/03 15.97 16.64 15.79 16.41 364580 8770215.00
2023/01/04 16.58 16.58 16.27 16.34 160920 3885535.50
2023/01/05 16.34 16.60 16.31 16.59 189580 4600126.50
2023/01/06 16.41 16.78 16.41 16.47 140460 3409497.50
2023/01/09 16.64 16.70 16.41 16.51 158306 3839403.00
2023/01/10 16.46 16.69 16.30 16.39 221880 5351002.50
2023/01/11 16.34 16.50 16.13 16.14 132526 3168655.75
2023/01/12 16.06 16.36 16.06 16.28 103987 2483598.25
2023/01/13 15.99 16.33 15.97 16.29 92600 2213932.50
2023/01/16 16.21 16.64 16.11 16.51 107580 2598335.50
2023/01/17 16.51 16.66 16.19 16.39 111820 2694339.25
2023/01/18 16.53 16.84 16.43 16.77 277466 6805071.50
2023/01/19 16.81 16.86 16.55 16.77 264720 6516376.00
2023/01/20 16.37 17.14 16.37 16.86 215920 5318405.00
2023/01/30 17.04 17.36 16.98 17.11 329100 8255869.00
2023/01/31 17.11 17.37 17.04 17.35 198040 5006561.50
2023/02/01 17.36 17.64 17.08 17.61 348313 8900530.00
2023/02/02 17.64 17.74 17.44 17.56 271380 7005203.50
2023/02/03 17.56 17.81 17.49 17.71 293160 7580888.50
2023/02/06 17.42 17.76 17.42 17.51 183526 4722753.00
2023/02/07 17.66 17.81 17.51 17.77 310980 8070376.50
2023/02/08 17.76 17.86 17.54 17.58 241420 6252175.00
2023/02/09 17.56 17.79 17.36 17.78 263840 6847204.00
2023/02/10 17.77 18.08 17.68 17.99 474180 12417400.00
2023/02/13 18.11 18.18 17.90 18.18 316700 8365160.50
2023/02/14 18.65 18.74 18.17 18.20 700560 18836354.00
2023/02/15 18.17 18.47 18.10 18.28 501160 13396855.00
2023/02/16 18.24 18.39 17.44 17.59 556140 14602067.00
2023/02/17 17.61 17.89 17.60 17.66 371560 9651816.00
2023/02/20 17.47 18.03 17.47 17.94 281940 7345346.00
2023/02/21 18.12 18.12 17.78 17.94 232060 6087983.50
2023/02/22 17.91 18.08 17.69 18.00 253140 6644178.00
2023/02/23 17.96 18.24 17.86 18.08 295790 7830329.50
2023/02/24 18.01 18.19 17.83 18.01 265730 7003300.00
2023/02/27 17.94 18.19 17.58 17.60 427140 11140553.00
2023/02/28 17.75 17.88 17.50 17.83 276300 7161938.50
2023/03/01 17.66 18.17 17.66 17.91 246960 6455441.00
2023/03/02 17.77 18.01 17.76 17.84 266360 6978033.00
2023/03/03 17.94 17.99 17.61 17.76 221540 5763558.00
2023/03/06 17.86 18.09 17.76 17.99 468580 12327419.00
2023/03/07 17.92 18.09 17.48 17.50 382020 9938519.00
2023/03/08 17.41 17.74 17.37 17.63 222960 5769675.00
2023/03/09 17.62 18.27 17.62 18.22 683372 18083172.00
2023/03/10 18.14 18.59 17.99 18.14 679071 18124218.00
2023/03/13 17.89 18.37 17.68 17.86 494300 12952208.00
2023/03/14 17.79 17.91 17.28 17.39 412060 10542099.00
2023/03/15 17.41 17.63 17.39 17.59 379700 9749498.00
2023/03/16 17.59 17.59 17.16 17.17 225320 5723272.00
2023/03/17 17.36 18.47 17.21 18.09 1073050 28310200.00
2023/03/20 17.81 18.12 17.77 18.03 689130 18096754.00
2023/03/21 17.93 18.26 17.81 18.23 714100 18896678.00
2023/03/22 18.31 18.47 18.14 18.31 577700 15455478.00
2023/03/23 18.24 18.44 18.24 18.39 440052 11796799.00
2023/03/24 18.36 18.44 18.19 18.29 393520 10541591.00
2023/03/27 18.29 18.61 18.15 18.61 694620 18713018.00
2023/03/28 18.67 18.67 18.23 18.31 409320 11017681.00
2023/03/29 18.31 18.66 18.11 18.49 496900 13356858.00
2023/03/30 18.29 18.57 17.97 18.01 489760 12977000.00
2023/03/31 18.04 19.01 18.02 18.96 1854589 50814472.00
2023/04/03 18.97 19.40 18.70 18.83 1794653 49693764.00
2023/04/04 18.76 18.81 18.33 18.36 1119347 30275750.00
2023/04/06 18.34 18.77 18.19 18.57 741060 20117236.00
2023/04/07 18.57 18.69 18.37 18.65 599260 16230522.00
2023/04/10 18.57 18.74 18.21 18.29 534620 14452401.00
2023/04/11 18.27 18.46 18.09 18.45 367700 9828926.00
2023/04/12 18.44 18.44 17.87 18.08 607560 16064522.00
2023/04/13 18.00 18.11 17.89 17.92 331669 8711589.00
2023/04/14 17.92 18.18 17.87 18.01 404260 10671974.00
2023/04/17 17.97 18.69 17.97 18.31 644760 17303494.00
2023/04/18 18.27 18.53 18.12 18.15 506500 13557887.00
2023/04/19 18.04 18.19 17.76 17.84 473800 12399380.00
2023/04/20 17.91 17.99 17.44 17.55 367700 9464679.00
2023/04/21 17.55 17.76 16.77 16.77 460700 11588599.00
2023/04/24 16.98 17.04 16.76 16.94 314740 7798549.00
2023/04/25 17.07 17.07 16.03 16.28 428955 10334838.00
2023/04/26 16.31 16.70 16.19 16.61 294971 7182006.50
2023/04/27 16.61 17.06 16.38 16.96 304400 7535314.50
2023/04/28 16.83 17.61 16.81 17.55 376360 9570276.00
2023/05/04 17.26 17.51 17.00 17.14 648640 16358956.00
2023/05/05 17.02 17.36 16.50 16.64 394740 9672958.00
2023/05/08 16.61 17.04 16.52 16.93 442040 10906870.00
2023/05/09 16.92 16.92 16.34 16.39 311900 7552114.00
2023/05/10 16.40 16.61 16.34 16.54 134960 3267108.75
2023/05/11 16.66 16.78 16.35 16.71 240820 5897841.00
2023/05/12 16.66 16.94 16.49 16.50 217239 5315634.00
2023/05/15 16.49 16.84 16.49 16.82 216644 5304332.50
2023/05/16 16.68 17.01 16.68 16.96 259974 6453988.50
2023/05/17 17.01 17.37 17.01 17.37 365733 9105540.00
2023/05/18 17.61 18.26 17.41 18.16 1402676 36343312.00
2023/05/19 18.07 18.24 17.86 18.17 636018 16579988.00
2023/05/22 18.44 18.69 18.17 18.61 834660 22242510.00
2023/05/23 18.70 18.90 18.47 18.50 989303 26581330.00
2023/05/24 18.36 19.09 18.36 18.93 910244 24714502.00
2023/05/25 18.93 19.04 18.60 18.79 522446 14127744.00
2023/05/26 18.79 19.04 18.55 18.92 594660 16110057.00
2023/05/29 18.90 19.04 18.67 18.75 347160 9411532.00
2023/05/30 18.75 18.96 18.44 18.79 400260 10819895.00
2023/05/31 18.74 18.88 18.48 18.57 302220 8124805.50
2023/06/01 18.71 18.72 18.37 18.47 345020 9187309.00
2023/06/02 18.51 18.66 18.30 18.56 268840 7152224.00
2023/06/05 18.40 18.46 18.11 18.35 450046 11866949.00
2023/06/06 18.35 18.38 18.04 18.23 420260 10994515.00
2023/06/07 18.54 18.54 17.73 17.94 557500 14466794.00
2023/06/08 17.94 18.04 17.67 17.69 428720 11024723.00
2023/06/09 17.83 18.15 17.76 17.94 388720 10089401.00
2023/06/12 18.22 19.04 17.77 18.76 1049820 28048844.00
2023/06/13 18.73 19.04 18.59 18.81 725870 19591974.00
2023/06/14 18.81 18.90 18.48 18.74 435692 11688890.00
2023/06/15 18.74 18.94 18.49 18.90 616214 16703108.00
2023/06/16 18.89 19.11 18.69 18.72 376520 10191039.00
2023/06/19 18.61 18.92 18.54 18.69 425400 11464511.00
2023/06/20 18.69 18.83 18.49 18.74 367900 9898693.00
2023/06/21 18.76 18.95 18.61 18.71 636460 17216704.00
2023/06/26 18.34 18.69 18.22 18.29 429509 11418233.00
2023/06/27 18.29 18.86 18.29 18.76 455949 12272624.00
2023/06/28 18.75 18.85 18.21 18.84 570300 15264263.00
2023/06/29 18.84 19.71 18.76 19.55 1333242 37242580.00
2023/06/30 19.46 19.89 19.39 19.56 868557 24473930.00
2023/07/03 19.57 19.97 19.44 19.46 896120 25382638.00
2023/07/04 19.46 19.74 19.40 19.59 656820 18492694.00
2023/07/05 19.48 19.65 19.30 19.64 639464 17967964.00
2023/07/06 19.64 20.34 19.44 19.89 1279862 36636420.00
2023/07/07 19.61 19.99 19.33 19.71 1007340 28494714.00
2023/07/10 19.71 20.31 19.55 20.19 1570639 45276600.00
2023/07/11 20.15 20.20 19.68 19.90 1465448 41836552.00
2023/07/12 19.90 20.10 19.66 19.69 1235240 35292188.00
2023/07/13 19.84 19.94 19.51 19.80 735029 20834108.00
2023/07/14 19.79 19.99 19.47 19.79 762600 21700500.00
2023/07/17 19.83 20.09 19.74 19.94 644282 18448902.00
2023/07/18 19.96 20.10 19.80 20.09 530700 15261495.00
2023/07/19 20.24 20.24 19.94 20.07 630380 18211280.00
2023/07/20 20.16 20.16 19.66 19.70 584500 16706969.00
2023/07/21 19.85 19.90 19.41 19.44 520700 14677435.00
2023/07/24 19.41 19.61 19.26 19.51 285140 7985789.00
2023/07/25 19.79 19.81 19.51 19.81 445010 12569877.00
2023/07/26 19.81 20.49 19.69 20.14 953028 27617078.00
2023/07/27 20.17 23.40 20.09 21.99 5283292 165637232.00
2023/07/28 21.26 21.26 20.54 20.76 3702980 110645016.00
2023/07/31 20.56 22.29 20.16 21.89 4335873 130090200.00
2023/08/01 21.35 22.32 21.04 21.46 3138172 96441648.00
2023/08/02 20.91 20.91 20.24 20.39 2343345 69110416.00
2023/08/03 20.33 20.33 19.34 19.34 2139184 60293136.00
2023/08/04 19.46 19.61 19.29 19.43 869961 24331950.00
2023/08/07 19.43 19.59 19.21 19.34 738040 20586550.00
2023/08/08 20.54 22.96 20.54 21.39 6258133 194588320.00
2023/08/09 21.40 24.03 20.99 23.40 9310075 302293696.00
2023/08/10 21.11 22.61 21.04 21.76 5892694 183266224.00
2023/08/11 21.86 21.96 19.69 20.00 5057294 148300112.00
2023/08/14 20.04 20.39 18.77 19.00 3694852 102850760.00
2023/08/15 18.93 19.03 18.31 18.44 2552904 68158088.00
2023/08/16 18.23 18.44 18.11 18.40 1529528 40275312.00
2023/08/17 18.31 18.58 17.90 18.56 1971154 51673720.00
2023/08/18 18.42 19.39 18.30 18.83 2803168 76268272.00
2023/08/21 18.76 19.78 18.76 19.41 2698473 74945936.00
2023/08/22 19.40 19.54 18.69 18.95 1649453 45131196.00
2023/08/23 18.69 19.01 18.45 18.58 1195623 32139518.00
2023/08/24 18.40 18.91 17.99 18.47 1393800 36827888.00
2023/08/25 18.16 18.46 17.51 17.59 1351540 34979080.00
2023/08/28 18.76 18.79 17.84 17.90 1402271 36835052.00
2023/08/29 18.36 21.58 18.17 21.26 5579512 163265424.00
2023/08/30 20.97 21.84 20.81 21.09 3619700 110673864.00
2023/08/31 21.04 21.86 20.84 20.86 2111120 64263052.00
2023/09/01 20.87 21.36 20.64 21.05 1595420 48131432.00
2023/09/04 21.10 21.51 20.81 21.26 1804980 54728328.00
2023/09/05 21.26 21.46 20.86 20.96 1644220 49727880.00
2023/09/06 21.40 21.40 20.66 20.83 1107120 33176622.00
2023/09/07 20.76 21.04 20.35 20.39 1004340 29669354.00
2023/09/08 20.22 21.05 20.22 20.61 1257440 37543900.00
2023/09/11 20.61 20.76 20.32 20.45 1041900 30744084.00
2023/09/12 20.44 20.45 20.00 20.16 860580 24887966.00
2023/09/13 20.18 20.19 19.69 19.95 960820 27564728.00
2023/09/14 19.97 20.11 19.39 19.49 777960 21913332.00
2023/09/15 19.67 19.89 19.37 19.58 969840 27401752.00
2023/09/18 19.60 20.25 19.11 19.84 936900 26700630.00
2023/09/19 19.93 19.93 19.34 19.44 463700 12985351.00
2023/09/20 19.47 19.85 19.26 19.26 564740 15824048.00
2023/09/21 19.26 19.65 19.24 19.34 709540 19805908.00
2023/09/22 19.34 19.97 19.11 19.92 823200 23298846.00
2023/09/25 19.95 20.19 19.83 20.04 744720 21360144.00
2023/09/26 19.98 20.43 19.83 20.27 982780 28520318.00
2023/09/27 20.20 20.61 19.94 20.32 1167834 34169728.00
2023/09/28 20.24 20.95 20.24 20.74 1317580 39300456.00
2023/10/09 20.91 21.15 20.69 20.90 1195580 35941704.00
2023/10/10 21.10 21.10 20.61 20.73 996281 29730066.00
2023/10/11 20.76 20.90 20.15 20.56 1161320 34098976.00
2023/10/12 20.59 20.61 20.04 20.19 818920 23739820.00
2023/10/13 20.13 20.33 19.91 19.97 958300 27557354.00
2023/10/16 19.91 20.18 19.54 19.84 718420 20484052.00
2023/10/17 20.01 20.08 19.47 19.84 545140 15501261.00
2023/10/18 19.82 19.94 19.40 19.46 530995 14989200.00
2023/10/19 19.46 19.94 19.26 19.46 610680 17197262.00
2023/10/20 19.85 19.91 19.12 19.19 796404 22235686.00
2023/10/23 19.43 19.46 18.59 18.72 812440 22073258.00
2023/10/24 18.73 19.67 18.73 19.58 770146 21482764.00
2023/10/25 19.67 20.04 19.51 19.96 673500 19223968.00
2023/10/26 20.22 20.29 19.60 19.99 605220 17300366.00
2023/10/27 19.99 20.53 19.91 20.44 705400 20539688.00
2023/10/30 20.89 21.03 20.41 20.76 1447557 43216496.00
2023/10/31 20.74 21.34 20.54 20.77 1192320 35804352.00
2023/11/01 20.74 21.29 20.51 21.21 1376561 41705536.00
2023/11/02 21.21 21.22 20.59 20.66 1047240 31304288.00
2023/11/03 20.59 21.17 20.59 20.84 832640 25042574.00
2023/11/06 21.03 21.20 20.86 21.16 936400 28344332.00
2023/11/07 21.31 21.31 20.84 20.98 810440 24408620.00
2023/11/08 21.08 21.08 20.74 20.86 964100 28921148.00
2023/11/09 20.90 21.06 20.66 20.71 779560 23257040.00
2023/11/10 20.71 20.99 20.61 20.81 643840 19232730.00
2023/11/13 20.94 21.21 20.81 21.11 975080 29401776.00
2023/11/14 21.36 21.36 20.86 20.93 680240 20489936.00
2023/11/15 21.24 21.24 20.91 21.11 793540 24018980.00
2023/11/16 21.13 21.24 20.89 20.89 556960 16821578.00
2023/11/17 21.14 21.32 20.74 21.27 825900 25089460.00
2023/11/20 21.46 21.61 20.97 21.43 1020040 31119494.00
2023/11/21 21.55 21.59 21.04 21.15 777145 23669120.00
2023/11/22 21.05 21.29 20.90 20.98 665575 20143872.00
2023/11/23 20.96 21.40 20.94 21.35 930232 28332828.00
2023/11/24 21.36 21.36 20.75 20.83 795320 23852678.00
2023/11/27 20.95 21.38 20.70 21.07 999295 30176600.00
2023/11/28 21.07 21.74 20.99 21.73 1596000 49273836.00
2023/11/29 21.66 21.96 21.34 21.41 1489029 46126540.00
2023/11/30 21.28 21.49 20.91 21.34 1381660 41944024.00
2023/12/01 21.38 22.10 20.26 20.65 3299550 99668936.00
2023/12/04 21.21 21.97 20.51 21.02 2789936 84028536.00
2023/12/05 20.86 20.89 20.21 20.25 1801454 52789156.00
2023/12/06 20.31 23.46 20.31 21.31 4747087 148436400.00
2023/12/07 20.86 21.24 19.98 20.19 4033461 117375344.00
2023/12/08 20.19 20.73 19.64 19.65 2671460 77112904.00
2023/12/11 19.58 20.36 19.47 20.15 1762982 50660044.00
2023/12/12 20.13 20.24 19.84 20.17 1064557 30608756.00
2023/12/13 20.10 20.74 19.89 20.44 1497157 43828788.00
2023/12/14 20.45 20.81 20.26 20.34 885740 26027228.00
2023/12/15 20.31 20.50 20.07 20.31 811840 23572894.00
2023/12/18 20.18 20.50 19.99 20.26 875026 25501520.00
2023/12/19 20.24 20.69 20.12 20.53 1122500 32912160.00
2023/12/20 20.53 21.35 20.53 20.89 1623160 49045092.00
2023/12/21 20.89 20.90 19.96 20.66 1580300 46311796.00
2023/12/22 20.66 21.02 20.20 20.36 1039260 30635996.00
2023/12/25 20.30 20.46 19.90 20.04 763140 21998360.00
2023/12/26 20.04 20.09 19.68 19.81 689700 19702806.00
2023/12/27 19.89 19.99 19.54 19.84 636500 18070640.00
2023/12/28 19.96 20.76 19.54 20.69 1223500 35784032.00
2023/12/29 20.66 21.06 20.49 21.04 1053660 31613408.00
2024/01/02 21.05 21.51 21.04 21.22 1195100 36583548.00
2024/01/03 21.23 21.40 20.92 21.03 773180 23403102.00
2024/01/04 21.37 21.37 20.87 20.95 655600 19751820.00
2024/01/05 20.94 21.11 20.45 20.62 925200 27545018.00
2024/01/08 20.52 20.91 20.36 20.42 843700 24966088.00
2024/01/09 20.31 21.16 20.31 20.65 870180 25922508.00
2024/01/10 20.66 20.89 20.27 20.44 782900 23109364.00
2024/01/11 20.39 20.69 20.23 20.61 785000 23064924.00
2024/01/12 20.60 20.95 20.48 20.53 774960 23023904.00
2024/01/15 20.30 20.86 20.11 20.24 600760 17493248.00
2024/01/16 20.54 20.54 19.69 20.01 758332 21780326.00
2024/01/17 20.05 20.16 19.61 19.61 535000 15295311.00
2024/01/18 19.69 19.69 18.47 18.93 1044940 28466316.00
2024/01/19 19.01 19.07 18.39 18.44 952160 25511088.00
2024/01/22 18.44 18.63 17.31 17.43 908542 23537732.00
2024/01/23 17.39 17.79 16.76 16.98 1173520 28765138.00
2024/01/24 17.03 17.29 16.36 17.14 957089 23307424.00
2024/01/25 17.19 18.09 16.97 18.01 831900 21109664.00
2024/01/26 18.16 18.46 17.82 18.09 867280 22738894.00
2024/01/29 18.12 18.42 17.43 17.47 834100 21350942.00
2024/01/30 17.61 17.61 16.67 16.69 831820 20439506.00
2024/01/31 16.71 16.76 15.59 15.80 1018560 23555520.00
2024/02/01 15.75 15.75 14.68 15.09 1435800 31277032.00
2024/02/02 15.14 15.52 13.39 14.04 1525969 31585138.00
2024/02/05 13.96 13.96 11.42 11.68 2086085 37138996.00
2024/02/06 10.94 12.02 10.06 11.20 2597858 41880416.00
2024/02/07 11.42 11.44 10.12 10.40 2950062 45702304.00
2024/02/08 10.69 12.19 10.41 12.01 2665435 44063448.00
2024/02/19 12.23 13.00 12.23 12.66 2379802 43846136.00
2024/02/20 12.66 13.74 12.39 13.46 2366881 45183408.00
2024/02/21 13.19 14.31 13.13 13.94 2178397 44045296.00
2024/02/22 14.00 14.56 13.75 14.46 1945788 40155464.00
2024/02/23 14.49 14.81 14.24 14.76 2079248 43835120.00
2024/02/26 14.86 15.85 14.80 15.31 2326886 51515676.00
2024/02/27 15.13 16.40 14.99 16.33 2035271 46670976.00
2024/02/28 16.20 16.66 14.34 14.39 2796930 62810560.00
2024/02/29 14.28 14.96 14.09 14.96 2672683 56698840.00
2024/03/01 14.95 15.17 14.66 14.99 1772782 38334120.00
2024/03/04 15.17 15.21 14.62 15.05 1350065 29318196.00
2024/03/05 14.88 15.08 14.60 14.68 985160 21183878.00
2024/03/06 14.66 15.09 14.51 15.00 1036928 22350076.00
2024/03/07 15.00 15.71 15.00 15.44 1611920 36006968.00
2024/03/08 15.54 15.87 15.11 15.31 1061980 23553142.00
2024/03/11 15.35 15.64 15.20 15.60 998340 22299550.00
2024/03/12 15.79 15.89 15.44 15.89 1181356 26857876.00
2024/03/13 15.93 16.16 15.74 15.87 1007740 23213532.00
2024/03/14 15.89 16.15 15.63 15.78 1047800 24073708.00
2024/03/15 15.79 16.17 15.54 16.11 1074254 24663282.00
2024/03/18 16.29 16.71 16.20 16.64 1244240 29715124.00
2024/03/19 16.74 17.03 16.50 16.62 918640 22167642.00
2024/03/20 16.62 16.96 16.57 16.85 875460 21222292.00
2024/03/21 16.84 17.09 16.58 16.91 770820 18772992.00
2024/03/22 16.89 16.96 16.34 16.34 946140 22564856.00
2024/03/25 16.34 16.75 16.03 16.04 1038694 24668272.00
2024/03/26 16.05 16.33 15.55 16.11 776036 17958070.00
2024/03/27 16.11 16.11 15.21 15.21 843300 19055106.00
2024/03/28 15.42 16.41 15.21 16.14 1083290 24996324.00
2024/03/29 16.11 16.36 15.82 16.26 1026848 23888876.00
2024/04/01 16.61 16.77 16.19 16.69 969450 23201546.00
2024/04/02 16.68 16.81 16.40 16.60 718757 17247252.00
2024/04/03 16.60 16.72 16.05 16.41 777960 18380282.00
2024/04/08 16.33 16.56 15.61 15.62 960120 22219082.00
2024/04/09 15.74 16.06 15.64 15.99 633394 14536802.00
2024/04/10 15.97 15.99 14.96 15.39 689984 15450395.00
2024/04/11 15.39 15.79 14.97 15.46 629420 14133900.00
2024/04/12 15.91 18.66 15.91 18.66 2820276 74590624.00
2024/04/15 19.04 20.39 16.46 18.39 7875781 213919056.00
2024/04/16 17.03 18.04 14.66 17.15 5252901 123436856.00
2024/04/17 16.64 19.16 16.64 18.51 5699602 148590576.00
2024/04/18 18.22 19.80 17.65 19.59 6088670 166467472.00
2024/04/19 18.76 18.98 17.79 18.28 4511740 119080456.00
2024/04/22 18.36 19.58 17.53 17.56 3672995 97375672.00
2024/04/23 17.26 17.52 16.72 17.02 2907730 71576752.00
2024/04/24 17.24 17.31 16.37 16.90 2210014 53452232.00
2024/04/25 16.90 17.36 16.27 17.29 2495539 61147312.00
2024/04/26 16.99 17.88 16.52 17.49 2955315 72968832.00
2024/04/29 18.04 18.37 17.67 17.89 2821075 72755560.00
2024/04/30 17.74 19.17 17.51 18.69 3789683 101146016.00
2024/05/06 18.72 19.84 18.34 19.84 4604975 126896280.00
2024/05/07 19.47 19.57 18.99 19.17 3069116 84765368.00
2024/05/08 19.20 19.46 18.82 19.01 2242124 61578652.00
2024/05/09 18.83 19.11 18.69 18.83 1936402 52634200.00
2024/05/10 18.76 19.19 18.64 18.91 1618812 44045644.00
2024/05/13 18.76 19.27 18.07 19.27 2815444 76462384.00
2024/05/14 19.01 19.39 18.66 18.86 1622448 44298296.00
2024/05/15 18.86 18.86 18.10 18.12 1461178 38744032.00
2024/05/16 18.16 18.54 18.05 18.40 1303918 34352192.00
2024/05/17 18.62 18.74 18.41 18.61 1092836 29213670.00
2024/05/20 18.51 18.59 18.17 18.34 1073360 28286740.00
2024/05/21 18.44 21.11 18.44 19.79 5270265 149344464.00
2024/05/22 19.47 20.74 19.26 20.65 5062370 145885424.00
2024/05/23 20.10 20.26 19.52 19.88 3177338 90863496.00
2024/05/24 19.61 20.54 19.46 20.34 3202660 92599928.00
2024/05/27 20.19 21.39 18.76 19.26 4432352 129017480.00
2024/05/28 18.76 18.76 17.89 18.10 3262354 85948640.00
2024/05/29 18.10 19.24 18.10 18.61 2555901 68785272.00
2024/05/30 18.43 18.47 17.74 17.89 2279672 59068992.00
2024/05/31 17.83 18.53 17.83 18.49 1849951 48728496.00
2024/06/03 18.49 18.90 18.00 18.19 1384920 36458972.00
2024/06/04 18.10 18.18 17.61 17.90 1160663 29834744.00
2024/06/05 17.97 18.11 17.55 17.68 973763 25012508.00
2024/06/06 17.70 17.89 15.96 16.17 2011500 48491804.00
2024/06/07 16.56 16.92 16.35 16.69 1259300 30306226.00
2024/06/11 16.71 17.11 15.97 17.09 868620 20970004.00
2024/06/12 17.09 17.88 16.97 17.84 1196160 30460290.00
2024/06/13 18.19 18.86 17.87 18.34 2277200 60646176.00
2024/06/14 18.34 18.69 18.19 18.63 1445360 38561120.00
2024/06/17 18.67 18.74 18.41 18.55 1029702 27534806.00
2024/06/18 18.51 19.15 18.40 19.06 1875162 50934096.00
2024/06/19 18.97 19.16 18.62 18.75 1636530 44270408.00
2024/06/20 18.75 18.75 17.93 18.00 1919704 35108788.00
2024/06/21 18.27 18.27 17.43 17.69 1237594 22072010.00
2024/06/24 17.60 17.60 16.61 16.70 1613262 27431332.00
2024/06/25 16.87 17.17 16.57 16.83 1053264 17877064.00
2024/06/26 16.68 17.47 16.54 17.44 1290136 22136494.00
2024/06/27 17.33 17.66 17.05 17.09 1300500 22634728.00
2024/06/28 17.42 17.75 17.23 17.36 1596639 28037586.00
2024/07/01 17.15 17.54 16.97 17.42 949708 16518921.00
2024/07/02 17.43 17.55 17.21 17.52 856420 15016581.00
2024/07/03 17.60 17.73 16.94 17.07 877511 15130035.00
2024/07/04 17.03 17.31 16.61 16.65 599212 10177582.00
2024/07/05 16.51 17.00 16.34 16.61 624160 10386147.00
2024/07/08 16.90 17.00 16.13 16.22 796272 13205603.00
2024/07/09 16.49 16.73 15.83 16.68 1238980 20389936.00
2024/07/10 16.65 16.96 16.51 16.78 863168 14590247.00
2024/07/11 17.01 17.49 16.93 17.38 1232712 21480778.00
2024/07/12 17.25 17.42 17.00 17.09 923704 15933722.00
2024/07/15 17.09 17.09 16.49 16.50 773376 12932331.00
2024/07/16 16.65 16.69 16.28 16.65 579420 9645370.00
2024/07/17 16.65 16.71 15.90 16.03 687032 11213524.00
2024/07/18 15.88 15.93 15.31 15.80 796132 12501920.00
2024/07/19 15.81 16.06 15.71 15.95 771392 12356876.00
2024/07/22 16.00 16.30 15.98 16.15 825912 13428185.00
2024/07/23 16.29 16.36 15.65 15.65 653120 10496229.00
2024/07/24 15.65 15.89 15.45 15.46 607576 9555977.00
2024/07/25 15.50 15.82 15.27 15.53 812276 12718715.00
2024/07/26 16.39 18.66 16.35 18.66 7498529 137151312.00
2024/07/29 18.39 19.28 17.47 17.94 9059521 165085488.00
2024/07/30 17.70 17.89 17.32 17.70 4878500 86303056.00
2024/07/31 17.70 18.08 17.50 17.86 4505522 80641144.00
2024/08/01 17.78 18.13 17.70 18.13 4035270 72842768.00
2024/08/02 17.93 18.19 17.30 17.42 3507680 62606572.00
2024/08/05 17.42 17.68 17.03 17.25 2119001 37019428.00
2024/08/06 17.32 18.05 17.28 18.03 3898709 69591336.00
2024/08/07 17.83 18.02 17.56 17.68 2387780 42673116.00
2024/08/08 17.74 17.75 17.04 17.36 1911830 33339326.00
2024/08/09 17.47 17.58 17.10 17.11 1391840 24163612.00
2024/08/12 16.99 17.19 16.80 17.09 1067500 18273440.00
2024/08/13 17.09 17.23 16.70 17.23 1054680 18041144.00
2024/08/14 17.38 17.47 17.08 17.11 816344 14102326.00
2024/08/15 17.08 17.30 16.63 16.78 1856760 31615328.00
2024/08/16 16.89 16.94 16.50 16.63 1183768 19907342.00
2024/08/19 16.53 16.72 16.32 16.33 1051476 17429136.00
2024/08/20 16.35 16.44 15.96 16.14 1131425 18350992.00
2024/08/21 16.10 16.22 15.98 16.10 782608 12691022.00
2024/08/22 16.09 16.56 15.97 16.15 1919528 31301706.00
2024/08/23 16.18 16.43 15.67 16.10 1628965 26225928.00
2024/08/26 16.40 16.49 15.90 16.11 1004340 16298407.00
2024/08/27 16.11 16.22 15.73 15.77 1273585 20421448.00
2024/08/28 15.77 15.95 15.61 15.84 1011400 16074024.00
2024/08/29 15.80 15.97 15.60 15.96 825740 13147807.00
2024/08/30 15.90 16.32 15.85 16.13 1367204 22235080.00
2024/09/02 16.13 16.29 15.92 15.92 951000 15354278.00
2024/09/03 15.91 16.10 15.65 15.72 1178704 18776252.00
2024/09/04 15.70 15.70 15.35 15.51 1049188 16399078.00
2024/09/05 15.54 15.72 15.50 15.72 738940 11621804.00
2024/09/06 15.74 15.74 15.01 15.03 1107560 17044536.00
2024/09/09 15.02 15.16 14.78 15.04 622376 9382293.00
2024/09/10 15.04 15.23 14.88 15.18 500724 7596825.50
2024/09/11 15.21 15.22 15.00 15.05 381280 5791423.00
2024/09/12 15.04 15.28 14.79 14.79 599560 9092496.00
2024/09/13 14.84 14.87 14.40 14.41 712574 10442528.00
2024/09/18 14.43 14.62 13.90 14.19 838134 11957913.00
2024/09/19 14.28 14.63 14.17 14.55 922448 13412788.00
2024/09/20 14.66 14.66 14.22 14.39 679680 9845046.00
2024/09/23 14.40 14.47 14.15 14.33 470204 6777892.00
2024/09/24 14.40 14.94 14.27 14.94 1143196 16816950.00
2024/09/25 14.96 15.38 14.91 14.94 1337844 20377924.00
2024/09/26 14.75 15.32 14.75 15.32 1251832 19048976.00
2024/09/27 15.58 16.40 15.43 16.15 2128660 34098400.00
2024/09/30 17.03 18.53 16.26 18.14 4775976 83973808.00
2024/10/08 21.60 21.60 18.46 20.08 5760072 115120856.00
2024/10/09 19.06 19.25 17.49 17.61 3755552 69658048.00
2024/10/10 18.07 18.35 17.51 18.12 2288267 41556680.00
2024/10/11 18.18 18.18 16.73 17.05 1980734 34482872.00
2024/10/14 17.50 17.78 16.72 17.78 2314115 40232848.00
2024/10/15 17.77 18.10 17.17 17.41 1654982 29554038.00
2024/10/16 17.41 17.55 17.06 17.30 1222004 21330240.00
2024/10/17 17.40 17.67 17.10 17.15 1332160 23309554.00
2024/10/18 17.22 17.97 17.10 17.65 1888476 33384342.00
2024/10/21 17.65 18.08 17.50 17.77 2108432 37750792.00
2024/10/22 17.90 18.22 17.68 18.10 1967824 35645216.00
2024/10/23 18.10 18.58 17.82 17.96 1993432 36345496.00
2024/10/24 17.87 17.98 17.55 17.69 1170508 20852616.00
2024/10/25 17.80 18.20 17.70 18.19 1997408 36212648.00
2024/10/28 18.27 20.87 18.20 20.71 8205668 163306864.00
2024/10/29 20.90 24.87 19.70 24.87 16694976 388921888.00
2024/10/30 23.41 26.56 22.05 23.02 17016856 404600032.00
2024/10/31 22.58 22.70 21.40 22.37 10406051 229773904.00
2024/11/01 21.90 21.90 20.20 20.24 7264452 152609328.00
2024/11/04 20.24 21.37 19.95 21.18 5290306 109934336.00
2024/11/05 20.86 21.55 20.63 21.37 5363873 114500664.00
2024/11/06 21.78 22.20 20.97 21.32 5400757 117213960.00
2024/11/07 21.32 22.00 20.57 21.61 5374998 115882032.00
2024/11/08 21.95 22.25 21.30 21.79 4551729 99257488.00
2024/11/11 21.79 23.43 21.60 22.67 6181944 139857216.00
2024/11/12 22.41 22.87 21.38 21.68 5261426 117548920.00
2024/11/13 21.43 21.65 20.75 21.52 3386489 72208136.00
2024/11/14 21.40 21.58 20.81 20.87 2094508 44374644.00
2024/11/15 20.95 21.19 20.25 20.25 2128060 44335056.00
2024/11/18 20.26 20.47 19.46 19.67 2298237 45935204.00
2024/11/19 19.91 20.95 19.73 20.92 2618081 53571076.00
2024/11/20 20.93 21.05 20.75 20.94 1770156 37200736.00
2024/11/21 20.99 21.01 20.38 20.71 1657340 34518088.00
2024/11/22 20.60 20.83 19.51 19.57 1924522 39127036.00
2024/11/25 19.69 20.28 19.50 20.21 1715596 34391936.00
2024/11/26 20.29 20.30 19.30 19.55 2159100 42768632.00
2024/11/27 19.51 20.16 18.99 20.13 1785150 35060116.00
2024/11/28 19.99 20.46 19.93 20.08 1250560 25350592.00
2024/11/29 20.08 20.58 19.95 20.34 1739332 35504284.00
2024/12/02 20.45 20.88 20.29 20.70 1369197 28344666.00
2024/12/03 20.65 21.63 20.45 21.27 3131671 66522792.00
2024/12/04 21.63 22.37 21.15 21.38 5383732 118153840.00
2024/12/05 21.77 22.32 21.16 21.56 3208252 69667936.00
2024/12/06 21.52 21.57 20.91 21.23 2416543 51364064.00
2024/12/09 21.24 21.49 20.94 21.39 2081408 44366340.00
2024/12/10 22.18 22.18 21.22 21.23 2620488 56796360.00
2024/12/11 21.15 21.41 21.02 21.32 1743842 37125168.00
2024/12/12 21.32 22.37 21.18 22.17 4342803 95656632.00
2024/12/13 21.85 22.62 21.35 21.98 4637399 102540864.00
2024/12/16 21.91 22.45 21.12 21.26 3389952 73905288.00
2024/12/17 21.19 21.30 20.10 20.20 2233676 46071756.00
2024/12/18 20.28 20.55 19.65 20.29 1199240 24424852.00
2024/12/19 20.10 20.59 19.90 20.50 1345608 27457280.00
2024/12/20 20.38 21.17 20.38 21.00 1747904 36729388.00
2024/12/23 21.25 21.35 19.67 19.85 2245084 45746924.00
2024/12/24 19.84 20.15 19.50 19.95 1302032 25916450.00
2024/12/25 19.98 19.98 18.93 19.19 1630921 31524772.00
2024/12/26 19.19 19.59 19.17 19.35 899601 17567948.00
2024/12/27 19.38 19.85 19.26 19.58 908456 17896486.00
2024/12/30 19.38 19.51 18.81 19.36 800256 15472687.00
2024/12/31 19.36 19.46 18.68 18.73 931400 17776080.00
2025/01/02 18.57 19.05 18.22 18.34 1197909 22420256.00
2025/01/03 18.51 18.54 17.50 17.59 1272828 23082210.00
2025/01/06 17.50 17.84 16.67 17.49 886848 15537757.00
2025/01/07 17.37 18.23 17.37 18.23 1064068 19134584.00
2025/01/08 18.25 18.47 17.62 18.32 978660 17828190.00
2025/01/09 18.17 19.55 18.17 18.71 1613174 30652664.00
2025/01/10 18.71 19.05 17.92 18.07 1417504 26484254.00
2025/01/13 17.75 18.15 17.20 17.89 922177 16422089.00
2025/01/14 18.06 18.95 17.55 18.94 1124092 21066002.00
2025/01/15 19.18 19.18 18.63 18.78 712276 13470251.00
2025/01/16 18.93 19.27 18.66 18.88 1144432 21830326.00
2025/01/17 18.76 19.03 18.59 18.82 878500 16595716.00
2025/01/20 19.33 19.43 18.96 19.24 1241205 23969884.00
2025/01/21 19.45 19.47 19.01 19.21 1024528 19758660.00
2025/01/22 19.25 19.25 18.90 19.06 745596 14253270.00
2025/01/23 19.33 19.46 18.99 18.99 1145660 22165296.00
2025/01/24 18.99 19.52 18.92 19.38 1406166 27184262.00
2025/01/27 19.48 19.60 18.98 19.11 1034966 20077760.00
2025/02/05 19.32 19.70 19.10 19.55 998002 19500880.00
2025/02/06 19.61 20.10 19.44 20.02 1225286 24448286.00
2025/02/07 20.02 20.28 19.75 19.93 1409116 28365702.00
2025/02/10 20.24 20.24 19.76 20.12 1111039 22323682.00
2025/02/11 20.12 20.22 19.91 19.99 989180 19897110.00
2025/02/12 19.95 20.18 19.70 20.07 1199796 24101944.00
2025/02/13 20.05 20.14 19.58 19.63 1383235 27568740.00
2025/02/14 19.77 19.79 19.35 19.40 1055942 20744626.00
2025/02/17 19.42 19.90 19.42 19.81 1334852 26422396.00
2025/02/18 19.70 19.87 19.11 19.20 1032088 20175770.00
2025/02/19 19.60 20.51 19.33 20.11 2823725 56975860.00
2025/02/20 20.12 20.37 19.94 20.33 1757152 35597524.00
2025/02/21 20.35 20.40 20.00 20.32 1483580 30151170.00
2025/02/24 20.34 20.40 19.99 20.36 1357206 27551240.00
2025/02/25 20.10 21.20 20.06 20.80 2745801 57148032.00
2025/02/26 21.11 21.77 21.00 21.65 4372468 94663344.00
2025/02/27 21.90 23.40 21.90 23.35 9826998 225743040.00
2025/02/28 23.35 23.35 21.92 22.10 7010558 158367520.00
2025/03/03 22.40 22.50 21.11 21.36 3798291 82943240.00
2025/03/04 21.17 23.60 20.91 22.42 6227238 140556624.00
2025/03/05 22.55 24.24 22.27 23.70 8768958 205976176.00
2025/03/06 24.18 24.28 23.25 23.33 6420043 152369888.00
2025/03/07 22.97 23.32 22.49 22.82 4414978 101448168.00
2025/03/10 22.67 23.20 22.67 22.90 2962696 68195744.00
2025/03/11 22.78 23.56 22.31 22.72 3673106 84317720.00
2025/03/12 22.66 22.93 22.53 22.69 2598166 59231564.00
2025/03/13 22.79 23.28 22.03 22.51 3059927 69408120.00
2025/03/14 22.38 26.20 22.38 25.21 10059775 245293472.00
2025/03/17 24.95 26.37 24.43 25.83 8456486 214707520.00
2025/03/18 25.86 27.20 25.30 26.95 8874621 234489520.00
2025/03/19 26.68 29.16 25.30 25.68 11942484 322189280.00
2025/03/20 25.77 28.84 24.89 27.80 13450197 358557440.00
2025/03/21 26.92 27.78 25.82 25.83 8901235 239094192.00
2025/03/24 25.54 25.60 23.39 23.89 6720292 164413616.00
2025/03/25 24.07 25.06 23.69 23.96 4694985 114404000.00
2025/03/26 23.90 25.00 23.90 24.12 3698715 90832696.00
2025/03/27 23.99 24.67 23.30 23.42 3522832 83894184.00
2025/03/28 23.49 24.25 23.27 23.94 3449895 82087616.00
2025/03/31 23.21 23.40 21.93 22.75 4269240 95902808.00
2025/04/01 23.21 23.52 22.40 22.54 2489024 56796188.00
2025/04/02 22.46 23.31 22.46 22.85 2659134 61379792.00
2025/04/03 22.53 23.01 21.86 22.00 2470229 55408516.00
2025/04/07 20.02 20.79 17.58 17.58 3744575 69992760.00
2025/04/08 17.87 18.69 16.75 17.33 4051959 71878784.00
2025/04/09 16.98 18.14 15.55 18.00 3618811 62310572.00
2025/04/10 18.89 19.63 18.68 19.05 3353682 64848976.00
2025/04/11 18.90 19.67 18.89 19.40 1853058 35943188.00
2025/04/14 19.83 20.09 19.49 19.53 2015857 40070048.00
2025/04/15 19.53 19.75 19.31 19.64 1622488 31873680.00
2025/04/16 19.57 19.65 18.58 18.93 2086279 39899468.00
2025/04/17 18.96 19.63 18.78 19.31 1873093 36367416.00
2025/04/18 19.30 19.52 18.98 19.32 1406654 27232174.00
2025/04/21 19.47 20.13 19.10 20.00 2205995 43778764.00
2025/04/22 20.60 21.72 20.14 21.17 5125241 108159128.00
2025/04/23 21.39 22.58 21.18 22.05 4045243 89645768.00
2025/04/24 21.90 22.87 21.51 21.76 3891435 86475432.00
2025/04/25 22.28 22.47 21.26 21.64 2987740 65057308.00
2025/04/28 21.55 22.15 21.12 21.79 2702087 58946288.00
2025/04/29 21.81 23.30 21.50 22.85 4066018 92672392.00
2025/04/30 23.17 27.44 23.17 27.44 12359659 320378400.00
2025/05/06 27.90 28.89 25.82 28.10 19812540 535169408.00
2025/05/07 26.94 32.96 26.94 30.78 20311252 608865024.00
2025/05/08 29.37 31.93 28.50 30.75 16096241 485631200.00
2025/05/09 29.76 30.20 27.66 28.37 12350725 356699040.00
2025/05/12 28.09 29.80 27.98 29.66 10896937 314001888.00
2025/05/13 30.50 30.78 28.21 28.60 9762104 285474816.00
2025/05/14 28.07 31.78 28.07 28.60 10528713 310353376.00
2025/05/15 27.88 27.90 26.40 26.42 9602188 258663136.00
2025/05/16 26.25 27.40 26.25 27.03 7620667 207031056.00
2025/05/19 27.33 27.43 25.91 26.58 6315711 166782640.00
2025/05/20 26.58 27.89 26.03 27.43 7606043 206608416.00
2025/05/21 27.25 27.88 26.50 27.18 7067415 192050464.00
2025/05/22 26.91 27.35 26.16 26.16 5625053 149846896.00
2025/05/23 26.06 26.47 25.12 25.49 5274044 136666512.00
2025/05/26 25.30 25.67 25.08 25.45 3419681 86890248.00
2025/05/27 25.00 25.08 24.30 24.63 5930716 146215904.00
2025/05/28 24.54 24.71 23.98 24.26 4290071 104259240.00
2025/05/29 24.06 24.60 24.06 24.45 4147321 101416712.00
2025/05/30 24.31 24.31 23.14 23.22 6029149 141736368.00
2025/06/03 23.00 23.40 23.00 23.09 3440369 79608840.00
2025/06/04 23.14 23.39 23.03 23.22 4185771 97132848.00
2025/06/05 23.25 23.67 23.09 23.53 4951076 116089648.00
2025/06/06 23.53 23.56 23.11 23.27 3802848 88476352.00
2025/06/09 23.32 23.65 23.23 23.42 3936820 92409392.00
2025/06/10 23.46 23.53 22.37 22.65 5212150 119025856.00
2025/06/11 22.60 22.75 22.46 22.56 4590165 103762088.00
2025/06/12 22.43 22.97 22.33 22.60 6152350 138899008.00
2025/06/13 22.45 22.50 21.83 21.87 5319311 117510840.00
2025/06/16 21.89 22.36 21.86 22.23 3493083 77441984.00
2025/06/17 22.14 22.32 21.96 22.09 2585277 57131556.00
2025/06/18 22.03 22.11 21.74 21.91 2468507 54026056.00
2025/06/19 21.90 22.20 21.38 21.57 3712485 80985136.00
2025/06/20 21.46 21.76 21.11 21.20 3075479 65638208.00
2025/06/23 21.20 21.55 20.98 21.51 2463344 52675320.00
2025/06/24 21.70 22.42 21.58 22.40 5596039 124317888.00
2025/06/25 22.54 22.70 22.25 22.61 4960365 111594392.00
2025/06/26 22.60 22.99 22.53 22.58 5449586 123899368.00
2025/06/27 22.52 22.80 22.51 22.64 3383817 76643408.00
2025/06/30 22.66 22.98 22.61 22.92 3371698 77059592.00
2025/07/01 22.95 23.00 22.54 22.78 3531279 80245776.00
2025/07/02 22.75 22.80 22.36 22.55 2622763 59064548.00
2025/07/03 22.60 23.06 22.60 22.90 5134660 117383152.00
2025/07/04 22.91 22.91 22.45 22.54 3241020 73277760.00
2025/07/07 22.53 22.63 22.28 22.61 2229458 50161976.00
2025/07/08 22.70 22.90 22.54 22.89 3061956 69746264.00
2025/07/09 22.95 23.25 22.64 22.76 5099739 117223160.00
2025/07/10 22.70 22.80 22.42 22.57 3214330 72564136.00
2025/07/11 22.64 22.86 22.32 22.75 3880133 87800152.00
2025/07/14 22.85 23.66 22.69 23.49 7055296 164227824.00
2025/07/15 23.31 23.31 22.45 22.82 6822792 155535760.00
2025/07/16 22.84 23.24 22.71 22.99 4490818 103327328.00
2025/07/17 22.86 23.27 22.77 23.13 3642587 84140352.00
2025/07/18 23.30 23.35 22.78 23.00 3543949 81454128.00
2025/07/21 23.12 23.63 23.04 23.61 5199546 121635832.00
2025/07/22 23.49 23.66 23.13 23.32 4514486 105269152.00
2025/07/23 23.31 23.31 22.87 22.93 3437109 79086808.00
2025/07/24 22.52 22.78 22.43 22.60 4861532 109775624.00
2025/07/25 22.63 22.96 22.47 22.86 3876407 87999192.00
2025/07/28 22.92 24.66 22.92 23.88 10086138 240068528.00
2025/07/29 23.87 23.93 23.53 23.78 4825973 114351576.00
2025/07/30 23.80 24.29 23.28 23.52 4903539 116418592.00
2025/07/31 23.35 23.76 23.07 23.07 3911008 91363080.00
2025/08/01 23.13 23.82 22.88 23.34 5076499 118168976.00
2025/08/04 23.17 23.90 23.05 23.89 4718873 111416160.00
2025/08/05 23.86 24.70 23.81 24.70 8166354 198777792.00
2025/08/06 24.67 25.00 24.35 24.98 6595221 163387680.00
2025/08/07 24.88 25.00 24.46 24.52 4777827 117654464.00
2025/08/08 24.61 25.22 24.20 24.76 6965312 172061968.00
2025/08/11 24.86 25.35 24.70 25.30 6719199 168708816.00
2025/08/12 25.30 25.33 24.59 24.64 5091800 126296760.00
2025/08/13 24.65 24.93 24.47 24.50 4810399 118651704.00
2025/08/14 24.56 24.85 23.86 24.03 4194062 101324376.00
2025/08/15 23.97 24.41 23.86 24.36 3203825 77777072.00
2025/08/18 24.46 25.85 24.32 25.46 8605320 217298416.00
2025/08/19 25.40 25.60 24.90 25.53 6029198 152170816.00
2025/08/20 25.40 30.64 25.22 30.64 19824728 555643456.00
2025/08/21 30.64 31.00 28.45 28.67 22667816 661986624.00
2025/08/22 28.39 28.79 28.05 28.60 12095792 342571776.00
2025/08/25 28.32 31.50 28.29 30.85 21081256 635849600.00
2025/08/26 30.07 34.11 30.07 32.36 19362684 629480064.00
2025/08/27 32.36 36.56 32.36 33.20 20636056 712050112.00
2025/08/28 34.47 35.01 31.40 32.31 16029716 525902944.00
2025/08/29 32.60 32.79 30.38 31.91 12210778 383208384.00
2025/09/01 31.80 33.86 31.02 32.31 14842794 482047616.00
2025/09/02 31.89 36.98 29.52 35.29 23418224 772855296.00
2025/09/03 35.12 36.80 33.18 34.50 16738904 585369856.00
2025/09/04 34.31 36.28 33.60 34.63 14038831 489025536.00
2025/09/05 34.21 35.09 32.23 35.09 12293686 418553600.00
2025/09/08 34.59 36.63 33.05 36.51 17626796 616061632.00
2025/09/09 35.61 35.70 33.50 33.58 11770440 407683904.00
2025/09/10 33.01 33.40 31.66 31.76 10292514 332114912.00
2025/09/11 32.07 33.95 30.97 33.50 10718879 345916544.00
2025/09/12 33.89 34.88 32.05 32.10 8305298 271615712.00
2025/09/15 32.37 33.17 31.64 31.80 7629587 246141024.00
2025/09/16 31.86 38.16 31.86 38.16 18869312 666444928.00
2025/09/17 40.52 44.50 39.06 41.95 25862548 1066198016.00
2025/09/18 43.72 47.85 42.29 43.89 25955168 1166745088.00
2025/09/19 41.37 43.64 39.78 43.00 18583706 777339520.00
2025/09/22 43.50 49.79 42.14 48.50 23073208 1042286720.00
2025/09/23 46.51 55.05 46.51 52.46 20710916 1063862144.00
2025/09/24 51.41 51.74 47.61 49.45 20799848 1019733632.00
2025/09/25 48.50 49.34 45.61 45.95 18573106 874020032.00
2025/09/26 45.42 46.30 44.66 44.83 11563269 524019136.00
2025/09/29 44.93 45.90 44.00 44.74 9787127 440187104.00
2025/09/30 44.45 44.70 43.12 43.46 9376703 410612512.00
2025/10/09 43.88 43.96 42.69 42.86 8180923 354157472.00
2025/10/10 43.18 43.68 41.59 41.95 7403831 314754912.00
2025/10/13 38.60 41.29 38.12 40.98 5894240 237381536.00
2025/10/14 40.80 41.36 37.72 38.10 7932483 312026944.00
2025/10/15 38.48 40.99 37.77 40.99 9161864 363726560.00
2025/10/16 40.03 41.19 39.42 39.84 5171428 207283504.00
2025/10/17 39.60 39.90 37.81 37.95 4767286 183691920.00
2025/10/20 38.52 40.58 38.00 40.58 7801847 311413440.00
2025/10/21 40.08 40.49 38.80 39.20 7542416 296443424.00
2025/10/22 39.00 40.76 38.38 38.88 8161282 321966208.00
2025/10/23 38.66 40.05 37.60 39.15 5863411 225672448.00
2025/10/24 38.91 40.42 38.85 39.41 6272299 247443168.00
2025/10/27 40.03 40.50 39.03 39.93 4992965 198789152.00
2025/10/28 39.90 41.24 39.50 40.37 6136265 248124688.00
2025/10/29 40.00 40.96 39.90 40.81 4144583 167708464.00
2025/10/30 41.02 42.81 39.73 40.12 9170116 376135936.00
2025/10/31 39.62 42.77 39.62 41.92 9418457 395787328.00
2025/11/03 42.09 43.49 41.15 43.12 8713887 370821472.00
2025/11/04 43.10 43.77 41.01 41.98 6729345 283068384.00
2025/11/05 41.29 44.30 40.81 43.12 7113866 303563232.00
2025/11/06 42.53 42.93 41.11 41.59 7201169 299983168.00
2025/11/07 41.01 41.41 38.60 38.95 6817152 268169856.00
2025/11/10 39.40 39.41 38.21 38.55 3405506 132191480.00
2025/11/11 38.56 38.88 37.37 37.55 4375096 165688480.00
2025/11/12 37.35 37.83 35.80 36.36 5626520 205662256.00
2025/11/13 36.55 38.97 36.28 38.43 6104993 233215040.00
2025/11/14 37.80 38.30 37.28 37.82 2480290 93924920.00
2025/11/17 38.02 39.37 38.00 38.60 3305588 128293688.00
2025/11/18 38.61 38.71 37.47 37.93 2476120 93935520.00
2025/11/19 37.88 38.01 36.50 36.84 2089127 77526768.00
2025/11/20 37.00 37.98 36.71 37.24 2027290 75469056.00
2025/11/21 37.12 37.54 35.55 35.87 2506117 91171080.00
2025/11/24 35.87 36.86 35.40 36.36 2457810 89490072.00
2025/11/25 36.70 37.20 36.30 36.50 1929624 70892760.00
2025/11/26 36.59 37.98 35.90 36.87 3003332 111498424.00
2025/11/27 36.63 37.29 35.42 36.00 3162538 114923200.00
2025/11/28 36.30 37.45 35.80 36.91 2999921 110402520.00
2025/12/01 36.68 37.13 36.42 37.06 3417895 125559088.00
2025/12/02 36.72 36.77 35.58 35.66 3061160 110250232.00
2025/12/03 35.66 35.98 34.05 34.55 4008687 138867312.00
2025/12/04 35.00 35.51 34.05 34.67 3175035 110413736.00
2025/12/05 34.50 35.27 34.14 35.09 2935362 102376136.00
2025/12/08 35.10 35.73 34.87 35.40 2699580 95357496.00
2025/12/09 35.28 35.68 34.85 34.94 1689851 59553224.00
2025/12/10 34.95 35.00 34.30 34.37 1829600 63038576.00
2025/12/11 34.38 34.61 33.33 33.33 2239574 75562576.00
2025/12/12 33.42 34.25 33.26 33.81 2542160 85931656.00
2025/12/15 33.81 34.15 33.27 33.41 1958086 66012308.00
2025/12/16 33.40 33.66 32.30 32.60 1959374 63963444.00
2025/12/17 32.43 32.98 31.82 32.91 2150104 69687080.00
2025/12/18 32.62 35.17 32.62 33.50 4106592 140287664.00
2025/12/19 33.58 34.40 33.58 33.90 2040751 69405528.00
2025/12/22 33.90 34.95 33.71 34.40 2162989 74660432.00
2025/12/23 34.37 34.64 33.80 34.37 1779602 60656240.00
2025/12/24 34.30 34.70 33.95 34.29 1849391 63512104.00
2025/12/25 34.58 34.65 33.87 34.50 3283887 112661848.00
2025/12/26 34.43 35.35 34.20 34.78 3234588 112390800.00
2025/12/29 35.33 35.65 34.63 35.03 3731513 130969464.00
2025/12/30 34.88 36.00 34.62 35.83 5458135 193722912.00
2025/12/31 36.00 36.00 34.49 34.50 5357056 186601104.00
2026/01/05 34.38 34.66 33.86 34.37 3412950 117096760.00
2026/01/06 34.37 35.20 34.26 34.49 3345871 115857512.00
2026/01/07 34.49 34.66 33.88 34.00 3048649 104288080.00
2026/01/08 34.00 35.18 33.73 34.98 3857842 133952512.00
2026/01/09 34.97 37.36 34.75 36.82 7216180 262573120.00
2026/01/12 36.80 37.15 36.31 37.08 5789602 212582320.00
2026/01/13 37.25 39.06 36.61 37.12 8200266 310527040.00
2026/01/14 37.13 37.42 36.14 36.96 5928040 218352704.00
2026/01/15 36.61 37.07 35.93 36.12 3363540 122253992.00
2026/01/16 36.50 37.95 36.40 36.90 5975567 222003616.00
2026/01/19 37.03 38.25 36.96 38.01 4721273 178093824.00
2026/01/20 38.01 38.60 36.23 36.58 4433313 164343904.00
2026/01/21 36.36 37.84 36.05 37.43 3045673 112947504.00
2026/01/22 37.50 37.57 36.75 37.27 2714254 100548544.00
2026/01/23 38.58 38.60 37.22 38.25 6060128 230950672.00
2026/01/26 38.80 39.44 36.50 36.71 6184099 231273152.00
2026/01/27 36.34 37.68 34.98 36.70 5031795 181640176.00
2026/01/28 36.70 36.70 35.35 36.00 3288673 118135640.00
2026/01/29 35.29 36.07 34.74 34.89 3346136 118173760.00
2026/01/30 34.50 35.28 33.60 35.26 2819790 97124936.00
2026/02/02 34.81 36.50 34.81 35.60 3554881 127366392.00
2026/02/03 35.81 36.50 35.16 36.15 2197055 79275896.00
2026/02/04 36.20 36.49 35.40 35.61 1967551 70564448.00
2026/02/05 37.07 37.07 34.40 34.50 4522849 160835136.00
2026/02/06 33.73 35.94 33.53 34.58 2424078 83737464.00
2026/02/09 34.75 34.93 34.23 34.60 1932115 66680920.00
2026/02/10 34.87 36.65 34.57 36.45 5456098 196769696.00
2026/02/11 36.05 36.15 34.82 34.95 3498020 123539648.00
2026/02/12 34.90 35.60 34.60 35.26 1828847 64491756.00
2026/02/13 35.12 37.50 34.89 37.24 6059292 223237088.00
2026/02/24 39.30 39.30 36.05 36.10 6555758 241817936.00
2026/02/25 36.46 36.55 35.80 35.97 2725287 98201488.00
#Ъ§ОнРДдД:ЭЈДяаХ
