300302 ЭЌгаПЦММ ШеЯп ЧАИДШЈ
      ШеЦк	    ПЊХЬ	    зюИп	    зюЕЭ	    ЪеХЬ	    ГЩНЛСП	    ГЩНЛЖю
2021/08/02 11.13 11.30 10.88 11.27 17054530 189272768.00
2021/08/03 11.20 11.98 11.10 11.52 30800189 357159712.00
2021/08/04 11.37 11.88 11.35 11.55 21166099 245755024.00
2021/08/05 11.54 11.60 11.15 11.24 15240904 172097280.00
2021/08/06 11.30 11.49 11.15 11.49 14347343 162701024.00
2021/08/09 11.52 11.85 11.29 11.36 15216510 175235488.00
2021/08/10 11.25 11.96 11.18 11.93 24854806 291177280.00
2021/08/11 11.92 12.33 11.67 11.92 22223595 265082160.00
2021/08/12 11.97 12.45 11.90 12.06 23537639 286945472.00
2021/08/13 11.99 12.23 11.84 12.07 15979722 191785264.00
2021/08/16 12.18 12.19 11.50 11.75 14080943 165816864.00
2021/08/17 11.71 12.68 11.36 12.19 31046772 372847328.00
2021/08/18 12.08 12.58 11.93 12.15 23544647 288427200.00
2021/08/19 12.01 13.00 11.87 12.79 38460033 485300416.00
2021/08/20 12.65 13.35 12.45 13.30 39433000 510913920.00
2021/08/23 13.45 14.27 12.81 13.10 52878614 710197312.00
2021/08/24 13.00 14.20 12.85 14.20 51843359 709470208.00
2021/08/25 13.89 14.06 13.44 13.87 36741784 502644224.00
2021/08/26 13.86 14.15 13.06 13.23 33874805 455508960.00
2021/08/27 12.99 13.14 12.35 12.35 29626282 374608096.00
2021/08/30 11.95 12.49 11.85 12.12 24127014 292441248.00
2021/08/31 12.00 12.01 11.23 11.41 23170716 266931040.00
2021/09/01 11.45 11.64 11.12 11.59 13020089 148720128.00
2021/09/02 11.54 11.54 11.27 11.37 9814903 111419552.00
2021/09/03 11.48 11.80 11.39 11.53 13243465 153365616.00
2021/09/06 11.42 11.63 11.18 11.60 9880148 112598096.00
2021/09/07 11.90 12.09 11.52 11.57 19231556 226162224.00
2021/09/08 11.36 11.44 10.93 11.10 19144565 213678752.00
2021/09/09 11.05 11.07 10.63 10.65 14539978 156878432.00
2021/09/10 10.66 10.75 10.61 10.73 7497560 80179120.00
2021/09/13 10.69 10.69 10.32 10.39 10629498 110845256.00
2021/09/14 10.44 10.66 10.40 10.47 8062102 84958360.00
2021/09/15 10.48 10.56 10.32 10.51 5407225 56672036.00
2021/09/16 10.56 10.77 10.50 10.77 9293662 98820224.00
2021/09/17 10.75 10.75 10.38 10.58 6855417 72283552.00
2021/09/22 10.35 10.49 10.34 10.42 3519530 36615928.00
2021/09/23 10.45 10.59 10.40 10.52 4283744 45042904.00
2021/09/24 10.53 10.65 10.34 10.38 5403102 56814268.00
2021/09/27 10.41 10.47 9.61 9.71 9481710 94207304.00
2021/09/28 9.69 9.79 9.62 9.72 2603966 25286502.00
2021/09/29 9.66 9.71 9.21 9.30 5027700 47203180.00
2021/09/30 9.31 9.46 9.31 9.40 2327010 21897682.00
2021/10/08 9.50 9.80 9.49 9.68 3610140 34930108.00
2021/10/11 9.68 9.86 9.56 9.78 3438375 33395184.00
2021/10/12 9.76 9.76 9.34 9.49 4022570 38139036.00
2021/10/13 9.49 9.60 9.41 9.55 2183270 20742824.00
2021/10/14 9.56 9.58 9.39 9.52 2403900 22829232.00
2021/10/15 9.52 9.60 9.46 9.50 2356900 22460946.00
2021/10/18 9.53 9.53 9.27 9.40 3086436 28866368.00
2021/10/19 9.32 9.51 9.32 9.43 2422402 22879986.00
2021/10/20 9.52 9.65 9.48 9.52 3660500 34990412.00
2021/10/21 9.50 9.51 9.23 9.23 3990438 37258144.00
2021/10/22 9.29 9.33 9.22 9.28 2371221 21969656.00
2021/10/25 9.36 9.38 9.23 9.29 1965370 18259098.00
2021/10/26 9.26 9.29 9.01 9.01 4500027 40845772.00
2021/10/27 9.00 9.00 8.74 8.86 3309217 29262634.00
2021/10/28 8.83 8.91 8.69 8.73 3099060 27194550.00
2021/10/29 8.74 9.13 8.74 8.96 3785572 33997208.00
2021/11/01 8.94 9.17 8.86 9.07 3957629 35793584.00
2021/11/02 9.12 9.20 8.84 8.96 3809798 34414960.00
2021/11/03 9.00 9.14 8.98 9.09 2489186 22573008.00
2021/11/04 9.09 9.18 9.07 9.17 3221877 29406274.00
2021/11/05 9.18 9.44 9.13 9.33 5224840 48613712.00
2021/11/08 9.30 9.30 9.15 9.24 3036820 27952668.00
2021/11/09 9.20 9.62 9.20 9.48 6223586 58880860.00
2021/11/10 9.62 9.63 9.47 9.57 4759451 45436348.00
2021/11/11 9.74 9.90 9.63 9.77 7797912 76303336.00
2021/11/12 9.72 9.84 9.60 9.78 6322245 61453252.00
2021/11/15 9.80 10.25 9.80 10.20 10217063 102968344.00
2021/11/16 10.20 10.34 9.98 10.01 9973820 101241576.00
2021/11/17 9.97 10.06 9.90 10.02 6001880 59919684.00
2021/11/18 10.02 10.15 9.76 9.79 6042673 59632808.00
2021/11/19 9.79 10.20 9.73 10.03 7519679 75104304.00
2021/11/22 10.05 10.13 9.92 10.04 5115169 51193696.00
2021/11/23 10.08 10.10 9.95 10.05 3758706 37644344.00
2021/11/24 10.07 10.45 9.96 10.29 8920542 91271536.00
2021/11/25 10.42 10.42 10.03 10.11 6716706 68265544.00
2021/11/26 10.12 10.29 9.91 10.10 5330310 53827772.00
2021/11/29 9.91 10.04 9.80 9.86 5206585 51609768.00
2021/11/30 9.89 10.26 9.66 10.03 8221117 82843144.00
2021/12/01 10.19 10.54 10.19 10.42 13780632 143326352.00
2021/12/02 10.33 10.38 10.02 10.03 9718743 98730136.00
2021/12/03 10.09 10.66 10.01 10.46 16370816 170575872.00
2021/12/06 10.43 10.45 10.10 10.17 12600432 128937176.00
2021/12/07 10.25 10.44 10.10 10.19 8408827 86065984.00
2021/12/08 10.10 10.43 9.87 10.36 11988124 122066744.00
2021/12/09 10.53 10.67 10.35 10.39 12699477 133334392.00
2021/12/10 10.36 10.47 10.22 10.25 7529042 77765016.00
2021/12/13 10.21 10.32 10.12 10.18 4832026 49190408.00
2021/12/14 10.26 10.35 10.13 10.30 5391436 55399872.00
2021/12/15 10.27 10.37 10.13 10.13 5660520 58009116.00
2021/12/16 10.15 10.30 10.13 10.23 4745727 48525344.00
2021/12/17 10.23 10.24 9.98 9.98 7691328 77549072.00
2021/12/20 9.96 10.08 9.67 9.67 6574901 64775076.00
2021/12/21 9.69 9.96 9.69 9.92 4552974 44924304.00
2021/12/22 9.87 10.05 9.85 9.88 3650500 36330412.00
2021/12/23 9.88 9.95 9.70 9.71 4583526 44771108.00
2021/12/24 9.83 9.85 9.41 9.42 5618877 53859292.00
2021/12/27 9.41 9.57 9.33 9.52 2732054 25859164.00
2021/12/28 9.54 9.73 9.51 9.69 3386400 32721728.00
2021/12/29 9.73 10.15 9.73 9.96 11614190 116396248.00
2021/12/30 9.91 10.44 9.81 10.27 12858824 132287600.00
2021/12/31 10.34 10.43 10.20 10.29 8339484 85903808.00
2022/01/04 10.30 10.49 10.24 10.46 9298446 96640256.00
2022/01/05 10.45 10.48 10.20 10.34 7245097 74767000.00
2022/01/06 10.39 10.39 10.17 10.27 4955368 50816544.00
2022/01/07 10.27 10.34 9.96 9.99 6475611 65538644.00
2022/01/10 10.01 10.15 9.80 10.10 5011665 50193344.00
2022/01/11 10.09 10.24 9.93 9.96 4205906 42244300.00
2022/01/12 9.98 10.14 9.95 10.11 3745250 37743640.00
2022/01/13 10.14 10.35 9.97 10.00 4654700 46973248.00
2022/01/14 10.00 10.07 9.86 9.94 4134900 41289260.00
2022/01/17 9.91 10.68 9.91 10.66 19579230 204527904.00
2022/01/18 10.58 10.84 10.45 10.52 16046793 170974512.00
2022/01/19 10.45 10.98 10.27 10.90 19907288 214264064.00
2022/01/20 10.81 10.85 10.51 10.61 13914539 147784800.00
2022/01/21 10.69 10.89 10.56 10.68 14617904 156867936.00
2022/01/24 10.61 10.90 10.50 10.66 11978478 128019400.00
2022/01/25 10.60 10.64 10.00 10.04 11827566 121125248.00
2022/01/26 10.04 10.15 9.58 9.87 8112773 79881952.00
2022/01/27 9.87 9.91 9.02 9.12 9657047 90501856.00
2022/01/28 9.18 9.35 9.07 9.21 5525930 51013768.00
2022/02/07 9.39 9.48 9.07 9.14 5911300 54674208.00
2022/02/08 9.09 9.29 9.06 9.28 4569042 42025208.00
2022/02/09 9.27 9.74 9.22 9.68 8436463 80524400.00
2022/02/10 9.65 9.70 9.54 9.63 4873400 46846588.00
2022/02/11 9.55 9.63 9.35 9.44 4367601 41261984.00
2022/02/14 9.40 9.43 9.20 9.31 3991620 37215572.00
2022/02/15 9.37 9.46 9.21 9.33 4007820 37408536.00
2022/02/16 9.59 9.84 9.41 9.47 6212620 59434788.00
2022/02/17 9.37 9.52 9.22 9.28 6594337 61757000.00
2022/02/18 9.36 9.59 9.25 9.57 7131339 67640272.00
2022/02/21 9.78 10.86 9.70 10.68 25865637 267717520.00
2022/02/22 10.41 10.64 10.30 10.63 16686377 175522608.00
2022/02/23 10.60 11.25 10.48 10.96 24124438 264567008.00
2022/02/24 10.81 11.15 10.54 10.72 20364111 220615936.00
2022/02/25 10.90 10.99 10.37 10.44 12862342 136003584.00
2022/02/28 10.45 10.58 10.01 10.52 10681400 110771008.00
2022/03/01 10.58 10.58 10.30 10.42 7347506 76309224.00
2022/03/02 10.30 10.45 10.21 10.35 5774921 59569692.00
2022/03/03 10.41 10.42 10.06 10.09 8035800 81590952.00
2022/03/04 10.08 10.14 9.80 9.85 7365442 73357752.00
2022/03/07 9.76 9.89 9.50 9.58 5522800 53273056.00
2022/03/08 9.59 9.67 9.22 9.30 7811320 73538848.00
2022/03/09 9.32 9.42 8.70 9.19 9599180 87163624.00
2022/03/10 9.42 9.44 9.10 9.13 7384829 68442496.00
2022/03/11 8.98 9.25 8.85 9.20 7053403 63900884.00
2022/03/14 9.11 9.23 8.87 8.89 5705660 51332760.00
2022/03/15 8.81 8.93 8.31 8.32 8770068 75817584.00
2022/03/16 8.52 8.64 8.12 8.57 9440014 79691632.00
2022/03/17 8.61 8.75 8.47 8.58 9228915 79693608.00
2022/03/18 8.63 8.87 8.58 8.75 7854992 68647408.00
2022/03/21 8.78 8.81 8.57 8.70 6551342 56969368.00
2022/03/22 8.71 8.77 8.52 8.72 5930233 51296924.00
2022/03/23 8.70 8.74 8.60 8.70 4980018 43241708.00
2022/03/24 8.67 8.68 8.40 8.45 5583852 47357360.00
2022/03/25 8.47 8.60 8.39 8.40 4453268 37782772.00
2022/03/28 8.39 8.53 8.20 8.38 3892110 32607774.00
2022/03/29 8.38 8.46 8.15 8.19 4326340 35640440.00
2022/03/30 8.26 8.31 8.19 8.29 3412600 28192764.00
2022/03/31 8.30 8.51 8.22 8.37 5029200 42078960.00
2022/04/01 8.34 8.83 8.22 8.53 9730719 83226984.00
2022/04/06 8.45 8.85 8.44 8.68 7324548 63695412.00
2022/04/07 8.66 8.68 8.43 8.47 4045700 34534368.00
2022/04/08 8.46 8.47 8.22 8.34 3369355 28027740.00
2022/04/11 8.21 8.29 8.16 8.23 3560295 29244408.00
2022/04/12 8.19 8.41 7.90 8.37 5443231 44109848.00
2022/04/13 8.13 8.29 7.87 7.90 5819388 46744696.00
2022/04/14 7.92 8.03 7.84 7.87 3347323 26529584.00
2022/04/15 7.84 7.86 7.55 7.65 4521837 34607156.00
2022/04/18 7.64 7.66 7.38 7.63 3484817 26173616.00
2022/04/19 7.65 7.70 7.53 7.61 2078265 15843063.00
2022/04/20 7.72 7.82 7.51 7.61 2519180 19399834.00
2022/04/21 7.59 7.63 7.10 7.19 4543310 33394088.00
2022/04/22 7.11 7.28 7.08 7.18 2496300 17903592.00
2022/04/25 7.08 7.09 6.36 6.39 6710401 45079292.00
2022/04/26 6.40 6.56 6.11 6.20 4497086 28716310.00
2022/04/27 6.00 6.65 6.00 6.65 5744567 36606980.00
2022/04/28 6.65 6.65 6.43 6.63 4555212 29844780.00
2022/04/29 6.83 7.12 6.46 7.02 10445053 71559592.00
2022/05/05 7.00 7.22 6.95 7.10 4569402 32501224.00
2022/05/06 6.96 7.86 6.86 7.60 9926162 73990832.00
2022/05/09 7.53 7.75 7.43 7.49 6634887 50243564.00
2022/05/10 7.40 7.56 7.35 7.52 4003165 30000006.00
2022/05/11 7.41 7.88 7.41 7.58 6098331 46847200.00
2022/05/12 7.50 7.68 7.40 7.59 4418972 33270914.00
2022/05/13 7.53 7.65 7.53 7.59 2631038 19964882.00
2022/05/16 7.64 7.68 7.42 7.43 2867642 21583482.00
2022/05/17 7.47 7.50 7.28 7.36 3815093 28012086.00
2022/05/18 7.42 7.64 7.40 7.44 3776945 28396536.00
2022/05/19 7.43 7.47 7.34 7.45 3250296 24061552.00
2022/05/20 7.40 7.58 7.40 7.57 3327104 24976198.00
2022/05/23 7.60 7.69 7.47 7.64 4172900 31658516.00
2022/05/24 7.75 7.75 7.21 7.21 4981951 37144716.00
2022/05/25 7.26 7.43 7.23 7.35 3503400 25717648.00
2022/05/26 7.36 7.50 7.17 7.42 4030881 29630156.00
2022/05/27 7.55 7.55 7.20 7.33 4265000 31417932.00
2022/05/30 7.38 7.40 7.23 7.37 3962467 29002232.00
2022/05/31 7.37 7.55 7.28 7.55 4460580 33203390.00
2022/06/01 7.56 7.64 7.45 7.58 4235250 32067740.00
2022/06/02 7.58 7.81 7.48 7.75 5693404 43672184.00
2022/06/06 7.77 7.96 7.71 7.89 5614400 44334832.00
2022/06/07 7.91 7.96 7.70 7.79 4164405 32529296.00
2022/06/08 7.73 7.95 7.69 7.87 5688237 44524704.00
2022/06/09 7.81 7.86 7.54 7.61 4758500 36383696.00
2022/06/10 7.55 7.89 7.52 7.73 7750235 59834052.00
2022/06/13 7.69 7.85 7.58 7.83 7453300 57461912.00
2022/06/14 7.73 7.80 7.55 7.75 5104207 39172140.00
2022/06/15 7.76 7.91 7.73 7.76 5035200 39401644.00
2022/06/16 7.74 7.92 7.74 7.81 5052340 39647432.00
2022/06/17 7.75 7.86 7.69 7.84 3748538 29167730.00
2022/06/20 7.89 7.97 7.78 7.92 4616970 36393480.00
2022/06/21 7.92 8.00 7.82 7.95 4242800 33611448.00
2022/06/22 8.08 8.08 7.72 7.76 4709000 37012384.00
2022/06/23 7.71 7.92 7.71 7.90 4164500 32722012.00
2022/06/24 7.92 8.08 7.92 8.06 5286974 42450196.00
2022/06/27 8.12 8.12 7.97 8.05 4504779 36215692.00
2022/06/28 8.05 8.22 7.97 8.20 5427287 44121244.00
2022/06/29 8.18 8.29 8.07 8.07 5243456 42816920.00
2022/06/30 8.09 8.20 8.04 8.10 3768208 30614260.00
2022/07/01 8.17 8.17 8.01 8.07 4441430 35859328.00
2022/07/04 8.01 8.09 7.92 8.08 4000796 32108602.00
2022/07/05 8.20 8.20 7.89 7.99 6000000 48232552.00
2022/07/06 8.00 8.04 7.85 7.94 3523800 27998022.00
2022/07/07 7.94 8.03 7.90 7.94 2892587 23005806.00
2022/07/08 7.95 8.15 7.92 8.05 4663487 37644144.00
2022/07/11 8.05 8.08 7.77 7.86 4225600 33295254.00
2022/07/12 7.88 7.88 7.56 7.60 4115971 31542806.00
2022/07/13 7.60 7.75 7.54 7.72 2799709 21499870.00
2022/07/14 7.66 7.84 7.62 7.79 3452567 26827368.00
2022/07/15 7.83 7.83 7.53 7.53 4054900 30948884.00
2022/07/18 7.53 7.77 7.53 7.75 3738567 28867270.00
2022/07/19 7.79 8.05 7.72 8.04 5671851 45139312.00
2022/07/20 8.05 8.17 7.99 8.10 5559319 44966940.00
2022/07/21 8.05 8.16 8.05 8.09 3548700 28792430.00
2022/07/22 8.09 8.14 7.94 7.99 3686700 29595662.00
2022/07/25 8.00 8.06 7.85 7.94 3324401 26426214.00
2022/07/26 7.94 8.01 7.86 7.99 2873534 22853962.00
2022/07/27 7.99 8.06 7.96 7.96 2729287 21839632.00
2022/07/28 8.02 8.13 8.00 8.06 4850797 39220940.00
2022/07/29 8.00 8.14 8.00 8.04 3819424 30820002.00
2022/08/01 8.13 8.19 8.02 8.15 4394214 35747184.00
2022/08/02 8.11 8.12 7.67 7.79 6803610 53183056.00
2022/08/03 7.77 8.16 7.77 7.94 7348796 58996476.00
2022/08/04 8.05 9.53 8.01 9.27 48891524 446855968.00
2022/08/05 9.06 9.15 8.64 8.80 43259678 382719552.00
2022/08/08 8.82 8.93 8.73 8.84 21016742 185301312.00
2022/08/09 8.76 8.83 8.63 8.77 16585088 144871264.00
2022/08/10 8.70 8.89 8.61 8.79 14267669 125415120.00
2022/08/11 8.78 8.92 8.72 8.76 15378665 135406352.00
2022/08/12 8.70 8.82 8.65 8.67 8765263 76509128.00
2022/08/15 8.75 8.75 8.50 8.56 8486277 72508136.00
2022/08/16 8.56 8.60 8.49 8.58 6971381 59561660.00
2022/08/17 8.56 8.60 8.44 8.47 6400384 54256964.00
2022/08/18 8.48 8.54 8.38 8.53 6732936 56971276.00
2022/08/19 8.52 8.60 8.35 8.35 7613636 64431308.00
2022/08/22 8.34 8.45 8.22 8.40 5027610 42144112.00
2022/08/23 8.40 8.50 8.31 8.46 5116177 43155936.00
2022/08/24 8.52 8.52 8.12 8.14 8199900 67652680.00
2022/08/25 8.17 8.23 8.00 8.19 5485061 44502912.00
2022/08/26 8.15 8.22 7.92 7.95 5845635 47188600.00
2022/08/29 7.86 7.94 7.77 7.94 4201129 33108272.00
2022/08/30 7.93 8.03 7.80 7.88 5377551 42410240.00
2022/08/31 7.88 7.91 7.65 7.68 4922581 38139364.00
2022/09/01 7.72 7.78 7.60 7.65 3639000 27966362.00
2022/09/02 7.63 7.87 7.61 7.85 4067746 31649184.00
2022/09/05 7.81 7.90 7.76 7.87 2845700 22273326.00
2022/09/06 7.87 7.90 7.78 7.88 2926684 22947162.00
2022/09/07 7.89 7.89 7.83 7.86 2443851 19193934.00
2022/09/08 7.84 7.87 7.71 7.72 2430300 18867004.00
2022/09/09 7.71 7.79 7.65 7.74 1830778 14143911.00
2022/09/13 7.75 7.86 7.74 7.77 2162007 16877294.00
2022/09/14 7.66 7.69 7.55 7.66 2963514 22557136.00
2022/09/15 7.68 7.70 7.40 7.51 3923197 29492184.00
2022/09/16 7.48 7.62 7.44 7.44 3048500 22932808.00
2022/09/19 7.45 7.45 7.18 7.24 3271557 23753548.00
2022/09/20 7.25 7.40 7.25 7.30 1741400 12695860.00
2022/09/21 7.29 7.41 7.12 7.40 3107059 22674828.00
2022/09/22 7.32 7.55 7.32 7.39 2349210 17479098.00
2022/09/23 7.39 7.42 7.13 7.14 3313707 23946718.00
2022/09/26 7.09 7.10 6.87 6.88 3080015 21462534.00
2022/09/27 6.89 7.11 6.89 7.11 2740449 19295566.00
2022/09/28 7.14 7.14 6.93 6.93 3196743 22387540.00
2022/09/29 7.04 7.04 6.83 6.88 2357260 16322907.00
2022/09/30 6.89 6.95 6.77 6.77 1969640 13532492.00
2022/10/10 6.85 6.85 6.56 6.58 2144400 14303966.00
2022/10/11 6.58 6.72 6.51 6.68 1647102 10915502.00
2022/10/12 6.71 6.95 6.64 6.94 2856407 19428248.00
2022/10/13 6.93 7.36 6.88 7.22 6091969 43736088.00
2022/10/14 7.19 7.49 7.17 7.37 5843845 42850112.00
2022/10/17 7.27 7.62 7.26 7.56 5581693 42037160.00
2022/10/18 7.58 7.87 7.47 7.68 9237112 70806912.00
2022/10/19 7.60 7.81 7.47 7.64 6896241 52523336.00
2022/10/20 7.60 8.25 7.54 7.91 11833226 93317024.00
2022/10/21 7.81 7.90 7.47 7.74 11097122 85333232.00
2022/10/24 7.79 7.89 7.57 7.63 5982211 46266772.00
2022/10/25 7.57 7.66 7.45 7.47 5202889 39169212.00
2022/10/26 7.50 8.00 7.50 7.91 9261701 72297976.00
2022/10/27 7.84 8.22 7.80 8.05 10860463 87418072.00
2022/10/28 7.95 8.18 7.85 7.92 9337688 74725824.00
2022/10/31 7.90 8.37 7.90 8.29 15345028 126425776.00
2022/11/01 8.23 8.36 8.13 8.27 11232158 92309136.00
2022/11/02 8.21 8.33 8.15 8.32 11673433 96014136.00
2022/11/03 8.22 8.23 7.85 8.05 12168368 97661016.00
2022/11/04 8.03 8.09 7.93 8.03 7072153 56711800.00
2022/11/07 8.00 8.13 7.91 7.96 7064300 56432392.00
2022/11/08 7.92 8.01 7.68 8.01 8604435 67725248.00
2022/11/09 8.00 8.00 7.81 7.89 5658242 44677108.00
2022/11/10 7.83 8.20 7.82 8.04 11464287 91774488.00
2022/11/11 8.16 8.16 7.83 7.83 11228920 89390104.00
2022/11/14 7.77 7.98 7.70 7.90 7852979 61705012.00
2022/11/15 7.90 8.10 7.86 7.99 8420088 67437512.00
2022/11/16 8.03 8.14 7.89 7.91 6521600 52206000.00
2022/11/17 7.91 8.15 7.87 8.14 9536211 76702624.00
2022/11/18 8.16 8.42 8.06 8.08 17682471 145849920.00
2022/11/21 8.09 8.13 7.73 7.96 10833383 85419624.00
2022/11/22 7.92 8.05 7.77 7.80 6444380 50968032.00
2022/11/23 7.82 7.82 7.35 7.42 11691619 87487752.00
2022/11/24 7.40 7.57 7.34 7.38 5514365 40918804.00
2022/11/25 7.39 7.39 7.20 7.21 4583253 33205284.00
2022/11/28 7.17 7.19 7.02 7.09 4025828 28544610.00
2022/11/29 7.09 7.22 7.07 7.20 4300017 30815372.00
2022/11/30 7.22 7.23 7.12 7.15 3745017 26816522.00
2022/12/01 7.18 7.30 7.18 7.30 4898981 35556536.00
2022/12/02 7.31 7.49 7.25 7.37 6301400 46612444.00
2022/12/05 7.43 7.48 7.34 7.42 4339886 32098492.00
2022/12/06 7.38 7.47 7.35 7.38 3397700 25144216.00
2022/12/07 7.38 7.38 7.28 7.33 2763820 20240968.00
2022/12/08 7.33 7.37 7.15 7.17 3921000 28210592.00
2022/12/09 7.20 7.22 7.09 7.10 3675120 26189496.00
2022/12/12 7.10 7.26 7.06 7.18 4961010 35545236.00
2022/12/13 7.15 7.18 7.03 7.04 4294700 30388196.00
2022/12/14 7.06 7.15 7.04 7.05 2884700 20471428.00
2022/12/15 7.08 7.26 7.00 7.20 4900289 35202476.00
2022/12/16 7.15 7.18 7.00 7.02 4825993 34043296.00
2022/12/19 7.07 7.07 6.86 6.90 3174290 21986118.00
2022/12/20 6.98 7.06 6.88 6.92 2333777 16200778.00
2022/12/21 6.99 6.99 6.76 6.83 2444702 16726155.00
2022/12/22 6.89 6.89 6.72 6.75 2997317 20391048.00
2022/12/23 6.70 6.92 6.70 6.84 3648402 24951970.00
2022/12/26 6.85 6.94 6.84 6.90 2816874 19412016.00
2022/12/27 6.95 6.95 6.80 6.87 3155700 21587708.00
2022/12/28 6.82 6.86 6.68 6.72 2979008 20109554.00
2022/12/29 6.72 6.83 6.68 6.75 2312673 15634768.00
2022/12/30 6.72 6.89 6.72 6.84 3174261 21683288.00
2023/01/03 6.87 7.14 6.85 7.13 7576520 53357716.00
2023/01/04 7.19 7.22 7.11 7.21 6382288 45838972.00
2023/01/05 7.20 7.21 7.12 7.18 3544285 25438214.00
2023/01/06 7.23 7.23 7.08 7.11 3412589 24342788.00
2023/01/09 7.11 7.22 7.10 7.11 2889500 20643596.00
2023/01/10 7.13 7.19 7.04 7.10 3048700 21697636.00
2023/01/11 7.07 7.16 6.98 7.00 3348500 23638544.00
2023/01/12 7.00 7.11 6.99 7.06 2692625 18955700.00
2023/01/13 7.10 7.10 6.96 7.02 3074600 21527784.00
2023/01/16 7.04 7.20 7.04 7.19 4574300 32788420.00
2023/01/17 7.21 7.21 7.09 7.13 2600902 18553408.00
2023/01/18 7.17 7.33 7.10 7.33 6321610 45942284.00
2023/01/19 7.29 7.50 7.26 7.47 6708410 49713672.00
2023/01/20 7.46 7.55 7.43 7.48 5312066 39744180.00
2023/01/30 7.60 7.64 7.51 7.57 6786000 51405844.00
2023/01/31 7.63 7.68 7.55 7.60 7036358 53542084.00
2023/02/01 7.63 7.89 7.61 7.86 11390496 88554296.00
2023/02/02 7.88 7.93 7.81 7.87 7267308 57162536.00
2023/02/03 7.83 8.30 7.82 8.29 18512980 150223360.00
2023/02/06 8.24 8.39 8.14 8.35 16751808 138794320.00
2023/02/07 8.24 8.34 8.10 8.26 12053083 99156808.00
2023/02/08 8.26 8.29 8.06 8.11 10511281 85563936.00
2023/02/09 8.07 8.55 8.02 8.44 15768400 131333008.00
2023/02/10 8.54 8.85 8.47 8.48 23507820 203561216.00
2023/02/13 8.43 8.64 8.35 8.60 15930747 135294192.00
2023/02/14 8.58 8.72 8.42 8.45 11820413 100981176.00
2023/02/15 8.41 8.75 8.41 8.69 13509745 116626984.00
2023/02/16 8.69 8.71 8.32 8.40 13692571 117064864.00
2023/02/17 8.40 8.52 8.21 8.23 11638840 96619032.00
2023/02/20 8.25 8.36 8.14 8.34 7442717 61672740.00
2023/02/21 8.30 8.51 8.26 8.31 6596700 55268544.00
2023/02/22 8.27 8.42 8.15 8.39 5908909 49051216.00
2023/02/23 8.36 8.41 8.12 8.15 5461153 44850712.00
2023/02/24 8.13 8.31 8.13 8.23 4600500 37942768.00
2023/02/27 8.18 8.27 8.03 8.20 9171600 74852624.00
2023/02/28 8.40 8.56 8.26 8.38 12599167 105788784.00
2023/03/01 8.33 8.60 8.30 8.58 11811915 100662856.00
2023/03/02 8.58 8.74 8.51 8.59 9339601 80599640.00
2023/03/03 8.59 8.78 8.47 8.66 8999230 77742880.00
2023/03/06 8.66 8.66 8.45 8.48 7095169 60377992.00
2023/03/07 8.48 8.56 8.19 8.20 5928916 49417308.00
2023/03/08 8.40 8.64 8.33 8.61 11746243 100108912.00
2023/03/09 8.59 8.73 8.45 8.69 9944126 85657280.00
2023/03/10 8.69 8.90 8.63 8.73 14221754 124788088.00
2023/03/13 8.76 8.85 8.53 8.84 12662371 110500296.00
2023/03/14 8.84 8.84 8.50 8.72 9856152 85396208.00
2023/03/15 8.74 8.82 8.57 8.62 7376610 64112156.00
2023/03/16 8.54 8.66 8.45 8.50 6253200 53407888.00
2023/03/17 8.57 8.77 8.55 8.68 10050274 87337728.00
2023/03/20 8.75 8.92 8.57 8.61 12540107 109436072.00
2023/03/21 8.65 8.98 8.49 8.86 17759900 155576112.00
2023/03/22 8.80 9.06 8.70 9.05 19808093 176096064.00
2023/03/23 8.92 9.28 8.83 9.21 26336794 238298320.00
2023/03/24 9.22 9.56 9.13 9.44 36082657 337416768.00
2023/03/27 9.46 9.46 9.03 9.25 22940687 211475040.00
2023/03/28 9.20 9.41 8.90 9.12 17155664 156611536.00
2023/03/29 9.08 9.26 8.93 9.10 12321342 112124432.00
2023/03/30 9.12 10.92 9.12 10.92 103477062 1090912128.00
2023/03/31 10.40 10.55 9.93 10.21 92117040 937348992.00
2023/04/03 10.59 11.19 10.53 11.18 95466226 1039911104.00
2023/04/04 10.88 11.77 10.75 11.60 90049558 1016020096.00
2023/04/06 11.14 12.25 11.11 11.21 83430322 979333952.00
2023/04/07 11.15 11.65 10.63 11.59 57567460 640384768.00
2023/04/10 11.36 12.11 11.01 11.84 67336679 780889344.00
2023/04/11 11.66 13.30 11.65 12.71 88144066 1116783104.00
2023/04/12 12.40 13.71 12.22 13.70 86370359 1140690304.00
2023/04/13 13.50 14.50 12.76 12.87 80863262 1083794560.00
2023/04/14 12.75 13.25 11.92 12.51 66526769 831459648.00
2023/04/17 12.40 12.67 11.82 11.90 47796533 582325696.00
2023/04/18 11.72 13.00 11.36 12.80 69596620 854827520.00
2023/04/19 12.55 14.24 12.50 13.50 92714500 1247819648.00
2023/04/20 13.50 13.74 13.16 13.60 68096270 918581760.00
2023/04/21 13.40 14.83 12.81 13.62 99173955 1381695616.00
2023/04/24 13.82 14.20 13.10 13.83 69537508 950753408.00
2023/04/25 13.50 14.34 12.20 12.47 78127487 1046688064.00
2023/04/26 12.33 13.00 11.85 12.51 53875272 668392768.00
2023/04/27 12.48 12.72 10.63 11.01 60542318 703631488.00
2023/04/28 11.15 11.77 11.10 11.44 54164994 619277824.00
2023/05/04 11.36 11.69 10.92 11.26 41836250 470535232.00
2023/05/05 11.45 11.65 10.89 10.95 39528079 444865696.00
2023/05/08 10.94 11.10 10.69 10.74 35322608 383702304.00
2023/05/09 10.73 10.91 10.43 10.43 30205858 322121536.00
2023/05/10 10.36 10.63 10.21 10.30 19674279 204564592.00
2023/05/11 10.42 10.86 10.30 10.65 30920976 327332736.00
2023/05/12 10.60 10.90 10.26 10.34 30061289 317047392.00
2023/05/15 10.17 10.23 9.70 10.08 29182818 290837376.00
2023/05/16 10.10 10.53 9.85 10.27 37169222 381337824.00
2023/05/17 10.10 10.76 10.01 10.53 36355964 383367104.00
2023/05/18 10.46 10.89 10.41 10.84 37845693 406250400.00
2023/05/19 10.87 11.39 10.69 11.01 53697699 594610112.00
2023/05/22 11.61 13.21 11.61 12.54 97692888 1215568896.00
2023/05/23 11.92 12.16 11.50 11.88 65739741 777757504.00
2023/05/24 11.67 12.46 11.41 12.18 66139395 795059200.00
2023/05/25 12.32 12.32 11.53 11.86 52496813 626032704.00
2023/05/26 11.74 13.25 11.65 12.74 76212568 962355712.00
2023/05/29 13.10 13.39 12.41 12.55 65961296 851576960.00
2023/05/30 12.71 12.77 12.22 12.65 49915675 623549184.00
2023/05/31 12.58 13.33 12.19 13.07 67056437 851855872.00
2023/06/01 12.70 13.10 12.52 12.56 51098014 652567296.00
2023/06/02 12.42 12.49 11.99 12.01 43752790 532986976.00
2023/06/05 12.10 12.21 11.98 12.09 22058062 266556480.00
2023/06/06 12.00 12.35 11.80 11.87 26887150 325451008.00
2023/06/07 11.88 12.40 11.75 12.26 30182302 366127616.00
2023/06/08 12.30 12.85 11.95 12.65 49325713 620573504.00
2023/06/09 12.53 13.48 12.44 13.34 60588788 790236224.00
2023/06/12 13.13 13.26 12.86 12.94 41133006 535971840.00
2023/06/13 12.94 13.30 12.81 13.19 47620014 623931072.00
2023/06/14 13.12 13.35 12.78 12.80 33237136 430573216.00
2023/06/15 12.71 12.96 12.54 12.60 25549725 324965344.00
2023/06/16 12.54 13.00 12.29 12.97 32414809 412099360.00
2023/06/19 13.15 15.56 13.10 15.56 119654645 1773468032.00
2023/06/20 15.57 16.13 15.03 15.38 97456884 1509273984.00
2023/06/21 15.44 15.63 14.70 14.71 59066751 893119360.00
2023/06/26 14.41 14.70 13.33 13.45 51778234 716146880.00
2023/06/27 13.46 15.30 13.25 15.12 69965010 1007979328.00
2023/06/28 15.00 15.70 14.00 15.35 77049555 1157113600.00
2023/06/29 15.50 16.01 14.88 15.17 69112042 1064630592.00
2023/06/30 15.09 15.79 14.78 14.85 53370070 806917184.00
2023/07/03 15.04 15.13 14.02 14.70 43777776 635969600.00
2023/07/04 14.75 15.73 14.24 15.50 68451359 1038253440.00
2023/07/05 15.51 16.81 15.00 15.78 83059711 1332655744.00
2023/07/06 15.72 16.68 15.12 15.20 85288078 1364804864.00
2023/07/07 15.19 15.90 14.28 14.51 60285770 890239680.00
2023/07/10 14.45 14.51 13.70 13.85 39839875 558631232.00
2023/07/11 13.95 14.79 13.67 14.27 44782937 641963328.00
2023/07/12 14.15 14.40 13.10 13.30 47362446 648146880.00
2023/07/13 13.18 15.55 13.12 15.10 86927258 1267745536.00
2023/07/14 15.11 15.66 14.76 15.63 78383542 1190934400.00
2023/07/17 15.66 17.49 15.33 16.87 95708779 1550129280.00
2023/07/18 17.10 18.18 16.40 16.44 103922058 1789501952.00
2023/07/19 16.28 16.85 16.00 16.00 69119879 1125910784.00
2023/07/20 15.71 16.98 15.63 16.20 68757305 1121286400.00
2023/07/21 15.87 16.43 15.11 15.14 54617019 852292096.00
2023/07/24 14.85 15.73 14.74 15.15 32799479 501704352.00
2023/07/25 15.40 15.64 14.43 15.13 45992434 692361792.00
2023/07/26 15.13 15.32 14.60 14.65 31236993 465594496.00
2023/07/27 14.61 14.98 14.42 14.46 25615511 376027968.00
2023/07/28 14.45 14.83 13.66 13.68 41904767 587720128.00
2023/07/31 13.35 13.85 13.21 13.60 27682713 374933856.00
2023/08/01 13.55 14.54 13.45 14.25 41201905 581566656.00
2023/08/02 14.01 14.36 13.90 14.10 22692543 320586880.00
2023/08/03 13.95 14.35 13.52 13.70 27211391 377988704.00
2023/08/04 13.73 14.12 13.72 14.05 25573361 357126592.00
2023/08/07 14.06 14.66 13.95 14.65 36222202 522112928.00
2023/08/08 14.58 15.33 14.40 14.42 38852623 577551424.00
2023/08/09 14.22 14.59 13.81 13.95 25219609 356406656.00
2023/08/10 13.96 14.06 13.44 13.44 22794420 312452640.00
2023/08/11 13.40 13.52 12.98 13.05 19175481 253569488.00
2023/08/14 12.81 13.24 12.64 13.24 15639355 203416592.00
2023/08/15 13.30 13.37 12.73 12.78 16469691 213989664.00
2023/08/16 12.70 12.98 12.65 12.73 11917929 152422240.00
2023/08/17 12.66 13.03 12.54 12.88 15122597 194165312.00
2023/08/18 12.95 13.16 12.20 12.21 22959018 289305376.00
2023/08/21 12.25 12.67 12.25 12.38 16307830 203365360.00
2023/08/22 12.80 12.84 12.20 12.65 20176928 252299328.00
2023/08/23 12.52 12.66 12.26 12.31 13690357 170052560.00
2023/08/24 12.38 13.10 12.21 12.75 28139506 358127520.00
2023/08/25 12.51 12.60 11.70 11.79 26971072 325346080.00
2023/08/28 12.59 12.74 11.65 11.65 21100657 255533312.00
2023/08/29 11.23 12.40 10.89 12.10 32029358 375136320.00
2023/08/30 12.25 12.88 12.01 12.45 27336508 340619904.00
2023/08/31 12.21 12.70 12.20 12.49 17336751 216991056.00
2023/09/01 12.54 13.51 12.54 13.01 35275824 462608256.00
2023/09/04 12.87 13.19 12.76 13.15 27855401 361927360.00
2023/09/05 13.03 13.56 12.91 13.18 35055890 464900320.00
2023/09/06 13.01 13.40 12.88 13.23 29153125 382671168.00
2023/09/07 13.25 14.10 13.22 13.71 50680323 691211520.00
2023/09/08 13.40 13.65 13.15 13.20 33715098 451263680.00
2023/09/11 13.06 13.32 13.00 13.16 19336657 254484896.00
2023/09/12 13.53 13.53 13.03 13.03 16671905 220101872.00
2023/09/13 13.13 13.53 13.00 13.16 22086245 292558400.00
2023/09/14 13.00 13.19 12.67 12.77 17450810 224317696.00
2023/09/15 12.83 13.01 12.45 12.61 14898766 189297712.00
2023/09/18 12.61 12.68 12.01 12.11 18289936 225092656.00
2023/09/19 12.11 12.20 11.72 11.75 15014578 178324016.00
2023/09/20 11.56 11.97 11.56 11.69 10098741 119116072.00
2023/09/21 11.61 11.85 11.55 11.64 8109418 94550872.00
2023/09/22 11.60 12.13 11.51 12.08 15788793 188094800.00
2023/09/25 12.01 12.17 11.72 11.76 12131986 144083904.00
2023/09/26 11.76 11.92 11.54 11.54 11723827 136960976.00
2023/09/27 11.50 11.64 11.35 11.37 11057554 126909168.00
2023/09/28 11.46 11.79 11.45 11.73 12926734 150609152.00
2023/10/09 11.89 13.00 11.77 12.81 38140817 477045248.00
2023/10/10 13.19 15.00 13.10 14.61 73343149 1023778304.00
2023/10/11 14.45 15.55 14.45 14.97 75626409 1138809856.00
2023/10/12 15.08 15.81 14.87 15.00 76098860 1167868544.00
2023/10/13 14.72 15.81 14.60 15.77 80079637 1228954880.00
2023/10/16 15.40 15.43 14.45 14.56 62541952 929719680.00
2023/10/17 14.60 15.18 14.22 14.75 50437465 740632640.00
2023/10/18 14.61 15.45 14.35 15.00 60832436 912712768.00
2023/10/19 15.01 16.80 15.01 16.09 89763428 1431703552.00
2023/10/20 15.65 16.45 14.46 14.57 79882853 1242295936.00
2023/10/23 14.01 14.51 13.48 13.70 51536362 713647552.00
2023/10/24 13.94 14.45 13.79 13.87 36766996 517885312.00
2023/10/25 14.00 15.35 13.66 14.98 51045870 741861056.00
2023/10/26 14.70 15.58 14.51 14.76 47939858 721122944.00
2023/10/27 14.68 16.07 14.68 15.17 61422262 948309376.00
2023/10/30 15.10 15.91 14.94 15.40 55966083 868010624.00
2023/10/31 16.50 16.98 14.91 15.14 63427209 1004164416.00
2023/11/01 14.53 15.59 14.51 14.68 43404581 646661952.00
2023/11/02 14.59 14.79 13.96 14.01 43643877 623733568.00
2023/11/03 13.99 14.58 13.88 14.33 32141409 456410912.00
2023/11/06 14.35 17.20 14.35 16.41 97036547 1548038272.00
2023/11/07 16.56 17.18 16.20 17.06 86044827 1441515136.00
2023/11/08 17.00 17.28 16.54 16.83 51205114 861838912.00
2023/11/09 16.63 16.98 16.31 16.63 39785611 661467968.00
2023/11/10 16.95 17.44 16.10 16.32 61774813 1040906240.00
2023/11/13 16.56 17.38 16.11 17.03 55683398 938239360.00
2023/11/14 17.03 17.81 16.78 17.23 63703308 1100616704.00
2023/11/15 17.34 17.78 16.70 16.90 52268128 897388800.00
2023/11/16 16.60 17.40 16.55 16.70 36322412 617512960.00
2023/11/17 16.80 16.94 16.34 16.49 28647413 474228896.00
2023/11/20 16.46 16.61 16.24 16.50 24980080 410344224.00
2023/11/21 16.40 16.40 15.05 15.16 53228307 832810176.00
2023/11/22 15.06 15.26 14.76 14.78 24014064 359402624.00
2023/11/23 14.80 14.89 14.35 14.81 22968281 337146944.00
2023/11/24 14.78 14.78 14.05 14.11 23632833 337295136.00
2023/11/27 14.00 14.19 13.78 14.12 19308562 270329280.00
2023/11/28 14.09 14.58 14.00 14.30 23924148 342361920.00
2023/11/29 14.29 14.67 14.20 14.37 23214258 335914912.00
2023/11/30 14.30 14.30 13.63 13.79 22975341 318458304.00
2023/12/01 13.76 14.86 13.64 14.77 34876778 501430304.00
2023/12/04 14.70 15.45 14.46 15.06 37120156 557809280.00
2023/12/05 14.92 15.06 14.37 14.40 23408496 342216768.00
2023/12/06 14.30 15.24 14.25 15.08 33115045 492387104.00
2023/12/07 15.09 15.10 14.61 14.70 23878435 352404704.00
2023/12/08 14.70 15.17 14.52 15.00 25163917 375017952.00
2023/12/11 14.98 15.17 14.61 15.16 20993412 312261792.00
2023/12/12 15.12 15.47 14.91 14.99 21741056 330311648.00
2023/12/13 14.86 14.86 14.33 14.38 17488160 254198448.00
2023/12/14 14.50 15.05 14.38 14.68 18751515 275921632.00
2023/12/15 14.61 14.67 13.89 13.99 21355049 302056864.00
2023/12/18 13.83 13.99 13.58 13.64 12011170 164983136.00
2023/12/19 13.59 13.83 13.53 13.72 9348301 127925376.00
2023/12/20 13.75 13.99 13.36 13.55 13744478 187830048.00
2023/12/21 13.44 14.15 13.33 14.09 17937662 247620928.00
2023/12/22 14.28 14.47 13.75 13.78 14770194 206735456.00
2023/12/25 13.53 13.78 12.40 13.02 19044969 249268176.00
2023/12/26 12.89 12.94 12.50 12.72 13106723 166265072.00
2023/12/27 12.78 13.06 12.78 12.93 10495500 135914912.00
2023/12/28 12.87 13.24 12.70 13.10 10738175 139916864.00
2023/12/29 13.10 13.62 13.01 13.54 13128654 176105008.00
2024/01/02 13.54 13.58 12.83 12.87 15376081 200534448.00
2024/01/03 12.88 13.07 12.69 12.94 8551791 110116200.00
2024/01/04 12.89 13.09 12.68 12.83 8036706 103882896.00
2024/01/05 12.86 12.92 12.45 12.56 7743908 97995264.00
2024/01/08 12.53 12.65 12.26 12.26 6956957 86019152.00
2024/01/09 12.35 12.53 12.07 12.21 8148244 100145520.00
2024/01/10 12.21 12.28 11.68 11.81 10533896 124994056.00
2024/01/11 11.82 12.23 11.82 12.18 12178309 147326464.00
2024/01/12 12.17 12.18 11.86 11.89 7416701 88845984.00
2024/01/15 11.90 12.12 11.77 11.93 5834400 69868784.00
2024/01/16 11.90 11.99 11.53 11.79 8581539 100433288.00
2024/01/17 11.76 11.80 11.40 11.42 5998473 69485744.00
2024/01/18 11.28 11.47 11.02 11.40 8874646 99472160.00
2024/01/19 11.42 11.54 11.11 11.12 7042036 79439592.00
2024/01/22 11.15 11.25 10.19 10.35 10927000 117017656.00
2024/01/23 10.30 10.63 10.24 10.52 9284609 97377408.00
2024/01/24 10.59 10.66 10.10 10.52 8293030 86059464.00
2024/01/25 10.65 11.01 10.43 10.98 11226428 121360624.00
2024/01/26 10.88 11.12 10.82 10.84 9212295 101053008.00
2024/01/29 10.84 10.97 10.31 10.35 8803035 92488016.00
2024/01/30 10.41 10.48 9.94 9.95 8295989 84447520.00
2024/01/31 9.85 9.97 9.03 9.06 17143536 162137984.00
2024/02/01 9.13 9.54 8.98 9.16 13623144 125556368.00
2024/02/02 9.20 9.37 8.15 8.55 15183508 132435728.00
2024/02/05 8.49 8.49 7.03 7.25 23302053 175198576.00
2024/02/06 7.04 7.71 6.51 7.35 24058419 170415472.00
2024/02/07 7.43 7.65 7.03 7.16 22106491 161710880.00
2024/02/08 7.17 8.12 6.97 8.07 25589096 194734448.00
2024/02/19 8.25 8.82 8.21 8.75 26360610 224390560.00
2024/02/20 8.77 9.45 8.50 9.21 26881596 239788064.00
2024/02/21 8.94 9.45 8.82 9.00 28539827 260093776.00
2024/02/22 8.94 9.56 8.92 9.40 25416475 236282560.00
2024/02/23 9.50 9.80 9.40 9.75 25808136 248712384.00
2024/02/26 9.75 10.38 9.71 10.06 30950750 311325248.00
2024/02/27 10.06 10.56 9.86 10.54 25030270 257728992.00
2024/02/28 10.54 10.84 9.38 9.41 34772005 354013312.00
2024/02/29 9.40 10.15 9.39 10.08 21991029 217835488.00
2024/03/01 10.07 10.61 10.06 10.54 24963074 259697136.00
2024/03/04 10.75 10.80 10.27 10.61 25007044 264174576.00
2024/03/05 10.41 10.72 10.18 10.32 21480892 224556656.00
2024/03/06 10.34 10.37 10.02 10.22 14057845 143388688.00
2024/03/07 10.30 10.43 9.92 9.94 14246532 144453200.00
2024/03/08 10.08 11.93 9.88 11.56 74462926 847814592.00
2024/03/11 12.50 13.17 12.06 12.46 92571533 1162227712.00
2024/03/12 12.30 14.50 12.30 13.80 94902288 1261793792.00
2024/03/13 13.30 13.60 12.87 13.35 71959356 949266880.00
2024/03/14 13.01 14.31 12.71 13.93 81409931 1101803392.00
2024/03/15 13.45 13.72 13.12 13.50 53316410 714052608.00
2024/03/18 13.28 13.58 13.11 13.40 45838251 612066944.00
2024/03/19 13.36 13.95 13.12 13.28 45095556 611276928.00
2024/03/20 13.13 13.52 12.94 13.36 37135177 491511520.00
2024/03/21 13.79 14.20 13.40 13.40 49918429 685444864.00
2024/03/22 13.79 14.85 13.60 14.32 78086301 1112552320.00
2024/03/25 13.76 14.00 12.50 12.59 58066005 763364224.00
2024/03/26 12.73 13.22 12.49 12.70 30343732 389833504.00
2024/03/27 12.49 12.49 11.66 11.70 32639894 389311520.00
2024/03/28 11.86 12.62 11.78 12.58 33175350 408455840.00
2024/03/29 12.47 12.94 12.25 12.65 26050579 328887296.00
2024/04/01 12.58 12.96 12.43 12.73 24281414 307270176.00
2024/04/02 13.28 13.56 12.41 12.70 33117916 432488800.00
2024/04/03 12.59 13.22 11.91 12.90 37986051 483839008.00
2024/04/08 12.60 12.60 11.86 11.86 26004221 316817216.00
2024/04/09 12.06 12.10 11.42 11.85 16691782 196598976.00
2024/04/10 11.83 11.89 11.13 11.25 20666440 233691904.00
2024/04/11 11.00 11.55 10.90 11.21 15335213 174345360.00
2024/04/12 11.22 11.49 11.14 11.15 13846814 156461232.00
2024/04/15 10.92 11.19 10.00 10.26 25622523 266484448.00
2024/04/16 10.19 10.26 9.19 9.21 23634041 224441024.00
2024/04/17 9.70 10.42 9.70 10.38 22865494 232762800.00
2024/04/18 10.31 10.46 10.01 10.23 17704568 181348384.00
2024/04/19 10.16 10.20 9.80 9.97 14590684 145615632.00
2024/04/22 9.70 10.03 9.41 9.95 11349646 111271744.00
2024/04/23 10.03 10.26 9.97 10.02 11953354 120646664.00
2024/04/24 10.09 10.45 10.09 10.41 14301338 147575248.00
2024/04/25 10.29 10.73 10.27 10.43 14717148 154856352.00
2024/04/26 10.38 10.94 10.38 10.84 18177787 194948720.00
2024/04/29 10.55 11.12 10.51 11.01 20046295 219083360.00
2024/04/30 11.02 11.18 10.65 10.81 14648673 159214480.00
2024/05/06 10.98 11.10 10.80 10.88 12273883 134199048.00
2024/05/07 10.90 11.13 10.80 11.00 12405143 136408128.00
2024/05/08 10.96 11.16 10.72 10.76 12854460 140311904.00
2024/05/09 10.82 11.28 10.77 11.06 18109850 199650272.00
2024/05/10 11.09 11.10 10.52 10.57 16436054 175876048.00
2024/05/13 10.45 10.45 10.06 10.14 14030427 143120672.00
2024/05/14 10.20 10.39 10.07 10.17 9063604 92305448.00
2024/05/15 10.16 10.35 10.01 10.07 8290510 84303152.00
2024/05/16 10.19 10.29 10.04 10.10 8515920 86445960.00
2024/05/17 10.10 10.29 9.96 10.29 9178587 93366784.00
2024/05/20 10.30 10.37 10.14 10.23 8676626 88901600.00
2024/05/21 10.23 10.34 10.10 10.14 6825038 69441840.00
2024/05/22 10.10 10.25 10.02 10.20 6510615 66119292.00
2024/05/23 10.20 10.24 9.92 9.94 8627572 86514416.00
2024/05/24 9.99 10.02 9.56 9.57 9347965 91171640.00
2024/05/27 9.62 9.90 9.36 9.90 11264438 108389464.00
2024/05/28 9.86 10.27 9.71 9.82 15319799 152933248.00
2024/05/29 9.73 9.92 9.61 9.70 9143782 89104744.00
2024/05/30 9.68 10.28 9.50 10.09 24053146 241740240.00
2024/05/31 9.96 10.36 9.95 10.29 20152420 205069344.00
2024/06/03 10.49 11.08 10.40 10.83 38882360 418787680.00
2024/06/04 10.52 10.71 10.06 10.25 26528918 273165792.00
2024/06/05 10.10 10.36 9.82 9.83 18783926 189377024.00
2024/06/06 9.90 10.27 9.38 9.44 18895520 184678944.00
2024/06/07 9.61 9.83 9.41 9.62 11877226 113902392.00
2024/06/11 9.54 10.20 9.47 10.04 16939194 168716352.00
2024/06/12 9.91 10.52 9.91 10.35 21998480 226076640.00
2024/06/13 10.33 10.48 10.21 10.28 17056300 176296928.00
2024/06/14 10.24 10.37 10.04 10.21 13441100 137101664.00
2024/06/17 10.15 10.31 10.05 10.25 11390115 116313200.00
2024/06/18 10.26 10.34 10.15 10.24 12234300 125407664.00
2024/06/19 10.29 10.63 10.29 10.54 26275230 275800896.00
2024/06/20 10.43 10.46 10.02 10.02 18476996 189578880.00
2024/06/21 9.80 9.97 9.60 9.88 11971637 117841120.00
2024/06/24 9.80 9.84 9.19 9.23 16044479 151590032.00
2024/06/25 9.22 9.25 8.59 8.72 17872696 157935488.00
2024/06/26 8.72 9.24 8.53 9.22 12951560 115445792.00
2024/06/27 9.10 9.68 9.05 9.22 17493460 164557648.00
2024/06/28 9.13 9.45 9.11 9.13 11984100 111164544.00
2024/07/01 9.10 9.18 8.80 9.13 10115559 91098936.00
2024/07/02 9.33 9.66 9.24 9.38 15258753 143646448.00
2024/07/03 9.42 9.44 9.15 9.17 10119400 93816488.00
2024/07/04 9.20 9.25 8.89 8.91 8287531 74992344.00
2024/07/05 8.91 9.12 8.79 9.04 7284700 65524836.00
2024/07/08 8.96 9.14 8.85 8.88 7266600 65262632.00
2024/07/09 8.84 9.22 8.81 9.20 10366321 94088592.00
2024/07/10 9.18 9.39 9.09 9.12 8597098 79514120.00
2024/07/11 9.35 9.47 9.16 9.25 9546130 88590144.00
2024/07/12 9.16 9.27 9.12 9.19 6315400 58096000.00
2024/07/15 10.50 10.50 9.86 9.90 34198864 345574656.00
2024/07/16 10.02 10.50 9.95 10.44 36454288 374762208.00
2024/07/17 10.23 10.63 10.10 10.13 24739192 255892480.00
2024/07/18 10.00 10.33 9.64 10.27 26780812 267453408.00
2024/07/19 10.17 10.59 10.12 10.42 26723966 279028800.00
2024/07/22 10.47 10.93 10.47 10.60 30602672 327586944.00
2024/07/23 10.42 10.65 10.19 10.23 21046980 219163040.00
2024/07/24 10.12 10.36 10.09 10.15 14257856 145650320.00
2024/07/25 10.01 10.26 9.90 10.09 12746365 128427344.00
2024/07/26 10.07 10.30 9.97 10.20 13213477 134071736.00
2024/07/29 10.20 10.33 10.10 10.12 11718100 119640720.00
2024/07/30 10.02 10.64 9.97 10.62 25975606 270372800.00
2024/07/31 10.40 10.95 10.38 10.92 30778152 329659232.00
2024/08/01 10.95 11.48 10.89 11.28 33742096 379150176.00
2024/08/02 11.02 11.23 10.79 10.80 23925384 263512736.00
2024/08/05 10.58 10.82 10.19 10.21 19269500 202155088.00
2024/08/06 10.45 10.58 10.10 10.31 15398910 158087504.00
2024/08/07 10.25 10.44 10.14 10.19 13454425 138659152.00
2024/08/08 10.01 10.15 9.70 9.89 18691968 185172432.00
2024/08/09 10.09 10.36 10.00 10.03 17715810 180175440.00
2024/08/12 10.03 10.09 9.74 9.87 10625100 105028728.00
2024/08/13 9.86 10.09 9.85 10.08 9488900 94724312.00
2024/08/14 10.12 10.31 10.03 10.19 13430308 136928352.00
2024/08/15 10.12 10.66 10.09 10.52 18192214 189910784.00
2024/08/16 10.48 10.77 10.46 10.49 16704880 177173184.00
2024/08/19 10.46 10.62 10.35 10.40 11150600 116790008.00
2024/08/20 10.46 10.62 10.25 10.31 12571673 131025848.00
2024/08/21 10.28 10.51 10.23 10.27 11378400 118229552.00
2024/08/22 10.30 10.44 9.98 10.03 12141565 123489120.00
2024/08/23 9.97 10.23 9.91 10.10 9724000 98078192.00
2024/08/26 10.24 10.31 9.98 10.04 9111241 91957528.00
2024/08/27 9.98 10.08 9.72 9.77 10677800 105220480.00
2024/08/28 9.72 9.89 9.67 9.79 6999725 68389640.00
2024/08/29 9.75 10.10 9.70 10.06 8630652 85835024.00
2024/08/30 10.08 11.80 10.04 11.35 48973048 543860224.00
2024/09/02 11.25 11.38 10.89 10.93 29027004 321779168.00
2024/09/03 10.88 11.02 10.70 10.92 18641644 202779024.00
2024/09/04 10.75 10.91 10.60 10.70 13163329 141475264.00
2024/09/05 10.71 10.90 10.66 10.75 13060729 140613184.00
2024/09/06 10.75 10.79 10.30 10.35 14259236 149838208.00
2024/09/09 10.23 10.39 10.13 10.23 10488900 107459840.00
2024/09/10 10.26 10.45 10.04 10.33 11849900 121419064.00
2024/09/11 10.29 10.37 10.10 10.23 8739700 89166648.00
2024/09/12 10.30 10.81 10.26 10.36 25481076 266985904.00
2024/09/13 10.38 10.85 10.15 10.59 31066636 328532896.00
2024/09/18 10.50 10.79 10.06 10.25 27799738 289451840.00
2024/09/19 10.35 10.70 10.03 10.68 28383152 294875648.00
2024/09/20 10.56 10.84 10.49 10.65 25568216 272713152.00
2024/09/23 10.56 11.09 10.54 11.09 34550900 376048672.00
2024/09/24 10.91 11.30 10.65 11.23 37272368 408342656.00
2024/09/25 11.19 11.46 11.01 11.08 36766612 413267552.00
2024/09/26 11.19 11.79 11.18 11.72 46837544 542876032.00
2024/09/27 11.76 12.59 11.55 12.49 51080368 614494144.00
2024/09/30 12.99 14.80 12.79 14.61 60055936 820826432.00
2024/10/08 17.50 17.53 15.80 17.53 73459984 1267437056.00
2024/10/09 16.71 17.78 15.40 15.40 67885264 1132383360.00
2024/10/10 15.96 16.28 14.84 15.13 40418024 624646208.00
2024/10/11 14.76 15.13 13.83 14.15 34100948 491443744.00
2024/10/14 14.22 15.16 14.07 15.11 33085200 483252608.00
2024/10/15 15.05 15.97 14.75 15.60 52853664 817818816.00
2024/10/16 15.46 17.50 15.22 16.04 69854448 1141408640.00
2024/10/17 16.09 16.55 15.58 15.66 53590396 860965632.00
2024/10/18 15.34 17.23 15.33 16.84 63512812 1042632000.00
2024/10/21 17.18 20.21 16.95 20.21 115792480 2206321920.00
2024/10/22 19.18 19.30 17.90 18.21 88403336 1644167808.00
2024/10/23 17.95 18.74 17.85 18.01 57572592 1056056256.00
2024/10/24 17.60 19.19 17.44 18.81 60055364 1109334912.00
2024/10/25 18.44 20.51 18.12 19.92 85659504 1675367936.00
2024/10/28 20.11 21.90 19.22 19.30 98238384 1993764736.00
2024/10/29 19.00 19.88 18.58 19.70 67787352 1306178688.00
2024/10/30 19.00 19.28 18.21 18.79 52599500 988331712.00
2024/10/31 18.51 18.88 18.18 18.55 42799116 793325888.00
2024/11/01 18.18 18.38 16.45 16.49 53721072 922841216.00
2024/11/04 16.10 16.63 16.10 16.49 26523040 434304768.00
2024/11/05 16.53 17.40 16.44 17.32 32992704 563814784.00
2024/11/06 17.29 17.78 17.01 17.18 31757592 553630976.00
2024/11/07 16.92 17.66 16.84 17.55 25501820 443387392.00
2024/11/08 17.80 18.83 17.75 18.28 43444272 793314816.00
2024/11/11 18.40 19.17 18.29 19.04 41791076 787973056.00
2024/11/12 19.05 19.06 17.78 18.09 34389392 630888768.00
2024/11/13 17.61 18.15 17.61 18.01 18267492 326285120.00
2024/11/14 18.00 18.00 17.23 17.27 16396932 288027936.00
2024/11/15 17.21 17.64 16.46 16.48 20433288 349689472.00
2024/11/18 16.53 16.68 15.30 15.48 20359860 320331040.00
2024/11/19 15.71 16.21 15.38 16.13 16941640 267179888.00
2024/11/20 16.00 16.50 16.00 16.37 15546000 252680000.00
2024/11/21 16.33 16.47 16.01 16.29 15082260 245842384.00
2024/11/22 16.25 16.41 15.30 15.39 17989370 285527360.00
2024/11/25 15.62 15.77 15.10 15.64 14176200 218551904.00
2024/11/26 15.60 15.75 15.23 15.23 10404510 161033648.00
2024/11/27 15.23 15.97 14.86 15.96 16725540 258367840.00
2024/11/28 15.91 16.39 15.91 16.03 16902000 272583232.00
2024/11/29 16.03 16.55 15.70 16.27 18804700 304224384.00
2024/12/02 16.30 16.50 16.22 16.39 16113187 263488288.00
2024/12/03 16.38 16.43 15.98 16.22 14313279 232007728.00
2024/12/04 16.51 16.77 16.09 16.20 19708900 324131840.00
2024/12/05 16.03 16.43 16.03 16.20 13493900 218939488.00
2024/12/06 16.34 16.58 16.07 16.44 16929132 276883072.00
2024/12/09 16.30 16.44 15.93 16.06 12899410 208283968.00
2024/12/10 16.68 16.78 16.25 16.28 19245832 317543456.00
2024/12/11 16.22 16.53 16.17 16.47 14524400 237949472.00
2024/12/12 16.50 17.36 16.31 17.34 33675456 571388352.00
2024/12/13 17.20 17.83 16.81 17.36 33714836 580755008.00
2024/12/16 17.21 17.77 16.96 17.05 26647440 463805056.00
2024/12/17 16.93 16.98 15.54 15.63 22569600 365455264.00
2024/12/18 15.60 16.31 15.24 16.08 15852950 251666592.00
2024/12/19 15.80 16.50 15.69 16.43 15324101 248156272.00
2024/12/20 16.40 17.15 16.22 16.87 20782388 350033376.00
2024/12/23 16.98 17.00 15.93 15.95 16851840 276028832.00
2024/12/24 16.05 16.20 15.45 15.93 13399855 211502016.00
2024/12/25 15.81 15.90 15.08 15.25 12438979 190895792.00
2024/12/26 15.30 15.74 15.28 15.55 10243062 159257600.00
2024/12/27 15.49 18.66 15.44 17.16 68504440 1207675392.00
2024/12/30 17.02 17.16 16.09 17.00 44602240 744300352.00
2024/12/31 17.00 17.19 15.70 15.76 32492072 532175104.00
2025/01/02 15.69 15.75 14.56 14.79 23715544 359904864.00
2025/01/03 14.99 15.02 13.67 13.73 19915632 282502240.00
2025/01/06 13.52 13.92 13.13 13.50 12977414 176299008.00
2025/01/07 13.60 14.10 13.52 14.09 14476135 199871296.00
2025/01/08 14.20 14.69 13.80 14.50 26102908 374214496.00
2025/01/09 14.44 14.63 14.29 14.38 15928165 230513328.00
2025/01/10 14.35 14.68 13.77 13.77 15524500 221571808.00
2025/01/13 13.48 13.92 13.18 13.80 10677133 145368480.00
2025/01/14 13.99 14.60 13.86 14.60 17376866 249251840.00
2025/01/15 14.58 14.67 14.33 14.39 12031900 174348288.00
2025/01/16 14.51 14.76 14.20 14.38 13595200 196730624.00
2025/01/17 14.33 14.70 14.18 14.49 13977000 201919824.00
2025/01/20 14.64 15.00 14.43 14.69 17481668 257457504.00
2025/01/21 14.78 14.94 14.42 14.84 15364567 225721232.00
2025/01/22 14.77 14.77 14.41 14.50 11083700 161788144.00
2025/01/23 14.68 15.09 14.39 14.39 17140200 253231344.00
2025/01/24 14.39 14.94 14.34 14.92 17615610 259336048.00
2025/01/27 14.60 14.77 13.75 13.88 26083164 367613120.00
2025/02/05 14.43 15.94 14.23 15.21 39516024 593136064.00
2025/02/06 15.02 15.61 14.69 15.52 30670100 469284896.00
2025/02/07 15.47 15.96 15.29 15.59 33026310 515553856.00
2025/02/10 15.90 16.55 15.76 16.46 38030252 618145152.00
2025/02/11 16.25 16.60 15.92 16.14 27103078 438926176.00
2025/02/12 15.99 16.28 15.99 16.22 19911206 321964256.00
2025/02/13 16.16 16.28 15.79 16.02 21810700 349617152.00
2025/02/14 16.18 16.80 16.06 16.69 36787948 606132224.00
2025/02/17 17.18 17.97 16.61 16.80 40148988 685376896.00
2025/02/18 16.41 16.74 15.61 15.65 27550744 445505728.00
2025/02/19 15.78 16.32 15.75 16.24 20301600 327217344.00
2025/02/20 16.11 16.25 15.83 16.17 18673004 300711712.00
2025/02/21 16.29 16.80 16.10 16.77 28864996 475884544.00
2025/02/24 16.74 18.28 16.58 17.72 58311736 1024485568.00
2025/02/25 17.20 18.14 17.06 17.69 40583296 717889024.00
2025/02/26 17.55 17.92 17.14 17.85 43442404 758283584.00
2025/02/27 18.18 19.98 18.18 19.39 95146080 1813931264.00
2025/02/28 19.48 23.27 18.82 20.97 132768648 2780135424.00
2025/03/03 22.40 22.60 19.80 20.48 119469048 2523972608.00
2025/03/04 19.15 21.48 19.15 21.29 102758424 2073199488.00
2025/03/05 20.60 20.75 19.41 19.83 74904472 1498905216.00
2025/03/06 19.95 20.47 19.71 19.98 66460656 1336672256.00
2025/03/07 19.50 20.70 19.05 19.87 71619568 1423013248.00
2025/03/10 19.77 20.39 19.28 19.80 42382368 840501632.00
2025/03/11 19.20 19.50 18.67 19.05 45295984 862504000.00
2025/03/12 19.18 19.97 19.06 19.40 41994648 820559808.00
2025/03/13 19.38 19.40 18.00 18.14 39201544 724275072.00
2025/03/14 18.30 18.78 17.88 18.65 30333692 556842816.00
2025/03/17 18.89 19.05 18.59 18.73 24116684 453225696.00
2025/03/18 18.89 19.50 18.66 18.68 27848762 529028064.00
2025/03/19 18.39 18.83 18.15 18.26 21108392 388034944.00
2025/03/20 18.18 18.80 17.95 18.43 24047600 445060384.00
2025/03/21 18.15 18.28 17.30 17.31 27949300 495611712.00
2025/03/24 17.30 17.41 16.53 17.05 19637910 332954240.00
2025/03/25 17.06 17.14 16.61 16.68 14263600 239909728.00
2025/03/26 16.70 16.98 16.63 16.73 10287400 173041856.00
2025/03/27 16.72 17.06 16.55 16.60 13994631 235126432.00
2025/03/28 16.65 16.84 16.54 16.61 10164700 169418864.00
2025/03/31 16.53 16.56 15.96 16.40 14168900 229990544.00
2025/04/01 16.54 16.83 16.36 16.36 11543100 190712880.00
2025/04/02 16.40 16.80 16.33 16.41 9176000 151571120.00
2025/04/03 16.05 16.56 15.96 16.10 10859311 176237136.00
2025/04/07 15.00 15.25 12.88 12.88 24507588 335825312.00
2025/04/08 13.01 13.81 12.90 13.40 20316224 270988064.00
2025/04/09 13.23 14.35 12.51 14.17 26700532 363218176.00
2025/04/10 14.60 14.98 14.41 14.50 20662532 303696576.00
2025/04/11 14.30 15.16 14.21 14.83 21006920 311771424.00
2025/04/14 15.05 15.22 14.70 14.80 17012800 253971184.00
2025/04/15 14.76 14.90 14.47 14.64 10507017 153821664.00
2025/04/16 14.53 14.65 13.89 14.20 12364078 176069008.00
2025/04/17 14.20 14.53 14.12 14.13 10811416 155268560.00
2025/04/18 14.11 14.30 13.96 14.18 7592314 107355208.00
2025/04/21 14.24 14.56 14.04 14.56 8893310 128134440.00
2025/04/22 14.54 14.59 14.27 14.30 8780100 126396912.00
2025/04/23 14.41 14.59 14.31 14.43 9849009 142251264.00
2025/04/24 14.43 14.44 13.94 13.99 10182200 143680832.00
2025/04/25 13.96 14.29 13.88 14.02 9278000 130847536.00
2025/04/28 14.00 14.17 13.72 13.72 9414682 131065160.00
2025/04/29 13.20 13.73 12.79 13.66 16010916 214324752.00
2025/04/30 13.70 14.04 13.61 13.93 9670007 134593632.00
2025/05/06 14.00 14.62 14.00 14.61 13485380 195005344.00
2025/05/07 14.88 14.98 14.41 14.56 14721900 215890192.00
2025/05/08 14.59 14.96 14.47 14.92 13436490 198496512.00
2025/05/09 14.94 14.94 14.47 14.52 11596730 169317232.00
2025/05/12 14.70 14.89 14.58 14.79 10040530 148082192.00
2025/05/13 15.00 15.07 14.55 14.56 9270710 136934320.00
2025/05/14 14.12 14.43 14.01 14.24 15410500 218888560.00
2025/05/15 14.27 14.27 13.85 13.89 9126000 127585296.00
2025/05/16 13.87 14.00 13.76 13.78 7117965 98865920.00
2025/05/19 13.98 15.17 13.86 14.62 28053896 408773984.00
2025/05/20 14.66 15.50 14.40 15.39 38519024 582222976.00
2025/05/21 15.24 15.24 14.85 14.91 21166420 316810528.00
2025/05/22 14.80 14.95 14.56 14.60 12033700 177153584.00
2025/05/23 14.51 14.75 14.26 14.28 13413796 194670992.00
2025/05/26 14.54 14.72 14.38 14.67 11116296 161950000.00
2025/05/27 14.70 14.73 14.16 14.30 9781511 140286912.00
2025/05/28 14.35 14.49 14.13 14.17 7161711 101990888.00
2025/05/29 14.19 14.65 14.17 14.65 9800017 141848528.00
2025/05/30 14.59 14.60 14.16 14.20 8988600 128236656.00
2025/06/03 14.05 14.34 14.05 14.18 5879311 83585104.00
2025/06/04 14.18 14.31 14.12 14.23 6523300 92748704.00
2025/06/05 14.22 14.44 14.08 14.42 11340869 162128800.00
2025/06/06 14.38 15.12 14.34 14.75 23359256 345314880.00
2025/06/09 14.65 14.85 14.50 14.80 15729536 231564832.00
2025/06/10 14.83 14.90 14.21 14.40 13360180 193686240.00
2025/06/11 14.40 14.75 14.33 14.55 9892600 144157040.00
2025/06/12 14.53 14.90 14.36 14.47 13462648 197266320.00
2025/06/13 14.33 14.45 14.00 14.00 13643398 192799040.00
2025/06/16 14.00 14.28 14.00 14.13 7435752 105147024.00
2025/06/17 14.11 14.74 14.05 14.68 21248432 307690304.00
2025/06/18 14.58 16.23 14.51 15.80 53384132 821532864.00
2025/06/19 15.72 15.88 15.28 15.38 35772700 556647168.00
2025/06/20 15.48 15.82 15.28 15.39 29539356 458698176.00
2025/06/23 15.22 15.86 15.00 15.73 27021456 422120960.00
2025/06/24 15.83 16.23 15.72 16.23 37196256 594552832.00
2025/06/25 16.48 16.48 15.88 16.15 32053616 516980320.00
2025/06/26 15.96 16.51 15.75 16.19 30875768 497416736.00
2025/06/27 16.62 16.81 16.21 16.37 36781712 607383424.00
2025/06/30 16.26 16.38 16.00 16.24 25825744 416810560.00
2025/07/01 16.18 16.54 16.00 16.01 22583596 366549888.00
2025/07/02 15.80 15.82 15.34 15.40 19389504 300332960.00
2025/07/03 15.44 15.85 15.42 15.78 16435861 257547504.00
2025/07/04 15.79 15.83 15.23 15.32 15596950 240440432.00
2025/07/07 15.26 15.36 15.13 15.23 7249693 110385632.00
2025/07/08 15.51 15.70 15.43 15.47 14754700 229348928.00
2025/07/09 15.39 15.48 15.22 15.29 9845700 151042192.00
2025/07/10 15.20 15.44 15.18 15.26 7233815 110719088.00
2025/07/11 15.27 15.55 15.16 15.43 10361550 159619104.00
2025/07/14 15.50 15.55 15.35 15.51 7127350 110130272.00
2025/07/15 15.49 15.49 15.18 15.31 7941446 121657000.00
2025/07/16 15.24 15.53 15.10 15.21 8697700 133168528.00
2025/07/17 15.18 15.35 14.89 15.31 12327951 186447056.00
2025/07/18 15.29 15.40 15.12 15.20 7925500 120661136.00
2025/07/21 15.13 15.25 15.05 15.19 8128206 123203792.00
2025/07/22 15.16 15.20 15.01 15.02 8664110 130637048.00
2025/07/23 15.02 15.17 14.96 14.98 7517056 113128200.00
2025/07/24 14.97 15.16 14.92 15.16 7364700 111068832.00
2025/07/25 15.15 15.32 15.11 15.27 8656530 131633712.00
2025/07/28 15.26 15.38 15.10 15.16 8804964 133747120.00
2025/07/29 15.09 15.42 15.06 15.38 13604001 207787392.00
2025/07/30 15.33 15.45 15.00 15.07 11742805 178593008.00
2025/07/31 15.10 15.34 15.01 15.09 9149852 138895376.00
2025/08/01 15.08 15.12 14.66 14.82 12406993 184261856.00
2025/08/04 14.68 15.09 14.62 15.09 7925983 118759936.00
2025/08/05 15.09 15.32 15.06 15.19 7957800 120683800.00
2025/08/06 15.19 15.49 15.07 15.43 14157457 217432832.00
2025/08/07 15.40 15.75 15.35 15.58 16330151 254294256.00
2025/08/08 15.45 15.50 15.08 15.09 12669675 192635008.00
2025/08/11 15.98 16.37 15.62 15.77 34996352 556468224.00
2025/08/12 15.80 16.50 15.76 16.12 35679472 576566400.00
2025/08/13 15.92 16.05 15.78 15.92 20965216 333701728.00
2025/08/14 15.99 16.00 15.51 15.51 18093596 284569344.00
2025/08/15 15.49 15.84 15.46 15.72 13527343 211989888.00
2025/08/18 15.68 16.06 15.67 16.04 19024260 303386464.00
2025/08/19 15.94 16.68 15.87 16.30 31926318 520694272.00
2025/08/20 16.70 16.71 16.10 16.60 33721436 553828224.00
2025/08/21 16.54 17.20 16.40 16.72 35673936 598871168.00
2025/08/22 16.65 17.15 16.51 17.00 30372580 514066752.00
2025/08/25 17.06 17.21 16.66 16.81 31998624 540237888.00
2025/08/26 17.21 17.74 16.87 16.93 41019632 709583744.00
2025/08/27 16.69 17.20 16.39 16.40 36421304 615072960.00
2025/08/28 16.20 16.77 16.12 16.71 26113262 431324640.00
2025/08/29 16.66 16.79 16.14 16.34 19215684 314067872.00
2025/09/01 16.67 17.12 16.53 16.71 19852100 332967744.00
2025/09/02 16.61 16.63 15.81 15.90 19207344 308410336.00
2025/09/03 15.94 16.06 15.41 15.47 15092912 237045792.00
2025/09/04 15.50 15.62 14.50 14.73 17625112 265562912.00
2025/09/05 14.75 15.36 14.46 15.15 18860272 280267072.00
2025/09/08 15.03 15.21 14.85 15.16 11508755 172927216.00
2025/09/09 15.02 15.10 14.65 14.69 10789078 160081344.00
2025/09/10 14.68 14.95 14.68 14.76 7526113 111419880.00
2025/09/11 14.77 15.37 14.66 15.35 14085000 212863440.00
2025/09/12 15.36 17.70 15.35 16.66 55553992 921814784.00
2025/09/15 16.99 17.10 16.29 16.60 31429200 520073024.00
2025/09/16 16.53 16.79 16.37 16.70 20301352 336747584.00
2025/09/17 16.66 17.20 16.48 17.16 32216956 544208256.00
2025/09/18 17.51 17.69 16.49 16.63 44435912 761537600.00
2025/09/19 16.94 17.29 16.61 16.87 37718100 638323904.00
2025/09/22 17.15 18.20 16.70 17.86 68449720 1213932928.00
2025/09/23 17.53 17.85 17.21 17.71 44927756 786046784.00
2025/09/24 17.55 18.80 17.25 18.57 63613544 1147755008.00
2025/09/25 18.08 20.11 18.00 19.34 80788704 1545505024.00
2025/09/26 19.08 21.00 18.95 19.83 81852904 1653063296.00
2025/09/29 20.15 20.55 19.22 19.69 62910300 1246209280.00
2025/09/30 20.30 21.00 19.78 20.19 70782816 1440928768.00
2025/10/09 21.25 22.80 20.57 20.97 89962432 1919232384.00
2025/10/10 20.71 21.87 19.22 20.91 80605480 1653265920.00
2025/10/13 19.83 21.50 19.83 20.30 56122512 1160784768.00
2025/10/14 20.97 21.98 20.05 20.21 58811796 1241168128.00
2025/10/15 20.06 21.18 19.60 20.76 44427256 899263424.00
2025/10/16 20.70 22.64 20.58 21.73 67233384 1462869248.00
2025/10/17 21.30 23.03 21.01 22.51 75017480 1657473152.00
2025/10/20 24.20 24.40 20.94 21.27 73326864 1603710208.00
2025/10/21 21.37 23.37 21.19 22.10 70648992 1581933824.00
2025/10/22 21.21 21.71 20.47 21.25 57762048 1214942720.00
2025/10/23 20.86 21.01 19.70 20.59 41479296 841280832.00
2025/10/24 21.32 22.42 20.96 22.07 60639020 1328732544.00
2025/10/27 22.68 23.58 21.76 23.03 60760084 1369670016.00
2025/10/28 22.22 22.36 21.74 22.07 41336632 911711296.00
2025/10/29 21.90 24.63 21.90 23.48 65427840 1531086720.00
2025/10/30 23.86 24.30 22.78 22.85 46297776 1083180288.00
2025/10/31 22.57 22.85 21.56 21.77 38473112 845297792.00
2025/11/03 21.67 22.79 20.92 22.28 37451632 818813504.00
2025/11/04 22.25 22.70 21.72 22.30 40996064 909017920.00
2025/11/05 21.41 21.98 20.88 21.72 33838908 723396736.00
2025/11/06 22.31 22.63 21.34 21.83 37226256 816979904.00
2025/11/07 21.44 23.06 21.37 22.53 52200968 1174417280.00
2025/11/10 22.90 25.00 22.38 23.94 68441832 1615935488.00
2025/11/11 23.90 25.00 23.37 23.58 64574152 1548069760.00
2025/11/12 23.05 24.78 22.78 23.64 49033364 1165918336.00
2025/11/13 23.40 25.87 23.18 25.25 75316840 1879765504.00
2025/11/14 23.93 24.19 22.15 22.20 73284552 1686211584.00
2025/11/17 22.44 23.48 22.00 22.05 37700928 852523648.00
2025/11/18 21.83 21.96 21.16 21.44 31099306 667098560.00
2025/11/19 21.18 21.70 20.39 21.06 34714992 725539456.00
2025/11/20 21.38 21.50 20.08 20.20 24867038 508238656.00
2025/11/21 18.80 19.25 18.60 18.66 25971436 489934432.00
2025/11/24 18.83 18.98 18.34 18.82 16835260 314625024.00
2025/11/25 19.21 19.65 19.11 19.15 20038860 387383744.00
2025/11/26 19.00 19.31 18.72 18.78 15510682 294108128.00
2025/11/27 18.81 19.60 18.73 19.26 22219680 427634528.00
2025/11/28 19.27 19.45 18.92 19.35 19294288 370744672.00
2025/12/01 19.34 19.80 19.22 19.61 20548468 401163872.00
2025/12/02 19.45 19.45 18.96 19.01 15493276 296082272.00
2025/12/03 18.35 18.53 18.12 18.25 22088928 404086688.00
2025/12/04 18.10 18.33 17.88 18.15 11499979 207941328.00
2025/12/05 18.17 18.53 18.00 18.46 11596521 212737040.00
2025/12/08 18.50 19.75 18.36 19.51 23684420 455811360.00
2025/12/09 19.25 19.62 19.06 19.12 18906442 365484544.00
2025/12/10 19.07 19.15 18.63 18.83 10999846 206604192.00
2025/12/11 19.11 19.15 18.52 18.52 11879702 222954848.00
2025/12/12 18.52 18.91 18.45 18.63 11694325 218580864.00
2025/12/15 18.15 18.39 17.98 18.01 12112848 219767600.00
2025/12/16 18.02 18.12 17.51 17.61 10326779 182617872.00
2025/12/17 17.66 18.10 17.40 18.08 11997293 213355616.00
2025/12/18 17.96 18.62 17.84 18.20 13979105 256614768.00
2025/12/19 18.56 18.59 17.92 17.93 13221300 239655744.00
2025/12/22 18.06 18.50 18.06 18.36 11543456 211750096.00
2025/12/23 18.30 18.39 18.08 18.21 9295731 169248112.00
2025/12/24 18.25 18.64 18.24 18.53 15459514 285191232.00
2025/12/25 18.46 19.03 18.36 18.63 15543319 289953760.00
2025/12/26 18.49 19.06 18.46 18.54 19644856 368851936.00
2025/12/29 18.51 18.81 18.36 18.43 12498354 231749008.00
2025/12/30 18.50 18.64 18.20 18.26 12334069 226740064.00
2025/12/31 18.41 18.58 17.98 18.14 10265927 186425536.00
2026/01/05 18.50 19.18 18.45 19.08 27237684 514357120.00
2026/01/06 19.00 19.80 18.85 19.52 25779420 499631232.00
2026/01/07 20.61 20.80 19.69 19.78 44711844 901155328.00
2026/01/08 19.69 20.52 19.61 20.18 33071612 668252992.00
2026/01/09 19.80 20.02 19.72 19.91 26450564 525551040.00
2026/01/12 20.28 20.64 20.15 20.62 31177960 636547584.00
2026/01/13 20.46 20.52 19.69 19.78 25814874 517815712.00
2026/01/14 20.04 20.20 19.48 19.89 27067624 539022912.00
2026/01/15 19.66 20.06 19.46 19.87 18505632 365783072.00
2026/01/16 20.01 20.79 19.77 20.64 37633016 765362816.00
2026/01/19 20.70 21.00 20.45 20.81 30659788 636511232.00
2026/01/20 20.60 21.50 20.55 20.91 35521912 743197440.00
2026/01/21 20.90 21.64 20.81 21.15 39672536 844076608.00
2026/01/22 21.77 22.00 20.91 21.42 41897576 900230976.00
2026/01/23 21.42 22.22 21.29 21.53 38706448 839594432.00
2026/01/26 21.71 22.00 20.85 21.22 27718874 590681344.00
2026/01/27 20.95 21.57 20.51 21.57 27232394 574020864.00
2026/01/28 21.55 22.09 21.29 21.54 27931896 604950976.00
2026/01/29 21.79 22.48 21.62 21.79 40460512 891273664.00
2026/01/30 21.40 23.12 21.40 22.70 51140284 1142701952.00
2026/02/02 21.98 21.98 19.67 19.73 43806360 898596800.00
2026/02/03 20.40 20.78 20.10 20.24 28233372 573356928.00
2026/02/04 20.11 20.12 19.00 19.32 26574090 514766368.00
2026/02/05 18.85 19.00 18.58 18.83 16377502 307699296.00
2026/02/06 18.58 18.75 18.36 18.53 13699627 254046368.00
2026/02/09 18.79 19.09 18.67 18.83 21695924 408300768.00
2026/02/10 18.80 18.82 18.52 18.57 13970906 260068064.00
2026/02/11 18.31 18.67 18.25 18.54 9188202 170276848.00
2026/02/12 18.72 18.93 18.56 18.79 13457238 252604032.00
2026/02/13 18.80 19.69 18.73 19.20 22531412 434972416.00
2026/02/24 19.51 19.89 19.11 19.51 18664908 364217568.00
2026/02/25 19.32 19.41 18.87 19.12 18458338 351729536.00
#Ъ§ОнРДдД:ЭЈДяаХ
