300316 ОЇЪЂЛњЕч ШеЯп ЧАИДШЈ
      ШеЦк	    ПЊХЬ	    зюИп	    зюЕЭ	    ЪеХЬ	    ГЩНЛСП	    ГЩНЛЖю
2021/08/02 64.80 69.02 61.79 65.57 43291042 2884516608.00
2021/08/03 64.78 66.85 62.17 63.25 26759141 1764366848.00
2021/08/04 62.22 66.58 62.17 65.37 27058653 1795675904.00
2021/08/05 64.47 64.57 62.17 63.50 16527330 1073620096.00
2021/08/06 63.67 65.55 62.49 63.66 14774307 971020032.00
2021/08/09 63.34 63.68 58.77 59.92 23413146 1454807040.00
2021/08/10 60.14 61.52 58.79 59.91 19217471 1192007808.00
2021/08/11 60.37 63.39 59.91 62.55 20476139 1311503744.00
2021/08/12 62.57 65.84 62.28 63.22 20038444 1324806656.00
2021/08/13 62.43 63.16 59.92 60.17 16443931 1039423808.00
2021/08/16 59.82 61.23 58.35 59.11 15664921 961707904.00
2021/08/17 58.76 59.93 56.53 57.55 19129477 1139117184.00
2021/08/18 58.27 58.75 56.26 57.17 15731262 934995776.00
2021/08/19 57.05 59.32 56.34 58.66 13962351 836334592.00
2021/08/20 58.67 60.05 57.98 59.13 13082935 798368896.00
2021/08/23 59.28 62.00 58.46 61.16 17182555 1072937536.00
2021/08/24 61.54 62.47 59.78 60.95 15037901 946050880.00
2021/08/25 60.85 63.13 59.17 62.27 14449720 910550720.00
2021/08/26 62.25 67.85 61.99 66.57 26264246 1768554880.00
2021/08/27 65.78 70.37 65.27 69.93 25654251 1801369344.00
2021/08/30 69.87 77.91 69.82 74.97 30436298 2334379520.00
2021/08/31 75.17 75.84 72.85 75.84 16679015 1269061760.00
2021/09/01 81.43 83.16 70.47 75.03 33184874 2570782208.00
2021/09/02 74.97 78.67 74.38 75.62 19943196 1549675776.00
2021/09/03 74.12 78.47 72.48 73.17 22086358 1697906304.00
2021/09/06 72.63 73.96 69.87 72.03 20398296 1506567552.00
2021/09/07 71.75 75.02 71.05 72.28 14735880 1094418048.00
2021/09/08 72.67 73.12 67.97 68.68 21573731 1534835456.00
2021/09/09 69.67 69.67 66.57 68.10 17523309 1218224896.00
2021/09/10 69.17 74.02 68.05 73.46 24566325 1798877824.00
2021/09/13 74.04 74.16 68.07 69.12 21924427 1572474240.00
2021/09/14 68.18 71.54 67.96 68.77 15193369 1081740288.00
2021/09/15 68.50 71.03 68.18 69.69 12348989 884704256.00
2021/09/16 68.60 69.77 67.17 67.67 16058513 1129222016.00
2021/09/17 67.07 69.05 63.56 65.89 16754561 1127601664.00
2021/09/22 63.74 67.67 63.63 66.41 11007272 749700032.00
2021/09/23 67.03 67.13 65.22 66.17 10221555 694891776.00
2021/09/24 65.53 68.67 64.98 66.38 14220668 977463104.00
2021/09/27 66.38 69.02 63.81 65.91 13177949 898173568.00
2021/09/28 64.89 67.07 63.77 64.59 9962685 666567680.00
2021/09/29 62.28 64.73 61.17 62.12 13965804 902467648.00
2021/09/30 62.46 63.62 60.86 62.52 9430161 607990144.00
2021/10/08 63.17 63.45 60.17 60.88 11355276 718662400.00
2021/10/11 60.45 62.25 59.37 60.67 9200933 575749376.00
2021/10/12 60.67 62.04 58.77 59.47 9594147 593863808.00
2021/10/13 59.47 61.74 59.17 61.69 9511362 592432256.00
2021/10/14 61.22 69.65 60.87 69.40 25654948 1769520000.00
2021/10/15 70.17 72.24 68.85 70.40 17247394 1246630528.00
2021/10/18 71.72 74.59 70.68 74.26 21958212 1647209088.00
2021/10/19 74.84 75.05 72.84 74.50 12335752 938331328.00
2021/10/20 74.53 76.15 73.45 73.85 11231770 855976320.00
2021/10/21 74.17 74.45 71.83 73.17 14278874 1069337920.00
2021/10/22 73.33 73.85 71.46 71.67 9535477 706594880.00
2021/10/25 72.07 74.12 71.29 73.13 12162907 911586496.00
2021/10/26 72.64 73.85 70.18 72.39 13347784 989931840.00
2021/10/27 74.07 74.15 71.83 73.12 12207382 915435648.00
2021/10/28 73.16 74.75 72.37 73.18 14622848 1103077376.00
2021/10/29 73.47 76.65 71.17 74.58 15120328 1140525696.00
2021/11/01 74.58 75.67 71.53 73.82 14737349 1112561792.00
2021/11/02 72.19 77.79 72.19 74.92 18357205 1412524544.00
2021/11/03 73.67 76.45 73.67 74.78 11751187 903226688.00
2021/11/04 75.03 76.37 73.89 74.53 10465414 802820416.00
2021/11/05 74.53 78.77 73.72 77.18 16362066 1283947904.00
2021/11/08 76.40 78.05 74.97 77.67 11897432 935048320.00
2021/11/09 80.19 80.75 75.17 75.80 13969437 1103275520.00
2021/11/10 75.17 78.67 75.05 77.85 10896885 863153856.00
2021/11/11 77.46 79.56 76.27 79.28 10606053 848335744.00
2021/11/12 79.27 81.40 78.12 80.90 12818415 1047548160.00
2021/11/15 81.76 82.03 73.73 73.97 21391010 1672408320.00
2021/11/16 72.77 74.03 71.78 72.32 16882366 1255533824.00
2021/11/17 72.24 73.32 71.02 72.17 11398423 841872192.00
2021/11/18 72.06 72.06 68.47 69.73 17016251 1220461952.00
2021/11/19 69.71 71.06 67.96 70.21 18018764 1282894592.00
2021/11/22 70.28 75.10 69.67 74.65 20298186 1514346496.00
2021/11/23 73.98 73.98 69.24 69.41 19303221 1407453824.00
2021/11/24 67.87 69.41 65.77 66.11 20724739 1432952448.00
2021/11/25 65.79 67.00 64.76 64.99 13451956 907487104.00
2021/11/26 65.17 67.43 64.77 66.38 10569283 720701120.00
2021/11/29 66.05 68.96 65.78 68.72 13886828 971840128.00
2021/11/30 69.67 70.00 67.47 70.00 10707683 757412800.00
2021/12/01 69.67 69.67 66.67 67.09 16057231 1111982080.00
2021/12/02 66.66 67.95 66.08 67.11 9117103 627480768.00
2021/12/03 66.23 67.45 65.15 66.37 13635288 927511744.00
2021/12/06 68.53 69.60 66.18 66.18 14603273 1015077376.00
2021/12/07 67.16 69.15 65.18 66.20 12876864 880712320.00
2021/12/08 67.05 69.57 66.59 69.05 15965488 1121150976.00
2021/12/09 69.05 69.17 67.57 68.97 12239858 858647744.00
2021/12/10 68.46 74.16 68.46 73.46 30474493 2255811328.00
2021/12/13 74.00 74.00 69.98 73.27 22893562 1698582528.00
2021/12/14 72.51 72.86 71.38 71.82 12040363 889165824.00
2021/12/15 70.97 71.72 70.40 70.47 10480097 762438784.00
2021/12/16 71.17 71.29 70.00 70.90 5371825 389221120.00
2021/12/17 70.62 70.62 68.70 68.90 8461268 602718656.00
2021/12/20 68.37 69.37 66.25 66.92 8082578 559820480.00
2021/12/21 66.65 68.30 65.07 66.37 8892452 605732608.00
2021/12/22 66.56 68.68 65.32 67.73 11555163 800395200.00
2021/12/23 67.52 69.67 67.07 68.65 7097809 499877152.00
2021/12/24 69.33 69.47 65.98 67.59 6369404 439638912.00
2021/12/27 66.82 67.58 65.44 66.21 9689568 659243712.00
2021/12/28 66.17 67.08 65.19 66.85 8158575 554713664.00
2021/12/29 66.55 68.14 64.58 66.17 9815204 667056064.00
2021/12/30 65.81 67.10 64.85 64.87 10867659 732068608.00
2021/12/31 65.60 68.54 65.55 67.67 19586327 1356842752.00
2022/01/04 67.67 68.23 62.17 62.80 26121373 1712285568.00
2022/01/05 63.37 63.55 58.47 59.83 20029511 1245506816.00
2022/01/06 57.78 59.67 57.27 58.61 16186684 977138560.00
2022/01/07 58.71 59.63 55.83 56.91 16440763 966928064.00
2022/01/10 56.77 56.77 54.17 54.84 16004163 910804992.00
2022/01/11 54.76 55.40 54.03 54.62 13091795 739881536.00
2022/01/12 54.95 57.38 54.35 57.26 15788844 916006656.00
2022/01/13 57.62 59.83 55.55 57.63 18912981 1130929280.00
2022/01/14 57.27 61.16 57.17 59.42 17001063 1050849216.00
2022/01/17 60.36 61.74 59.83 61.02 11446786 717402432.00
2022/01/18 60.66 61.53 59.91 60.64 8529940 531545920.00
2022/01/19 60.56 60.56 58.82 59.16 8416330 515051328.00
2022/01/20 59.65 60.11 58.06 58.47 8279543 500864800.00
2022/01/21 58.49 59.12 56.98 57.52 7013855 418691552.00
2022/01/24 57.49 60.17 57.19 59.57 8652391 525391296.00
2022/01/25 59.42 60.87 58.92 58.94 8557392 528924928.00
2022/01/26 58.87 59.90 58.05 59.67 6384620 388035840.00
2022/01/27 59.52 59.52 56.18 56.37 14244408 839417216.00
2022/01/28 56.41 57.51 54.97 55.46 11104558 640475328.00
2022/02/07 56.77 58.44 55.97 57.60 10501550 620250624.00
2022/02/08 58.17 58.17 53.33 53.98 12347794 695862464.00
2022/02/09 53.92 55.62 52.87 55.40 12296461 690739456.00
2022/02/10 55.37 55.97 53.78 55.27 9833683 555194880.00
2022/02/11 54.17 54.60 52.05 52.21 11911740 655303616.00
2022/02/14 51.31 53.87 51.01 52.47 12431002 676185664.00
2022/02/15 53.37 55.27 52.47 55.22 12214722 688628224.00
2022/02/16 55.61 55.87 54.51 55.11 6434117 366866976.00
2022/02/17 54.97 58.53 54.97 57.35 10394108 612631424.00
2022/02/18 57.04 57.62 54.56 55.27 9980594 573134272.00
2022/02/21 55.20 55.66 54.09 55.48 7043336 400872192.00
2022/02/22 55.17 58.47 54.47 58.27 14755282 874390592.00
2022/02/23 58.70 62.00 58.28 60.74 18916056 1186422784.00
2022/02/24 60.87 62.35 59.87 60.73 9723521 611655296.00
2022/02/25 62.24 62.76 60.24 61.77 9859334 628004096.00
2022/02/28 61.85 63.37 61.42 63.17 10201765 657592448.00
2022/03/01 63.34 64.31 61.85 62.45 10072409 647603712.00
2022/03/02 61.77 62.11 60.83 61.55 6066582 383859808.00
2022/03/03 62.01 62.16 59.97 60.31 7134748 446728256.00
2022/03/04 60.15 61.87 59.88 60.35 7457336 466442656.00
2022/03/07 59.46 60.77 58.57 58.91 8518995 522744032.00
2022/03/08 58.90 60.82 58.47 58.61 13176483 809553472.00
2022/03/09 60.17 61.77 56.17 58.85 16500043 1005316288.00
2022/03/10 60.77 62.40 59.83 61.10 14745843 929368448.00
2022/03/11 60.11 61.43 58.81 61.00 10197345 634238464.00
2022/03/14 59.92 61.05 57.68 57.83 12448255 753800512.00
2022/03/15 57.17 58.45 55.35 55.60 13259840 777597696.00
2022/03/16 56.70 58.27 53.42 57.62 14031243 811008192.00
2022/03/17 58.83 60.82 57.89 59.47 13315074 819843840.00
2022/03/18 59.32 59.61 57.26 58.32 7578071 454935936.00
2022/03/21 58.57 62.63 58.42 61.19 9990438 629749440.00
2022/03/22 60.58 61.15 59.59 60.17 8008979 497123424.00
2022/03/23 60.76 61.27 59.27 59.96 6004782 372188448.00
2022/03/24 59.63 60.65 57.96 59.97 5424093 331327328.00
2022/03/25 59.62 61.15 57.87 57.99 6415769 389304768.00
2022/03/28 57.63 58.95 56.20 57.19 5325232 316485600.00
2022/03/29 57.32 58.12 56.22 57.27 5025024 296688096.00
2022/03/30 57.57 59.03 56.55 58.97 5463863 328272896.00
2022/03/31 58.49 58.99 57.33 58.17 5050461 303107008.00
2022/04/01 58.18 58.47 57.15 57.15 5008138 298172544.00
2022/04/06 55.83 56.77 54.68 55.16 7563230 432889696.00
2022/04/07 54.19 55.46 53.68 54.05 5441259 305351904.00
2022/04/08 55.17 55.27 52.98 53.27 5692395 317185216.00
2022/04/11 52.50 52.97 50.69 50.77 7351024 390628896.00
2022/04/12 50.78 51.43 48.87 50.28 10592800 547555008.00
2022/04/13 50.17 51.56 49.09 49.88 6526553 341352064.00
2022/04/14 50.26 50.85 49.52 50.43 6698967 348314976.00
2022/04/15 49.74 50.31 49.14 49.45 4421417 227290752.00
2022/04/18 49.17 52.96 48.83 52.44 7885602 419351520.00
2022/04/19 52.69 54.15 52.17 52.87 6808771 374243712.00
2022/04/20 52.96 54.17 50.97 51.07 5613392 302351584.00
2022/04/21 50.84 52.39 49.14 49.27 5795876 303197504.00
2022/04/22 49.53 49.53 47.31 47.60 8014936 399485824.00
2022/04/25 47.12 47.48 42.17 42.87 15766447 737922112.00
2022/04/26 43.15 43.66 41.67 42.20 9826110 438233600.00
2022/04/27 41.57 45.82 40.37 45.47 16741203 754248512.00
2022/04/28 44.90 46.87 44.65 46.76 9769495 467962400.00
2022/04/29 47.67 49.19 47.22 48.72 10103084 506311808.00
2022/05/05 48.84 50.65 48.55 49.52 8189289 421665568.00
2022/05/06 48.24 49.77 48.20 49.09 5664884 288298784.00
2022/05/09 49.20 49.94 47.47 47.75 6429303 322596576.00
2022/05/10 47.17 49.83 47.07 48.56 9205237 464176512.00
2022/05/11 48.97 51.43 48.57 50.57 10947589 573872256.00
2022/05/12 50.17 50.65 49.40 50.17 5597583 290592672.00
2022/05/13 50.57 51.37 49.53 50.47 5297880 277017600.00
2022/05/16 50.87 52.35 49.29 49.68 6892186 360360000.00
2022/05/17 49.86 51.87 49.42 51.37 8504467 447330176.00
2022/05/18 51.38 53.79 51.05 53.14 8187690 444694016.00
2022/05/19 52.12 54.97 52.07 54.37 11496773 641191808.00
2022/05/20 54.67 54.93 52.97 54.22 7864894 439744800.00
2022/05/23 54.37 55.04 53.58 54.66 5417194 304632480.00
2022/05/24 54.67 55.66 52.87 53.15 6860435 383538624.00
2022/05/25 53.10 53.75 52.20 52.67 6252692 341877824.00
2022/05/26 53.37 53.45 51.77 52.77 5173427 282146720.00
2022/05/27 53.34 53.96 52.05 52.26 4753026 259611168.00
2022/05/30 52.66 53.12 51.81 52.33 5025713 271495104.00
2022/05/31 53.27 53.57 52.07 53.49 7512729 412270080.00
2022/06/01 53.07 53.54 51.85 52.37 8929011 484473216.00
2022/06/02 52.95 55.54 52.55 55.19 10898069 610335936.00
2022/06/06 55.20 59.08 54.86 58.21 11785300 697406016.00
2022/06/07 58.31 59.15 57.25 58.45 9588455 572719680.00
2022/06/08 58.25 58.80 56.49 57.57 8021306 472618976.00
2022/06/09 56.88 58.03 55.88 56.25 7676340 446136064.00
2022/06/10 55.75 57.83 55.46 57.75 9891116 576459136.00
2022/06/13 57.05 58.63 56.55 58.29 8293032 492426432.00
2022/06/14 57.11 58.25 56.76 58.23 8826071 521386560.00
2022/06/15 58.89 60.53 57.72 58.57 9519206 577074368.00
2022/06/16 57.95 60.53 57.80 60.31 7851937 481657728.00
2022/06/17 60.07 61.80 59.15 61.59 9529429 596689088.00
2022/06/20 61.84 66.25 61.83 63.59 12747342 838214656.00
2022/06/21 63.30 64.25 61.46 62.25 7505662 480004672.00
2022/06/22 62.48 65.05 62.05 64.28 10067378 661182720.00
2022/06/23 64.35 66.05 63.66 65.74 8523065 566707584.00
2022/06/24 65.44 66.18 64.47 64.95 7535977 503600544.00
2022/06/27 65.45 65.93 63.40 64.06 11294002 740776768.00
2022/06/28 63.86 67.60 63.55 67.25 11880315 797099648.00
2022/06/29 66.65 67.63 64.46 65.14 11249398 755475712.00
2022/06/30 65.25 66.64 64.64 66.04 8883447 595828288.00
2022/07/01 65.55 66.41 63.88 63.95 7942222 526469344.00
2022/07/04 62.97 68.95 62.96 67.20 14878725 1015602368.00
2022/07/05 66.83 69.63 66.75 67.44 14369167 994995264.00
2022/07/06 67.44 69.05 66.56 67.39 9142782 632880192.00
2022/07/07 67.17 69.73 66.65 68.67 10942774 766391872.00
2022/07/08 68.75 70.67 67.99 68.31 14483558 1022028864.00
2022/07/11 69.45 69.45 65.80 66.80 9480750 650997824.00
2022/07/12 68.25 68.44 65.41 65.78 10071982 685908352.00
2022/07/13 65.78 66.96 63.45 65.95 10992697 735961280.00
2022/07/14 65.74 69.43 65.35 68.25 11207752 780270848.00
2022/07/15 68.38 69.64 66.55 66.92 7359342 511288608.00
2022/07/18 66.88 67.44 64.15 66.24 10283855 689953856.00
2022/07/19 67.45 67.45 65.19 65.45 7189265 485053152.00
2022/07/20 67.20 69.50 66.46 68.03 9262164 643477632.00
2022/07/21 68.04 68.85 66.07 66.31 7673357 529909568.00
2022/07/22 66.10 68.72 66.10 67.64 6806627 469123360.00
2022/07/25 67.59 67.74 66.12 67.12 7466902 511686880.00
2022/07/26 67.16 69.39 67.16 68.47 7231121 506745952.00
2022/07/27 68.83 73.45 67.70 73.10 15734657 1156675072.00
2022/07/28 73.10 73.10 70.93 71.41 10647316 781088704.00
2022/07/29 71.51 72.35 70.48 71.47 6817581 497794112.00
2022/08/01 70.57 70.75 67.83 70.00 8528068 606318592.00
2022/08/02 69.33 71.18 68.76 69.45 8931836 638752384.00
2022/08/03 70.25 71.43 68.51 69.57 9234398 660894912.00
2022/08/04 70.40 70.70 67.35 68.90 7699447 539388160.00
2022/08/05 69.03 70.39 67.96 70.14 6844105 486384864.00
2022/08/08 69.98 70.06 67.63 68.50 7815396 548413568.00
2022/08/09 68.45 71.73 67.85 70.39 9520938 680621056.00
2022/08/10 69.55 71.35 68.83 69.68 7847016 559889152.00
2022/08/11 69.95 70.35 66.00 68.45 12697733 881567104.00
2022/08/12 67.85 68.75 66.00 66.08 10019172 688065920.00
2022/08/15 68.83 74.72 68.45 74.17 28672822 2148755456.00
2022/08/16 73.37 74.91 71.35 74.65 20520540 1547008256.00
2022/08/17 74.77 76.95 73.89 74.55 13460736 1030410048.00
2022/08/18 74.55 83.35 74.29 82.46 27042899 2210971136.00
2022/08/19 83.37 84.36 80.11 80.51 16919706 1410678528.00
2022/08/22 79.48 81.27 78.03 80.14 13791980 1117488768.00
2022/08/23 79.25 83.04 79.25 81.56 15218636 1270402176.00
2022/08/24 81.60 83.12 78.63 78.95 12081030 987074368.00
2022/08/25 80.75 81.33 76.22 77.85 13534836 1077062272.00
2022/08/26 78.00 78.95 74.47 75.36 11002207 854467648.00
2022/08/29 73.45 79.82 73.45 78.61 14684885 1166957952.00
2022/08/30 78.59 82.45 77.59 78.85 13954067 1135564032.00
2022/08/31 78.11 78.85 73.32 74.45 18418524 1407195776.00
2022/09/01 73.89 74.87 72.25 72.92 9530633 713670784.00
2022/09/02 73.30 74.68 71.55 72.58 7862815 586864448.00
2022/09/05 72.96 75.45 71.61 72.65 12631679 942029952.00
2022/09/06 73.21 76.61 71.18 76.36 13848782 1056453696.00
2022/09/07 75.80 79.65 75.45 77.28 13405830 1069637888.00
2022/09/08 77.15 82.55 76.95 81.35 16911692 1387796992.00
2022/09/09 81.55 82.20 79.17 80.05 8727683 711652224.00
2022/09/13 80.45 80.89 77.83 79.04 8234164 663179776.00
2022/09/14 77.66 80.56 77.45 79.02 7454337 601572224.00
2022/09/15 80.05 80.26 70.40 71.45 21877631 1629929472.00
2022/09/16 71.42 74.45 70.95 72.20 10074290 750904448.00
2022/09/19 72.26 73.77 70.45 71.14 6645575 484891616.00
2022/09/20 71.96 73.75 71.05 72.23 6309659 467628512.00
2022/09/21 71.74 72.53 69.57 69.79 7983595 574931136.00
2022/09/22 69.33 71.25 68.16 70.26 6500387 467057856.00
2022/09/23 70.31 71.35 68.31 69.45 7095426 501997312.00
2022/09/26 69.45 71.95 68.53 70.33 8756961 633854208.00
2022/09/27 70.36 71.00 69.07 69.61 5951622 424350336.00
2022/09/28 70.15 70.60 67.16 67.35 9033711 632045504.00
2022/09/29 67.95 69.04 66.27 68.62 6220390 433014240.00
2022/09/30 68.62 68.62 65.95 66.07 7072579 484505120.00
2022/10/10 66.22 66.95 63.77 64.35 8152539 542086784.00
2022/10/11 65.20 65.20 63.14 63.51 6080986 398597216.00
2022/10/12 63.45 65.45 60.12 64.95 13820349 887512512.00
2022/10/13 64.54 68.62 64.00 65.55 9596356 653314880.00
2022/10/14 66.45 67.84 64.53 66.80 10967950 743339712.00
2022/10/17 66.33 69.85 66.06 68.97 11336630 786413056.00
2022/10/18 68.97 70.09 68.14 68.97 6821731 481469184.00
2022/10/19 68.90 70.65 68.05 68.41 5914853 417791936.00
2022/10/20 68.05 69.81 66.75 68.30 6718173 468521856.00
2022/10/21 67.76 68.98 67.65 68.26 3829383 267825456.00
2022/10/24 68.37 69.40 66.45 67.18 6022484 417240864.00
2022/10/25 66.98 69.10 65.51 68.63 7959594 553175808.00
2022/10/26 70.45 76.30 69.56 75.26 20620785 1555498752.00
2022/10/27 75.26 78.43 74.83 74.91 11057781 860777088.00
2022/10/28 75.03 75.77 72.24 72.75 10966152 824445568.00
2022/10/31 72.91 73.70 68.35 69.71 14318103 1030282368.00
2022/11/01 68.86 72.62 68.65 71.45 9906733 717715072.00
2022/11/02 71.10 75.05 70.73 73.45 9235559 686356736.00
2022/11/03 72.66 76.82 72.41 74.77 10818926 830818816.00
2022/11/04 74.85 76.56 74.50 76.15 8823591 681337664.00
2022/11/07 75.45 77.14 74.65 75.10 8715068 672107904.00
2022/11/08 75.10 75.53 73.27 73.93 4209346 317232160.00
2022/11/09 73.93 74.53 71.45 71.83 5257506 389208544.00
2022/11/10 71.94 72.96 69.70 70.55 7414364 538419712.00
2022/11/11 72.61 72.95 69.83 70.10 7610933 551736960.00
2022/11/14 69.50 71.80 67.96 68.58 11056164 783759744.00
2022/11/15 68.41 70.09 67.96 69.86 8263620 585117440.00
2022/11/16 70.19 71.75 69.35 70.83 8051720 581181312.00
2022/11/17 70.00 70.75 65.76 66.72 15002290 1026749824.00
2022/11/18 66.95 67.89 65.77 65.85 11368630 772564672.00
2022/11/21 65.24 67.84 65.24 66.81 6425164 439598944.00
2022/11/22 66.11 66.92 64.64 64.85 7322488 489130432.00
2022/11/23 64.84 68.03 64.55 67.47 9105733 621524032.00
2022/11/24 67.44 69.07 67.05 67.13 5137335 357934144.00
2022/11/25 66.60 67.63 64.83 65.20 5265057 354075776.00
2022/11/28 64.32 65.11 63.19 63.72 8456118 551781696.00
2022/11/29 63.73 64.33 62.36 63.10 8715696 563003200.00
2022/11/30 63.04 63.11 61.33 62.95 9942558 632067520.00
2022/12/01 63.95 63.95 62.51 63.20 7384488 477598784.00
2022/12/02 62.75 63.93 62.01 62.17 6841551 440543296.00
2022/12/05 62.20 63.98 61.95 63.84 12614021 818729984.00
2022/12/06 63.55 66.31 63.45 65.86 14890220 994461760.00
2022/12/07 64.92 69.25 64.92 68.45 14459451 1005521408.00
2022/12/08 68.75 69.15 67.12 69.11 9761892 682092608.00
2022/12/09 68.55 69.23 67.45 69.23 8831947 619698304.00
2022/12/12 68.79 69.34 68.24 68.94 6560765 460511072.00
2022/12/13 69.11 69.33 67.60 67.92 5933667 413497568.00
2022/12/14 69.09 69.25 67.13 67.71 5888794 407498080.00
2022/12/15 67.29 68.64 67.15 68.58 5771843 401688608.00
2022/12/16 68.25 69.55 67.07 67.95 6065049 421859872.00
2022/12/19 67.18 68.84 66.45 68.10 3948377 274895264.00
2022/12/20 67.82 68.42 66.48 66.65 3483831 238779072.00
2022/12/21 66.95 67.05 63.33 63.97 5999108 395552480.00
2022/12/22 64.65 64.74 58.56 59.05 18510891 1151793664.00
2022/12/23 59.26 60.41 57.84 58.60 9076274 545988928.00
2022/12/26 58.65 59.45 57.03 59.17 10595229 637174400.00
2022/12/27 59.50 61.31 59.25 60.48 9711715 604146176.00
2022/12/28 59.98 62.21 59.70 61.45 10205444 638526400.00
2022/12/29 60.87 63.44 60.67 62.75 7618549 488669504.00
2022/12/30 62.76 63.40 61.74 62.01 4650683 297062720.00
2023/01/03 62.07 63.06 60.76 62.44 8990393 572611840.00
2023/01/04 61.65 62.54 59.99 60.27 7874793 490175424.00
2023/01/05 60.45 61.05 59.46 60.53 7290080 450908704.00
2023/01/06 60.51 64.43 60.45 63.03 10305287 665002304.00
2023/01/09 63.06 63.83 61.66 62.50 7114350 457415392.00
2023/01/10 62.88 64.30 62.79 63.96 9440994 615788672.00
2023/01/11 63.54 64.64 63.12 63.75 5761116 377086944.00
2023/01/12 63.49 66.40 63.49 65.12 7373975 494624512.00
2023/01/13 65.12 65.43 64.25 64.65 4912598 324547488.00
2023/01/16 64.78 65.32 64.07 65.14 5667987 376232128.00
2023/01/17 64.68 65.83 64.49 65.45 5337015 356627264.00
2023/01/18 65.29 67.96 65.29 67.10 7331284 502512160.00
2023/01/19 66.96 67.03 64.98 65.06 8261835 553571776.00
2023/01/20 65.15 65.93 64.75 65.40 7185918 479660768.00
2023/01/30 66.45 68.63 66.32 66.95 10822870 745723072.00
2023/01/31 66.73 67.71 66.36 67.21 6208164 426398336.00
2023/02/01 67.65 67.93 65.39 67.12 7038449 480066208.00
2023/02/02 67.45 69.01 66.26 68.15 7683660 535639680.00
2023/02/03 68.15 68.67 66.70 67.85 4958731 342460896.00
2023/02/06 68.45 69.01 66.45 67.79 4624543 319628544.00
2023/02/07 67.76 68.35 66.87 66.97 5628360 387563712.00
2023/02/08 66.85 68.05 66.65 66.86 3770031 259491504.00
2023/02/09 66.85 67.83 66.00 67.70 6787847 467623712.00
2023/02/10 67.70 68.23 66.57 67.05 4061045 279485248.00
2023/02/13 67.15 67.42 65.95 66.55 5196835 353829152.00
2023/02/14 66.50 67.62 65.67 66.00 4567185 310279232.00
2023/02/15 66.10 66.65 65.20 65.56 5783112 387796800.00
2023/02/16 65.26 67.83 64.96 65.85 7713751 524380384.00
2023/02/17 66.35 66.45 65.05 65.11 5179370 348178976.00
2023/02/20 64.95 67.15 64.45 66.80 5302539 356559008.00
2023/02/21 66.83 67.09 63.53 65.29 9745679 648542784.00
2023/02/22 64.95 66.57 64.95 64.95 4929615 330379872.00
2023/02/23 65.25 68.15 65.13 67.27 9604122 659098176.00
2023/02/24 67.45 67.81 66.02 66.16 3900714 265871760.00
2023/02/27 65.78 68.29 65.75 66.46 5479924 374972576.00
2023/02/28 66.45 67.15 65.32 67.05 5061526 344803552.00
2023/03/01 67.13 67.23 65.51 66.07 5192080 350781312.00
2023/03/02 65.75 66.05 61.65 62.55 14219422 916410816.00
2023/03/03 63.03 64.24 62.66 62.97 6271249 407068768.00
2023/03/06 63.44 66.55 63.25 66.27 8687857 580484416.00
2023/03/07 66.15 67.13 65.63 65.84 5838945 394714624.00
2023/03/08 65.80 66.95 64.98 65.31 4071480 274183296.00
2023/03/09 65.35 68.17 65.30 67.03 7560259 518899552.00
2023/03/10 66.92 68.48 66.30 67.60 5652142 390309792.00
2023/03/13 67.26 68.68 66.41 66.90 4196087 288138560.00
2023/03/14 66.50 67.03 65.43 65.64 6105997 411780896.00
2023/03/15 66.05 67.21 64.47 64.66 5531900 370772128.00
2023/03/16 64.28 65.36 62.01 62.23 7186260 464764032.00
2023/03/17 62.23 63.25 62.23 62.32 5268321 338005152.00
2023/03/20 62.02 63.35 60.85 61.69 7449708 473049088.00
2023/03/21 61.46 62.18 59.93 60.96 6462825 401920832.00
2023/03/22 61.29 61.74 60.47 60.68 3982504 249095072.00
2023/03/23 60.34 61.42 60.10 60.80 6658610 415408160.00
2023/03/24 60.65 61.20 59.95 60.64 5361604 333098176.00
2023/03/27 60.71 62.03 60.24 61.55 6584959 414003456.00
2023/03/28 61.43 61.90 60.03 60.50 4594564 286022144.00
2023/03/29 60.75 62.60 60.73 62.30 6569721 417111104.00
2023/03/30 62.05 63.26 61.35 63.00 5807919 372295264.00
2023/03/31 63.00 64.47 62.57 63.74 5723766 373629152.00
2023/04/03 65.57 66.94 64.96 66.70 12343344 831432384.00
2023/04/04 66.70 68.63 65.95 66.82 11891532 818331712.00
2023/04/06 67.45 68.95 65.96 67.75 7670197 529281312.00
2023/04/07 67.99 69.17 66.97 67.89 5568644 389629120.00
2023/04/10 68.38 70.65 67.67 69.45 7715192 549775808.00
2023/04/11 69.22 69.95 68.47 69.50 8379218 594476928.00
2023/04/12 69.43 70.25 67.16 69.32 7921795 556070592.00
2023/04/13 69.14 69.44 67.65 68.20 5892202 410924256.00
2023/04/14 68.25 71.23 67.95 70.26 10354745 740124736.00
2023/04/17 73.43 73.45 67.92 68.20 13544331 964606784.00
2023/04/18 68.29 69.56 67.78 69.47 8989991 630417600.00
2023/04/19 69.46 69.66 67.26 67.55 7687335 536921280.00
2023/04/20 68.05 68.05 66.25 66.85 8247803 563624768.00
2023/04/21 67.38 67.82 65.91 65.93 7713884 527757568.00
2023/04/24 66.42 67.00 63.83 64.22 6934326 460356960.00
2023/04/25 64.65 65.09 62.00 63.09 8548479 550653568.00
2023/04/26 62.89 65.84 62.44 65.41 8681841 574753344.00
2023/04/27 65.17 66.23 64.55 65.45 7095231 474782336.00
2023/04/28 65.95 68.51 65.60 66.87 9793073 672495616.00
2023/05/04 66.66 67.64 65.52 65.86 5716482 387415776.00
2023/05/05 65.58 65.86 64.07 65.47 5250879 349084384.00
2023/05/08 65.53 67.04 64.56 66.31 5047993 340925664.00
2023/05/09 66.75 67.11 65.86 66.45 4391304 298675680.00
2023/05/10 66.09 66.44 64.85 66.18 5496306 370297088.00
2023/05/11 66.18 68.25 65.94 67.00 5346376 368542016.00
2023/05/12 67.54 68.29 66.82 67.34 5855500 404574560.00
2023/05/15 67.36 69.44 67.24 69.35 6966051 488910816.00
2023/05/16 69.20 70.58 68.90 69.77 6539824 464074944.00
2023/05/17 69.41 70.50 68.26 70.26 7761390 546786944.00
2023/05/18 70.25 72.15 69.95 71.03 7770062 560610880.00
2023/05/19 70.70 71.90 70.28 71.40 5196702 376833600.00
2023/05/22 72.48 73.58 70.39 70.88 7395184 535466240.00
2023/05/23 72.10 72.33 69.40 69.78 6836222 487929152.00
2023/05/24 70.14 73.11 69.52 71.99 7771020 564430400.00
2023/05/25 71.91 73.08 71.20 71.90 7411259 543304832.00
2023/05/26 71.88 72.27 70.31 70.90 5702818 410792608.00
2023/05/29 70.99 71.28 69.28 69.53 5873462 416267584.00
2023/05/30 69.69 69.87 67.46 68.55 5401513 375452640.00
2023/05/31 69.25 69.33 67.28 67.85 5892543 406602976.00
2023/06/01 67.85 68.78 66.50 66.75 6680419 456286560.00
2023/06/02 66.77 67.29 66.41 66.77 5887175 400680928.00
2023/06/05 66.86 66.98 65.40 65.47 5988176 402216864.00
2023/06/06 65.47 65.86 64.11 64.61 7174701 472417728.00
2023/06/07 64.70 64.90 63.71 63.90 5017062 326966944.00
2023/06/08 63.89 65.13 63.76 63.90 4980123 325301056.00
2023/06/09 64.40 64.73 62.50 63.68 8018698 516008352.00
2023/06/12 63.58 64.69 62.26 64.29 7957765 515064032.00
2023/06/13 64.10 64.50 63.44 63.87 5051605 328481568.00
2023/06/14 64.18 65.01 63.45 63.58 5982425 389905536.00
2023/06/15 63.89 66.89 63.58 66.75 8948270 597261504.00
2023/06/16 66.78 67.50 66.11 67.37 6183285 420554176.00
2023/06/19 66.90 67.06 65.15 65.72 6503332 435356000.00
2023/06/20 65.88 66.46 65.15 65.70 4809012 321292576.00
2023/06/21 65.55 66.66 65.23 65.32 4060025 271898560.00
2023/06/26 65.19 67.05 64.01 65.98 6187971 412940992.00
2023/06/27 65.97 68.99 65.78 66.55 6111698 416661440.00
2023/06/28 67.20 68.55 66.85 68.20 7150139 492826528.00
2023/06/29 68.34 69.69 67.80 69.02 6157795 432201408.00
2023/06/30 68.65 70.07 68.25 69.80 5521098 389664704.00
2023/07/03 69.41 70.20 69.30 69.61 4787893 338848896.00
2023/07/04 69.41 70.10 68.45 68.55 4410226 308885984.00
2023/07/05 68.59 68.75 67.58 67.70 3604467 248703632.00
2023/07/06 67.43 68.50 67.32 67.71 3668652 252852672.00
2023/07/07 67.08 67.50 66.00 66.00 3635294 245952928.00
2023/07/10 66.00 68.39 65.78 67.21 3818746 261438880.00
2023/07/11 67.00 67.21 66.00 66.70 2991394 202179344.00
2023/07/12 66.77 67.30 65.56 66.59 3053832 206653104.00
2023/07/13 68.08 69.02 67.50 67.83 5101874 353118176.00
2023/07/14 67.78 67.86 66.49 66.61 3516732 239400208.00
2023/07/17 66.54 66.70 64.88 65.31 4252493 283052608.00
2023/07/18 65.83 65.83 63.91 64.20 5186846 339101216.00
2023/07/19 64.28 64.38 62.77 63.01 6069832 390233920.00
2023/07/20 63.35 63.72 62.53 62.59 5337100 342403072.00
2023/07/21 62.50 62.80 61.89 62.40 3552865 225080240.00
2023/07/24 62.03 62.38 61.13 61.22 5747531 360277024.00
2023/07/25 61.64 62.05 60.91 61.70 7212660 451274240.00
2023/07/26 61.62 62.28 61.20 61.90 5638847 354451840.00
2023/07/27 62.17 62.26 59.78 59.98 8759481 539796480.00
2023/07/28 59.86 60.98 59.42 60.59 5667623 348387936.00
2023/07/31 60.90 61.75 60.40 60.68 5103831 316853440.00
2023/08/01 60.68 61.10 59.70 60.30 6030362 370249344.00
2023/08/02 60.80 60.88 59.95 60.10 3542377 217522320.00
2023/08/03 60.01 60.85 59.92 60.39 3808938 234023648.00
2023/08/04 60.31 60.89 60.25 60.51 3906879 240564960.00
2023/08/07 60.70 60.74 59.97 60.02 3538619 216961296.00
2023/08/08 60.03 60.45 59.36 59.43 4302456 261278144.00
2023/08/09 59.24 59.64 58.91 59.21 2759406 166450208.00
2023/08/10 59.21 59.84 59.10 59.25 3198156 193468112.00
2023/08/11 59.26 59.59 58.65 58.65 3466194 208457312.00
2023/08/14 58.58 58.78 57.80 58.50 3341785 198286480.00
2023/08/15 58.31 58.78 56.35 56.50 9916845 577382912.00
2023/08/16 56.38 57.03 54.96 55.48 5764089 329278752.00
2023/08/17 55.48 55.65 54.70 55.29 4327369 243462144.00
2023/08/18 55.59 56.68 54.78 54.87 4765538 270205216.00
2023/08/21 54.66 55.33 54.25 54.25 3800283 212245152.00
2023/08/22 54.88 54.99 52.53 53.90 8499625 464399264.00
2023/08/23 54.10 54.81 53.43 53.45 5731424 316709632.00
2023/08/24 53.75 55.10 53.44 54.57 5574406 310107936.00
2023/08/25 54.37 55.55 54.25 54.65 5615347 313847136.00
2023/08/28 57.69 58.06 52.90 53.31 10958149 613386112.00
2023/08/29 52.91 55.03 52.90 54.90 7499057 416591808.00
2023/08/30 55.14 57.13 54.90 56.15 7929649 454713984.00
2023/08/31 56.08 56.09 55.00 55.23 4935530 278592864.00
2023/09/01 55.38 55.87 54.28 54.70 5439398 304125216.00
2023/09/04 54.86 54.90 53.66 54.15 6922590 381640256.00
2023/09/05 54.37 55.23 54.15 54.55 5314251 296433536.00
2023/09/06 54.21 54.49 53.62 53.91 4363702 240099248.00
2023/09/07 53.90 53.90 52.35 52.39 4470440 241566320.00
2023/09/08 52.11 52.65 51.27 51.52 5463281 287998944.00
2023/09/11 51.62 52.65 51.25 52.01 7490811 397339744.00
2023/09/12 52.12 52.37 51.50 51.98 3498447 185622704.00
2023/09/13 51.76 52.10 50.90 51.20 5874951 308103680.00
2023/09/14 51.08 51.29 50.13 50.42 6682111 345165152.00
2023/09/15 50.65 50.77 49.60 49.90 6527305 333711008.00
2023/09/18 49.90 50.45 49.38 50.22 4457461 228016976.00
2023/09/19 50.02 50.26 49.26 49.46 5141660 260467376.00
2023/09/20 49.63 49.63 48.70 48.70 5077329 254178528.00
2023/09/21 48.78 48.80 47.51 47.61 7369646 362102592.00
2023/09/22 47.40 47.88 46.82 47.79 7394287 359115168.00
2023/09/25 47.90 47.90 46.82 47.40 6214079 300310784.00
2023/09/26 47.40 47.65 46.58 46.64 5181484 248701616.00
2023/09/27 46.63 48.40 46.43 47.55 8362833 406244640.00
2023/09/28 47.55 47.82 46.56 46.61 7396681 354858208.00
2023/10/09 46.60 47.44 46.03 47.11 6079633 291059296.00
2023/10/10 47.27 47.54 46.35 46.35 4942018 236610016.00
2023/10/11 46.77 47.07 45.91 46.06 5957635 282328256.00
2023/10/12 46.10 46.70 45.62 46.49 6018642 284824736.00
2023/10/13 46.12 46.21 45.10 45.32 5367135 249488336.00
2023/10/16 45.12 45.28 44.05 44.29 6458821 293947072.00
2023/10/17 44.46 44.52 43.78 44.13 4483672 202703888.00
2023/10/18 43.92 44.16 43.25 43.32 4653464 207834192.00
2023/10/19 43.33 43.50 42.80 42.88 6058612 267986480.00
2023/10/20 42.56 43.51 42.40 42.62 6455532 283856032.00
2023/10/23 42.62 42.62 41.14 41.30 6790283 290702304.00
2023/10/24 41.30 42.00 41.01 41.71 6718312 286663616.00
2023/10/25 41.72 42.18 40.87 40.96 8142632 345670976.00
2023/10/26 40.93 41.17 39.63 40.35 11214255 462251264.00
2023/10/27 40.40 43.22 40.35 42.16 19206566 825674880.00
2023/10/30 42.16 43.21 41.56 42.84 14251223 618405120.00
2023/10/31 42.70 43.05 41.97 42.39 6755303 293936448.00
2023/11/01 42.41 42.45 41.56 41.65 5677143 244161824.00
2023/11/02 41.78 41.88 40.36 40.43 7897426 331572800.00
2023/11/03 40.48 41.98 40.44 41.75 10761248 459312448.00
2023/11/06 42.30 45.10 41.99 44.35 18473044 834998144.00
2023/11/07 44.31 46.28 43.91 45.72 20079727 935130176.00
2023/11/08 45.41 46.35 45.30 45.64 13155592 615253312.00
2023/11/09 45.70 46.61 45.33 45.85 10759918 507269312.00
2023/11/10 45.50 46.30 45.16 45.29 8159035 379225312.00
2023/11/13 45.47 45.85 44.79 45.21 8511291 393069856.00
2023/11/14 45.33 45.78 44.67 44.81 8472788 390331040.00
2023/11/15 45.50 45.87 45.09 45.24 9424805 437937504.00
2023/11/16 45.11 45.19 44.05 44.10 6499710 296268992.00
2023/11/17 43.90 44.27 43.61 43.89 5021928 225926752.00
2023/11/20 43.89 44.22 43.04 43.88 6759707 302529760.00
2023/11/21 44.19 44.58 42.85 43.03 9207107 411128096.00
2023/11/22 42.69 43.06 41.80 41.80 8976407 388818624.00
2023/11/23 41.90 42.69 41.59 42.10 6102023 263330064.00
2023/11/24 41.94 42.07 41.31 41.50 5938696 253834080.00
2023/11/27 41.18 41.40 40.30 40.57 9175670 383706560.00
2023/11/28 40.57 41.05 40.18 40.56 6246684 260393888.00
2023/11/29 40.33 43.05 39.90 42.33 19567062 843577472.00
2023/11/30 41.88 42.58 41.22 42.07 11120888 478285376.00
2023/12/01 42.10 43.10 41.22 41.66 11122382 478499904.00
2023/12/04 41.46 41.65 40.66 40.73 8338573 350524160.00
2023/12/05 40.76 41.27 39.80 39.80 7788833 323497280.00
2023/12/06 39.69 40.68 39.60 39.88 8404692 346478688.00
2023/12/07 39.64 39.86 38.50 38.55 14060494 562959424.00
2023/12/08 38.89 39.22 38.11 39.16 22713487 906222784.00
2023/12/11 38.89 40.98 37.81 40.91 16638183 671491072.00
2023/12/12 40.67 41.05 39.73 40.06 9747464 403063360.00
2023/12/13 40.05 40.28 39.17 39.24 6490004 264403936.00
2023/12/14 39.50 40.10 39.05 39.10 5197817 211002128.00
2023/12/15 39.49 40.91 39.32 40.05 11747974 486755168.00
2023/12/18 39.69 40.18 39.19 39.34 7311706 297403680.00
2023/12/19 39.42 40.55 39.31 39.61 8729832 357527776.00
2023/12/20 39.60 39.72 38.70 38.82 7063434 283441504.00
2023/12/21 38.74 40.86 38.41 40.25 12651227 518765888.00
2023/12/22 40.28 41.35 39.65 40.64 12460390 519210432.00
2023/12/25 40.50 40.79 39.80 40.53 9056330 374125824.00
2023/12/26 40.47 40.49 39.02 39.33 8721012 354336992.00
2023/12/27 39.51 39.80 38.90 39.36 7029338 284373792.00
2023/12/28 39.24 43.87 39.21 43.55 24220006 1048791488.00
2023/12/29 43.55 43.55 42.65 42.99 12699377 560737088.00
2024/01/02 42.90 43.02 41.59 41.61 10035888 432553056.00
2024/01/03 41.48 42.10 41.26 41.57 8522947 364000576.00
2024/01/04 41.52 41.53 39.82 39.96 10022423 415819168.00
2024/01/05 39.77 40.56 38.48 38.51 11354229 459345888.00
2024/01/08 38.40 38.99 37.44 37.55 10509978 412703200.00
2024/01/09 37.28 39.58 36.31 37.95 15276159 596053440.00
2024/01/10 37.78 39.80 37.40 38.74 12862428 514321888.00
2024/01/11 38.61 39.54 38.31 38.68 12625475 504588832.00
2024/01/12 38.58 39.68 37.65 38.61 13588062 541216192.00
2024/01/15 38.16 38.50 37.27 38.05 8363664 326508064.00
2024/01/16 38.00 39.40 37.52 38.70 9984924 396508672.00
2024/01/17 38.60 38.60 37.23 37.23 8569825 333264160.00
2024/01/18 36.98 38.60 36.81 38.53 15473812 599121792.00
2024/01/19 39.22 39.95 38.10 38.24 14424760 576906176.00
2024/01/22 38.14 38.59 36.86 37.13 13712121 531369664.00
2024/01/23 37.00 38.52 36.51 37.78 12976672 503134080.00
2024/01/24 37.65 37.87 35.18 36.28 22883359 851599744.00
2024/01/25 35.91 37.37 35.25 37.28 15208252 572465152.00
2024/01/26 37.07 37.35 35.73 35.88 12912422 483628192.00
2024/01/29 35.70 35.70 34.00 34.01 13660579 488025120.00
2024/01/30 33.88 34.18 32.54 32.54 12699173 436317184.00
2024/01/31 32.43 32.85 31.62 31.64 14305207 474548608.00
2024/02/01 31.27 33.17 31.27 32.42 12663231 424436416.00
2024/02/02 32.29 32.67 29.76 30.65 18236582 585632128.00
2024/02/05 30.31 31.12 28.40 30.05 17305426 535699648.00
2024/02/06 29.87 32.26 29.71 32.14 17071137 553976640.00
2024/02/07 32.14 32.95 31.60 32.26 19439828 649323840.00
2024/02/08 32.33 33.33 31.55 33.19 22937677 774894656.00
2024/02/19 33.68 33.68 32.53 32.98 14833396 505506400.00
2024/02/20 32.71 33.20 32.39 33.02 10264376 347720736.00
2024/02/21 32.89 34.26 32.45 33.49 14731253 509918688.00
2024/02/22 33.44 34.17 33.30 33.61 12117449 420619328.00
2024/02/23 33.69 34.18 33.35 34.12 12335397 431024512.00
2024/02/26 34.35 35.08 33.60 34.25 16501359 583030016.00
2024/02/27 34.00 35.40 33.80 35.40 14171269 506429120.00
2024/02/28 35.28 37.27 34.60 34.60 23943921 888356224.00
2024/02/29 34.30 35.95 34.02 35.90 16166539 590360512.00
2024/03/01 35.90 36.46 35.57 35.82 14019990 518847488.00
2024/03/04 35.80 36.77 35.61 35.93 14444503 536708096.00
2024/03/05 35.66 35.68 34.92 35.26 11822098 429928224.00
2024/03/06 35.04 36.88 35.00 36.03 15779174 584783744.00
2024/03/07 36.55 36.55 34.90 34.91 12084936 442908480.00
2024/03/08 34.86 36.12 34.85 35.72 12811808 469493120.00
2024/03/11 36.52 38.01 36.12 37.95 27471305 1047610944.00
2024/03/12 38.08 39.11 37.70 37.90 21941939 864559104.00
2024/03/13 37.70 38.10 37.32 37.58 12028049 466033792.00
2024/03/14 37.42 38.17 36.75 37.21 12753683 491556736.00
2024/03/15 36.93 37.39 35.88 36.65 14538362 545729088.00
2024/03/18 36.58 37.82 36.36 37.60 16351087 624519488.00
2024/03/19 37.45 38.02 36.80 36.81 11787169 451468672.00
2024/03/20 36.59 37.38 36.42 36.62 9951945 376585024.00
2024/03/21 36.88 37.35 35.75 35.98 14301728 535292768.00
2024/03/22 35.72 35.94 34.50 34.50 15140100 546353728.00
2024/03/25 34.40 34.83 33.70 33.72 11462468 403911424.00
2024/03/26 33.67 34.69 33.63 34.33 10131175 356364512.00
2024/03/27 34.26 34.66 33.18 33.18 8184969 286511872.00
2024/03/28 33.11 34.05 33.11 33.42 8265066 286178080.00
2024/03/29 33.30 33.64 32.70 33.17 9605838 327964480.00
2024/04/01 33.31 34.30 33.23 34.06 11244402 393201888.00
2024/04/02 34.11 34.14 33.43 33.85 9404110 327694592.00
2024/04/03 33.84 33.92 33.38 33.40 7045009 244218144.00
2024/04/08 33.28 33.28 31.62 31.73 15093795 502746240.00
2024/04/09 31.72 32.63 31.61 32.42 7705263 256272384.00
2024/04/10 32.68 32.68 31.41 31.66 7548375 248533680.00
2024/04/11 31.45 31.92 31.14 31.35 7973981 259460624.00
2024/04/12 31.35 31.52 30.45 30.48 11141254 355923296.00
2024/04/15 30.60 31.79 30.56 31.22 14391661 465770592.00
2024/04/16 31.30 32.06 30.72 30.84 16792303 546121344.00
2024/04/17 30.92 31.60 30.90 31.57 14281065 463324704.00
2024/04/18 31.35 31.43 30.44 30.91 13622893 437641984.00
2024/04/19 30.64 30.70 29.88 29.99 13231785 413928288.00
2024/04/22 29.85 30.67 29.62 29.88 9521119 296880640.00
2024/04/23 29.85 30.27 28.96 29.26 11521097 350813600.00
2024/04/24 29.35 29.38 28.66 28.87 9950459 298464096.00
2024/04/25 28.89 29.33 28.35 28.85 10804900 324040640.00
2024/04/26 29.70 33.63 29.70 32.60 41414915 1368597248.00
2024/04/29 32.89 34.38 32.53 33.87 32847694 1137632000.00
2024/04/30 33.41 33.80 32.77 32.82 19016159 649544448.00
2024/05/06 33.49 33.60 32.86 33.10 20644520 706366080.00
2024/05/07 33.11 33.41 32.73 32.80 14421444 490863360.00
2024/05/08 32.68 32.70 31.69 31.94 14932841 495519936.00
2024/05/09 31.94 33.36 31.94 32.75 22334763 757799104.00
2024/05/10 32.70 32.70 31.51 31.69 18247904 600778368.00
2024/05/13 31.38 31.77 30.69 31.41 14931688 483872928.00
2024/05/14 31.55 31.68 30.95 31.25 11968576 387337472.00
2024/05/15 31.25 32.18 31.25 31.41 17779029 584597760.00
2024/05/16 31.66 33.44 31.32 32.53 30005740 1010380544.00
2024/05/17 32.16 32.30 31.31 32.05 19638912 645512768.00
2024/05/20 32.10 32.41 31.78 32.13 14640759 484985760.00
2024/05/21 31.92 31.97 31.54 31.73 10703915 350986240.00
2024/05/22 31.92 34.80 31.92 34.00 42898346 1443110912.00
2024/05/23 33.61 34.30 32.68 32.91 27211341 915961472.00
2024/05/24 33.01 34.80 33.00 33.13 31287533 1069570688.00
2024/05/27 33.39 33.50 31.26 32.00 26855823 868330752.00
2024/05/28 31.80 32.59 31.47 31.49 16565641 535917408.00
2024/05/29 31.48 33.79 31.48 32.39 31632162 1055476288.00
2024/05/30 32.85 32.95 31.72 31.98 19175692 622219200.00
2024/05/31 32.11 32.16 31.60 31.69 15133436 486604480.00
2024/06/03 31.60 31.61 30.90 31.45 13250078 418978720.00
2024/06/04 31.38 31.95 31.09 31.95 14072776 450933728.00
2024/06/05 31.79 32.05 31.08 31.18 13996808 446926368.00
2024/06/06 31.25 31.73 30.57 30.75 16786372 529217632.00
2024/06/07 30.84 30.95 30.32 30.82 12542859 389377568.00
2024/06/11 30.58 31.08 30.11 31.02 10550103 327685120.00
2024/06/12 31.00 31.98 30.82 31.73 16367630 524525024.00
2024/06/13 31.73 33.77 31.48 33.25 38942160 1296493952.00
2024/06/14 32.95 33.30 32.38 33.23 20267392 673244800.00
2024/06/17 32.96 33.71 32.75 33.27 16979576 572637760.00
2024/06/18 33.19 33.51 33.02 33.42 20806682 700755520.00
2024/06/19 33.39 33.40 32.26 32.34 15924599 525939072.00
2024/06/20 32.11 32.47 30.68 30.69 20742072 656050048.00
2024/06/21 31.00 31.15 30.26 30.50 12845447 398135552.00
2024/06/24 30.20 30.49 29.52 29.55 12615455 383112992.00
2024/06/25 29.66 29.72 28.36 28.80 16083089 471649984.00
2024/06/26 28.80 29.45 28.23 29.38 11924728 349360896.00
2024/06/27 29.10 29.21 28.24 28.33 12236475 355048128.00
2024/06/28 28.43 28.81 28.29 28.33 9351834 270696896.00
2024/07/01 28.08 28.33 27.01 28.16 15828601 442285600.00
2024/07/02 27.92 27.92 27.13 27.13 11996671 334226912.00
2024/07/03 27.23 27.85 27.01 27.53 9705352 269931200.00
2024/07/04 27.35 27.73 27.23 27.60 11563678 322987104.00
2024/07/05 27.49 29.89 27.42 29.23 24113616 703447872.00
2024/07/08 29.00 29.17 28.07 28.22 11954812 346281888.00
2024/07/09 28.34 29.09 27.80 28.65 17724204 510014176.00
2024/07/10 28.30 28.82 27.38 28.27 12928524 371744384.00
2024/07/11 28.85 29.67 28.65 29.03 14935982 440043360.00
2024/07/12 28.90 29.50 28.73 29.07 13152622 387797504.00
2024/07/15 28.92 28.92 28.24 28.63 8882125 257297584.00
2024/07/16 28.51 29.05 28.43 28.94 9579317 279846304.00
2024/07/17 29.49 30.03 29.12 29.15 14684233 439836448.00
2024/07/18 28.91 29.77 28.45 29.73 14480905 430160992.00
2024/07/19 29.45 30.18 29.45 30.07 12453300 378069792.00
2024/07/22 29.97 30.30 29.47 29.68 10427200 315238592.00
2024/07/23 29.69 29.74 28.52 28.52 10036520 295531552.00
2024/07/24 28.42 28.85 28.04 28.18 7146878 205296912.00
2024/07/25 28.00 29.26 27.98 28.80 11176668 326970528.00
2024/07/26 28.70 29.08 28.62 29.00 8222625 240637712.00
2024/07/29 28.93 29.00 27.87 27.93 10395136 296670304.00
2024/07/30 27.99 28.33 27.68 27.85 6549525 185393456.00
2024/07/31 27.84 29.52 27.61 29.48 14547762 424965664.00
2024/08/01 29.32 29.75 29.06 29.10 8412031 250638608.00
2024/08/02 29.05 29.29 28.30 28.43 9068736 264747952.00
2024/08/05 28.29 28.94 27.31 27.31 12991604 369407776.00
2024/08/06 27.65 28.66 27.65 28.29 11005569 314994048.00
2024/08/07 28.23 28.65 28.07 28.32 6621654 190140208.00
2024/08/08 28.30 28.56 27.78 28.03 6153522 175040896.00
2024/08/09 28.29 28.43 27.42 27.43 9688415 272828512.00
2024/08/12 27.84 28.19 27.16 27.37 7644470 212749024.00
2024/08/13 27.20 27.33 26.38 26.80 11786691 320155360.00
2024/08/14 26.75 27.03 26.39 26.39 7334384 197662816.00
2024/08/15 26.39 26.85 26.02 26.44 8658529 232457216.00
2024/08/16 26.53 26.67 26.32 26.46 5093729 136890320.00
2024/08/19 26.30 26.46 25.75 25.79 8655012 228293696.00
2024/08/20 25.85 25.91 25.16 25.31 7715223 199643248.00
2024/08/21 24.97 24.97 23.88 23.93 18715464 463163520.00
2024/08/22 23.92 24.28 22.92 22.97 16570595 392703232.00
2024/08/23 22.89 23.10 22.60 22.75 11225509 260521824.00
2024/08/26 22.75 23.37 22.71 22.87 10286487 240286208.00
2024/08/27 22.90 23.05 22.45 22.48 11167529 257444288.00
2024/08/28 22.48 22.59 22.20 22.27 9191090 209213040.00
2024/08/29 22.14 23.35 21.97 22.96 16724247 388201728.00
2024/08/30 22.86 23.76 22.58 23.28 20546120 486606016.00
2024/09/02 23.17 23.50 22.10 22.11 16195119 372429440.00
2024/09/03 22.05 22.64 21.91 22.40 12332281 280133376.00
2024/09/04 22.16 22.99 22.11 22.60 11924338 273870336.00
2024/09/05 22.54 23.15 22.48 22.86 9349000 217551648.00
2024/09/06 22.79 22.83 22.21 22.27 7839400 178840400.00
2024/09/09 22.16 22.42 21.92 22.07 7124550 160316368.00
2024/09/10 22.06 22.20 21.67 22.07 8256940 184353184.00
2024/09/11 21.96 22.51 21.84 22.32 8497200 192743712.00
2024/09/12 22.37 23.06 22.12 22.13 11711775 268693120.00
2024/09/13 22.18 22.24 21.57 21.57 8897335 198057328.00
2024/09/18 21.48 21.69 21.26 21.52 6381490 139302320.00
2024/09/19 21.80 22.24 21.42 21.75 9616990 214167168.00
2024/09/20 21.80 21.82 21.06 21.24 10454862 226569824.00
2024/09/23 21.24 21.48 20.99 21.00 7877800 170216624.00
2024/09/24 21.20 22.55 21.05 22.54 21953788 489051296.00
2024/09/25 22.79 23.50 22.79 22.88 21492828 505820768.00
2024/09/26 22.88 24.09 22.68 24.09 21706632 518087200.00
2024/09/27 24.48 27.08 24.47 26.59 42476952 1107422976.00
2024/09/30 28.43 31.99 27.48 31.99 63189136 1912495360.00
2024/10/08 38.47 38.47 35.86 38.47 78702680 3034708224.00
2024/10/09 37.60 42.40 36.32 38.40 95836584 3768364544.00
2024/10/10 38.76 39.15 35.09 36.37 52159268 1925774592.00
2024/10/11 35.59 36.27 32.07 32.60 48674508 1656338816.00
2024/10/14 32.70 33.71 31.55 33.53 36053812 1195278336.00
2024/10/15 33.10 34.30 32.72 32.98 30475994 1036928320.00
2024/10/16 32.11 33.40 32.08 32.35 19613988 647241536.00
2024/10/17 32.78 32.88 31.50 31.51 20692576 674011136.00
2024/10/18 31.48 35.86 31.20 34.31 47195056 1591419136.00
2024/10/21 34.66 37.95 34.66 36.28 55430552 2050284928.00
2024/10/22 36.11 37.06 35.31 36.68 35243608 1293898368.00
2024/10/23 36.69 38.40 35.79 37.39 48549408 1822665088.00
2024/10/24 36.60 36.78 35.28 35.30 32122188 1162452352.00
2024/10/25 34.60 37.80 34.60 36.75 50380268 1869605504.00
2024/10/28 36.50 36.50 35.35 36.01 29347728 1062818112.00
2024/10/29 36.24 37.18 34.62 34.63 32344160 1161460864.00
2024/10/30 34.40 35.25 34.12 34.51 20056764 702900416.00
2024/10/31 34.95 36.12 34.57 35.60 33504520 1199373056.00
2024/11/01 35.20 35.31 33.51 33.58 30287666 1046710976.00
2024/11/04 33.70 34.20 33.45 33.90 15365383 525619264.00
2024/11/05 34.17 35.52 33.66 35.18 28878924 1018013952.00
2024/11/06 35.20 36.70 34.90 35.25 33672912 1219782656.00
2024/11/07 34.10 35.74 33.85 35.60 27726960 975109888.00
2024/11/08 36.06 36.89 35.68 36.10 38991144 1429487616.00
2024/11/11 36.60 39.59 36.48 39.59 60399608 2346852352.00
2024/11/12 40.18 40.18 37.40 37.90 45440228 1768751360.00
2024/11/13 37.60 41.35 37.50 40.23 57103640 2287894016.00
2024/11/14 40.07 40.85 38.60 38.79 34529520 1375692032.00
2024/11/15 39.20 39.50 36.38 36.48 32158864 1223330560.00
2024/11/18 36.20 36.48 34.16 34.51 26959088 961877056.00
2024/11/19 34.63 35.73 34.16 35.71 20046724 709667136.00
2024/11/20 35.48 35.83 34.88 35.48 17981304 642765120.00
2024/11/21 35.90 36.55 35.13 35.48 19272658 699550912.00
2024/11/22 35.10 35.41 33.63 33.70 21744454 757582336.00
2024/11/25 33.60 33.92 32.88 33.53 13968710 472262048.00
2024/11/26 33.56 34.23 33.12 33.21 9848631 335227744.00
2024/11/27 33.15 34.48 32.82 34.40 13488035 459379328.00
2024/11/28 34.39 34.65 33.64 33.68 11430568 394892672.00
2024/11/29 33.60 34.96 33.40 34.43 15942164 552981632.00
2024/12/02 34.10 34.93 33.22 34.64 17297860 599612672.00
2024/12/03 34.68 35.16 34.39 35.01 15043939 529287040.00
2024/12/04 35.45 35.78 34.30 34.40 16281744 576972032.00
2024/12/05 33.91 34.55 33.91 34.30 9979457 345645792.00
2024/12/06 34.30 34.82 33.77 34.37 13648650 474353280.00
2024/12/09 34.30 34.45 33.61 33.78 11123114 382627744.00
2024/12/10 35.08 35.28 33.92 33.96 17348102 608357632.00
2024/12/11 33.77 34.04 33.26 33.39 14873882 505991328.00
2024/12/12 33.50 33.74 32.93 33.69 14885870 502205312.00
2024/12/13 33.38 33.40 32.35 32.40 18551096 617630400.00
2024/12/16 32.38 32.59 31.73 31.98 10542686 342529088.00
2024/12/17 31.90 32.36 31.78 31.78 8830524 286641600.00
2024/12/18 31.97 32.11 31.76 31.83 7682872 248065680.00
2024/12/19 31.47 32.03 31.33 32.03 9914669 317388800.00
2024/12/20 31.90 32.65 31.70 32.17 11064622 360735200.00
2024/12/23 32.13 34.24 31.93 33.67 31606880 1070352448.00
2024/12/24 33.30 34.06 33.02 33.78 19751284 671924544.00
2024/12/25 33.70 33.76 32.51 32.62 15507952 516325600.00
2024/12/26 32.48 33.28 32.48 32.82 11334800 376743360.00
2024/12/27 32.65 33.65 32.55 33.04 16143627 542782400.00
2024/12/30 32.92 33.26 32.48 32.68 10840802 360226336.00
2024/12/31 32.68 32.95 31.49 31.50 14394284 466973056.00
2025/01/02 31.40 31.47 29.59 29.90 16079897 496366176.00
2025/01/03 29.89 30.16 28.90 28.99 12190523 364357920.00
2025/01/06 28.70 29.24 28.39 28.67 10987130 321051872.00
2025/01/07 28.60 29.05 28.40 29.02 8354213 243659904.00
2025/01/08 28.80 28.88 27.75 28.53 11508368 331490464.00
2025/01/09 28.39 28.98 28.30 28.38 8358519 242365472.00
2025/01/10 28.33 28.57 27.38 27.38 10855197 307135488.00
2025/01/13 27.11 28.55 27.04 28.09 11302776 321304864.00
2025/01/14 28.11 29.20 27.90 29.15 13425880 390916000.00
2025/01/15 29.11 29.70 28.76 29.25 12412831 367873952.00
2025/01/16 29.32 30.05 28.99 29.96 16190632 484513504.00
2025/01/17 29.72 32.23 29.56 31.42 26814780 843293632.00
2025/01/20 31.48 31.74 31.11 31.31 13819104 440133760.00
2025/01/21 31.43 31.78 30.56 31.52 12455930 393192384.00
2025/01/22 31.31 31.62 30.74 30.84 8861802 279082720.00
2025/01/23 31.25 31.45 30.43 30.43 12002793 375638848.00
2025/01/24 30.46 30.78 30.25 30.62 10174255 314595552.00
2025/01/27 30.66 30.84 30.17 30.20 8444763 260061520.00
2025/02/05 30.21 30.58 29.95 30.14 6947509 212465296.00
2025/02/06 30.20 31.74 29.87 31.50 15275083 480115168.00
2025/02/07 31.59 32.39 31.40 31.86 19006208 614137984.00
2025/02/10 32.02 32.05 31.19 31.68 12148679 387849600.00
2025/02/11 31.55 31.68 31.00 31.13 9175796 289485184.00
2025/02/12 31.10 31.67 30.93 31.58 11764928 372558592.00
2025/02/13 31.59 31.81 30.86 30.86 10759852 340843008.00
2025/02/14 30.84 31.22 30.62 30.91 9866188 308639136.00
2025/02/17 30.85 30.99 30.52 30.75 11878754 369948896.00
2025/02/18 30.70 31.50 30.26 30.26 15866782 496147104.00
2025/02/19 30.20 31.31 30.20 31.08 14129515 442032288.00
2025/02/20 30.95 31.04 30.45 30.99 12044805 375122816.00
2025/02/21 30.93 31.53 30.73 31.32 17687304 558944192.00
2025/02/24 31.32 32.90 31.08 32.23 26817824 874412288.00
2025/02/25 32.05 32.55 31.81 32.18 18208098 594678848.00
2025/02/26 32.26 33.80 31.92 33.49 32418056 1079767296.00
2025/02/27 33.50 33.99 32.52 33.07 25744916 864743232.00
2025/02/28 33.58 34.75 32.65 32.66 37395140 1283744000.00
2025/03/03 32.95 33.80 32.23 32.38 24603338 824354048.00
2025/03/04 32.28 32.87 32.12 32.68 15475968 508524832.00
2025/03/05 32.67 32.69 31.62 32.10 14866874 481870048.00
2025/03/06 32.25 33.72 32.11 33.24 23346012 783911872.00
2025/03/07 33.11 33.48 32.32 32.83 17364456 576717824.00
2025/03/10 33.02 33.30 32.65 33.29 13827300 462390880.00
2025/03/11 32.90 33.23 32.51 33.21 12980610 430762848.00
2025/03/12 33.30 34.60 33.30 34.00 24998404 857644736.00
2025/03/13 34.01 34.17 32.67 32.95 15217433 512062816.00
2025/03/14 32.94 33.62 32.67 33.45 13000607 438364096.00
2025/03/17 33.45 35.07 33.42 35.05 32552724 1139865088.00
2025/03/18 34.90 35.04 34.47 34.52 16766338 588464896.00
2025/03/19 34.70 34.81 33.92 34.21 14416327 501080608.00
2025/03/20 34.26 34.30 33.90 34.00 9758141 336631040.00
2025/03/21 33.95 34.47 33.16 33.32 13138063 448445664.00
2025/03/24 33.32 33.60 32.43 32.94 11162833 372214624.00
2025/03/25 32.95 33.39 32.64 32.84 8326529 277971904.00
2025/03/26 33.26 33.56 32.80 33.12 9128481 306673312.00
2025/03/27 32.93 32.96 31.98 32.57 10473237 343815680.00
2025/03/28 32.57 33.05 32.20 32.20 7538033 247877712.00
2025/03/31 32.00 32.07 31.15 31.58 8592461 274826976.00
2025/04/01 31.65 32.46 31.62 31.90 6892995 223608208.00
2025/04/02 31.96 32.21 31.71 31.77 5228643 168976144.00
2025/04/03 31.54 31.88 31.23 31.24 7275408 231960416.00
2025/04/07 29.30 29.60 26.10 27.40 22020916 623713664.00
2025/04/08 27.96 28.55 27.11 27.52 14371128 404558272.00
2025/04/09 27.16 28.35 26.52 27.89 13620287 382079808.00
2025/04/10 28.60 29.10 28.27 28.35 11775941 342042624.00
2025/04/11 28.12 30.44 28.10 29.47 15756406 468311648.00
2025/04/14 29.74 29.84 29.20 29.24 9213794 274840672.00
2025/04/15 29.20 29.20 28.72 28.97 5586148 163658848.00
2025/04/16 28.83 29.00 28.05 28.46 7014390 202045296.00
2025/04/17 28.17 28.62 28.10 28.12 5446970 156835376.00
2025/04/18 28.10 28.25 27.87 28.18 4154499 118242128.00
2025/04/21 26.78 28.07 26.40 28.03 13777846 382423680.00
2025/04/22 27.88 28.69 27.70 28.40 8252762 236906848.00
2025/04/23 28.40 28.80 27.90 28.05 7777784 222180752.00
2025/04/24 28.10 28.28 27.35 27.49 6179123 173446944.00
2025/04/25 27.60 27.64 27.26 27.29 5625430 156539888.00
2025/04/28 27.40 27.44 26.86 26.90 4750396 130301520.00
2025/04/29 26.78 27.32 26.68 27.08 6873861 188962496.00
2025/04/30 27.00 27.38 27.00 27.02 5471981 150820032.00
2025/05/06 27.20 28.10 27.15 28.09 8433833 237331232.00
2025/05/07 28.48 28.76 27.78 27.96 7712837 220273600.00
2025/05/08 27.89 28.57 27.88 28.57 8696137 250138320.00
2025/05/09 28.51 28.53 27.89 28.02 6046560 172302528.00
2025/05/12 28.35 28.56 28.20 28.45 7643881 219858112.00
2025/05/13 28.89 29.27 28.46 28.50 12037692 352720384.00
2025/05/14 28.51 28.70 28.00 28.35 7814350 223859328.00
2025/05/15 28.23 28.26 27.61 27.64 6273205 177171728.00
2025/05/16 27.64 27.79 27.41 27.49 6515394 181984784.00
2025/05/19 27.39 27.62 27.11 27.50 4838112 134369504.00
2025/05/20 27.59 27.75 27.40 27.68 4608716 129162528.00
2025/05/21 27.80 28.75 27.77 27.95 10052248 287809376.00
2025/05/22 28.20 28.89 28.20 28.40 12719909 367543104.00
2025/05/23 28.29 28.42 27.69 27.72 8843241 250653360.00
2025/05/26 27.83 27.89 27.44 27.66 4879209 136699216.00
2025/05/27 27.65 27.82 27.43 27.48 4420272 123593616.00
2025/05/28 27.50 27.67 26.60 26.96 7042063 190858096.00
2025/05/29 26.89 27.39 26.89 27.31 4519628 123141392.00
2025/05/30 27.31 27.35 26.96 26.96 4162051 112737120.00
2025/06/03 26.80 27.03 26.78 26.92 3695919 99444720.00
2025/06/04 27.08 27.25 26.95 27.15 3419197 92691736.00
2025/06/05 27.16 27.40 26.97 27.34 5099582 138624160.00
2025/06/06 27.32 27.40 27.16 27.21 3699720 100744008.00
2025/06/09 27.23 27.49 27.18 27.49 5182016 141865136.00
2025/06/10 27.40 27.46 26.81 26.95 6992415 189479168.00
2025/06/11 26.94 27.35 26.94 27.18 4904594 133555032.00
2025/06/12 27.18 27.20 26.92 26.96 4646604 125412112.00
2025/06/13 26.87 27.08 26.60 26.66 5784897 154706416.00
2025/06/16 26.59 26.69 26.30 26.41 6785924 179414880.00
2025/06/17 26.43 26.55 26.33 26.51 4686730 123940584.00
2025/06/18 26.70 26.71 26.35 26.49 4447864 117935240.00
2025/06/19 26.40 26.54 25.80 25.82 7659375 200031072.00
2025/06/20 25.87 26.43 25.87 25.99 6607824 172926528.00
2025/06/23 25.82 26.18 25.68 26.13 5691604 148194752.00
2025/06/24 26.20 26.65 26.15 26.60 8414217 222888256.00
2025/06/25 26.55 26.94 26.43 26.94 9495007 253343408.00
2025/06/26 26.91 27.07 26.56 26.57 8702165 233479232.00
2025/06/27 26.66 27.13 26.66 26.95 10011479 269847488.00
2025/06/30 27.09 27.42 27.00 27.15 9142843 248280912.00
2025/07/01 27.08 27.19 26.88 27.12 6254401 168939696.00
2025/07/02 27.12 27.50 26.91 27.45 14417419 393140416.00
2025/07/03 27.28 27.44 27.05 27.20 8798124 239292496.00
2025/07/04 27.39 27.47 26.90 26.95 8189127 221596432.00
2025/07/07 26.88 27.01 26.71 26.76 4970830 133237768.00
2025/07/08 26.76 28.20 26.73 28.07 23921170 665465792.00
2025/07/09 28.06 28.38 27.77 27.84 10592261 296249568.00
2025/07/10 27.85 28.40 27.82 28.23 15376924 432981504.00
2025/07/11 28.30 28.31 28.00 28.10 9633500 271030912.00
2025/07/14 28.03 28.10 27.80 27.84 7121900 198522688.00
2025/07/15 27.80 27.94 27.22 27.41 10375722 285383104.00
2025/07/16 27.41 27.63 27.28 27.48 7214400 198055280.00
2025/07/17 27.65 27.75 27.35 27.60 8543652 235072352.00
2025/07/18 27.55 28.05 27.49 27.70 9072850 250901120.00
2025/07/21 27.77 28.17 27.63 28.11 10238467 286660416.00
2025/07/22 28.15 28.49 27.99 28.49 13027634 368277472.00
2025/07/23 28.58 28.86 28.10 28.16 12404364 352391104.00
2025/07/24 28.05 28.91 28.05 28.85 14070814 402302592.00
2025/07/25 28.84 28.90 28.52 28.70 8396400 240735024.00
2025/07/28 28.60 28.73 28.40 28.45 8590709 244944400.00
2025/07/29 28.47 29.70 28.27 29.21 19288350 560068288.00
2025/07/30 29.17 29.22 28.50 28.72 11047369 319224544.00
2025/07/31 28.65 28.83 27.80 27.88 14441425 407731712.00
2025/08/01 28.08 29.30 28.08 28.47 20539048 591805568.00
2025/08/04 28.30 28.30 27.77 28.03 12487590 348735936.00
2025/08/05 28.12 28.24 27.98 28.17 7277902 204490064.00
2025/08/06 28.16 28.58 27.99 28.57 11102505 313851488.00
2025/08/07 28.57 28.57 28.07 28.25 10198710 288246592.00
2025/08/08 28.17 28.53 28.07 28.10 11073314 312395808.00
2025/08/11 28.10 28.87 28.01 28.75 15551975 444103360.00
2025/08/12 28.66 28.81 28.37 28.75 11446053 327581728.00
2025/08/13 28.70 29.20 28.52 28.88 14591153 420832992.00
2025/08/14 28.89 29.05 28.27 28.34 15262919 437738912.00
2025/08/15 28.32 29.29 28.32 29.20 20287208 588495808.00
2025/08/18 29.63 29.97 29.22 29.68 22379522 662374656.00
2025/08/19 29.79 30.20 29.51 29.71 18585292 554099264.00
2025/08/20 29.71 30.36 29.51 30.35 21007156 628647488.00
2025/08/21 30.23 30.49 29.90 30.09 16831162 508583168.00
2025/08/22 29.92 30.56 29.91 30.47 19298058 585678336.00
2025/08/25 30.17 30.56 29.56 29.95 37022336 1108388608.00
2025/08/26 29.79 30.35 29.58 29.80 19291744 578675392.00
2025/08/27 29.82 30.50 29.30 29.32 26916942 808244864.00
2025/08/28 29.20 30.89 29.20 30.68 34336008 1035840256.00
2025/08/29 30.57 30.65 30.04 30.17 19713212 596886272.00
2025/09/01 30.24 30.65 29.93 30.46 18690950 565145728.00
2025/09/02 30.50 31.48 30.15 30.34 38006224 1169099264.00
2025/09/03 30.34 30.86 29.68 29.94 23942028 722318016.00
2025/09/04 29.94 31.15 29.20 29.60 32470080 982873536.00
2025/09/05 29.55 35.50 29.55 35.00 88586128 2913383680.00
2025/09/08 35.97 35.98 34.15 34.69 72545072 2536935680.00
2025/09/09 34.25 34.94 33.18 33.26 45262624 1528946432.00
2025/09/10 33.61 34.91 33.03 34.55 50392180 1713137536.00
2025/09/11 34.21 36.01 33.83 35.92 52063852 1808175488.00
2025/09/12 36.58 37.73 34.94 35.09 60131984 2194210048.00
2025/09/15 36.01 40.69 35.33 38.07 69610872 2624206336.00
2025/09/16 38.00 39.68 37.81 38.95 53649420 2080117888.00
2025/09/17 38.49 39.38 37.57 38.51 42309536 1623685888.00
2025/09/18 38.33 39.29 36.53 37.82 50205336 1911593344.00
2025/09/19 38.50 39.86 38.50 38.62 48694660 1912964096.00
2025/09/22 38.63 39.65 37.41 39.49 43364504 1668205056.00
2025/09/23 39.50 39.50 37.51 38.09 36104068 1384142976.00
2025/09/24 37.80 39.00 36.85 38.48 38925192 1478159616.00
2025/09/25 38.70 41.26 38.49 39.85 49343560 1984402560.00
2025/09/26 39.51 45.95 39.18 44.95 72531176 3081943552.00
2025/09/29 44.33 48.88 44.02 45.03 77914952 3583651840.00
2025/09/30 45.74 46.95 44.98 45.51 54525932 2502059776.00
2025/10/09 45.20 48.45 44.73 47.56 56411464 2626803968.00
2025/10/10 46.02 46.58 42.51 42.53 57074248 2527239680.00
2025/10/13 41.00 43.80 40.77 43.33 34420160 1468449792.00
2025/10/14 43.50 45.42 41.97 43.44 47626304 2093782528.00
2025/10/15 42.74 43.31 41.20 42.15 35301208 1481396864.00
2025/10/16 42.09 42.35 40.67 40.82 31375240 1297083392.00
2025/10/17 40.78 40.78 37.71 37.71 45912524 1779178368.00
2025/10/20 38.50 39.36 38.25 39.05 31291912 1216393088.00
2025/10/21 39.06 41.59 39.05 41.18 40044552 1626080512.00
2025/10/22 40.43 41.41 40.39 40.92 20021932 818049920.00
2025/10/23 40.75 41.47 39.72 40.38 22219120 902674816.00
2025/10/24 40.60 42.43 40.60 42.08 27492896 1149776256.00
2025/10/27 42.08 42.38 39.30 40.15 43050720 1741733248.00
2025/10/28 40.00 40.35 39.13 39.37 22117304 877028416.00
2025/10/29 39.37 40.99 39.28 40.83 25747308 1036508352.00
2025/10/30 40.71 40.97 39.50 39.58 20449040 820798848.00
2025/10/31 39.45 40.44 38.98 39.00 17397852 688767040.00
2025/11/03 39.00 39.80 37.90 39.35 19342802 748854336.00
2025/11/04 39.22 39.51 37.91 38.18 14805614 567420800.00
2025/11/05 37.59 39.76 37.51 39.40 18665800 725910272.00
2025/11/06 39.45 39.92 38.78 39.42 14061568 551980544.00
2025/11/07 39.00 40.50 38.52 39.80 25558836 1016883200.00
2025/11/10 40.03 43.20 40.03 41.15 40279108 1672279680.00
2025/11/11 41.18 42.26 41.03 41.77 31821232 1330327040.00
2025/11/12 41.50 41.70 38.63 38.75 29176588 1156510080.00
2025/11/13 39.52 40.35 38.88 38.93 19495266 769958144.00
2025/11/14 38.80 41.28 38.15 39.55 24627056 984121664.00
2025/11/17 39.54 39.68 38.22 38.35 15009534 578835904.00
2025/11/18 38.22 38.65 36.55 36.83 26359876 976897536.00
2025/11/19 36.85 37.30 35.40 35.60 23071676 827761920.00
2025/11/20 35.98 36.08 34.92 35.40 17747152 631181184.00
2025/11/21 35.01 35.40 33.96 34.09 15648921 539057280.00
2025/11/24 34.48 34.88 33.80 34.43 13526558 463401440.00
2025/11/25 34.60 35.15 34.45 34.59 13048492 453430016.00
2025/11/26 34.48 36.98 34.20 36.09 29369052 1050933376.00
2025/11/27 36.15 37.03 35.46 35.53 21856456 792741952.00
2025/11/28 35.41 37.76 35.28 36.51 25898340 952768256.00
2025/12/01 36.20 36.94 35.67 36.24 16282903 587175680.00
2025/12/02 35.88 36.61 35.70 35.95 10783582 388100640.00
2025/12/03 35.90 36.39 35.36 35.47 12998388 465946112.00
2025/12/04 35.33 35.80 34.92 35.57 9984202 353267616.00
2025/12/05 35.58 35.68 35.05 35.35 10502849 371307008.00
2025/12/08 35.55 36.88 35.53 36.53 17960820 653241216.00
2025/12/09 36.28 36.36 35.74 36.29 12091345 436182816.00
2025/12/10 36.37 37.05 35.85 36.77 18875604 689547904.00
2025/12/11 36.77 37.19 35.85 35.85 13345317 487055712.00
2025/12/12 35.98 36.40 35.05 36.02 15765947 563417152.00
2025/12/15 35.89 36.49 34.63 34.77 15321039 539877696.00
2025/12/16 34.66 34.77 33.26 33.55 15193016 513434912.00
2025/12/17 33.76 34.28 33.25 34.17 12607876 425948128.00
2025/12/18 34.00 34.68 33.81 34.08 10822655 371437152.00
2025/12/19 34.04 35.25 34.04 34.68 13712002 479373024.00
2025/12/22 34.98 38.10 34.51 37.33 32712828 1201255424.00
2025/12/23 37.20 39.09 37.09 38.08 30282176 1163393920.00
2025/12/24 38.27 40.45 38.10 39.43 34415924 1354787200.00
2025/12/25 39.33 39.67 38.26 38.82 22085984 858664064.00
2025/12/26 39.09 39.20 38.08 38.34 20668012 795175616.00
2025/12/29 38.22 38.67 37.81 37.97 14876542 568518144.00
2025/12/30 37.66 37.97 37.30 37.54 12629422 474367136.00
2025/12/31 37.75 37.85 36.61 36.75 15212854 562230848.00
2026/01/05 37.05 37.54 36.61 37.00 18974968 703059072.00
2026/01/06 37.24 38.10 37.14 37.86 27467194 1034599488.00
2026/01/07 37.89 38.98 37.89 38.61 34220688 1313969792.00
2026/01/08 38.68 39.50 38.23 38.86 29592676 1149126528.00
2026/01/09 38.60 39.10 37.90 38.56 29545110 1136798592.00
2026/01/12 38.03 42.00 37.97 40.92 52105496 2111655296.00
2026/01/13 40.00 40.49 38.08 38.94 44092152 1718878848.00
2026/01/14 38.92 40.19 38.52 39.08 36097672 1422441344.00
2026/01/15 38.60 39.09 38.02 38.58 22208316 853075456.00
2026/01/16 38.85 42.50 38.76 42.10 67300512 2770535168.00
2026/01/19 43.80 44.10 41.94 42.50 57441520 2466280192.00
2026/01/20 41.91 43.33 41.10 41.54 35151156 1475698560.00
2026/01/21 41.00 41.84 40.52 40.66 33472812 1374295680.00
2026/01/22 41.21 43.99 41.21 43.24 56593028 2424164352.00
2026/01/23 45.20 51.89 45.05 51.88 109229504 5330216448.00
2026/01/26 49.92 50.69 45.80 46.38 76419520 3618385152.00
2026/01/27 45.51 47.22 43.89 46.85 62003328 2822523648.00
2026/01/28 46.97 47.21 44.90 45.21 36872960 1686869760.00
2026/01/29 45.21 49.30 44.72 46.92 64171904 3039165696.00
2026/01/30 45.88 46.61 42.03 44.52 56460300 2485904896.00
2026/02/02 46.01 48.42 45.41 46.93 60939324 2876681216.00
2026/02/03 47.87 56.00 47.79 55.07 90494472 4805572608.00
2026/02/04 55.07 65.90 54.45 62.21 124749736 7418974208.00
2026/02/05 57.55 58.88 55.01 56.08 92371696 5234655744.00
2026/02/06 54.41 57.68 53.78 55.70 76588752 4255341824.00
2026/02/09 57.50 60.60 55.62 56.69 86586728 5024284672.00
2026/02/10 55.60 57.06 54.79 55.03 52558640 2911282432.00
2026/02/11 54.86 55.46 53.30 53.41 39205592 2117649920.00
2026/02/12 52.97 53.49 52.18 52.86 35261396 1859448320.00
2026/02/13 52.20 52.50 50.98 51.11 27407356 1413947008.00
2026/02/24 52.30 52.58 51.02 51.56 28532972 1475848192.00
2026/02/25 51.88 54.50 51.10 53.70 55596080 2966695424.00
#Ъ§ОнРДдД:ЭЈДяаХ
