300855 ЭМФЯЙЩЗн ШеЯп ЧАИДШЈ
      ШеЦк	    ПЊХЬ	    зюИп	    зюЕЭ	    ЪеХЬ	    ГЩНЛСП	    ГЩНЛЖю
2021/08/02 28.40 30.70 27.66 29.12 9123134 536399584.00
2021/08/03 28.82 28.97 27.03 28.12 5639898 318295104.00
2021/08/04 27.90 28.45 27.02 28.16 4737606 265173856.00
2021/08/05 28.09 30.91 28.09 29.14 7080907 418047616.00
2021/08/06 28.94 30.53 28.50 28.61 5453012 322352512.00
2021/08/09 28.81 30.04 28.41 29.46 4307442 253970272.00
2021/08/10 29.67 31.92 28.91 29.80 8421170 511435008.00
2021/08/11 29.93 30.91 28.48 29.07 6881927 405187296.00
2021/08/12 29.00 29.17 27.92 28.74 5773590 330599008.00
2021/08/13 28.83 30.25 27.79 27.80 6973323 400701216.00
2021/08/16 27.97 29.17 27.80 27.94 4719086 268685952.00
2021/08/17 28.03 28.55 27.21 27.38 4464798 248869168.00
2021/08/18 27.41 28.88 27.41 28.71 4970065 283098336.00
2021/08/19 28.85 34.29 28.44 33.52 10458396 660060544.00
2021/08/20 33.43 34.27 32.05 32.76 7803392 515664928.00
2021/08/23 32.85 34.81 32.25 33.45 8152378 548517248.00
2021/08/24 32.50 32.71 30.71 31.81 10188583 643611904.00
2021/08/25 32.14 32.84 30.85 31.84 6153653 389994400.00
2021/08/26 32.34 32.67 31.14 32.36 4493365 285996032.00
2021/08/27 32.25 32.27 30.77 31.46 4725382 297354112.00
2021/08/30 31.70 33.24 31.43 32.61 6076655 392938752.00
2021/08/31 32.61 33.27 31.22 32.65 4238284 274169568.00
2021/09/01 32.49 32.97 28.71 29.17 6263500 381554048.00
2021/09/02 28.76 31.76 28.61 31.43 4862174 295425920.00
2021/09/03 31.34 32.44 28.87 28.98 5104786 308901504.00
2021/09/06 29.30 29.30 27.63 28.43 3396187 192327344.00
2021/09/07 29.01 29.53 28.15 28.84 3051448 176180832.00
2021/09/08 28.84 29.06 27.79 28.07 2843500 162419040.00
2021/09/09 28.03 28.56 27.26 28.31 3994237 223251760.00
2021/09/10 28.14 28.18 27.22 27.48 3223278 178754464.00
2021/09/13 27.52 27.71 26.29 26.81 3187307 171687168.00
2021/09/14 26.68 27.19 25.53 26.09 3704930 195784416.00
2021/09/15 25.94 27.53 25.84 27.45 4249539 228309984.00
2021/09/16 26.87 27.72 25.78 25.85 3485285 187534208.00
2021/09/17 25.88 26.43 24.81 25.31 1819200 93221144.00
2021/09/22 24.82 26.34 24.34 25.79 2361132 121673280.00
2021/09/23 26.05 26.58 25.26 26.00 2049175 107162248.00
2021/09/24 25.62 26.12 25.22 25.25 1382643 71174088.00
2021/09/27 25.25 25.57 23.20 23.37 3598458 173646352.00
2021/09/28 23.37 24.53 23.37 24.11 3434038 166259264.00
2021/09/29 23.61 24.66 23.16 23.16 2152766 103488280.00
2021/09/30 23.21 23.64 22.69 22.93 2464255 114778768.00
2021/10/08 23.07 23.38 22.62 22.85 1606632 74578952.00
2021/10/11 22.89 24.74 22.77 23.63 3299590 159628864.00
2021/10/12 23.27 24.27 23.27 23.88 3420760 164416528.00
2021/10/13 23.86 24.02 22.76 23.79 1716306 81319544.00
2021/10/14 23.78 25.18 23.22 24.50 1873236 92280496.00
2021/10/15 24.50 25.32 24.40 24.73 2042676 102075680.00
2021/10/18 24.75 26.17 24.42 25.84 2693766 138540992.00
2021/10/19 24.71 24.71 22.72 23.53 9175341 429849536.00
2021/10/20 22.91 23.86 22.66 23.01 3814817 178201280.00
2021/10/21 22.89 23.27 22.81 22.85 1851033 86005768.00
2021/10/22 22.85 22.97 22.25 22.26 2432098 110556848.00
2021/10/25 22.43 23.48 22.06 23.43 2854720 132119632.00
2021/10/26 23.44 25.66 23.32 24.91 3833541 191148448.00
2021/10/27 25.16 25.71 24.63 24.74 2686686 135908848.00
2021/10/28 24.64 24.97 24.20 24.40 1849102 91623720.00
2021/10/29 24.29 25.58 23.93 25.40 2967453 148557312.00
2021/11/01 25.19 25.94 24.89 25.43 2232197 114737344.00
2021/11/02 26.27 27.17 25.89 26.30 3844460 205873360.00
2021/11/03 26.11 26.52 25.40 26.38 2293459 119697024.00
2021/11/04 26.14 27.12 25.94 26.90 3237683 174948768.00
2021/11/05 27.22 28.13 26.64 27.05 2905200 159221856.00
2021/11/08 26.87 29.25 26.25 29.01 3751269 212213568.00
2021/11/09 28.98 29.27 28.59 29.07 2348987 136380672.00
2021/11/10 29.00 30.04 28.66 29.73 3738297 222767216.00
2021/11/11 29.92 30.26 29.17 29.56 1995837 118822368.00
2021/11/12 29.49 31.24 29.01 30.45 2724241 165269056.00
2021/11/15 30.45 32.75 30.20 31.25 3179345 202222688.00
2021/11/16 31.01 31.72 29.68 29.79 3283482 200591920.00
2021/11/17 29.88 30.65 29.27 30.04 2009238 120768752.00
2021/11/18 29.86 32.08 29.18 31.25 3034403 187006608.00
2021/11/19 30.81 32.36 30.81 31.56 2905631 184179536.00
2021/11/22 32.82 35.11 32.25 32.71 5829304 389850688.00
2021/11/23 32.53 33.53 31.72 31.81 3669608 236777328.00
2021/11/24 31.94 32.66 31.83 31.95 3262542 210115680.00
2021/11/25 32.19 33.80 31.99 32.83 3043737 201177040.00
2021/11/26 32.96 34.42 32.50 33.45 3199086 215591120.00
2021/11/29 32.90 36.66 32.89 35.58 4091267 288305600.00
2021/11/30 35.99 39.57 35.62 37.01 7200018 540941696.00
2021/12/01 37.04 38.08 36.31 36.82 3877838 288131968.00
2021/12/02 36.82 37.00 34.54 35.42 5175488 365457216.00
2021/12/03 35.70 36.33 34.88 35.42 3200983 227048640.00
2021/12/06 35.38 36.24 34.56 35.18 3804100 268749088.00
2021/12/07 35.54 35.54 33.07 34.50 4489321 305055200.00
2021/12/08 34.45 37.25 33.59 36.99 4161909 299674688.00
2021/12/09 36.99 37.82 34.99 36.37 3405069 245013360.00
2021/12/10 36.09 37.79 35.62 37.25 3319461 244299520.00
2021/12/13 36.66 37.73 34.86 37.05 3542060 255275808.00
2021/12/14 37.00 37.99 36.14 37.12 1680026 125109472.00
2021/12/15 36.98 37.57 36.30 37.13 2655140 195045280.00
2021/12/16 37.38 39.03 37.12 37.67 2033966 154010512.00
2021/12/17 37.79 37.88 35.97 36.02 1660800 121525248.00
2021/12/20 36.02 36.66 34.39 34.99 2410220 169330304.00
2021/12/21 34.91 35.65 33.64 34.42 2508700 171753936.00
2021/12/22 34.96 34.96 33.60 34.09 1322259 90466400.00
2021/12/23 34.48 34.52 33.57 34.11 1372858 93209800.00
2021/12/24 34.04 34.04 32.50 32.92 3199200 212120832.00
2021/12/27 33.36 34.18 32.34 33.08 1845814 122907608.00
2021/12/28 32.74 33.60 32.20 32.87 2546497 165915056.00
2021/12/29 32.88 34.62 32.44 34.34 2831400 192460672.00
2021/12/30 34.35 35.49 33.93 35.37 2383496 166490848.00
2021/12/31 35.50 35.87 34.60 35.32 1578819 111524520.00
2022/01/04 35.32 35.70 32.84 33.17 4082700 276822400.00
2022/01/05 33.70 33.70 30.66 30.91 4183300 263206144.00
2022/01/06 30.91 31.94 30.79 31.77 2531000 159603424.00
2022/01/07 31.60 32.30 30.51 31.54 2224310 140152800.00
2022/01/10 31.58 32.24 30.35 30.88 1864674 116372392.00
2022/01/11 30.85 31.16 29.11 29.28 3929318 233768624.00
2022/01/12 29.52 31.92 29.52 31.71 2990778 184189408.00
2022/01/13 31.61 31.97 30.34 30.54 2800710 172283776.00
2022/01/14 30.78 31.89 30.22 31.62 1793400 112371968.00
2022/01/17 31.34 32.49 31.17 31.89 1494459 95235440.00
2022/01/18 31.91 32.43 31.24 31.79 1343699 85606648.00
2022/01/19 31.39 32.25 31.02 31.28 1815112 113777832.00
2022/01/20 31.27 31.40 29.43 29.68 2956466 177621184.00
2022/01/21 28.98 29.43 28.45 28.84 1960900 113409984.00
2022/01/24 28.55 30.90 28.40 30.13 2581326 155009904.00
2022/01/25 30.13 31.07 29.43 29.43 1118000 67682904.00
2022/01/26 29.26 30.09 29.02 29.40 1223700 72351088.00
2022/01/27 29.24 29.84 28.56 28.81 1086074 63205504.00
2022/01/28 29.33 29.63 27.93 28.87 1382416 80283440.00
2022/02/07 29.68 29.78 27.80 28.54 2102400 119910688.00
2022/02/08 28.40 28.83 26.85 27.48 1906500 105464752.00
2022/02/09 27.66 28.04 26.60 27.59 2490800 137145392.00
2022/02/10 27.63 28.89 27.33 27.73 2704497 153210304.00
2022/02/11 27.52 27.73 26.35 26.86 1527597 82474192.00
2022/02/14 26.44 28.32 26.40 27.73 1786811 98878456.00
2022/02/15 28.00 29.02 27.30 28.79 1316200 75138576.00
2022/02/16 28.91 28.92 27.81 28.19 934624 52928196.00
2022/02/17 28.63 28.71 27.37 27.72 1563738 87569816.00
2022/02/18 27.65 28.24 26.86 26.93 1992329 109814256.00
2022/02/21 27.02 27.32 26.01 26.25 1979400 105611736.00
2022/02/22 26.01 26.34 25.07 25.40 1678000 85717184.00
2022/02/23 25.49 27.79 25.41 27.58 2779271 150386736.00
2022/02/24 28.09 28.71 27.25 28.09 3091348 173439728.00
2022/02/25 28.30 28.47 27.58 28.19 1629917 92084024.00
2022/02/28 28.47 29.68 28.09 29.18 1980521 115366872.00
2022/03/01 29.38 29.51 28.62 29.18 1535000 89402864.00
2022/03/02 28.93 29.49 28.40 29.27 1283857 74683736.00
2022/03/03 29.27 29.29 28.20 28.30 1415770 81199080.00
2022/03/04 28.06 28.57 27.53 27.71 1007178 56785092.00
2022/03/07 28.33 28.60 26.91 27.06 1894003 104980728.00
2022/03/08 27.73 27.88 24.05 24.27 5320407 269692064.00
2022/03/09 24.27 24.49 22.56 23.89 3886390 185977520.00
2022/03/10 24.93 25.57 24.56 24.68 2886399 145389456.00
2022/03/11 24.30 24.69 23.38 23.77 1769349 85152760.00
2022/03/14 23.52 24.56 23.28 24.22 1925553 93813296.00
2022/03/15 23.71 25.04 23.53 23.61 1928993 94000160.00
2022/03/16 23.79 24.74 22.66 24.45 2155100 104065272.00
2022/03/17 24.56 25.84 24.40 25.22 1943741 98558360.00
2022/03/18 25.18 25.32 24.04 24.47 1204600 59320408.00
2022/03/21 24.73 25.92 24.51 25.85 2756406 140781200.00
2022/03/22 26.19 26.38 24.90 25.18 1685321 87120592.00
2022/03/23 25.43 26.95 24.72 26.29 2498927 131522704.00
2022/03/24 26.20 26.26 25.26 25.77 1553700 80339016.00
2022/03/25 25.84 26.23 25.16 25.22 1480788 76386992.00
2022/03/28 25.18 25.18 24.30 24.97 994388 49494788.00
2022/03/29 24.97 25.58 24.31 24.39 840100 41982572.00
2022/03/30 24.42 25.26 24.32 24.81 1871007 93016320.00
2022/03/31 24.81 25.29 23.71 23.81 1124700 54960348.00
2022/04/01 23.69 24.24 23.30 24.20 1117172 53591452.00
2022/04/06 24.19 24.20 23.10 23.43 1407979 66828872.00
2022/04/07 23.40 24.04 23.22 23.30 1018750 48622040.00
2022/04/08 23.42 23.56 22.52 22.61 948408 43727232.00
2022/04/11 22.54 22.61 21.52 21.88 1284400 56551400.00
2022/04/12 21.74 22.38 20.97 21.26 1669691 72146520.00
2022/04/13 21.52 21.77 20.71 20.94 2198300 94649048.00
2022/04/14 21.05 21.85 20.69 20.97 1884219 81090224.00
2022/04/15 20.73 20.82 19.84 20.71 1663874 68850760.00
2022/04/18 20.98 21.43 20.17 21.32 1222771 52190624.00
2022/04/19 21.43 21.99 21.14 21.57 1362053 59356716.00
2022/04/20 21.31 22.27 21.20 21.98 1942861 85988776.00
2022/04/21 22.54 22.54 21.26 21.48 2125350 92785464.00
2022/04/22 21.27 21.69 20.59 20.65 1319600 56076104.00
2022/04/25 20.20 20.20 18.83 18.90 1688494 67257184.00
2022/04/26 18.66 19.89 18.48 18.62 1804834 70719600.00
2022/04/27 18.62 20.94 18.33 20.49 2416460 95787600.00
2022/04/28 20.32 21.04 19.81 20.05 1361670 56247684.00
2022/04/29 20.23 21.48 19.92 20.65 1955843 82491976.00
2022/05/05 20.74 23.43 20.14 23.17 2593600 117613936.00
2022/05/06 22.66 25.07 22.44 23.94 2792584 135958400.00
2022/05/09 23.94 25.66 23.94 25.48 2092703 106205904.00
2022/05/10 24.88 26.84 24.88 26.04 2239117 117064368.00
2022/05/11 25.97 26.81 25.48 25.66 3077515 162257904.00
2022/05/12 25.40 26.25 25.32 26.00 1339027 69790752.00
2022/05/13 26.36 26.80 25.58 26.51 1047895 55708488.00
2022/05/16 26.66 27.12 26.25 26.54 893576 47745056.00
2022/05/17 26.46 28.20 26.02 27.49 2329990 127451584.00
2022/05/18 27.62 27.99 26.68 27.40 1921613 104912000.00
2022/05/19 27.17 28.23 26.56 27.36 1325841 72415024.00
2022/05/20 27.76 28.73 26.92 27.36 1535253 85064200.00
2022/05/23 27.44 27.78 26.97 27.54 1178711 64943196.00
2022/05/24 27.54 28.30 27.03 27.13 1745320 96974384.00
2022/05/25 26.92 27.37 26.13 26.63 1542600 82389968.00
2022/05/26 26.66 27.99 25.90 27.68 2069904 113068208.00
2022/05/27 27.58 27.79 26.78 27.32 894798 49271756.00
2022/05/30 27.13 27.54 26.67 27.38 956056 52186368.00
2022/05/31 27.56 28.67 27.14 28.39 1439800 81251488.00
2022/06/01 28.85 29.72 28.07 28.81 1427173 82992688.00
2022/06/02 28.91 29.52 28.30 29.37 856836 50084152.00
2022/06/06 29.43 30.64 29.30 29.94 1146600 69194256.00
2022/06/07 30.61 30.61 28.76 29.27 1089450 63838560.00
2022/06/08 29.19 30.24 28.99 29.17 1486453 87979144.00
2022/06/09 29.18 29.23 28.25 28.65 796200 45869988.00
2022/06/10 28.91 30.02 28.66 29.20 1168068 68783832.00
2022/06/13 29.38 30.35 28.70 29.63 1184368 70197608.00
2022/06/14 29.50 29.50 28.32 29.23 954092 55366096.00
2022/06/15 29.31 29.44 28.44 28.57 1170169 67595248.00
2022/06/16 28.50 29.42 28.26 29.16 1899237 72760312.00
2022/06/17 28.87 30.89 28.75 30.54 2762567 111412920.00
2022/06/20 30.42 32.47 30.39 31.47 2179717 91678472.00
2022/06/21 31.90 32.20 28.67 29.12 3370497 133625504.00
2022/06/22 29.57 30.64 28.76 29.04 2450703 96664920.00
2022/06/23 28.69 31.70 28.69 31.20 3410156 138812352.00
2022/06/24 31.20 33.38 30.81 32.94 2836944 123517152.00
2022/06/27 33.28 33.73 32.16 32.51 1515075 65684988.00
2022/06/28 32.33 33.64 32.20 32.59 1577592 69095888.00
2022/06/29 32.70 32.83 31.20 31.20 1409113 59423380.00
2022/06/30 31.22 32.20 30.97 31.42 1535088 64566376.00
2022/07/01 31.41 31.93 30.81 31.22 1198326 49835864.00
2022/07/04 31.43 33.20 31.15 33.15 2665268 115935328.00
2022/07/05 33.17 33.29 31.96 32.41 1573500 67499056.00
2022/07/06 32.46 33.27 31.93 32.60 2262916 98415272.00
2022/07/07 32.58 34.03 32.35 33.79 2235530 99604752.00
2022/07/08 33.48 34.30 32.89 33.35 1721341 76198224.00
2022/07/11 33.36 33.68 32.58 33.21 1457400 64143968.00
2022/07/12 33.58 34.45 32.77 32.85 1473295 65592392.00
2022/07/13 32.57 33.27 32.23 32.28 1458700 62874336.00
2022/07/14 32.29 34.80 32.29 34.42 2358693 106241720.00
2022/07/15 34.43 36.20 34.42 35.35 2920960 138198208.00
2022/07/18 35.40 35.77 34.36 34.83 1885405 87425864.00
2022/07/19 34.67 34.89 33.36 33.51 1811916 81405800.00
2022/07/20 33.33 34.78 33.33 34.40 1999067 90689584.00
2022/07/21 34.26 35.24 33.73 34.82 1597361 73616576.00
2022/07/22 34.75 35.81 34.43 35.45 1437122 66866712.00
2022/07/25 35.20 35.80 34.54 34.93 1447389 67501400.00
2022/07/26 34.89 35.27 34.20 35.17 1230084 57027872.00
2022/07/27 35.19 35.70 34.37 35.60 1792635 83450544.00
2022/07/28 35.58 35.68 34.97 35.39 1209200 56695940.00
2022/07/29 35.39 35.77 34.27 34.89 1438986 66662684.00
2022/08/01 34.79 35.42 34.38 35.00 1571350 72639480.00
2022/08/02 34.82 35.51 33.67 34.00 2016327 91976336.00
2022/08/03 33.89 37.73 33.67 36.27 5363635 260030576.00
2022/08/04 36.97 37.24 34.73 35.53 2866887 136676832.00
2022/08/05 35.96 36.12 34.73 34.95 1540083 71782168.00
2022/08/08 35.17 37.85 34.66 37.66 3832293 189623424.00
2022/08/09 37.69 37.97 36.43 37.58 2898921 143597920.00
2022/08/10 38.03 38.09 36.93 37.73 2114892 105468648.00
2022/08/11 38.00 38.18 36.62 37.63 2331609 115492096.00
2022/08/12 37.44 38.03 36.84 36.97 1509117 74873760.00
2022/08/15 36.87 37.83 36.43 37.45 1973410 97078200.00
2022/08/16 37.72 40.77 37.71 38.81 4497245 236141888.00
2022/08/17 39.32 39.47 37.10 37.26 2939536 148176976.00
2022/08/18 37.50 37.97 37.10 37.72 1889229 94137320.00
2022/08/19 37.97 38.04 35.28 35.35 3290499 157184672.00
2022/08/22 35.50 38.89 35.50 38.50 4870393 244503872.00
2022/08/23 38.51 38.89 37.67 37.97 2185555 110028696.00
2022/08/24 37.96 38.20 36.03 36.50 2259262 110045216.00
2022/08/25 36.89 36.89 34.62 35.30 2628414 123424128.00
2022/08/26 35.51 35.73 34.47 34.85 1964550 91414952.00
2022/08/29 34.63 36.37 34.20 35.46 3310612 156328592.00
2022/08/30 35.33 35.34 32.30 33.70 5337652 236323456.00
2022/08/31 33.92 34.49 32.73 33.32 2586874 115323848.00
2022/09/01 33.15 35.00 33.01 33.19 1757589 79068464.00
2022/09/02 33.37 33.74 32.52 33.19 2133829 93555472.00
2022/09/05 32.77 33.58 32.64 33.22 1967947 86814544.00
2022/09/06 33.44 36.27 33.00 35.53 3363673 157052240.00
2022/09/07 35.98 37.34 34.98 37.13 3620147 175378080.00
2022/09/08 37.43 37.55 36.40 37.17 2070383 101673024.00
2022/09/09 36.41 37.92 36.27 36.89 2616936 128087072.00
2022/09/13 36.87 38.10 36.50 37.13 1941992 95787016.00
2022/09/14 36.70 37.90 36.31 37.46 1647413 81619160.00
2022/09/15 37.73 38.33 35.89 36.63 2104205 102298912.00
2022/09/16 36.73 39.73 36.63 38.70 4855915 247440768.00
2022/09/19 38.70 39.49 36.82 37.17 2683144 133542632.00
2022/09/20 37.62 37.87 35.87 36.55 2796927 135938672.00
2022/09/21 36.27 36.70 35.43 35.59 2055604 97687344.00
2022/09/22 35.50 37.89 35.04 37.20 3299157 161465040.00
2022/09/23 37.35 38.03 34.95 35.88 2635884 125781832.00
2022/09/26 35.80 36.31 34.74 35.06 2044240 95629584.00
2022/09/27 35.12 35.93 34.74 35.79 2436480 114583624.00
2022/09/28 35.15 37.42 34.67 34.67 2513841 118503968.00
2022/09/29 35.09 35.73 34.27 34.87 1521163 70840120.00
2022/09/30 34.84 35.05 33.47 33.67 2030100 91515320.00
2022/10/10 33.67 35.17 33.43 33.67 1672358 75601680.00
2022/10/11 33.46 34.57 33.41 33.67 1525961 68633072.00
2022/10/12 33.66 35.03 32.99 34.97 2031605 91642568.00
2022/10/13 34.61 37.35 34.56 36.39 2091796 101031992.00
2022/10/14 36.43 37.66 35.86 37.43 1901802 93099184.00
2022/10/17 37.16 38.93 37.16 38.91 2380644 121213904.00
2022/10/18 39.20 39.66 38.11 39.53 2444627 126811920.00
2022/10/19 39.86 39.86 38.00 38.66 2945982 150371152.00
2022/10/20 38.62 39.66 38.16 39.36 1968877 101673360.00
2022/10/21 39.05 39.50 38.27 38.82 1596647 81753776.00
2022/10/24 39.20 40.73 38.82 39.96 2996028 158472656.00
2022/10/25 39.82 41.29 39.12 39.35 2803250 148430816.00
2022/10/26 39.73 41.03 38.89 40.87 2616949 139562176.00
2022/10/27 40.97 41.87 39.85 39.95 2380283 128574160.00
2022/10/28 39.77 41.47 39.56 40.30 2600190 139549072.00
2022/10/31 39.73 41.20 39.20 40.95 2371904 127458352.00
2022/11/01 40.97 40.97 39.22 40.04 2107403 111727520.00
2022/11/02 40.35 40.35 37.61 37.73 5497262 279541952.00
2022/11/03 37.63 39.96 37.60 39.27 4016510 208104928.00
2022/11/04 39.27 39.27 37.81 38.12 4025536 203920928.00
2022/11/07 38.11 38.73 36.33 36.43 5622054 275292864.00
2022/11/08 36.43 37.23 35.89 36.97 2884978 140630960.00
2022/11/09 37.35 38.00 36.48 36.97 2428885 120006680.00
2022/11/10 36.59 36.95 35.68 35.92 2015036 96462920.00
2022/11/11 36.64 37.10 35.73 36.66 3099554 149384032.00
2022/11/14 36.33 36.65 35.13 35.97 3211799 151818480.00
2022/11/15 35.80 37.14 35.23 37.08 2703833 131227496.00
2022/11/16 36.97 37.93 36.46 36.97 2017205 99298680.00
2022/11/17 36.50 37.10 35.90 37.04 1541698 74381784.00
2022/11/18 36.88 37.51 36.62 36.62 1150649 56396100.00
2022/11/21 36.70 37.20 36.20 36.96 1299035 63276232.00
2022/11/22 36.58 37.23 36.35 36.45 1458606 71015568.00
2022/11/23 36.37 36.73 35.58 36.20 1396669 67081020.00
2022/11/24 35.93 36.80 35.43 36.12 1687538 80577608.00
2022/11/25 36.07 36.23 34.89 35.23 1725645 80902176.00
2022/11/28 34.89 35.50 34.49 34.51 1589584 73593448.00
2022/11/29 34.54 34.91 33.28 34.25 2930045 131733312.00
2022/11/30 34.12 34.75 33.58 34.50 1712250 77640992.00
2022/12/01 34.53 35.58 34.38 35.35 2057056 96061040.00
2022/12/02 35.33 35.67 34.50 34.55 1320886 61255136.00
2022/12/05 34.66 34.77 33.47 33.67 2300669 103270760.00
2022/12/06 34.21 34.33 32.89 33.95 2163750 96556184.00
2022/12/07 33.87 34.64 33.63 34.03 1735995 78670632.00
2022/12/08 33.89 34.20 33.27 33.43 1609168 71639952.00
2022/12/09 33.42 34.32 33.21 34.20 1565319 70594416.00
2022/12/12 34.27 34.81 33.53 33.97 1966606 88890560.00
2022/12/13 34.04 34.27 33.20 33.50 2028510 90893752.00
2022/12/14 33.40 34.07 33.28 33.87 1717810 77215040.00
2022/12/15 33.73 34.11 33.55 33.80 772736 34667464.00
2022/12/16 33.64 33.80 32.66 32.67 1677005 73522136.00
2022/12/19 32.53 33.45 32.40 32.58 1228521 53502224.00
2022/12/20 32.20 33.07 31.92 32.83 1313361 56886116.00
2022/12/21 32.83 33.01 31.98 32.24 1178645 50656300.00
2022/12/22 32.37 32.50 31.47 31.57 1302544 55265176.00
2022/12/23 31.57 31.81 30.85 31.04 996750 41335632.00
2022/12/26 31.17 33.04 30.72 32.81 1675880 71717056.00
2022/12/27 33.29 37.39 33.12 36.80 6759160 322046016.00
2022/12/28 36.97 37.16 35.96 36.47 3369476 163229216.00
2022/12/29 36.55 36.75 35.12 35.83 2987577 141980368.00
2022/12/30 35.87 36.18 35.12 35.27 1792855 84281512.00
2023/01/03 35.20 37.57 34.73 36.79 3273846 157918208.00
2023/01/04 36.90 37.24 36.35 36.89 2036795 99444776.00
2023/01/05 36.73 37.38 36.20 36.47 2454654 119011184.00
2023/01/06 36.41 36.81 36.03 36.27 2304339 111058192.00
2023/01/09 36.08 36.58 35.19 35.58 2699477 127865248.00
2023/01/10 35.80 35.80 34.97 35.34 1870288 87779832.00
2023/01/11 35.43 35.81 34.88 34.92 1390992 65184888.00
2023/01/12 35.32 36.08 35.00 35.03 1503892 70584760.00
2023/01/13 34.81 35.07 32.83 33.71 4577191 204803712.00
2023/01/16 33.85 35.40 33.71 34.82 3871996 178971616.00
2023/01/17 34.82 35.77 34.39 35.03 1685300 78258464.00
2023/01/18 34.87 35.63 34.69 34.97 1210310 56475356.00
2023/01/19 34.78 35.53 34.64 35.27 1362550 63440968.00
2023/01/20 35.43 36.16 35.15 35.40 2056687 96924832.00
2023/01/30 35.81 36.95 35.77 36.21 3865600 186739472.00
2023/01/31 36.10 36.87 36.00 36.29 1618454 78170568.00
2023/02/01 36.62 37.18 36.39 36.70 2056858 100350376.00
2023/02/02 36.93 37.33 36.36 36.47 1440489 70109632.00
2023/02/03 36.35 37.03 36.00 36.83 2394323 116138824.00
2023/02/06 36.53 37.90 36.39 36.97 2608749 128963632.00
2023/02/07 36.87 37.39 35.92 36.20 1556902 75269216.00
2023/02/08 36.53 37.70 36.20 37.20 2924613 144239472.00
2023/02/09 37.21 38.03 36.81 37.35 1826508 90666552.00
2023/02/10 37.13 37.63 36.13 36.42 1442249 70139048.00
2023/02/13 36.80 37.50 36.43 37.12 1909338 94018000.00
2023/02/14 37.20 37.31 36.42 36.55 1019730 49552480.00
2023/02/15 36.55 37.12 36.20 36.33 1201481 58281092.00
2023/02/16 36.20 36.47 35.35 35.43 1364630 65021016.00
2023/02/17 35.43 35.83 34.81 35.40 1392511 65308540.00
2023/02/20 35.10 35.57 34.55 34.70 2450590 113250064.00
2023/02/21 34.67 35.33 34.39 34.73 2395202 110452512.00
2023/02/22 34.86 34.86 34.23 34.42 1152694 52666640.00
2023/02/23 34.23 35.00 34.08 34.38 1368373 62630564.00
2023/02/24 34.40 35.46 34.30 35.39 2776397 129809000.00
2023/02/27 35.21 36.27 34.83 35.47 2172380 102657208.00
2023/02/28 35.31 36.20 35.04 36.08 1193231 56397780.00
2023/03/01 35.82 36.08 34.53 35.02 3984761 185024208.00
2023/03/02 35.03 35.10 34.50 34.73 1082752 49984672.00
2023/03/03 34.58 35.23 34.50 34.58 957065 44206132.00
2023/03/06 34.35 36.04 34.27 35.18 2878309 135261568.00
2023/03/07 35.22 35.58 34.47 34.48 1414599 65206468.00
2023/03/08 34.49 34.72 34.08 34.60 818252 37385768.00
2023/03/09 34.60 34.93 34.18 34.31 841931 38546088.00
2023/03/10 34.04 34.63 33.88 34.33 1369987 62198528.00
2023/03/13 34.33 34.57 33.44 33.74 1238500 55591452.00
2023/03/14 33.86 34.17 33.52 33.73 905049 40675628.00
2023/03/15 33.77 34.27 33.43 33.80 889478 39978988.00
2023/03/16 33.67 33.98 33.16 33.33 1420743 63184528.00
2023/03/17 33.65 33.94 32.63 32.80 1772177 77770704.00
2023/03/20 32.89 33.00 31.24 31.70 3532419 149414864.00
2023/03/21 31.70 32.95 31.66 31.93 3638884 155358176.00
2023/03/22 32.07 32.89 32.00 32.64 1597796 69093248.00
2023/03/23 32.66 33.09 32.23 32.39 1108200 47825324.00
2023/03/24 32.40 32.54 31.58 31.73 1913783 81220008.00
2023/03/27 31.71 31.94 31.21 31.58 1648082 69423960.00
2023/03/28 31.58 31.89 30.89 31.00 2623229 109276120.00
2023/03/29 31.00 31.32 30.76 31.01 2096790 86495536.00
2023/03/30 31.09 32.91 30.77 32.87 3893926 167229440.00
2023/03/31 32.87 34.40 32.36 34.34 3668563 164239056.00
2023/04/03 34.34 34.50 33.73 34.40 2699486 122514016.00
2023/04/04 33.97 34.75 33.18 33.66 2958969 132883768.00
2023/04/06 33.60 33.80 32.47 32.81 2648757 115649240.00
2023/04/07 32.91 34.10 32.83 33.72 2574001 114444112.00
2023/04/10 33.50 33.62 32.25 33.12 2675000 116465424.00
2023/04/11 33.00 33.26 32.36 33.00 1711004 74502608.00
2023/04/12 33.05 33.97 32.62 33.70 2305427 102067984.00
2023/04/13 33.61 33.81 33.12 33.59 1530369 68039600.00
2023/04/14 33.70 34.43 33.52 33.67 2342883 105505248.00
2023/04/17 33.68 34.20 33.35 33.66 1799323 80771400.00
2023/04/18 33.87 33.91 33.22 33.73 2173308 96785728.00
2023/04/19 36.67 37.93 35.43 36.18 9672001 468404384.00
2023/04/20 36.58 37.10 35.10 36.26 6572145 314860960.00
2023/04/21 36.87 37.73 36.20 36.87 5601353 275377568.00
2023/04/24 37.12 37.73 36.20 37.24 4310151 213264560.00
2023/04/25 37.25 37.55 36.35 36.77 2563473 125635736.00
2023/04/26 37.23 38.65 36.60 37.60 4610457 230503856.00
2023/04/27 37.73 38.50 37.26 37.50 2900155 144925376.00
2023/04/28 37.35 37.92 36.62 36.97 2362716 115890552.00
2023/05/04 36.63 37.12 35.20 35.83 5522959 263393968.00
2023/05/05 35.90 36.16 35.06 35.38 2535191 118931376.00
2023/05/08 35.34 35.55 34.48 34.77 1922368 89041896.00
2023/05/09 34.82 35.66 34.12 34.20 2375950 109493008.00
2023/05/10 33.78 34.48 33.41 34.05 2049207 92319008.00
2023/05/11 34.27 34.27 33.51 33.58 1425916 64019028.00
2023/05/12 34.17 34.17 32.70 33.01 1308421 57601128.00
2023/05/15 32.72 33.66 32.62 33.57 1833223 80872056.00
2023/05/16 33.20 34.12 33.10 33.90 2276315 101767768.00
2023/05/17 33.58 34.87 33.50 34.30 2194800 99604248.00
2023/05/18 34.24 34.81 34.00 34.57 1728898 79169464.00
2023/05/19 34.56 35.35 34.31 35.24 1310142 60812916.00
2023/05/22 35.23 36.01 35.12 35.47 1147281 53929020.00
2023/05/23 35.47 35.66 34.74 35.17 975359 45563204.00
2023/05/24 35.12 36.03 34.66 35.58 1554406 73102144.00
2023/05/25 35.77 36.03 34.95 35.51 1303029 61090604.00
2023/05/26 35.34 35.79 34.70 35.14 1123750 52320000.00
2023/05/29 35.80 37.71 35.43 35.67 4027836 193947888.00
2023/05/30 35.89 36.17 34.70 35.36 1903260 89205688.00
2023/05/31 35.42 36.21 35.07 35.62 1446042 68338216.00
2023/06/01 35.41 35.89 35.12 35.25 1322373 62044832.00
2023/06/02 35.58 35.89 34.44 34.73 2059566 95411640.00
2023/06/05 35.12 35.32 34.35 34.50 1651788 76071672.00
2023/06/06 34.60 34.62 33.20 33.43 2428972 108335840.00
2023/06/07 33.74 33.83 32.75 32.91 2357128 103782576.00
2023/06/08 32.91 33.35 32.07 32.54 4140834 137629936.00
2023/06/09 32.37 33.81 31.87 32.93 7506122 252041008.00
2023/06/12 32.87 33.43 32.30 32.45 4136037 138252352.00
2023/06/13 32.31 32.95 31.90 32.47 2733915 90649672.00
2023/06/14 32.38 33.54 32.00 33.29 3476115 116451136.00
2023/06/15 33.37 33.63 32.95 33.32 2052347 69596240.00
2023/06/16 33.32 33.62 33.03 33.21 1794315 60868856.00
2023/06/19 33.45 33.85 33.18 33.52 2612155 89206824.00
2023/06/20 33.55 34.03 33.42 33.79 2041469 70407368.00
2023/06/21 33.71 34.15 33.24 33.29 2105400 72054712.00
2023/06/26 33.35 33.45 32.80 32.93 1848961 62377332.00
2023/06/27 33.08 33.75 32.89 33.55 2217154 75833568.00
2023/06/28 33.55 34.10 33.36 34.00 3487144 120317224.00
2023/06/29 34.01 34.50 33.38 33.68 2772800 96111264.00
2023/06/30 33.75 34.85 33.56 34.67 3365710 118125568.00
2023/07/03 34.95 37.34 34.95 36.71 6990492 259377072.00
2023/07/04 36.59 37.15 36.41 36.96 4297461 161030272.00
2023/07/05 36.90 37.13 36.22 36.60 3528391 131825024.00
2023/07/06 36.79 36.84 35.57 35.82 2697579 98767368.00
2023/07/07 35.97 35.97 34.79 34.94 2082903 74484568.00
2023/07/10 34.85 35.31 34.28 35.25 1886389 67324528.00
2023/07/11 35.15 35.86 34.97 35.43 2135004 76894848.00
2023/07/12 35.72 35.72 34.65 34.92 2518320 89421680.00
2023/07/13 35.35 35.35 34.78 35.05 2510318 89583672.00
2023/07/14 34.98 35.06 34.18 34.40 3025705 106617920.00
2023/07/17 34.20 34.75 33.80 34.02 2093287 72869880.00
2023/07/18 34.03 34.40 33.45 33.88 1754210 60595592.00
2023/07/19 33.75 33.97 33.38 33.54 1407817 48214852.00
2023/07/20 33.44 33.84 32.97 33.08 1767330 59922784.00
2023/07/21 33.07 33.43 32.50 33.10 2281498 76995888.00
2023/07/24 33.10 33.95 33.02 33.70 2283604 78502024.00
2023/07/25 34.03 34.90 33.87 34.70 2781533 97557304.00
2023/07/26 34.77 34.87 34.23 34.47 1188947 41750564.00
2023/07/27 34.55 34.64 33.75 33.89 2742466 95135904.00
2023/07/28 33.88 33.92 31.93 32.21 4960810 164200720.00
2023/07/31 32.34 32.73 31.07 31.22 6326170 202619168.00
2023/08/01 31.25 32.83 31.10 32.25 4719276 154588288.00
2023/08/02 32.26 33.28 32.03 33.05 3813969 128088376.00
2023/08/03 33.05 33.35 31.99 32.08 2585130 85431568.00
2023/08/04 31.94 32.34 31.25 31.88 2504485 81161416.00
2023/08/07 31.62 32.32 31.62 32.27 1818700 59513888.00
2023/08/08 32.27 32.89 31.76 32.39 2261709 74397672.00
2023/08/09 32.19 32.83 31.90 32.75 2056890 68230600.00
2023/08/10 32.47 33.08 32.15 32.93 1962353 65649204.00
2023/08/11 32.92 33.68 32.60 33.17 3276177 111293880.00
2023/08/14 33.17 33.45 32.58 33.20 2085335 70287624.00
2023/08/15 33.11 33.34 32.53 32.99 2261385 75706920.00
2023/08/16 31.32 33.47 31.32 32.25 3185932 105710664.00
2023/08/17 32.21 33.85 31.45 33.46 4561627 152559792.00
2023/08/18 33.35 34.43 33.01 33.17 3778445 130105256.00
2023/08/21 33.28 33.35 32.35 32.45 2377615 79011936.00
2023/08/22 32.54 32.95 31.66 32.31 2449268 80559320.00
2023/08/23 32.16 32.32 31.33 31.45 3106666 100248176.00
2023/08/24 30.88 31.95 30.83 31.40 3041606 97301768.00
2023/08/25 31.25 31.81 30.95 31.08 1698205 54388308.00
2023/08/28 33.15 33.30 31.08 31.12 2844145 92460184.00
2023/08/29 31.20 33.54 31.12 33.22 3985079 132801888.00
2023/08/30 33.18 34.20 33.05 33.95 3289158 113464920.00
2023/08/31 33.98 34.80 33.91 34.46 3698259 129922344.00
2023/09/01 34.33 34.71 33.94 34.49 2144268 74805952.00
2023/09/04 34.37 34.81 33.80 34.05 2070215 72038672.00
2023/09/05 33.85 34.32 33.71 33.87 1435441 49636984.00
2023/09/06 33.70 34.31 33.20 34.06 1902502 65562448.00
2023/09/07 34.08 34.08 33.15 33.17 1371342 46704080.00
2023/09/08 33.34 33.77 32.85 33.02 1609380 54547544.00
2023/09/11 33.15 33.16 32.28 32.57 2566980 85242096.00
2023/09/12 32.73 32.73 32.14 32.19 1449044 47804784.00
2023/09/13 32.01 32.45 31.73 32.20 2750301 90104800.00
2023/09/14 32.50 32.50 31.67 32.25 1633515 53480868.00
2023/09/15 32.29 32.84 32.02 32.54 1399168 46339672.00
2023/09/18 32.44 32.80 32.07 32.31 1163690 38524456.00
2023/09/19 32.31 32.55 31.86 32.40 1018632 33482610.00
2023/09/20 32.37 32.53 31.95 32.02 1007530 33014050.00
2023/09/21 31.83 32.44 31.80 31.85 1020244 33347260.00
2023/09/22 31.98 32.23 31.41 32.05 1604455 52052992.00
2023/09/25 32.05 32.05 30.94 31.00 3475848 110828312.00
2023/09/26 30.93 31.13 30.24 30.42 2373328 73923336.00
2023/09/27 30.47 31.25 30.26 30.96 2596870 82001888.00
2023/09/28 30.72 31.07 30.36 30.54 1587060 49567036.00
2023/10/09 30.65 30.65 29.79 30.24 2200241 67535576.00
2023/10/10 30.23 30.52 29.07 29.25 2796750 84289864.00
2023/10/11 29.37 29.50 28.35 28.83 3740176 110540656.00
2023/10/12 28.89 29.43 28.62 29.01 2498442 73932976.00
2023/10/13 29.02 29.47 28.51 29.11 2361073 69915328.00
2023/10/16 29.35 29.44 28.63 29.00 1351378 39918412.00
2023/10/17 28.75 28.98 28.43 28.87 1784990 52334568.00
2023/10/18 28.88 29.04 28.51 28.69 1443920 42423976.00
2023/10/19 28.29 29.12 28.03 28.85 2373056 69739840.00
2023/10/20 28.52 29.00 28.51 28.54 1470815 43096532.00
2023/10/23 28.43 28.47 27.51 27.63 1633787 46840744.00
2023/10/24 27.98 28.34 27.15 28.22 1971509 56380480.00
2023/10/25 28.44 30.15 28.44 29.45 3808055 114673688.00
2023/10/26 29.06 29.62 28.23 28.78 1855665 54426796.00
2023/10/27 28.71 30.23 28.47 29.94 2231990 67434576.00
2023/10/30 29.74 30.37 29.56 30.06 1611460 49396384.00
2023/10/31 30.07 30.59 29.66 30.30 1495390 46333676.00
2023/11/01 30.36 30.45 29.90 29.91 666775 20473432.00
2023/11/02 29.91 30.29 28.80 28.85 1639007 48853348.00
2023/11/03 28.91 29.35 28.73 29.00 1348804 40125332.00
2023/11/06 29.08 29.93 28.97 29.65 1569525 47536568.00
2023/11/07 29.45 29.85 29.09 29.23 1222685 36595340.00
2023/11/08 29.40 29.40 28.63 28.80 1482745 43823988.00
2023/11/09 28.80 29.14 28.54 28.91 852675 25184326.00
2023/11/10 28.91 29.10 28.58 28.85 684633 20154368.00
2023/11/13 28.50 30.00 28.50 29.54 2765954 82709464.00
2023/11/14 29.57 30.82 29.57 30.08 2673272 82486856.00
2023/11/15 30.25 30.64 29.97 30.36 1853615 57364304.00
2023/11/16 30.12 30.80 29.40 29.56 1412485 42925476.00
2023/11/17 29.34 30.00 29.21 29.92 1020315 31012678.00
2023/11/20 30.10 31.22 29.58 30.68 2340980 73048760.00
2023/11/21 30.93 30.96 29.93 30.00 1717615 53049496.00
2023/11/22 29.79 30.03 29.38 29.45 1414670 42817496.00
2023/11/23 29.27 30.00 29.21 29.95 1385881 41853244.00
2023/11/24 30.25 30.25 29.17 29.34 1112710 33430264.00
2023/11/27 29.05 29.53 29.04 29.22 1231066 36754852.00
2023/11/28 29.13 29.39 28.95 29.23 866440 25843876.00
2023/11/29 29.53 29.80 29.06 29.45 1384742 41719228.00
2023/11/30 29.43 29.77 29.12 29.31 1285960 38702664.00
2023/12/01 29.50 30.18 29.05 29.80 3023095 92071328.00
2023/12/04 29.73 30.01 29.40 29.59 1427300 43270308.00
2023/12/05 29.61 29.75 28.66 28.66 1606275 47782520.00
2023/12/06 28.72 29.05 28.35 28.81 1360685 40021176.00
2023/12/07 28.81 28.84 27.95 28.45 2223565 64541884.00
2023/12/08 28.67 28.85 28.02 28.39 2356893 68369992.00
2023/12/11 28.74 29.25 27.93 29.18 2106271 61886788.00
2023/12/12 29.33 29.43 28.57 29.17 1907281 56611504.00
2023/12/13 29.15 29.65 28.88 29.20 1403785 42201000.00
2023/12/14 29.21 29.57 28.85 28.85 749910 22305852.00
2023/12/15 28.93 29.30 28.75 29.12 1778385 52871616.00
2023/12/18 29.28 29.52 28.81 28.87 1168735 34886104.00
2023/12/19 29.05 29.25 28.29 28.50 1154274 33812864.00
2023/12/20 28.59 28.59 27.26 27.57 1599395 45467744.00
2023/12/21 27.43 27.79 26.75 27.49 1646812 46039840.00
2023/12/22 27.49 28.48 27.15 28.22 1947314 55781920.00
2023/12/25 28.22 29.30 28.15 28.79 1999607 59152316.00
2023/12/26 28.79 29.09 28.22 28.87 1261405 36934840.00
2023/12/27 28.86 29.11 28.37 28.85 1505504 44261796.00
2023/12/28 28.83 29.49 28.67 29.22 2354321 70377120.00
2023/12/29 29.22 29.62 28.86 29.55 2653307 79499768.00
2024/01/02 29.50 30.24 29.28 29.69 3208510 98101952.00
2024/01/03 29.39 29.75 27.75 28.12 4047838 117561688.00
2024/01/04 28.12 28.28 26.85 27.53 3356144 94094240.00
2024/01/05 27.52 27.52 26.38 26.59 2830223 77848912.00
2024/01/08 26.70 26.70 25.78 25.78 1668925 44718064.00
2024/01/09 25.91 26.24 25.39 25.69 2284065 60359552.00
2024/01/10 25.56 26.00 25.05 25.83 2088095 54960556.00
2024/01/11 25.85 25.92 25.13 25.67 2515042 65709208.00
2024/01/12 25.52 25.66 24.94 24.95 1851390 47917876.00
2024/01/15 24.95 24.97 23.58 23.78 3458170 85399880.00
2024/01/16 23.85 23.90 23.23 23.53 2156740 52026416.00
2024/01/17 23.26 23.53 22.32 22.34 3983252 93262528.00
2024/01/18 22.14 22.66 21.86 22.58 2960296 67644856.00
2024/01/19 22.54 22.83 22.28 22.69 2139473 49698676.00
2024/01/22 22.68 22.68 20.94 21.16 3848402 86390288.00
2024/01/23 21.15 21.64 20.62 21.47 2372658 51772472.00
2024/01/24 21.49 21.92 20.85 21.50 2430100 53554996.00
2024/01/25 21.45 22.43 21.17 22.07 3463690 78610264.00
2024/01/26 22.09 22.34 21.48 21.54 2197870 49424116.00
2024/01/29 21.58 22.73 21.42 21.80 4858786 110449600.00
2024/01/30 21.55 21.93 20.70 20.72 2726476 59752876.00
2024/01/31 20.49 21.03 19.80 19.88 3462276 72460064.00
2024/02/01 19.77 20.33 19.36 19.93 2232125 45971292.00
2024/02/02 19.98 20.24 18.15 18.66 4481890 88366392.00
2024/02/05 18.45 18.73 16.54 17.85 4401909 80684344.00
2024/02/06 17.86 19.84 17.13 19.62 4369142 85746600.00
2024/02/07 19.48 21.05 19.48 20.54 3671498 77673016.00
2024/02/08 20.54 21.93 20.15 21.62 4477322 98957296.00
2024/02/19 21.67 22.09 21.35 21.68 3544139 78880960.00
2024/02/20 21.55 21.61 21.10 21.37 2451189 53785300.00
2024/02/21 21.31 22.41 21.07 21.65 2303339 51809932.00
2024/02/22 21.65 21.92 21.15 21.87 2767652 61431428.00
2024/02/23 21.87 22.82 21.68 22.70 3053855 70033008.00
2024/02/26 22.64 23.53 22.45 22.92 2822455 66383704.00
2024/02/27 22.78 23.47 22.45 23.38 2527219 59536696.00
2024/02/28 23.24 23.73 21.83 21.90 3606098 84581824.00
2024/02/29 21.62 22.77 21.62 22.75 2204509 50865068.00
2024/03/01 22.73 22.99 22.56 22.85 1918191 44962164.00
2024/03/04 22.75 23.05 22.30 22.48 1676840 38819984.00
2024/03/05 22.46 22.93 22.25 22.56 2208735 51591472.00
2024/03/06 22.55 22.85 22.05 22.45 1410430 32570012.00
2024/03/07 22.45 23.02 22.11 22.12 2196603 51023496.00
2024/03/08 22.08 22.40 21.80 22.20 1337480 30397828.00
2024/03/11 22.24 22.95 22.24 22.92 2252009 52613500.00
2024/03/12 22.92 24.55 22.92 24.23 5060840 124736432.00
2024/03/13 24.18 24.90 23.66 24.57 3816120 95272576.00
2024/03/14 24.32 24.53 23.84 24.05 2430895 60248504.00
2024/03/15 23.93 24.23 23.65 23.91 1771470 43449408.00
2024/03/18 23.97 24.34 23.71 24.30 2177845 53728468.00
2024/03/19 24.07 24.30 23.90 23.95 1491748 36876960.00
2024/03/20 23.89 24.22 23.64 23.78 1801028 44035068.00
2024/03/21 23.73 23.85 22.97 23.38 2416763 57955944.00
2024/03/22 23.41 23.49 22.97 23.09 1629285 38772436.00
2024/03/25 23.09 23.09 22.18 22.18 2002945 46602340.00
2024/03/26 22.18 22.43 21.72 21.95 1598105 36162800.00
2024/03/27 21.87 22.04 21.36 21.39 1787943 39932264.00
2024/03/28 21.16 22.47 21.16 22.18 2223225 50295748.00
2024/03/29 22.17 23.60 22.01 23.55 4524035 107716232.00
2024/04/01 23.55 23.61 23.10 23.29 2820410 67433744.00
2024/04/02 23.07 23.44 22.52 23.26 2617533 61891744.00
2024/04/03 23.08 23.64 22.87 23.16 3734825 89283848.00
2024/04/08 23.35 23.40 22.19 22.20 3210528 74804688.00
2024/04/09 22.15 23.13 22.09 23.09 2645579 61983940.00
2024/04/10 23.09 23.35 22.26 22.52 1311124 30439232.00
2024/04/11 22.23 22.66 22.04 22.15 1484235 34132832.00
2024/04/12 22.12 22.64 22.11 22.26 1328521 30610618.00
2024/04/15 22.27 22.68 21.20 21.59 5255659 117127512.00
2024/04/16 21.40 21.72 20.66 20.67 2848360 61796340.00
2024/04/17 20.85 22.02 20.85 21.95 2243244 49514520.00
2024/04/18 22.03 22.19 21.53 21.94 2128255 47903252.00
2024/04/19 21.85 22.87 21.80 22.61 4278194 99087280.00
2024/04/22 22.35 24.01 21.96 23.61 6210865 149245536.00
2024/04/23 23.47 23.82 23.03 23.19 3336424 79934648.00
2024/04/24 23.23 23.59 22.78 23.41 2947825 70232512.00
2024/04/25 23.30 23.35 22.90 23.03 2362074 56042284.00
2024/04/26 23.15 23.83 22.91 23.59 3558893 85780896.00
2024/04/29 23.65 24.01 23.57 23.88 3517460 86101608.00
2024/04/30 24.08 24.15 23.41 23.54 2512065 61084016.00
2024/05/06 24.09 24.30 23.82 24.22 5793576 143358768.00
2024/05/07 24.27 24.77 24.13 24.59 5082638 127697344.00
2024/05/08 24.69 24.69 23.71 23.78 3549087 87619856.00
2024/05/09 23.70 28.34 23.68 27.03 13532526 356725408.00
2024/05/10 26.61 26.83 26.06 26.68 6377320 172328816.00
2024/05/13 26.25 26.47 25.15 25.51 5437832 143577568.00
2024/05/14 25.38 25.73 24.87 25.24 4645683 120036120.00
2024/05/15 25.05 26.01 24.95 25.71 5273510 138452640.00
2024/05/16 25.65 26.08 24.90 25.01 3221430 83714104.00
2024/05/17 25.02 26.45 24.35 26.30 4930621 129664720.00
2024/05/20 26.35 26.92 26.00 26.18 4770619 129268408.00
2024/05/21 25.96 26.43 25.17 26.40 5445687 144099696.00
2024/05/22 26.10 26.40 25.57 25.97 3143985 83553496.00
2024/05/23 25.95 25.95 25.18 25.40 2773005 71544032.00
2024/05/24 25.32 25.56 24.75 24.81 2404150 61236252.00
2024/05/27 24.77 25.11 24.18 25.06 2340005 58361428.00
2024/05/28 24.95 25.55 24.55 24.93 3006709 76513392.00
2024/05/29 24.70 25.33 24.58 24.88 2711472 68702464.00
2024/05/30 24.57 25.24 24.46 24.95 3038656 76633048.00
2024/05/31 25.05 25.90 25.05 25.56 4023171 103958896.00
2024/06/03 25.45 25.75 24.90 25.57 3341485 85991376.00
2024/06/04 25.82 26.30 25.33 25.71 3849708 100912832.00
2024/06/05 25.65 27.85 25.47 26.74 9439807 257810480.00
2024/06/06 26.62 26.93 26.17 26.54 4254464 114323968.00
2024/06/07 27.11 27.30 26.01 26.35 3762576 101763600.00
2024/06/11 25.87 27.65 25.17 27.12 4815935 129522912.00
2024/06/12 26.85 27.75 26.74 26.92 4189215 115441072.00
2024/06/13 26.76 27.63 26.47 27.52 3581300 98875840.00
2024/06/14 27.33 27.35 26.97 27.09 2075705 56995944.00
2024/06/17 26.75 27.27 26.73 26.76 1893525 51758728.00
2024/06/18 26.72 26.97 26.19 26.28 2351770 63101848.00
2024/06/19 26.16 26.39 25.75 25.78 1850955 48680668.00
2024/06/20 25.66 26.15 25.61 25.73 1865155 48827784.00
2024/06/21 25.65 26.58 25.60 26.25 2191595 58202612.00
2024/06/24 25.90 26.20 25.23 25.25 2203350 57348716.00
2024/06/25 24.91 25.40 24.76 24.97 1674980 42628396.00
2024/06/26 25.24 25.59 24.57 25.52 1865450 47583852.00
2024/06/27 25.35 25.78 24.99 25.07 1342704 34466208.00
2024/06/28 25.03 26.50 24.93 26.09 3692138 97590640.00
2024/07/01 26.15 26.23 25.04 25.60 2417994 62505972.00
2024/07/02 25.32 25.74 25.26 25.54 1572174 40679912.00
2024/07/03 25.37 25.54 24.68 25.14 1075988 27446418.00
2024/07/04 25.52 25.52 24.52 24.68 1207080 30598300.00
2024/07/05 24.65 25.11 23.94 24.98 2428125 60155368.00
2024/07/08 24.85 24.98 23.65 23.80 2697844 66114708.00
2024/07/09 23.85 23.90 23.01 23.66 2592170 61866080.00
2024/07/10 23.68 24.48 23.45 23.98 2446310 59788920.00
2024/07/11 24.43 25.06 24.14 24.92 2218781 55564352.00
2024/07/12 24.85 25.04 24.40 24.52 1361095 34030476.00
2024/07/15 25.02 25.02 24.27 24.41 1168265 28966726.00
2024/07/16 24.40 24.60 24.15 24.46 874175 21617082.00
2024/07/17 24.54 24.65 24.13 24.28 1144670 28176260.00
2024/07/18 24.05 25.38 23.85 25.11 3052760 76847912.00
2024/07/19 25.05 25.82 24.93 25.32 2076587 53553068.00
2024/07/22 25.35 25.83 25.22 25.51 1844294 47799488.00
2024/07/23 25.47 25.64 24.56 24.77 2509104 63483008.00
2024/07/24 24.74 25.51 24.57 25.19 2003669 51142680.00
2024/07/25 25.15 25.25 24.65 24.89 1315770 33200794.00
2024/07/26 24.89 26.15 24.80 25.90 2323145 60500680.00
2024/07/29 25.90 26.10 25.65 25.79 1636051 42898120.00
2024/07/30 25.92 25.95 25.40 25.76 1531180 39835444.00
2024/07/31 25.75 26.36 25.46 26.36 3261190 85984928.00
2024/08/01 26.27 26.85 26.00 26.15 2511130 67163864.00
2024/08/02 25.89 26.25 25.53 25.58 1899835 49815052.00
2024/08/05 25.43 25.85 24.41 24.55 3345270 84566912.00
2024/08/06 24.77 25.52 24.60 24.97 2236070 56784308.00
2024/08/07 24.66 25.25 24.66 24.73 1792096 45301152.00
2024/08/08 24.55 24.71 23.89 24.21 1752072 43108128.00
2024/08/09 24.34 24.63 23.86 23.91 1689305 41416488.00
2024/08/12 23.87 23.91 23.20 23.38 2454270 58340196.00
2024/08/13 23.38 23.64 22.75 23.18 1794185 42138888.00
2024/08/14 23.07 23.25 22.66 22.73 1475620 34251832.00
2024/08/15 22.74 23.25 22.60 22.96 2576425 59998200.00
2024/08/16 23.28 23.34 22.82 22.86 1842658 43123860.00
2024/08/19 22.90 23.73 22.75 23.15 2087245 49333936.00
2024/08/20 23.32 23.61 22.45 22.71 1859265 43292024.00
2024/08/21 22.72 22.94 22.22 22.35 1483335 33805848.00
2024/08/22 22.35 22.61 22.05 22.19 1094550 24736456.00
2024/08/23 22.00 22.39 21.96 22.23 1824702 41135472.00
2024/08/26 22.26 22.48 21.74 21.86 1346334 30169850.00
2024/08/27 21.90 22.20 21.58 21.81 1641723 36377396.00
2024/08/28 21.70 22.30 21.67 22.21 1208305 27137868.00
2024/08/29 22.40 22.62 22.04 22.43 1457360 33175954.00
2024/08/30 22.32 22.96 22.21 22.49 4309549 99082736.00
2024/09/02 22.37 22.38 21.69 21.78 1846040 41213024.00
2024/09/03 21.78 22.06 21.53 21.78 2330832 51533448.00
2024/09/04 21.59 21.90 21.42 21.69 1367605 30163000.00
2024/09/05 21.75 22.06 21.58 21.81 1778435 39506756.00
2024/09/06 21.92 21.92 21.14 21.14 1887970 40990676.00
2024/09/09 21.16 21.31 20.98 21.05 1071480 23010770.00
2024/09/10 20.95 21.27 20.14 20.71 2491228 52202680.00
2024/09/11 20.85 20.85 20.35 20.51 2080245 43470952.00
2024/09/12 20.55 20.83 20.01 20.27 2893898 59715348.00
2024/09/13 20.27 20.35 19.57 19.68 2187163 44364268.00
2024/09/18 19.78 19.84 19.16 19.45 1678034 33069504.00
2024/09/19 19.67 19.93 19.01 19.46 2573451 51016256.00
2024/09/20 19.56 19.56 18.97 19.20 1646755 32130506.00
2024/09/23 19.06 19.47 18.85 18.97 1654565 32181764.00
2024/09/24 19.06 19.79 18.90 19.62 3432975 67785416.00
2024/09/25 19.75 20.42 19.52 19.52 4488777 90850392.00
2024/09/26 19.54 20.60 19.33 20.56 3906350 79311488.00
2024/09/27 20.85 22.55 20.85 21.95 7384058 163191056.00
2024/09/30 24.53 26.16 22.93 26.15 10958666 274104000.00
2024/10/08 31.15 31.43 26.72 28.69 16285076 474168640.00
2024/10/09 27.55 27.55 24.16 24.60 13005606 339713248.00
2024/10/10 24.60 25.63 23.95 24.04 9180418 229998832.00
2024/10/11 24.10 24.20 22.42 22.83 9562360 224018864.00
2024/10/14 23.44 23.91 22.66 23.82 7892540 186746288.00
2024/10/15 23.65 24.30 23.13 23.20 5920084 141883696.00
2024/10/16 22.90 24.50 22.90 23.88 7800645 190118144.00
2024/10/17 23.95 24.59 23.56 23.92 6115445 148186384.00
2024/10/18 23.42 25.94 23.42 25.24 12499085 315194720.00
2024/10/21 25.54 26.70 24.95 25.82 9828904 257570208.00
2024/10/22 25.72 26.10 24.71 25.48 7880170 202074288.00
2024/10/23 25.64 26.45 25.45 25.60 7142703 186444640.00
2024/10/24 25.45 25.85 24.96 25.34 5034828 128448056.00
2024/10/25 25.36 26.15 25.17 25.69 5646317 146397072.00
2024/10/28 25.70 26.27 25.51 26.05 5870350 153708048.00
2024/10/29 26.23 26.23 25.43 25.45 4631819 119925272.00
2024/10/30 25.43 25.53 24.71 24.88 3874670 97911104.00
2024/10/31 24.86 25.02 23.75 24.43 10190605 251052720.00
2024/11/01 24.25 24.43 23.56 23.85 6961121 168281328.00
2024/11/04 23.85 24.91 23.85 24.89 5733003 142488496.00
2024/11/05 24.99 26.44 24.99 25.93 7361855 191631856.00
2024/11/06 26.24 26.85 25.55 25.92 9717209 255289904.00
2024/11/07 25.72 26.01 24.93 25.97 10347432 266970928.00
2024/11/08 25.70 26.85 25.70 26.25 9544720 254063200.00
2024/11/11 26.06 27.70 26.06 27.40 11266302 308136928.00
2024/11/12 27.69 27.69 26.33 26.61 7425440 201654224.00
2024/11/13 26.30 26.88 25.90 26.34 4919106 130657152.00
2024/11/14 26.21 26.67 25.35 25.43 5213520 136351648.00
2024/11/15 25.30 25.51 24.47 24.48 5501585 138361184.00
2024/11/18 24.79 25.34 24.06 25.06 5372318 134529008.00
2024/11/19 24.93 25.18 24.15 25.04 4870784 121302056.00
2024/11/20 24.95 25.22 24.67 25.09 4394888 110725776.00
2024/11/21 24.87 25.22 24.61 24.92 3675192 92207144.00
2024/11/22 24.76 24.91 23.57 23.58 6089772 149349648.00
2024/11/25 23.60 23.84 22.53 22.94 6588140 153054560.00
2024/11/26 22.90 23.20 22.63 22.71 4658585 107422928.00
2024/11/27 22.55 23.43 22.28 23.43 4814715 111629736.00
2024/11/28 23.44 23.49 22.95 23.03 2609550 61329996.00
2024/11/29 22.99 24.00 22.86 23.66 4926617 117355512.00
2024/12/02 23.62 24.34 23.33 24.12 5537625 134503552.00
2024/12/03 24.10 24.19 23.18 23.36 6378960 151609984.00
2024/12/04 23.36 23.45 22.97 23.13 3893075 91123136.00
2024/12/05 23.06 24.00 22.98 23.75 5793176 138236336.00
2024/12/06 23.75 24.33 23.47 24.33 5528304 134068104.00
2024/12/09 24.45 25.68 24.37 25.45 10553265 268542112.00
2024/12/10 26.46 27.75 26.33 26.45 18618648 506871136.00
2024/12/11 26.75 27.33 26.46 26.80 7999394 216165104.00
2024/12/12 26.97 28.65 26.85 27.60 16071864 453809856.00
2024/12/13 27.75 27.80 27.03 27.30 7445786 205730736.00
2024/12/16 27.33 27.52 26.50 26.74 5445219 148119280.00
2024/12/17 26.47 26.82 25.78 26.07 7605643 200772832.00
2024/12/18 26.07 26.25 25.41 25.54 5360315 139152032.00
2024/12/19 25.46 25.52 24.78 25.23 4591830 116274368.00
2024/12/20 25.27 25.80 24.95 25.48 3822451 98093840.00
2024/12/23 25.75 25.95 24.49 24.55 5428890 137216432.00
2024/12/24 24.78 24.89 24.20 24.56 3960040 97930648.00
2024/12/25 24.55 24.55 23.39 23.89 7386229 177580496.00
2024/12/26 23.98 24.52 23.58 24.11 8813895 214525312.00
2024/12/27 24.75 24.95 23.71 23.75 9655630 234658512.00
2024/12/30 23.85 23.94 22.74 22.83 9995079 233023856.00
2024/12/31 22.84 23.03 21.67 21.67 9817372 220036512.00
2025/01/02 21.74 22.33 21.09 21.29 8094811 176639280.00
2025/01/03 21.41 21.60 20.86 20.97 7175886 153923984.00
2025/01/06 20.95 21.24 20.71 20.99 6862420 145516736.00
2025/01/07 21.02 21.08 20.07 20.77 8592443 179041024.00
2025/01/08 20.75 20.75 19.97 20.47 5443066 112244528.00
2025/01/09 20.35 21.60 20.25 21.30 9804312 209184112.00
2025/01/10 21.16 21.94 20.83 20.85 7266972 157474432.00
2025/01/13 20.75 20.96 20.42 20.54 3658970 76479824.00
2025/01/14 20.57 21.34 20.35 21.34 6086815 129540880.00
2025/01/15 21.19 21.31 20.88 20.98 4950332 105214928.00
2025/01/16 21.08 21.42 20.47 20.86 7495192 158454256.00
2025/01/17 20.72 21.09 20.48 20.90 5489142 115532328.00
2025/01/20 20.95 21.43 20.62 21.08 9686031 205831376.00
2025/01/21 21.10 21.21 20.66 21.05 5741519 121446360.00
2025/01/22 20.78 20.98 20.65 20.73 4355759 91607320.00
2025/01/23 20.90 21.43 20.75 20.75 7536860 160757424.00
2025/01/24 20.78 21.04 20.51 21.03 5460780 115389520.00
2025/01/27 21.17 21.47 20.67 21.09 7603600 161880704.00
2025/02/05 21.15 21.43 20.96 21.28 5504265 118171784.00
2025/02/06 21.29 21.87 21.10 21.70 7138555 155454272.00
2025/02/07 21.70 22.15 21.47 21.91 8208990 181364528.00
2025/02/10 21.91 22.20 21.73 22.10 6073973 135055696.00
2025/02/11 22.23 22.24 21.67 21.74 4778540 105295256.00
2025/02/12 21.65 21.86 21.55 21.85 4152560 91248184.00
2025/02/13 21.85 21.89 21.38 21.45 4674785 102132680.00
2025/02/14 21.35 21.53 21.25 21.35 4683262 101170408.00
2025/02/17 21.37 21.61 21.21 21.44 4333346 93623744.00
2025/02/18 21.34 21.88 21.21 21.37 5863380 127754184.00
2025/02/19 21.35 21.92 21.30 21.86 6108926 134274448.00
2025/02/20 21.82 22.14 21.70 22.10 6467338 143990688.00
2025/02/21 22.10 22.39 21.77 22.23 7176875 160118592.00
2025/02/24 22.22 22.29 21.77 21.99 4676415 104052056.00
2025/02/25 21.80 22.05 21.69 21.82 4153420 91852480.00
2025/02/26 21.80 22.40 21.76 22.24 5827135 130510720.00
2025/02/27 22.45 22.54 21.55 21.89 8246274 182346720.00
2025/02/28 21.76 22.09 21.44 21.55 5913496 129979624.00
2025/03/03 21.55 21.91 21.54 21.58 4606644 101255880.00
2025/03/04 21.61 22.06 21.61 22.02 6013575 133430160.00
2025/03/05 22.03 22.27 21.70 21.97 4064304 90115504.00
2025/03/06 22.07 22.48 21.89 22.35 7355621 165028640.00
2025/03/07 22.25 23.90 22.06 23.36 16772369 395053632.00
2025/03/10 23.55 25.05 23.55 24.73 20069702 496261856.00
2025/03/11 24.15 25.30 24.11 24.85 15332534 382961184.00
2025/03/12 24.80 24.90 24.05 24.15 12338845 303167520.00
2025/03/13 24.10 24.41 23.66 24.03 9002729 217719120.00
2025/03/14 24.03 24.20 23.71 24.03 8150907 197810112.00
2025/03/17 24.08 24.11 23.46 23.66 6952405 166479456.00
2025/03/18 23.67 24.68 23.62 24.12 9212103 225152528.00
2025/03/19 23.98 24.11 23.69 23.75 4643500 111893560.00
2025/03/20 23.73 24.08 23.40 23.81 5916575 142376416.00
2025/03/21 23.75 24.33 23.22 23.26 7667154 183560256.00
2025/03/24 23.26 23.40 22.29 22.83 7400610 169566176.00
2025/03/25 22.75 23.73 22.60 22.94 9140845 214662240.00
2025/03/26 22.77 23.14 22.68 22.85 4893255 113192080.00
2025/03/27 22.75 23.09 22.10 22.90 7043620 161429616.00
2025/03/28 22.80 23.19 22.70 22.78 4318284 100067768.00
2025/03/31 22.56 22.76 22.14 22.26 5051294 114233568.00
2025/04/01 22.26 23.02 22.22 22.36 6355895 145077696.00
2025/04/02 22.37 22.69 22.22 22.34 4252480 96406248.00
2025/04/03 22.10 22.91 22.00 22.52 5642800 128611336.00
2025/04/07 21.61 21.94 19.09 19.76 11069159 230374528.00
2025/04/08 20.10 21.05 20.10 20.52 8258844 172227696.00
2025/04/09 20.36 21.49 19.94 21.09 7417391 156593520.00
2025/04/10 21.35 21.58 20.93 20.99 8104983 174089808.00
2025/04/11 20.82 21.73 20.71 21.53 7263223 157510160.00
2025/04/14 21.71 22.31 21.57 22.10 7022935 156004928.00
2025/04/15 21.96 22.21 21.53 21.97 5204426 114805976.00
2025/04/16 22.16 22.47 21.35 21.52 7572472 166572544.00
2025/04/17 21.31 22.11 21.19 21.58 7121022 156570928.00
2025/04/18 21.45 21.77 21.31 21.40 3905981 85048168.00
2025/04/21 20.61 21.55 20.19 21.49 8754936 187438432.00
2025/04/22 21.42 22.24 21.40 21.77 6736679 149555408.00
2025/04/23 21.77 21.98 21.49 21.57 4515945 99048224.00
2025/04/24 21.41 21.69 21.40 21.45 2930610 63794952.00
2025/04/25 21.41 21.61 21.16 21.34 2336258 50448076.00
2025/04/28 21.48 21.49 20.95 21.14 2413849 51577516.00
2025/04/29 21.11 21.78 21.07 21.57 2939440 64085040.00
2025/04/30 21.60 21.70 21.39 21.44 2223251 48322732.00
2025/05/06 21.50 22.85 21.50 22.78 9522965 216911456.00
2025/05/07 22.88 23.16 22.58 22.84 7354005 169861200.00
2025/05/08 22.65 23.09 22.47 23.08 5151945 119164288.00
2025/05/09 23.08 23.09 22.37 22.45 4256300 97134424.00
2025/05/12 22.49 23.40 22.47 23.38 8544540 199869904.00
2025/05/13 23.38 23.45 22.67 22.70 5249375 122355648.00
2025/05/14 22.68 22.87 22.43 22.47 3282955 74872800.00
2025/05/15 22.48 22.52 21.88 21.91 4090730 91284856.00
2025/05/16 21.88 22.32 21.88 22.00 2138575 47870508.00
2025/05/19 22.09 22.24 21.70 22.17 2233550 49649292.00
2025/05/20 22.16 22.71 21.99 22.55 3719625 84339992.00
2025/05/21 22.67 22.69 22.20 22.63 3042480 69137056.00
2025/05/22 22.50 22.81 22.14 22.15 2569240 58275384.00
2025/05/23 22.05 22.38 21.95 22.05 1743255 39096044.00
2025/05/26 22.04 22.30 21.94 22.24 2375144 53210620.00
2025/05/27 22.15 22.24 21.56 21.77 2966980 65312520.00
2025/05/28 21.74 22.07 21.55 21.64 2867105 63169132.00
2025/05/29 21.57 21.90 21.55 21.72 2966817 65169212.00
2025/05/30 21.72 22.33 21.58 22.25 5535441 123596672.00
2025/06/03 22.25 22.68 21.84 21.96 4891188 109410968.00
2025/06/04 21.95 22.12 21.74 21.80 3474250 76728568.00
2025/06/05 21.83 23.12 21.70 22.75 10263194 235412192.00
2025/06/06 22.78 22.90 22.42 22.49 4562065 103617616.00
2025/06/09 22.58 23.53 22.41 22.99 8137334 188463456.00
2025/06/10 22.97 23.11 22.55 22.62 4408900 100734952.00
2025/06/11 22.51 22.98 22.51 22.55 2843651 64669988.00
2025/06/12 22.45 22.56 22.30 22.37 2643055 59453144.00
2025/06/13 22.40 22.68 22.10 22.36 5029831 113189152.00
2025/06/16 22.18 22.62 21.95 22.26 2890883 64745452.00
2025/06/17 22.19 22.36 21.88 21.98 3108795 68994640.00
2025/06/18 21.86 22.09 21.86 22.05 1834755 40527360.00
2025/06/19 21.95 22.03 21.62 21.80 2305420 50505312.00
2025/06/20 21.78 21.85 21.19 21.27 3284980 70724128.00
2025/06/23 21.27 21.59 21.21 21.46 1680162 36237636.00
2025/06/24 21.38 22.26 21.37 22.16 4158785 91663448.00
2025/06/25 22.16 22.85 22.04 22.52 5425861 122724488.00
2025/06/26 22.66 22.83 22.38 22.44 3938134 89452040.00
2025/06/27 22.44 22.68 22.40 22.48 2816785 63813624.00
2025/06/30 22.55 23.95 22.53 23.68 13234730 312616832.00
2025/07/01 23.87 23.89 23.38 23.60 5473635 129507944.00
2025/07/02 23.79 23.80 23.06 23.22 4320646 101053240.00
2025/07/03 23.13 23.60 22.86 22.96 4863590 113146408.00
2025/07/04 22.80 23.34 22.69 22.77 4190410 96365560.00
2025/07/07 22.70 23.03 22.50 22.91 3448455 79084144.00
2025/07/08 22.90 23.29 22.83 23.24 4195853 97284192.00
2025/07/09 23.10 23.24 22.55 22.59 5600390 128246160.00
2025/07/10 22.70 22.79 22.52 22.63 3323787 75657000.00
2025/07/11 22.67 23.16 22.63 22.87 6446832 148560064.00
2025/07/14 22.83 23.10 22.51 22.61 4859225 110424800.00
2025/07/15 22.61 22.77 22.21 22.33 3527356 79434384.00
2025/07/16 22.27 22.81 22.27 22.52 3263162 74009936.00
2025/07/17 22.52 23.50 22.45 23.36 8418373 195083824.00
2025/07/18 23.46 24.98 23.29 24.39 16830344 407706112.00
2025/07/21 24.24 24.36 23.90 24.16 8280151 200343680.00
2025/07/22 24.00 25.48 24.00 25.05 14610656 367627968.00
2025/07/23 25.31 25.34 24.66 24.78 7358900 184023680.00
2025/07/24 24.77 25.48 24.74 25.07 8339330 210262272.00
2025/07/25 25.07 25.25 24.81 25.14 4513579 113417192.00
2025/07/28 25.20 25.39 24.87 25.21 4306260 108817048.00
2025/07/29 25.10 25.75 24.99 25.72 5509769 139860064.00
2025/07/30 25.75 25.85 24.70 24.97 6531225 165424160.00
2025/07/31 24.80 25.12 24.28 24.53 5809372 143607728.00
2025/08/01 24.51 25.37 24.11 24.90 8721128 217255152.00
2025/08/04 24.78 27.66 24.77 26.60 16107073 425487872.00
2025/08/05 26.59 27.28 26.50 26.88 13420240 362121920.00
2025/08/06 26.88 27.62 26.84 27.21 10113010 276447872.00
2025/08/07 27.05 27.38 26.61 26.85 6521215 176158064.00
2025/08/08 26.88 27.68 26.38 27.45 9861172 268902304.00
2025/08/11 27.85 28.99 27.69 28.35 11762862 335440448.00
2025/08/12 28.43 28.60 27.42 28.07 7169702 200298800.00
2025/08/13 28.13 28.48 27.56 28.20 8183555 230287056.00
2025/08/14 28.19 28.20 26.92 27.01 9055545 248254192.00
2025/08/15 26.93 30.71 26.76 30.64 18836664 551644096.00
2025/08/18 31.33 31.60 30.31 31.19 19576650 606351232.00
2025/08/19 31.30 31.30 29.90 30.56 10494438 322341664.00
2025/08/20 30.55 30.56 29.86 30.41 6242521 189054816.00
2025/08/21 30.50 31.29 30.14 30.53 8697050 267795904.00
2025/08/22 30.30 30.85 30.08 30.63 6608440 201686976.00
2025/08/25 30.91 31.17 30.43 30.79 7613738 235359328.00
2025/08/26 30.90 32.75 30.61 31.29 10064391 320453984.00
2025/08/27 31.10 31.68 29.61 29.74 9186110 281958144.00
2025/08/28 29.89 30.56 28.52 29.84 10986826 324649888.00
2025/08/29 29.60 29.85 28.90 29.10 6465475 190014336.00
2025/09/01 29.70 30.09 28.81 28.99 6425240 188463360.00
2025/09/02 28.90 29.07 27.85 28.70 8185400 232476720.00
2025/09/03 28.59 28.89 27.48 27.68 6618169 186903248.00
2025/09/04 27.82 29.08 27.26 27.90 9665345 273521728.00
2025/09/05 27.93 28.67 27.60 28.49 4977352 141017440.00
2025/09/08 28.49 29.00 28.01 28.79 5520664 158318704.00
2025/09/09 28.79 28.80 27.40 27.54 7445460 208149872.00
2025/09/10 27.54 27.71 27.03 27.42 5178368 142282992.00
2025/09/11 27.43 28.02 26.80 27.81 6534590 179701072.00
2025/09/12 27.70 28.36 27.04 27.78 6787912 187842096.00
2025/09/15 28.02 28.08 27.20 27.25 3943030 108170936.00
2025/09/16 27.24 27.40 26.56 27.23 3944080 106560200.00
2025/09/17 27.12 28.79 27.10 28.49 8363909 235277312.00
2025/09/18 28.25 29.50 28.03 28.60 9353421 269260800.00
2025/09/19 28.45 29.09 28.00 28.50 5290481 151400064.00
2025/09/22 28.42 28.95 28.10 28.57 4312682 122914560.00
2025/09/23 28.69 28.80 27.10 27.73 6987831 193176608.00
2025/09/24 27.55 28.95 27.40 28.93 6664776 188806048.00
2025/09/25 29.00 29.88 28.63 28.91 4994780 146020640.00
2025/09/26 28.80 30.09 27.84 29.09 9967526 289323008.00
2025/09/29 29.13 29.42 28.46 28.86 4499720 130046480.00
2025/09/30 28.99 30.28 28.67 29.94 9184240 272476832.00
2025/10/09 29.94 30.30 28.69 28.96 12977127 379362624.00
2025/10/10 28.82 28.90 26.00 26.50 18728644 513847328.00
2025/10/13 25.40 27.50 25.40 27.24 13230455 354554144.00
2025/10/14 27.19 27.85 26.71 27.09 7746985 210797536.00
2025/10/15 27.09 28.48 26.63 28.45 9411237 262107840.00
2025/10/16 28.42 29.20 28.10 28.57 7694460 221103040.00
2025/10/17 28.60 28.60 27.30 27.48 5673490 158011488.00
2025/10/20 27.40 28.68 27.03 27.58 7367885 206610256.00
2025/10/21 27.84 29.00 27.34 28.53 8140438 230541520.00
2025/10/22 28.52 28.68 27.68 27.97 4046664 113444736.00
2025/10/23 27.90 28.42 27.45 27.84 4132040 115174208.00
2025/10/24 28.00 28.83 27.90 28.65 5616000 159857152.00
2025/10/27 28.91 28.97 27.90 28.04 7658963 216740592.00
2025/10/28 27.90 28.42 27.41 27.69 4618745 128823496.00
2025/10/29 27.77 28.50 27.60 27.86 5066840 142375504.00
2025/10/30 27.86 27.86 26.90 27.08 5074635 138469040.00
2025/10/31 27.08 27.80 26.92 27.40 5819232 159660416.00
2025/11/03 27.44 27.87 26.65 27.70 5924438 161560800.00
2025/11/04 27.56 28.20 27.05 27.36 5188700 143687488.00
2025/11/05 27.03 27.33 26.41 27.04 4331980 116558248.00
2025/11/06 27.01 29.44 26.99 28.83 16265088 468163488.00
2025/11/07 28.53 29.30 28.35 28.86 7634070 219172912.00
2025/11/10 28.78 30.25 28.70 29.88 12106922 360326528.00
2025/11/11 29.98 30.36 29.00 29.39 5777904 170946528.00
2025/11/12 29.33 29.33 28.42 28.85 4385300 126287832.00
2025/11/13 28.77 29.40 28.55 29.04 4155766 120829632.00
2025/11/14 28.88 28.90 27.83 27.99 3588415 101748792.00
2025/11/17 27.90 28.31 27.20 27.40 4252760 116933368.00
2025/11/18 27.40 27.50 26.63 26.83 4296880 115881064.00
2025/11/19 26.83 27.07 26.06 26.18 4276600 112669408.00
2025/11/20 26.30 27.31 25.90 27.10 9538108 255130336.00
2025/11/21 26.59 28.22 26.20 27.24 10327209 281572064.00
2025/11/24 27.17 28.78 27.02 28.31 10810800 304015040.00
2025/11/25 28.31 28.50 27.95 28.14 4557601 128606008.00
2025/11/26 28.29 28.41 26.88 27.03 6987317 190829200.00
2025/11/27 27.10 27.68 26.80 27.28 4784961 130839696.00
2025/11/28 27.20 27.50 26.80 27.28 3779275 102820160.00
2025/12/01 27.55 27.56 27.01 27.26 3081890 83951728.00
2025/12/02 27.18 27.21 26.88 26.98 1988650 53731840.00
2025/12/03 26.98 27.28 26.72 27.02 2653190 71591936.00
2025/12/04 27.08 27.23 26.78 26.95 2382800 64317204.00
2025/12/05 27.03 28.14 26.83 27.99 5836406 161933712.00
2025/12/08 28.11 28.25 27.09 27.16 7613328 208763312.00
2025/12/09 27.02 28.12 26.81 27.46 5421743 149788768.00
2025/12/10 27.31 27.76 27.29 27.37 3193935 87692624.00
2025/12/11 27.39 28.40 27.38 27.77 6753430 188818352.00
2025/12/12 27.78 28.87 27.69 28.83 8971925 255106112.00
2025/12/15 29.00 33.33 29.00 30.90 26237470 822777472.00
2025/12/16 30.90 30.95 29.40 30.00 11679792 349769984.00
2025/12/17 29.96 30.28 28.77 29.90 8369002 247442272.00
2025/12/18 29.66 30.46 29.33 29.95 6272331 188553040.00
2025/12/19 29.98 30.60 29.56 29.66 6068300 181062816.00
2025/12/22 29.61 29.89 29.42 29.68 4637000 137717056.00
2025/12/23 29.62 30.90 29.33 30.24 9512838 288727840.00
2025/12/24 30.27 31.30 29.75 31.05 9060425 277757472.00
2025/12/25 31.17 33.96 30.85 32.63 15409159 500660256.00
2025/12/26 32.71 33.50 32.18 32.71 8670840 283732288.00
2025/12/29 32.72 33.74 32.20 33.00 9339363 307107360.00
2025/12/30 32.89 33.60 32.35 32.50 7421835 243971792.00
2025/12/31 32.34 32.65 31.74 32.30 6373840 205195056.00
2026/01/05 32.35 32.76 31.91 32.29 6332819 204295824.00
2026/01/06 32.30 34.51 31.73 33.90 12641388 418524736.00
2026/01/07 33.61 34.90 32.80 34.61 10190577 346289440.00
2026/01/08 34.50 36.87 34.20 36.18 12830558 459493760.00
2026/01/09 36.21 37.17 35.89 36.34 10724303 389574368.00
2026/01/12 36.70 37.45 35.90 36.59 8006703 292759648.00
2026/01/13 36.67 36.67 34.35 34.98 10149337 356499872.00
2026/01/14 34.98 35.50 33.40 34.25 12470903 429855392.00
2026/01/15 33.65 34.39 33.36 33.80 4419039 149357632.00
2026/01/16 34.15 34.23 33.10 33.48 6303678 211831168.00
2026/01/19 33.48 40.18 33.30 39.20 27424424 1034629248.00
2026/01/20 39.55 39.69 37.55 38.16 16010906 615663360.00
2026/01/21 37.95 38.99 37.50 37.82 9863890 375882816.00
2026/01/22 37.82 39.66 37.60 39.13 13995645 541693440.00
2026/01/23 38.81 38.88 37.37 37.64 10675380 404599584.00
2026/01/26 37.66 37.77 35.43 35.71 9480451 343584512.00
2026/01/27 35.81 39.95 35.48 39.50 16459456 627817728.00
2026/01/28 39.30 40.14 38.10 39.23 9482357 370048832.00
2026/01/29 39.00 40.10 38.00 38.02 8411915 327329632.00
2026/01/30 37.24 38.23 35.77 37.34 8765436 323382976.00
2026/02/02 37.00 37.36 35.53 35.61 7344145 267581120.00
2026/02/03 35.99 39.28 35.79 38.52 11873247 450430304.00
2026/02/04 38.50 40.80 37.51 40.49 13250996 519210912.00
2026/02/05 39.88 41.07 39.00 40.02 10439518 418003456.00
2026/02/06 40.06 40.08 38.18 39.02 6225514 243532416.00
2026/02/09 39.29 39.57 38.02 38.59 6050393 233225488.00
2026/02/10 38.59 41.30 38.00 39.86 9874019 393964672.00
2026/02/11 40.25 40.46 39.06 39.22 5002551 197652048.00
2026/02/12 39.11 41.13 38.80 40.94 7976323 322885472.00
2026/02/13 40.41 41.70 39.80 39.83 7425940 300966240.00
2026/02/24 40.79 42.27 39.77 40.90 6807303 277230176.00
2026/02/25 40.68 42.75 40.68 42.00 8477885 354164064.00
#Ъ§ОнРДдД:ЭЈДяаХ
