300699 ЙтЭўИДВФ ШеЯп ЧАИДШЈ
      ШеЦк	    ПЊХЬ	    зюИп	    зюЕЭ	    ЪеХЬ	    ГЩНЛСП	    ГЩНЛЖю
2021/08/02 41.38 49.19 41.37 47.69 22765972 1760543488.00
2021/08/03 47.38 49.30 46.54 48.19 15083527 1206021632.00
2021/08/04 48.05 49.18 47.59 48.48 10482375 840941120.00
2021/08/05 49.50 50.61 47.64 48.46 17761629 1444176000.00
2021/08/06 47.56 49.81 47.45 49.18 13236436 1072603392.00
2021/08/09 49.50 50.74 47.99 48.30 12040014 977330816.00
2021/08/10 47.94 50.71 47.94 49.91 14500678 1198158464.00
2021/08/11 49.37 51.28 49.03 49.91 11886528 986569728.00
2021/08/12 49.38 51.88 48.58 49.68 13635678 1134092288.00
2021/08/13 49.94 51.67 49.14 49.88 11409287 949770944.00
2021/08/16 50.20 51.28 47.77 48.68 10219894 833488128.00
2021/08/17 48.78 49.86 47.02 47.63 8801387 705349696.00
2021/08/18 47.69 50.94 46.88 49.93 11879565 973169024.00
2021/08/19 49.50 50.50 48.33 49.77 8677314 710150976.00
2021/08/20 49.78 49.81 47.32 48.25 9233212 737404352.00
2021/08/23 48.58 52.59 48.58 51.56 15112795 1281584256.00
2021/08/24 50.33 50.42 47.94 49.95 17497688 1422096512.00
2021/08/25 50.00 51.19 48.76 49.33 9023451 741657152.00
2021/08/26 49.49 50.44 47.63 47.89 9229714 746331264.00
2021/08/27 47.60 47.63 44.47 44.99 15311065 1160656384.00
2021/08/30 45.22 47.13 44.76 44.88 12706666 967676864.00
2021/08/31 44.87 45.26 43.11 43.90 10340988 754631808.00
2021/09/01 43.75 44.48 43.18 44.05 7286458 531714848.00
2021/09/02 44.03 44.03 42.58 42.93 7365750 527046528.00
2021/09/03 42.81 43.70 41.78 43.04 8036206 572189440.00
2021/09/06 43.25 44.26 42.25 43.93 7988219 578900288.00
2021/09/07 44.18 44.53 43.36 43.49 7035595 511701088.00
2021/09/08 43.47 44.11 42.53 43.04 6077287 436524224.00
2021/09/09 42.69 43.63 42.69 43.62 5264916 378975872.00
2021/09/10 43.84 43.86 42.56 43.10 5641104 403624128.00
2021/09/13 43.04 43.18 41.88 42.03 6607381 464789248.00
2021/09/14 42.43 43.62 42.01 42.23 8010174 570313024.00
2021/09/15 42.24 43.20 41.38 42.98 7086587 503241504.00
2021/09/16 42.98 43.34 42.28 42.88 5056654 360374848.00
2021/09/17 42.76 42.87 41.64 42.03 4288391 301099808.00
2021/09/22 41.38 42.38 40.55 42.03 5007619 345417536.00
2021/09/23 42.29 42.54 41.56 42.05 4781035 333445920.00
2021/09/24 41.79 42.06 41.05 41.11 4482269 310937184.00
2021/09/27 40.88 41.54 39.84 39.90 6111032 413298816.00
2021/09/28 39.94 40.33 39.52 39.55 4040127 268913696.00
2021/09/29 39.49 39.88 39.23 39.78 3940787 260849088.00
2021/09/30 39.80 40.04 38.91 39.20 4220727 277172448.00
2021/10/08 39.26 39.69 38.44 38.75 3549339 231943392.00
2021/10/11 38.75 40.66 38.53 40.30 6318422 422752128.00
2021/10/12 40.03 40.03 38.58 38.65 4444343 289643712.00
2021/10/13 38.31 38.36 35.13 36.73 9650791 590484608.00
2021/10/14 36.78 37.07 36.08 36.67 5323108 327260448.00
2021/10/15 36.88 37.56 36.50 37.41 5614920 350460896.00
2021/10/18 37.50 38.44 37.36 37.72 4081850 258109312.00
2021/10/19 37.61 37.94 37.38 37.76 3893601 245470032.00
2021/10/20 37.50 37.89 36.92 36.99 5545681 346193536.00
2021/10/21 37.05 37.42 36.54 36.84 3900916 240864720.00
2021/10/22 36.63 38.15 36.63 37.64 5462843 344777600.00
2021/10/25 37.66 38.35 36.56 38.24 7663809 480293568.00
2021/10/26 38.54 39.66 38.26 38.87 7463657 483122496.00
2021/10/27 39.36 40.27 38.76 39.88 11302009 750202560.00
2021/10/28 39.78 40.23 39.06 39.69 5744590 380844448.00
2021/10/29 39.68 40.79 39.29 40.68 6298766 423940096.00
2021/11/01 40.68 43.42 40.52 43.09 11448520 809944192.00
2021/11/02 43.05 44.23 42.76 43.41 9482466 688802432.00
2021/11/03 43.25 44.63 42.75 44.17 9063129 661889152.00
2021/11/04 44.09 47.17 44.09 46.79 14124357 1085413120.00
2021/11/05 46.78 47.19 44.73 44.77 9825157 744677248.00
2021/11/08 44.88 45.91 44.06 44.80 5882696 437210112.00
2021/11/09 44.86 47.18 44.86 46.21 10206812 787878144.00
2021/11/10 47.16 47.17 45.74 46.44 8050067 619865088.00
2021/11/11 46.06 46.47 45.16 46.07 7282494 553837888.00
2021/11/12 46.07 47.75 46.07 47.66 8635281 679064064.00
2021/11/15 47.66 48.85 46.06 46.44 7430171 579031808.00
2021/11/16 46.29 48.25 46.07 46.13 8486386 661705152.00
2021/11/17 46.49 48.24 45.44 47.83 10095818 788932672.00
2021/11/18 47.83 49.95 47.51 49.12 10814481 879000256.00
2021/11/19 49.28 50.19 48.76 49.06 7365137 604191104.00
2021/11/22 50.10 53.43 49.83 52.21 13231390 1133776000.00
2021/11/23 52.22 53.11 51.43 51.70 7528489 649619392.00
2021/11/24 51.54 52.54 50.46 51.20 7659511 649073600.00
2021/11/25 51.21 52.84 51.13 51.31 5874237 502712224.00
2021/11/26 49.22 51.24 48.80 49.39 17744004 1461522048.00
2021/11/29 49.50 51.21 49.34 50.74 8798762 734078656.00
2021/11/30 50.74 52.36 50.54 50.94 8015702 679301952.00
2021/12/01 50.45 51.86 50.18 50.73 5632165 472904032.00
2021/12/02 50.11 50.13 48.79 48.94 7793097 636824128.00
2021/12/03 49.19 49.62 48.41 49.29 5624418 457055616.00
2021/12/06 48.95 50.55 48.87 49.37 6491244 534445760.00
2021/12/07 49.62 49.62 47.63 48.46 6064176 485443264.00
2021/12/08 48.62 50.61 48.62 49.89 5845902 483333952.00
2021/12/09 49.88 49.88 48.54 49.56 5252493 429005344.00
2021/12/10 50.68 52.16 49.54 51.91 12772698 1083978880.00
2021/12/13 51.64 51.86 50.31 50.60 7263660 611680064.00
2021/12/14 50.35 51.64 50.34 51.11 4414722 372966272.00
2021/12/15 51.10 51.89 50.64 51.38 4153365 352928640.00
2021/12/16 51.63 51.63 50.50 50.71 4144958 349439072.00
2021/12/17 51.02 51.02 49.64 50.10 3501893 290573824.00
2021/12/20 50.13 50.63 48.91 49.09 4176912 342839840.00
2021/12/21 49.48 50.30 49.13 49.86 2884749 238790416.00
2021/12/22 50.09 50.29 49.13 49.31 2611514 214495664.00
2021/12/23 49.31 49.69 48.25 48.86 4900144 396277856.00
2021/12/24 48.94 49.99 48.86 49.03 4379825 358560192.00
2021/12/27 49.51 50.17 48.06 48.13 3825485 310288800.00
2021/12/28 48.25 49.17 47.35 48.73 3893329 312265792.00
2021/12/29 49.51 49.81 48.31 49.21 5356078 436387424.00
2021/12/30 49.22 50.30 48.58 49.89 4837997 398995936.00
2021/12/31 52.31 52.80 50.31 51.05 10160898 861051200.00
2022/01/04 50.68 52.13 50.23 51.22 6894425 584259968.00
2022/01/05 51.17 51.68 47.36 48.31 10260992 829507136.00
2022/01/06 48.24 48.67 46.11 46.88 7036280 547487872.00
2022/01/07 46.94 47.13 45.63 46.19 4970704 382447136.00
2022/01/10 46.09 46.87 45.68 45.81 3592005 275688576.00
2022/01/11 45.81 46.51 44.69 46.09 5452968 412965344.00
2022/01/12 45.86 46.61 45.63 46.33 5315897 407829440.00
2022/01/13 46.38 46.55 44.81 44.81 4805601 361697024.00
2022/01/14 44.56 44.94 42.82 43.82 14183282 1029206080.00
2022/01/17 43.37 44.11 42.44 43.73 10603354 765430080.00
2022/01/18 43.81 43.93 42.50 43.03 7769287 556914880.00
2022/01/19 43.08 43.54 41.88 42.43 6268153 444020992.00
2022/01/20 42.80 43.18 41.69 42.06 6135841 433110752.00
2022/01/21 41.88 42.22 41.22 41.44 5313937 369000608.00
2022/01/24 41.38 42.81 40.90 42.36 5814054 407532448.00
2022/01/25 42.24 44.06 42.24 42.32 7689301 556434816.00
2022/01/26 42.93 44.39 42.49 43.15 5742647 416746784.00
2022/01/27 43.39 43.50 41.88 42.06 3849080 273160768.00
2022/01/28 42.60 43.99 41.63 43.20 6162745 443252000.00
2022/02/07 43.87 43.99 42.25 42.62 4519864 322520896.00
2022/02/08 42.63 42.86 41.04 42.25 4147226 289151680.00
2022/02/09 42.23 42.98 41.68 42.45 4494394 316103232.00
2022/02/10 42.56 42.59 41.81 41.99 2551630 179405056.00
2022/02/11 42.04 42.04 39.52 39.81 7408084 499630624.00
2022/02/14 39.81 42.54 39.55 41.36 6177883 426403328.00
2022/02/15 41.69 43.62 41.31 42.79 5529247 391877088.00
2022/02/16 42.72 43.11 42.16 42.43 4448054 315293280.00
2022/02/17 42.31 42.89 42.24 42.78 3560976 252360912.00
2022/02/18 42.43 42.64 42.00 42.56 2112600 149006672.00
2022/02/21 42.39 42.84 42.19 42.31 2140636 151410816.00
2022/02/22 42.44 42.94 41.53 42.40 3537063 248969216.00
2022/02/23 42.31 44.47 42.15 44.06 6112729 447062176.00
2022/02/24 43.94 44.24 42.52 43.35 6413774 464187200.00
2022/02/25 43.38 44.58 43.38 43.63 4754798 347576096.00
2022/02/28 43.91 45.37 43.63 44.08 5752700 424748704.00
2022/03/01 44.21 45.03 44.20 44.47 4508329 334463296.00
2022/03/02 44.59 44.59 43.58 44.13 3820231 279403360.00
2022/03/03 44.29 44.31 42.78 42.91 4318927 310455840.00
2022/03/04 42.65 43.85 42.48 42.75 3384079 243132464.00
2022/03/07 42.77 42.94 40.61 40.88 5840297 402390784.00
2022/03/08 41.11 41.73 39.83 39.92 4217058 285899776.00
2022/03/09 40.16 40.49 37.31 38.99 5344179 347969792.00
2022/03/10 40.13 41.70 40.13 40.83 5094050 347538944.00
2022/03/11 40.49 40.61 39.43 40.53 3245620 217393904.00
2022/03/14 40.44 41.16 40.04 40.16 3496007 236979632.00
2022/03/15 40.50 40.93 38.38 38.44 5341752 352910112.00
2022/03/16 38.23 38.88 35.49 37.68 15639653 969940160.00
2022/03/17 38.26 38.49 36.31 36.73 13296622 827458048.00
2022/03/18 36.50 36.91 36.08 36.59 5597930 342577952.00
2022/03/21 36.61 38.86 36.61 37.98 9019908 573237952.00
2022/03/22 37.94 38.31 37.44 37.61 3972193 251435648.00
2022/03/23 37.78 38.63 37.27 37.63 5491500 347402912.00
2022/03/24 37.39 37.53 36.60 36.73 4131773 255171072.00
2022/03/25 37.08 37.93 36.56 36.60 5236122 326763936.00
2022/03/28 36.39 36.53 34.69 35.30 8403209 498508128.00
2022/03/29 35.55 36.19 34.63 34.86 4311579 255561136.00
2022/03/30 35.13 36.36 35.04 36.16 4437768 266388736.00
2022/03/31 36.16 36.16 34.97 35.10 3529496 209276128.00
2022/04/01 34.94 35.06 34.44 34.78 3625512 211779408.00
2022/04/06 34.75 34.75 33.11 33.59 6164521 347959872.00
2022/04/07 33.60 33.86 32.41 32.50 5390454 298411264.00
2022/04/08 32.56 32.74 31.73 32.00 5029402 272666368.00
2022/04/11 32.00 32.04 30.69 30.80 4868502 256407808.00
2022/04/12 29.50 30.73 29.31 30.43 7937812 404943200.00
2022/04/13 30.44 30.50 28.93 29.13 6379471 318147904.00
2022/04/14 29.50 29.70 29.14 29.26 3296805 164196976.00
2022/04/15 29.19 29.45 28.31 28.67 3429335 167169264.00
2022/04/18 28.56 29.73 27.97 29.56 5436237 268260176.00
2022/04/19 29.57 30.51 28.91 29.14 4964333 249204784.00
2022/04/20 29.60 29.62 28.63 28.88 3696047 182340976.00
2022/04/21 28.88 29.16 27.76 27.83 4468887 214634992.00
2022/04/22 27.69 28.24 27.00 27.40 3694264 173453600.00
2022/04/25 27.00 27.02 24.69 24.80 6227992 276277440.00
2022/04/26 25.12 26.19 24.93 25.04 8267081 362090336.00
2022/04/27 25.21 27.91 24.98 27.74 9869366 446881824.00
2022/04/28 27.36 27.86 26.93 27.62 6294192 293903520.00
2022/04/29 27.74 29.54 27.31 29.38 9503948 463708512.00
2022/05/05 29.49 30.61 29.23 29.98 6552206 333680576.00
2022/05/06 29.24 29.63 28.88 29.31 4397540 218076880.00
2022/05/09 29.29 30.43 29.13 30.11 3353903 169851296.00
2022/05/10 29.51 30.55 29.38 30.33 3716505 189558496.00
2022/05/11 30.47 31.88 30.47 30.74 5304048 280849568.00
2022/05/12 30.45 30.99 30.18 30.41 2867400 148009232.00
2022/05/13 30.82 31.38 30.59 31.25 3665672 192423008.00
2022/05/16 31.47 32.00 31.13 31.50 3552980 188790016.00
2022/05/17 31.75 32.25 30.89 31.99 3735841 199980432.00
2022/05/18 32.06 32.25 31.34 31.52 2327490 124197368.00
2022/05/19 31.09 32.95 30.89 32.80 4240098 230187968.00
2022/05/20 33.13 33.80 32.02 32.51 4749014 262093840.00
2022/05/23 32.09 32.28 30.84 32.23 5321522 283624224.00
2022/05/24 32.15 32.81 31.00 31.05 3799312 203901840.00
2022/05/25 31.38 31.47 30.76 31.39 2380909 125414808.00
2022/05/26 31.44 32.35 31.02 31.80 3407379 183030016.00
2022/05/27 32.19 32.80 31.50 31.91 2929971 157209936.00
2022/05/30 32.04 32.64 31.41 32.61 2857774 153881840.00
2022/05/31 32.46 33.21 32.19 32.96 3971707 217498112.00
2022/06/01 33.14 33.77 32.74 33.65 3722306 207406624.00
2022/06/02 33.84 34.32 33.48 33.93 3265374 184935920.00
2022/06/06 33.59 35.02 33.59 34.62 4248274 244783616.00
2022/06/07 34.68 35.00 34.07 34.34 3148276 180703888.00
2022/06/08 34.49 34.65 33.50 34.06 4098802 231564880.00
2022/06/09 33.88 33.96 32.63 32.88 3637669 201052656.00
2022/06/10 32.88 33.69 32.75 33.35 6585475 365967712.00
2022/06/13 33.13 34.17 32.94 34.06 4389233 246827856.00
2022/06/14 33.85 33.85 32.13 32.98 6203959 338645088.00
2022/06/15 33.02 33.98 32.74 32.74 4266021 236954224.00
2022/06/16 32.74 34.53 32.74 33.51 6039812 340255904.00
2022/06/17 32.94 33.48 31.44 32.74 8625622 468155744.00
2022/06/20 32.76 33.99 32.75 33.33 6762318 377899104.00
2022/06/21 33.39 33.53 32.27 32.56 3823359 208980832.00
2022/06/22 32.56 32.81 31.28 31.34 5472372 291029376.00
2022/06/23 31.44 33.41 31.28 33.29 7188767 390166464.00
2022/06/24 33.31 35.44 33.31 34.47 7552057 435538912.00
2022/06/27 34.71 34.88 33.98 34.25 5280942 302647360.00
2022/06/28 34.46 35.86 34.19 35.62 7758603 455983488.00
2022/06/29 35.23 35.54 34.62 34.75 6803275 396486400.00
2022/06/30 34.70 35.98 34.63 35.36 5714951 338732576.00
2022/07/01 35.58 36.19 34.66 34.78 6230614 366898976.00
2022/07/04 34.50 36.69 34.13 36.58 7354049 441022144.00
2022/07/05 36.31 36.63 35.56 36.55 5414965 325538624.00
2022/07/06 36.38 37.08 35.81 36.14 4526375 274296992.00
2022/07/07 36.49 36.98 36.01 36.50 3756887 228304768.00
2022/07/08 36.81 37.41 36.19 36.23 4010639 244773456.00
2022/07/11 36.11 36.11 34.68 35.63 6043042 353795392.00
2022/07/12 36.47 40.50 36.47 38.31 17069178 1098551552.00
2022/07/13 38.93 39.38 37.94 38.93 7476467 480243040.00
2022/07/14 39.19 40.50 38.29 40.04 9080222 601704896.00
2022/07/15 40.22 42.77 39.94 41.31 8614743 595110912.00
2022/07/18 41.33 41.66 40.23 41.61 5794004 393389376.00
2022/07/19 41.37 44.19 40.43 42.75 12330388 866129664.00
2022/07/20 42.98 44.19 41.97 43.74 9547678 685802368.00
2022/07/21 43.81 44.27 41.94 43.06 7079074 503399072.00
2022/07/22 42.94 43.52 41.80 42.44 5867315 410588128.00
2022/07/25 42.63 43.70 42.38 42.49 5791873 411502944.00
2022/07/26 42.63 42.79 41.22 41.61 4667338 321768384.00
2022/07/27 41.57 41.98 41.18 41.44 3604622 247740896.00
2022/07/28 41.60 42.61 41.50 42.33 5308310 369407936.00
2022/07/29 42.01 42.86 41.06 42.34 5095782 355184416.00
2022/08/01 42.11 45.00 42.10 43.78 9861557 709978112.00
2022/08/02 42.95 44.04 41.58 42.01 5475461 384362784.00
2022/08/03 42.00 43.49 42.00 42.68 5563287 395087552.00
2022/08/04 42.69 43.06 41.45 41.81 4524555 314922016.00
2022/08/05 41.94 42.05 40.76 41.24 5026034 342741280.00
2022/08/08 41.56 44.18 41.13 43.78 7814503 559003136.00
2022/08/09 43.69 45.35 43.44 45.00 6255954 459830560.00
2022/08/10 44.81 47.46 44.69 45.78 7627528 578836032.00
2022/08/11 46.04 46.47 45.01 45.54 5151188 386649376.00
2022/08/12 45.54 45.54 44.35 44.63 3543963 262154144.00
2022/08/15 44.28 46.24 44.19 45.41 4846666 363688800.00
2022/08/16 45.11 47.47 45.11 47.34 7408201 572421760.00
2022/08/17 47.28 47.34 45.64 46.13 4525304 344541632.00
2022/08/18 45.94 46.94 45.31 46.35 4197036 320568256.00
2022/08/19 46.38 46.48 44.00 44.09 5237094 388877664.00
2022/08/22 44.31 46.05 44.23 45.53 5878940 440541120.00
2022/08/23 45.75 45.75 44.06 44.19 5251506 385453248.00
2022/08/24 44.20 44.56 42.50 43.05 5646299 404299264.00
2022/08/25 43.24 43.52 41.66 42.43 3992042 279816320.00
2022/08/26 42.48 42.74 41.11 41.34 4334425 299797088.00
2022/08/29 42.31 48.30 41.63 47.56 14932466 1137905152.00
2022/08/30 47.29 47.74 45.75 47.05 9914000 768993792.00
2022/08/31 46.93 47.39 45.56 46.03 5409662 412291040.00
2022/09/01 45.61 46.97 45.04 45.11 4132584 312035968.00
2022/09/02 45.09 47.63 44.13 47.38 7215937 553829312.00
2022/09/05 46.80 49.38 46.49 48.44 9005941 717277312.00
2022/09/06 48.44 49.25 47.63 49.12 8177222 654438976.00
2022/09/07 48.88 50.24 48.13 50.01 6296915 512349088.00
2022/09/08 49.88 53.38 49.57 52.33 10421747 888575872.00
2022/09/09 52.00 52.79 50.72 51.40 6989477 593560832.00
2022/09/13 51.44 52.79 51.01 52.19 5231834 446395328.00
2022/09/14 51.69 55.31 51.39 54.81 7591750 674386304.00
2022/09/15 54.31 54.55 51.73 53.07 7483125 650910784.00
2022/09/16 52.44 54.06 51.91 52.16 6848437 596140352.00
2022/09/19 51.88 52.58 50.44 50.94 6944749 587291328.00
2022/09/20 51.38 51.50 49.61 50.58 5514831 458985600.00
2022/09/21 50.24 50.54 48.79 50.18 6531852 535676576.00
2022/09/22 50.05 53.26 49.88 51.88 9276594 797659072.00
2022/09/23 51.63 52.93 51.50 51.82 5992214 513117056.00
2022/09/26 51.68 52.43 49.89 51.71 5911248 501967040.00
2022/09/27 51.31 54.57 51.06 53.54 7022502 615810688.00
2022/09/28 53.37 53.94 51.52 51.94 6090459 525532480.00
2022/09/29 51.84 54.36 51.84 52.59 6567016 575063936.00
2022/09/30 52.33 52.56 49.81 50.38 6439769 537253632.00
2022/10/10 49.80 50.81 47.83 48.14 7649934 615408576.00
2022/10/11 48.38 48.38 47.24 47.64 5036508 396185824.00
2022/10/12 47.00 47.06 40.63 42.69 19723277 1375731840.00
2022/10/13 42.31 45.79 41.73 45.00 11914075 869764224.00
2022/10/14 45.06 49.13 44.83 47.81 9291432 725741056.00
2022/10/17 47.94 49.29 47.32 48.52 5181002 413518624.00
2022/10/18 48.59 49.00 47.06 48.14 6100423 480863744.00
2022/10/19 48.53 48.56 47.13 47.35 2481486 194595712.00
2022/10/20 47.11 47.93 46.39 47.06 3876250 301499968.00
2022/10/21 47.06 47.94 46.48 47.51 3117038 243757776.00
2022/10/24 47.24 50.66 47.24 49.64 7393297 604118464.00
2022/10/25 49.06 50.03 48.25 48.69 6021051 485428320.00
2022/10/26 48.96 49.33 46.94 47.63 6178324 486105664.00
2022/10/27 47.31 48.14 45.41 46.39 5685896 436216896.00
2022/10/28 46.29 48.25 45.94 46.25 4982577 384731584.00
2022/10/31 46.38 47.74 45.19 47.06 4955597 380625152.00
2022/11/01 47.32 47.59 44.81 46.19 6301080 475931872.00
2022/11/02 45.81 46.88 45.15 45.43 5093276 384008544.00
2022/11/03 45.19 47.48 44.93 46.49 4760580 364968960.00
2022/11/04 46.52 47.05 45.70 46.36 6056743 462929952.00
2022/11/07 46.56 47.69 44.11 44.44 8426247 628610240.00
2022/11/08 44.19 44.74 44.04 44.59 3383311 248174432.00
2022/11/09 45.17 46.61 44.74 44.82 6463857 487127904.00
2022/11/10 44.63 44.98 43.83 44.48 2858901 209845824.00
2022/11/11 45.39 45.54 43.80 43.99 4461375 327716640.00
2022/11/14 43.69 44.67 43.13 43.85 3370209 244564848.00
2022/11/15 43.66 44.81 43.44 44.44 5397250 395585280.00
2022/11/16 44.56 45.67 43.56 43.91 4797216 353242720.00
2022/11/17 43.55 44.49 41.64 44.25 6206425 442425088.00
2022/11/18 44.51 45.55 44.06 44.58 3499783 259148544.00
2022/11/21 44.43 46.34 44.33 45.23 4238351 317835168.00
2022/11/22 45.24 45.79 44.63 44.84 3436103 256432400.00
2022/11/23 44.62 45.05 43.73 44.81 3040175 222608768.00
2022/11/24 44.99 45.38 44.50 44.50 2201470 162924080.00
2022/11/25 44.26 44.41 43.63 43.74 1914150 139084272.00
2022/11/28 43.61 43.74 42.71 43.73 1683976 120825776.00
2022/11/29 43.94 44.29 42.63 42.78 4170209 297932576.00
2022/11/30 42.96 43.24 41.97 42.99 5854975 410450432.00
2022/12/01 42.93 44.94 42.44 44.00 6720069 488732064.00
2022/12/02 44.11 45.13 43.69 43.91 3409661 249813424.00
2022/12/05 43.91 44.43 42.50 42.56 4357740 311158912.00
2022/12/06 42.62 43.25 41.76 43.25 4738264 334300640.00
2022/12/07 43.06 44.77 42.81 43.53 5601047 406544640.00
2022/12/08 43.47 43.47 42.31 42.71 5156175 363550400.00
2022/12/09 42.81 43.40 42.25 43.06 5007457 354666784.00
2022/12/12 43.06 45.75 42.94 45.55 7522656 556777600.00
2022/12/13 45.73 45.73 44.13 44.59 4552000 334764992.00
2022/12/14 44.59 45.14 44.03 44.03 2153527 158120800.00
2022/12/15 43.57 44.46 43.51 44.23 1711193 124584512.00
2022/12/16 43.91 44.15 42.98 43.17 2705247 193954576.00
2022/12/19 43.21 43.91 42.80 43.18 2044145 146196000.00
2022/12/20 43.29 43.63 42.50 42.57 1604917 113625240.00
2022/12/21 42.75 42.79 42.13 42.41 1671218 117170440.00
2022/12/22 42.48 42.66 41.06 41.23 3149261 217076992.00
2022/12/23 41.52 41.52 40.46 40.71 1971035 133758872.00
2022/12/26 40.58 42.41 40.58 42.19 2491795 173476480.00
2022/12/27 42.19 43.06 42.00 42.86 2088190 147026496.00
2022/12/28 43.24 43.84 42.47 42.66 1603381 113968792.00
2022/12/29 42.47 44.33 42.47 43.97 3004228 216875408.00
2022/12/30 43.91 45.04 43.51 43.72 2354478 171707344.00
2023/01/03 43.91 46.25 43.76 45.80 4877045 365272416.00
2023/01/04 46.27 46.27 44.49 45.06 3321506 248617200.00
2023/01/05 45.34 45.34 43.94 44.43 4127020 303192608.00
2023/01/06 44.34 44.49 43.98 44.13 2982665 217649744.00
2023/01/09 44.13 44.38 42.13 42.30 7906134 559007232.00
2023/01/10 41.83 41.83 38.96 39.81 12973896 855861888.00
2023/01/11 39.81 40.36 38.56 38.69 10741264 702844416.00
2023/01/12 39.18 41.06 39.18 40.75 11848603 792646400.00
2023/01/13 40.61 40.75 39.26 39.64 6413791 422938304.00
2023/01/16 39.84 40.09 39.38 39.78 6660583 438734144.00
2023/01/17 39.84 40.81 39.51 39.97 7177547 477314336.00
2023/01/18 39.98 40.37 39.74 39.89 3722152 246626928.00
2023/01/19 39.89 41.82 39.69 41.50 5816182 394083136.00
2023/01/20 41.80 41.88 41.05 41.56 4336647 297590688.00
2023/01/30 42.00 43.78 41.91 43.25 7429739 526765504.00
2023/01/31 43.24 44.35 42.96 43.68 5623719 406947072.00
2023/02/01 43.68 44.05 43.16 43.50 4216599 303340096.00
2023/02/02 43.50 43.69 42.69 42.75 4488688 320187744.00
2023/02/03 42.69 43.25 42.52 43.23 3226699 229104464.00
2023/02/06 42.88 43.34 41.97 42.00 4574923 320925600.00
2023/02/07 42.03 42.26 41.06 41.53 4400785 302193120.00
2023/02/08 41.44 41.62 40.63 40.75 3936637 266950928.00
2023/02/09 40.80 41.99 40.45 41.79 4850249 333198688.00
2023/02/10 41.69 41.81 39.79 40.06 8507669 569624128.00
2023/02/13 40.01 40.79 40.01 40.24 5141948 343224000.00
2023/02/14 40.26 40.81 40.19 40.75 3695587 248023728.00
2023/02/15 40.56 40.73 40.16 40.48 3126956 209225840.00
2023/02/16 40.48 40.73 39.61 39.95 3820563 255334960.00
2023/02/17 39.90 40.63 39.79 40.49 5443877 363345728.00
2023/02/20 40.34 40.49 39.11 39.92 5967665 392372704.00
2023/02/21 39.81 40.22 39.44 39.67 3964602 261438448.00
2023/02/22 39.46 40.00 39.13 39.27 3113621 203381680.00
2023/02/23 39.31 39.98 39.20 39.53 2960333 194448336.00
2023/02/24 39.53 40.56 39.36 39.67 4761841 314662464.00
2023/02/27 39.54 40.41 39.13 39.83 4779100 315596544.00
2023/02/28 39.69 40.34 39.63 40.22 3094811 205717824.00
2023/03/01 40.23 40.34 39.76 40.16 3976260 264050096.00
2023/03/02 40.19 40.75 38.86 38.94 6871697 450178752.00
2023/03/03 38.94 39.52 38.65 39.36 4194971 271850752.00
2023/03/06 39.56 41.40 39.36 40.76 7729396 521106048.00
2023/03/07 40.76 40.77 39.38 39.38 3854492 255569168.00
2023/03/08 39.36 39.60 39.04 39.16 2784800 181209888.00
2023/03/09 39.28 39.32 38.29 38.33 5390677 345137856.00
2023/03/10 38.02 38.31 37.70 37.81 3464515 218442592.00
2023/03/13 37.54 38.01 37.48 37.68 2570410 160822720.00
2023/03/14 37.50 38.05 36.51 37.81 4663483 288996608.00
2023/03/15 37.76 38.35 36.85 36.97 3740774 232942608.00
2023/03/16 36.98 37.19 36.19 36.24 3831040 233206224.00
2023/03/17 36.64 36.69 35.87 35.87 4964999 298371872.00
2023/03/20 35.87 36.51 35.49 36.03 3523134 211537968.00
2023/03/21 36.29 36.91 36.16 36.55 2703608 163968816.00
2023/03/22 36.42 36.64 36.29 36.36 2541596 153918000.00
2023/03/23 36.26 36.59 36.19 36.55 2528778 153305088.00
2023/03/24 36.55 36.68 35.91 35.99 4070067 244491696.00
2023/03/27 35.98 36.62 35.96 36.27 3585284 216424816.00
2023/03/28 35.44 35.44 31.75 32.56 21571533 1182457088.00
2023/03/29 32.44 32.56 30.88 31.01 18546689 974884352.00
2023/03/30 31.02 31.19 30.26 30.85 11580012 594843392.00
2023/03/31 30.98 31.03 30.43 30.48 11450481 587076864.00
2023/04/03 30.38 30.74 30.13 30.68 11093153 564980672.00
2023/04/04 30.44 30.83 29.74 30.00 12925630 652121344.00
2023/04/06 30.05 31.73 29.99 31.46 13970505 726431808.00
2023/04/07 31.40 33.01 31.33 32.04 13599775 733052800.00
2023/04/10 32.02 32.76 31.97 32.19 7008676 379486656.00
2023/04/11 32.19 32.80 31.91 32.27 5265270 283707808.00
2023/04/12 32.26 32.69 31.86 32.04 5389293 289495872.00
2023/04/13 31.91 32.07 31.73 31.79 4064711 216412608.00
2023/04/14 31.79 32.36 31.78 32.17 4229651 226793984.00
2023/04/17 32.13 32.43 32.00 32.25 3740149 201231600.00
2023/04/18 32.26 32.26 31.91 32.09 2777092 148724032.00
2023/04/19 32.00 32.20 31.61 31.79 4194149 223178944.00
2023/04/20 31.74 31.85 30.97 31.31 5603202 293068928.00
2023/04/21 31.31 31.93 30.45 30.56 4850715 252742736.00
2023/04/24 30.44 30.88 30.13 30.31 5050168 257582768.00
2023/04/25 30.31 30.62 29.69 29.93 4359107 219524368.00
2023/04/26 29.92 31.05 29.89 30.51 5216628 267691024.00
2023/04/27 30.51 31.26 30.23 30.98 6019301 311254112.00
2023/04/28 31.11 31.50 30.69 31.14 3685178 191520064.00
2023/05/04 31.19 31.49 30.59 30.71 4325362 224258240.00
2023/05/05 30.75 30.83 29.94 30.26 3600986 182954288.00
2023/05/08 30.25 31.14 30.25 30.98 4481710 231899760.00
2023/05/09 30.96 31.16 29.78 29.80 5721662 289854464.00
2023/05/10 30.00 30.49 29.38 30.18 4850631 242557392.00
2023/05/11 30.18 30.34 29.51 29.65 5386216 166130528.00
2023/05/12 29.51 29.94 28.99 29.00 5908168 179035920.00
2023/05/15 29.01 30.55 28.98 30.26 9121364 282680160.00
2023/05/16 30.30 30.49 29.94 30.06 4079793 127100456.00
2023/05/17 29.95 30.78 29.88 30.43 5512377 172903328.00
2023/05/18 30.50 30.57 29.71 29.82 4991800 154465072.00
2023/05/19 29.82 30.29 29.61 30.17 4353443 135261280.00
2023/05/22 30.21 30.58 30.01 30.32 4182984 131055208.00
2023/05/23 30.33 30.66 29.91 30.36 4519097 141526864.00
2023/05/24 30.31 30.58 30.15 30.38 3491935 109595720.00
2023/05/25 30.33 30.84 30.13 30.43 5866016 184472080.00
2023/05/26 30.43 30.54 29.40 29.85 5086492 156692576.00
2023/05/29 30.09 31.62 30.09 30.87 14256794 457557568.00
2023/05/30 30.68 30.99 28.72 29.23 16102635 489873888.00
2023/05/31 29.01 29.22 28.20 28.29 11799212 348692352.00
2023/06/01 28.24 28.38 27.71 27.80 8861957 256989152.00
2023/06/02 27.99 29.67 27.90 29.35 11980008 358240320.00
2023/06/05 29.34 29.49 28.48 28.48 7156764 213420752.00
2023/06/06 28.42 28.67 27.39 27.40 8802420 252993328.00
2023/06/07 27.51 27.56 27.10 27.14 4983048 140744656.00
2023/06/08 27.14 27.54 26.90 27.34 5539919 156429936.00
2023/06/09 27.30 27.54 26.94 27.39 7132411 201452464.00
2023/06/12 27.26 27.93 27.14 27.73 6702994 191788032.00
2023/06/13 27.73 27.73 27.46 27.63 3740254 107002144.00
2023/06/14 27.65 27.87 27.36 27.55 4111094 117853136.00
2023/06/15 27.57 28.13 27.42 28.09 5955642 172098080.00
2023/06/16 28.09 28.42 27.85 28.15 5517622 160441312.00
2023/06/19 28.09 28.15 27.78 27.83 4233252 122365320.00
2023/06/20 27.88 28.89 27.77 28.55 10376727 305731552.00
2023/06/21 28.56 28.69 27.63 27.63 6686124 194148080.00
2023/06/26 27.50 28.35 27.38 27.89 6064538 175013136.00
2023/06/27 28.08 28.60 27.88 28.15 4768845 139125232.00
2023/06/28 28.13 28.55 27.66 28.33 5592906 162933168.00
2023/06/29 28.33 28.58 27.92 27.95 5051615 147231616.00
2023/06/30 27.95 30.64 27.86 29.85 21545116 660566080.00
2023/07/03 29.91 30.88 29.84 30.42 15510219 485255040.00
2023/07/04 30.25 30.30 29.71 30.06 9863399 305784736.00
2023/07/05 30.25 30.28 29.72 29.84 5447767 168396384.00
2023/07/06 30.12 30.35 29.50 29.56 7992821 246398656.00
2023/07/07 29.49 29.66 29.05 29.15 6057786 183230848.00
2023/07/10 29.30 29.98 29.13 29.98 8044721 246199632.00
2023/07/11 30.07 30.07 29.42 29.80 5298077 162478000.00
2023/07/12 29.68 29.69 28.60 28.61 12254196 366318496.00
2023/07/13 28.54 29.22 28.50 29.11 8125141 242967024.00
2023/07/14 29.01 29.10 28.50 28.57 6386164 190174304.00
2023/07/17 28.46 28.87 28.09 28.25 4766755 140217344.00
2023/07/18 28.43 29.05 28.20 28.96 6579101 195966944.00
2023/07/19 28.88 28.88 28.33 28.56 4258493 125861480.00
2023/07/20 28.62 28.92 28.23 28.25 4213064 124499720.00
2023/07/21 28.10 28.49 28.02 28.20 2834487 82814928.00
2023/07/24 28.18 28.59 27.89 28.01 4299082 125491072.00
2023/07/25 28.30 29.68 28.29 29.65 13542449 407995872.00
2023/07/26 29.65 29.66 29.28 29.34 4635135 141113312.00
2023/07/27 29.38 29.52 28.42 28.64 7074259 211681184.00
2023/07/28 28.60 29.12 28.48 29.07 4777821 142764208.00
2023/07/31 29.10 29.60 29.01 29.35 5961805 180692160.00
2023/08/01 29.35 29.66 29.05 29.38 5377244 163245904.00
2023/08/02 29.25 29.62 29.14 29.45 4123275 125557536.00
2023/08/03 29.24 29.42 29.00 29.30 4098198 123773528.00
2023/08/04 29.31 29.59 29.14 29.42 4956783 150634688.00
2023/08/07 29.33 29.56 28.85 28.99 6965993 209483200.00
2023/08/08 28.33 28.33 26.00 26.44 24306974 671721664.00
2023/08/09 26.30 26.69 26.18 26.41 6798104 186609392.00
2023/08/10 26.50 26.99 26.41 26.77 5302238 147159232.00
2023/08/11 26.75 27.05 26.59 26.61 4797403 133403152.00
2023/08/14 26.50 26.70 26.16 26.42 4709021 129039648.00
2023/08/15 26.68 26.81 26.07 26.37 4886600 133344536.00
2023/08/16 26.29 26.58 26.19 26.20 3669288 100270400.00
2023/08/17 26.20 28.03 26.03 27.83 14752967 417809504.00
2023/08/18 27.83 28.04 27.57 27.58 6191046 178329376.00
2023/08/21 27.71 27.86 26.92 26.97 4695402 133070600.00
2023/08/22 26.98 27.23 26.28 26.67 5668840 157172224.00
2023/08/23 26.55 26.86 25.87 25.88 5223944 142011952.00
2023/08/24 26.00 26.66 25.68 26.19 4455696 121170616.00
2023/08/25 26.15 26.27 25.39 25.56 4912937 131347864.00
2023/08/28 26.81 27.38 25.89 25.98 6523403 180043424.00
2023/08/29 26.12 27.19 25.86 27.01 6702680 186062992.00
2023/08/30 27.20 27.34 26.89 27.11 4514341 126911592.00
2023/08/31 27.11 27.15 26.82 26.97 3197176 89326344.00
2023/09/01 27.00 27.10 26.78 26.90 2837066 79140056.00
2023/09/04 27.09 27.35 26.93 27.31 4410245 124434928.00
2023/09/05 27.28 27.42 27.08 27.10 3200536 90224320.00
2023/09/06 27.14 27.58 26.73 27.46 4520820 127935216.00
2023/09/07 27.53 27.53 26.91 26.92 4152201 116789336.00
2023/09/08 26.92 27.50 26.92 27.15 4599677 130081144.00
2023/09/11 27.20 27.35 26.75 27.14 5512564 154776976.00
2023/09/12 27.22 27.23 26.83 26.84 3762160 105142712.00
2023/09/13 26.81 26.93 26.30 26.49 4179648 115187784.00
2023/09/14 26.50 26.55 26.12 26.24 2903130 79272000.00
2023/09/15 26.48 26.59 26.02 26.17 4244818 115713072.00
2023/09/18 26.13 26.34 25.77 26.09 4655830 125873016.00
2023/09/19 26.04 26.12 25.66 25.77 3362356 90072704.00
2023/09/20 25.77 25.90 25.41 25.50 3490764 92861752.00
2023/09/21 26.25 27.19 26.05 26.38 15850269 435147616.00
2023/09/22 26.08 26.80 26.08 26.72 8918263 245618320.00
2023/09/25 26.66 27.11 26.52 26.91 7189213 200319664.00
2023/09/26 26.93 26.94 26.10 26.20 6151907 168376464.00
2023/09/27 26.13 26.88 26.11 26.44 5139657 141248560.00
2023/09/28 26.57 26.64 26.30 26.45 4422278 121486736.00
2023/10/09 26.44 26.64 26.18 26.32 4616357 126428744.00
2023/10/10 26.41 26.93 26.35 26.53 4940278 136556256.00
2023/10/11 26.61 26.85 26.50 26.65 4607389 127433296.00
2023/10/12 26.77 27.20 26.50 27.13 6919334 193112272.00
2023/10/13 27.12 27.17 26.45 26.66 4538661 125946048.00
2023/10/16 26.74 26.86 26.09 26.19 3809012 103985584.00
2023/10/17 26.23 26.33 25.82 26.11 3614660 97838328.00
2023/10/18 26.12 26.21 25.68 25.94 4735359 127100424.00
2023/10/19 25.75 25.89 25.51 25.51 3800562 101324760.00
2023/10/20 25.58 25.59 24.98 25.14 4228810 110897920.00
2023/10/23 25.08 25.16 24.26 24.36 5109768 130349888.00
2023/10/24 24.60 25.13 24.11 24.60 5520425 141442368.00
2023/10/25 25.00 25.44 24.71 24.72 5107444 133238912.00
2023/10/26 24.72 25.38 24.13 25.24 6143034 158892064.00
2023/10/27 24.81 25.46 24.51 25.02 9512833 247699728.00
2023/10/30 25.00 25.16 24.71 24.86 7904635 204837312.00
2023/10/31 24.89 24.98 24.45 24.64 5852523 150402896.00
2023/11/01 24.60 25.03 24.60 24.70 4030204 103890040.00
2023/11/02 24.81 24.86 23.81 23.85 8431638 212213792.00
2023/11/03 23.91 24.47 23.65 24.19 7933138 198693552.00
2023/11/06 24.39 25.33 24.30 25.16 10535540 273158432.00
2023/11/07 25.15 25.32 24.86 25.20 5792324 151345392.00
2023/11/08 25.15 25.34 24.83 24.93 6385408 166413296.00
2023/11/09 24.98 25.34 24.89 25.08 6144721 160427456.00
2023/11/10 25.08 25.13 24.82 24.84 4027554 104459728.00
2023/11/13 24.96 25.56 24.75 25.52 9490240 248657872.00
2023/11/14 25.45 25.93 25.35 25.58 6247639 166461680.00
2023/11/15 25.89 25.90 25.45 25.52 6031536 160387840.00
2023/11/16 25.54 25.56 25.13 25.18 4344945 114263792.00
2023/11/17 25.11 25.33 25.08 25.24 3377160 88557936.00
2023/11/20 25.34 25.72 25.05 25.47 5349984 141339088.00
2023/11/21 25.49 25.80 25.07 25.23 6739160 178106080.00
2023/11/22 25.23 25.28 24.70 24.70 5644717 146047248.00
2023/11/23 24.65 24.88 24.64 24.78 2915400 75068984.00
2023/11/24 24.78 24.79 24.22 24.36 4510783 114643760.00
2023/11/27 24.24 24.50 24.11 24.37 5085620 128701560.00
2023/11/28 24.36 24.60 24.22 24.34 3629720 92127624.00
2023/11/29 24.28 24.62 24.22 24.35 4130395 104941368.00
2023/11/30 24.31 24.37 23.83 23.90 4384773 109867592.00
2023/12/01 23.91 24.26 23.72 24.07 4566340 114167200.00
2023/12/04 24.05 24.26 23.86 24.10 4157346 104242560.00
2023/12/05 24.09 24.09 23.50 23.50 5182771 128238192.00
2023/12/06 23.50 23.62 22.94 22.99 6764900 163871072.00
2023/12/07 23.09 23.14 22.00 22.26 9220740 215123952.00
2023/12/08 22.25 22.35 21.71 21.75 9280410 212644080.00
2023/12/11 21.75 21.94 21.25 21.63 9302342 209755008.00
2023/12/12 21.61 22.08 21.59 22.00 7749308 177615728.00
2023/12/13 21.91 22.40 21.82 22.06 9059457 210347888.00
2023/12/14 22.12 22.32 21.97 22.09 4526825 104621264.00
2023/12/15 21.91 22.47 21.90 22.04 6126353 142195568.00
2023/12/18 22.01 22.18 21.72 22.13 6667197 153396304.00
2023/12/19 22.19 23.50 22.03 23.41 18229751 438105760.00
2023/12/20 23.38 24.80 23.38 24.10 18885747 479304832.00
2023/12/21 23.96 24.56 23.56 24.18 13203953 331023872.00
2023/12/22 24.15 25.85 24.02 25.53 23063160 604584320.00
2023/12/25 25.45 26.69 24.89 25.17 19009494 503395328.00
2023/12/26 25.01 25.15 24.50 24.87 13490138 348453472.00
2023/12/27 24.78 24.83 24.20 24.47 13157654 335127136.00
2023/12/28 24.50 25.94 24.50 25.71 18648334 492065600.00
2023/12/29 25.72 25.89 25.26 25.67 13349265 355384288.00
2024/01/02 26.06 26.83 25.86 26.09 20514373 561082944.00
2024/01/03 26.13 26.58 25.57 26.10 14816268 400547264.00
2024/01/04 25.80 26.34 25.70 26.01 8979615 242921328.00
2024/01/05 25.98 26.19 25.11 25.38 11349480 301021024.00
2024/01/08 25.10 25.50 24.55 24.61 7871828 203951024.00
2024/01/09 24.66 25.25 24.33 24.90 8079211 208726320.00
2024/01/10 24.73 25.13 24.38 24.48 6923953 178354496.00
2024/01/11 24.43 25.26 24.43 25.03 8399824 217537152.00
2024/01/12 25.29 25.85 25.08 25.15 10371600 274733568.00
2024/01/15 24.92 24.94 23.93 24.00 11621625 294450656.00
2024/01/16 23.80 24.25 23.37 23.88 10693642 264759440.00
2024/01/17 23.80 23.96 23.06 23.07 5889162 144134272.00
2024/01/18 22.82 23.26 22.08 22.88 11018092 260308160.00
2024/01/19 23.01 23.35 22.70 22.80 6188397 148109792.00
2024/01/22 22.68 22.80 21.28 21.47 8135571 186735104.00
2024/01/23 21.46 21.86 20.92 21.68 7688721 172503600.00
2024/01/24 21.88 22.03 20.88 21.77 7653003 171616448.00
2024/01/25 21.78 22.71 21.49 22.71 8869393 206146816.00
2024/01/26 22.66 22.77 22.18 22.26 5925624 138761536.00
2024/01/29 22.50 22.56 21.20 21.20 7794160 176768944.00
2024/01/30 21.43 23.56 21.03 22.25 15313730 360636384.00
2024/01/31 22.01 23.01 21.73 22.49 14252914 335618144.00
2024/02/01 22.20 23.65 22.10 23.16 14867886 357225216.00
2024/02/02 23.16 23.68 22.23 23.37 13833654 332915168.00
2024/02/05 22.98 25.07 21.43 23.78 16914888 410111776.00
2024/02/06 23.67 25.46 23.50 25.46 19973476 513891680.00
2024/02/07 25.46 26.50 25.26 26.24 25018390 672186176.00
2024/02/08 26.45 27.90 25.76 25.78 25591140 717652288.00
2024/02/19 25.80 26.26 25.08 25.82 17199836 459622368.00
2024/02/20 25.66 25.77 24.95 25.59 15101036 397684480.00
2024/02/21 25.30 26.15 25.20 25.51 13710386 367123744.00
2024/02/22 25.35 25.85 25.25 25.59 9484734 251866736.00
2024/02/23 25.71 26.05 25.34 25.68 12548803 334237696.00
2024/02/26 25.67 25.97 25.17 25.56 14315255 379744160.00
2024/02/27 25.54 26.48 25.37 26.48 19169860 519669664.00
2024/02/28 26.59 27.56 25.42 25.42 24934868 687116992.00
2024/02/29 25.19 26.36 25.12 26.34 16028903 431424448.00
2024/03/01 26.40 27.20 26.18 26.93 15804758 438746464.00
2024/03/04 26.88 27.18 26.42 26.75 13426190 372069152.00
2024/03/05 26.64 27.40 26.43 27.26 16766733 469072288.00
2024/03/06 27.32 29.11 26.74 28.77 28926222 843938560.00
2024/03/07 28.64 29.10 27.83 28.00 19643846 577022336.00
2024/03/08 27.84 28.48 27.71 28.32 13034670 378922976.00
2024/03/11 28.25 29.60 28.15 29.20 20174924 607354368.00
2024/03/12 29.08 29.95 28.60 29.01 19362496 583267904.00
2024/03/13 28.86 29.30 28.30 28.38 17628096 522954720.00
2024/03/14 28.20 28.57 27.49 27.85 15998666 463327488.00
2024/03/15 27.80 28.10 27.57 28.05 9132846 263438000.00
2024/03/18 28.07 28.91 27.91 28.87 16449261 485319296.00
2024/03/19 28.91 30.62 28.79 29.60 27608876 848666432.00
2024/03/20 29.45 30.10 29.23 29.43 14226234 434903200.00
2024/03/21 29.40 30.12 29.29 29.57 13587605 416563360.00
2024/03/22 29.83 30.46 29.68 30.36 23810068 741376192.00
2024/03/25 30.40 30.40 28.49 28.53 20419870 619995264.00
2024/03/26 28.25 29.40 28.23 28.87 14126006 421069056.00
2024/03/27 28.84 28.89 27.15 27.18 20649476 593143168.00
2024/03/28 27.48 29.88 27.40 29.35 29964312 896161024.00
2024/03/29 29.11 29.95 28.99 29.40 16226571 492697344.00
2024/04/01 29.79 29.83 28.89 29.27 16603608 500755488.00
2024/04/02 29.00 29.08 27.96 28.20 18584632 545661312.00
2024/04/03 28.11 28.34 27.65 27.76 10851221 313286592.00
2024/04/08 27.51 27.85 27.00 27.03 11175465 317293312.00
2024/04/09 27.55 28.23 27.25 27.83 16116331 463836640.00
2024/04/10 27.40 27.68 26.50 26.91 14870152 415057632.00
2024/04/11 26.76 27.24 26.49 26.58 11179183 310957632.00
2024/04/12 26.70 27.06 26.51 26.60 8690692 241550640.00
2024/04/15 26.78 27.36 26.58 26.96 13808867 386868224.00
2024/04/16 26.77 27.33 26.33 26.46 12241868 339050464.00
2024/04/17 26.60 27.81 26.60 27.79 16451216 468575744.00
2024/04/18 27.82 28.36 27.41 27.80 16591109 479935360.00
2024/04/19 27.71 28.55 27.50 28.34 17976362 523635584.00
2024/04/22 28.30 28.30 27.45 27.75 13425215 387160928.00
2024/04/23 27.56 27.90 27.03 27.10 10624326 301149664.00
2024/04/24 27.08 27.61 26.73 27.38 14070534 397139776.00
2024/04/25 27.38 27.38 24.72 25.26 40317488 1077747584.00
2024/04/26 25.19 25.66 24.97 25.26 21704812 572363776.00
2024/04/29 25.31 26.44 25.30 26.26 22082142 598803136.00
2024/04/30 26.30 26.30 24.99 25.05 23200260 612083648.00
2024/05/06 25.46 26.00 25.39 25.92 15375426 412574720.00
2024/05/07 25.92 27.02 25.70 26.71 23192328 635963584.00
2024/05/08 26.50 26.60 25.81 25.87 14820544 401239424.00
2024/05/09 25.90 26.70 25.72 26.62 15249516 416717536.00
2024/05/10 26.58 26.70 25.86 26.12 14973702 406447456.00
2024/05/13 25.83 25.91 25.28 25.42 12043140 319555104.00
2024/05/14 25.44 25.57 25.08 25.15 9910506 260054736.00
2024/05/15 25.02 25.60 24.95 25.25 8297028 218204816.00
2024/05/16 25.22 25.65 25.07 25.10 9209763 242154896.00
2024/05/17 25.32 26.68 25.30 26.68 27282512 738897728.00
2024/05/20 26.97 27.55 26.60 26.88 24162340 676004864.00
2024/05/21 26.71 26.71 26.13 26.20 11451902 312664320.00
2024/05/22 26.23 26.45 25.98 26.27 11860426 322290080.00
2024/05/23 26.35 26.35 25.70 25.72 12139794 326603456.00
2024/05/24 25.67 25.79 25.26 25.46 9441343 250313152.00
2024/05/27 25.46 25.59 24.54 25.09 12510020 323638048.00
2024/05/28 25.07 25.21 24.63 24.77 6631136 171537424.00
2024/05/29 24.87 25.08 24.60 24.79 5568631 143869888.00
2024/05/30 24.60 24.95 24.45 24.65 6944249 178597008.00
2024/05/31 24.82 25.24 24.82 25.05 8445163 219929696.00
2024/06/03 25.00 25.38 24.81 24.92 8462758 220704256.00
2024/06/04 24.92 25.39 24.72 25.36 9407306 246242512.00
2024/06/05 25.25 25.75 25.15 25.21 9785524 259075456.00
2024/06/06 25.25 25.30 24.47 24.51 9766029 251685520.00
2024/06/07 24.80 24.86 24.07 24.22 7905958 200258672.00
2024/06/11 24.08 24.70 23.85 24.60 8033488 203474096.00
2024/06/12 24.60 25.19 24.51 25.00 6949458 179986464.00
2024/06/13 25.03 25.13 24.68 24.90 5542530 143444960.00
2024/06/14 24.83 24.90 24.34 24.69 6488260 165849184.00
2024/06/17 24.78 25.73 24.71 25.37 12654508 334496896.00
2024/06/18 25.40 25.74 25.35 25.53 8655289 230043760.00
2024/06/19 25.42 25.54 25.11 25.14 6011679 157861104.00
2024/06/20 25.03 25.10 24.41 24.43 7179295 184712144.00
2024/06/21 24.52 24.72 24.26 24.45 4409166 112449016.00
2024/06/24 24.24 24.55 23.50 23.76 6255996 156569344.00
2024/06/25 23.76 24.06 23.20 23.44 5173979 127216384.00
2024/06/26 23.50 24.05 23.22 24.04 5405181 133287528.00
2024/06/27 23.90 24.02 23.46 23.57 4568322 112547888.00
2024/06/28 23.50 24.23 23.43 23.83 5536534 138284864.00
2024/07/01 23.82 24.11 23.73 24.03 4784220 119279368.00
2024/07/02 24.10 25.20 23.99 24.90 14186057 365667808.00
2024/07/03 25.02 25.19 24.57 25.04 9446506 240809344.00
2024/07/04 25.01 26.04 24.96 25.61 16056068 420596288.00
2024/07/05 25.62 26.18 25.27 25.91 12633006 332386080.00
2024/07/08 25.85 25.87 25.13 25.21 7027158 182273936.00
2024/07/09 25.20 26.00 24.97 25.77 8698155 226186048.00
2024/07/10 25.68 25.84 25.35 25.48 5033141 131360376.00
2024/07/11 25.91 26.70 25.61 26.67 15943839 426934560.00
2024/07/12 26.52 26.90 26.38 26.43 7053348 191029472.00
2024/07/15 26.49 26.76 26.30 26.37 5362840 144840928.00
2024/07/16 26.25 27.10 26.23 27.06 11330957 310552544.00
2024/07/17 26.99 28.05 26.90 27.43 17371730 489671008.00
2024/07/18 27.16 27.73 27.00 27.45 8312295 231651536.00
2024/07/19 27.39 27.81 27.31 27.76 8902621 250947840.00
2024/07/22 27.58 27.94 27.38 27.53 7379686 207555872.00
2024/07/23 27.55 27.62 26.64 26.65 9937204 274163616.00
2024/07/24 26.65 27.29 26.55 26.73 7760096 212597040.00
2024/07/25 26.57 26.88 26.47 26.52 5221511 141629488.00
2024/07/26 26.50 27.72 26.45 27.52 10007373 277897408.00
2024/07/29 27.53 28.01 27.40 27.46 11503365 324995552.00
2024/07/30 27.30 27.50 27.06 27.13 5874767 162922816.00
2024/07/31 27.15 27.87 26.94 27.71 10344519 288895008.00
2024/08/01 27.72 28.25 27.68 27.72 8679376 246814032.00
2024/08/02 27.52 28.08 27.43 27.49 6022144 169968336.00
2024/08/05 27.43 27.85 26.77 26.77 8438810 234424400.00
2024/08/06 27.16 27.79 26.94 27.65 8460705 236322176.00
2024/08/07 27.72 28.38 27.46 28.00 10843557 309188064.00
2024/08/08 28.00 28.03 27.10 27.25 6806300 189635520.00
2024/08/09 27.30 27.49 26.96 27.00 4700180 129902408.00
2024/08/12 27.02 27.29 26.73 26.85 3865400 106336088.00
2024/08/13 26.80 27.26 26.75 27.25 4016447 110737536.00
2024/08/14 27.15 27.35 26.72 26.80 3671747 100903848.00
2024/08/15 26.79 27.25 26.62 26.75 3943924 108001704.00
2024/08/16 26.76 26.87 26.27 26.46 6588542 177634272.00
2024/08/19 26.38 26.69 25.98 26.15 6824598 182257296.00
2024/08/20 26.15 26.23 25.60 25.66 4432500 116623760.00
2024/08/21 25.64 25.86 25.44 25.66 3529223 92310624.00
2024/08/22 25.76 25.97 25.21 25.70 4291286 112194224.00
2024/08/23 25.75 25.91 25.44 25.77 3550609 93005368.00
2024/08/26 25.81 25.85 25.47 25.60 3649830 95429240.00
2024/08/27 25.51 25.96 24.96 25.68 6314119 164685264.00
2024/08/28 25.50 26.42 25.50 26.30 6781369 180993472.00
2024/08/29 26.16 27.05 26.14 26.92 7744110 211025312.00
2024/08/30 26.90 27.57 26.70 27.40 8321978 230548368.00
2024/09/02 27.40 27.40 26.74 26.76 5097199 140250464.00
2024/09/03 26.76 27.16 26.70 26.92 4270960 117310912.00
2024/09/04 26.85 27.10 26.70 26.83 3104576 85059944.00
2024/09/05 26.83 27.27 26.78 27.16 3705360 102307856.00
2024/09/06 27.22 27.24 26.55 26.58 3405304 93109200.00
2024/09/09 26.48 26.74 26.06 26.61 6912124 185815216.00
2024/09/10 26.59 26.98 26.35 26.80 3855049 104802280.00
2024/09/11 26.85 27.13 26.70 26.89 3777196 103677160.00
2024/09/12 26.88 27.22 26.18 26.39 4540258 122930536.00
2024/09/13 26.41 26.48 25.88 25.88 3965919 105689712.00
2024/09/18 25.88 26.57 25.71 26.42 3980940 106162736.00
2024/09/19 26.50 26.58 25.54 25.98 9174961 242546768.00
2024/09/20 26.19 26.19 25.68 25.86 3887962 102370216.00
2024/09/23 25.90 26.03 25.31 25.31 4549220 119000248.00
2024/09/24 25.40 26.06 24.96 26.03 8685880 226567760.00
2024/09/25 26.20 26.68 25.57 25.82 12621172 336247168.00
2024/09/26 25.58 26.98 25.57 26.98 11505184 308202592.00
2024/09/27 27.50 29.35 27.50 28.88 21668688 625257472.00
2024/09/30 29.70 33.29 29.22 32.42 47615304 1508685440.00
2024/10/08 38.99 38.99 33.30 36.60 50372540 1842337664.00
2024/10/09 34.59 35.50 31.87 31.87 39006088 1336265216.00
2024/10/10 32.00 33.08 30.86 31.21 23852118 774989760.00
2024/10/11 31.00 31.38 30.00 30.45 16157931 502166432.00
2024/10/14 30.85 32.32 30.20 32.01 23361674 747409728.00
2024/10/15 31.90 32.98 31.18 31.57 19885236 650359808.00
2024/10/16 31.24 32.06 30.93 31.41 10656817 341098528.00
2024/10/17 31.43 32.35 31.43 31.64 13904076 450551424.00
2024/10/18 31.62 34.15 31.26 33.19 23292008 776636416.00
2024/10/21 33.56 35.00 33.23 34.20 27201932 946253504.00
2024/10/22 34.60 34.66 33.50 33.88 16699577 575426688.00
2024/10/23 33.85 35.18 33.71 34.38 21041476 738546368.00
2024/10/24 34.50 35.70 34.02 34.20 19212294 677683712.00
2024/10/25 34.56 36.00 34.33 35.23 28188476 1006637824.00
2024/10/28 35.76 36.68 35.42 35.89 32505320 1190032512.00
2024/10/29 35.12 35.70 34.31 34.40 21309866 753889728.00
2024/10/30 34.30 35.03 34.02 34.44 13939194 488152256.00
2024/10/31 34.27 34.86 33.94 34.46 14822410 517008192.00
2024/11/01 34.17 34.38 32.73 32.93 20876514 705501952.00
2024/11/04 32.68 35.83 32.68 35.26 26429614 932521088.00
2024/11/05 35.70 37.88 35.60 37.26 36822444 1390545280.00
2024/11/06 37.70 38.80 36.72 37.19 39249864 1501947648.00
2024/11/07 36.50 36.96 35.50 36.41 25519870 936391680.00
2024/11/08 36.80 38.02 36.41 37.68 30915004 1171620480.00
2024/11/11 38.00 39.37 37.20 38.88 33077662 1284119296.00
2024/11/12 39.03 39.03 36.66 36.99 28676496 1091280000.00
2024/11/13 36.75 37.15 36.14 36.79 14230795 527677792.00
2024/11/14 36.73 37.13 35.70 35.82 11540213 423877312.00
2024/11/15 35.88 36.18 34.44 34.46 14761683 525397152.00
2024/11/18 34.51 35.31 33.89 34.52 13120778 460632384.00
2024/11/19 35.00 35.10 33.43 34.76 17121654 593220160.00
2024/11/20 34.51 35.35 34.23 35.12 12670144 448027296.00
2024/11/21 34.97 35.17 34.31 34.97 8640165 304950560.00
2024/11/22 34.85 34.85 32.88 32.95 13781364 472803808.00
2024/11/25 32.95 33.49 31.92 32.43 12148422 400634144.00
2024/11/26 32.29 32.68 32.05 32.10 6468725 212316960.00
2024/11/27 32.16 33.90 31.80 33.86 14553232 486969472.00
2024/11/28 33.73 34.50 33.31 33.42 9337878 321046208.00
2024/11/29 33.37 34.47 33.15 34.12 10434237 359468928.00
2024/12/02 34.06 34.75 34.00 34.33 9281250 323119936.00
2024/12/03 34.65 34.65 33.82 34.23 8750428 303296448.00
2024/12/04 34.09 34.14 33.25 33.46 9524520 325148768.00
2024/12/05 33.44 34.25 33.25 33.83 7078689 243127712.00
2024/12/06 33.74 34.45 33.63 34.28 8102289 280817920.00
2024/12/09 34.29 34.63 33.80 34.43 7947236 275949472.00
2024/12/10 35.54 35.70 34.76 34.93 15781115 563921344.00
2024/12/11 34.87 35.20 34.30 34.48 9417393 330421280.00
2024/12/12 34.40 35.28 34.31 34.67 10905764 385225056.00
2024/12/13 34.50 34.52 33.19 33.48 15905896 542010944.00
2024/12/16 33.48 33.61 33.09 33.24 8535972 288345632.00
2024/12/17 33.12 33.49 32.50 32.70 8168923 272883392.00
2024/12/18 32.84 33.05 32.41 32.48 7357373 243833824.00
2024/12/19 32.29 32.65 32.00 32.46 8132050 266984384.00
2024/12/20 32.41 33.45 32.33 33.20 9210464 309529824.00
2024/12/23 33.16 33.33 32.51 32.51 6514151 217237472.00
2024/12/24 32.52 33.29 32.52 32.95 7364560 246717904.00
2024/12/25 32.90 33.65 32.68 33.27 9704502 327348192.00
2024/12/26 35.97 38.30 35.04 36.74 60770868 2230889216.00
2024/12/27 37.40 37.55 35.68 35.93 47533040 1754778368.00
2024/12/30 36.24 36.52 35.13 35.31 29308144 1060440320.00
2024/12/31 35.32 35.41 34.10 34.15 24733688 867534272.00
2025/01/02 33.85 34.10 31.84 32.15 27094118 905338496.00
2025/01/03 32.16 33.17 31.86 31.99 22055246 728572608.00
2025/01/06 32.06 32.93 30.83 31.24 16890720 544267328.00
2025/01/07 31.24 31.83 30.87 31.80 14265570 455063936.00
2025/01/08 31.45 31.60 30.02 30.89 19606840 612776000.00
2025/01/09 30.60 31.67 30.60 31.34 15861190 503491392.00
2025/01/10 31.33 32.98 31.06 31.31 20686690 675424064.00
2025/01/13 30.99 31.99 30.70 31.25 12411660 394589664.00
2025/01/14 31.25 32.64 30.94 32.45 17788680 579298368.00
2025/01/15 32.45 32.50 31.69 31.73 12402762 402517568.00
2025/01/16 31.92 32.37 31.30 31.61 10843068 350271680.00
2025/01/17 31.49 32.48 31.31 32.01 13005520 421464704.00
2025/01/20 32.22 32.75 32.04 32.15 11533120 379007968.00
2025/01/21 32.25 32.33 31.50 31.95 12139909 391950688.00
2025/01/22 31.79 31.88 31.10 31.41 13567285 432880448.00
2025/01/23 31.70 32.18 31.25 31.27 12394398 399465696.00
2025/01/24 30.50 30.83 29.50 30.62 22485260 692075264.00
2025/01/27 30.85 31.02 29.95 29.95 11260692 347678976.00
2025/02/05 30.04 30.63 29.80 30.23 10664106 328483360.00
2025/02/06 30.21 31.50 30.03 31.30 15575713 490834560.00
2025/02/07 31.30 32.42 31.03 31.84 19199748 621447040.00
2025/02/10 32.00 32.15 31.49 31.80 10257504 331016544.00
2025/02/11 31.89 31.98 31.19 31.51 10651612 340338336.00
2025/02/12 31.39 31.98 31.23 31.96 10101660 324622176.00
2025/02/13 32.05 32.26 31.37 31.39 10293404 331765792.00
2025/02/14 31.25 31.49 30.38 30.59 17684232 552912384.00
2025/02/17 30.60 30.94 30.48 30.74 10791535 336624928.00
2025/02/18 30.71 31.24 30.00 30.23 12708611 395410080.00
2025/02/19 30.31 31.06 30.24 30.70 13094832 408564224.00
2025/02/20 30.77 31.41 30.46 31.33 18879444 597734464.00
2025/02/21 31.70 32.61 31.66 32.38 27013180 884885440.00
2025/02/24 32.21 33.29 31.91 32.76 27733774 920947584.00
2025/02/25 32.33 32.93 32.13 32.53 16091979 530852768.00
2025/02/26 32.59 33.00 32.18 32.69 18660246 617783168.00
2025/02/27 32.69 32.76 31.57 31.83 19571908 636315648.00
2025/02/28 32.35 32.90 31.36 31.54 20876636 682093952.00
2025/03/03 31.59 32.83 31.38 31.62 19691276 640827776.00
2025/03/04 31.42 32.67 31.32 32.30 18935804 620513088.00
2025/03/05 32.26 33.27 32.12 33.19 30890944 1032679168.00
2025/03/06 33.40 33.45 32.83 33.16 24706760 830474112.00
2025/03/07 32.93 34.06 32.71 33.59 28811118 981510208.00
2025/03/10 33.01 33.05 31.91 32.81 31028508 1024776768.00
2025/03/11 32.31 33.70 32.24 33.57 25605832 862117184.00
2025/03/12 33.81 34.45 33.10 33.19 26582904 906325632.00
2025/03/13 33.20 33.55 32.28 32.79 18995162 630498304.00
2025/03/14 32.75 33.08 32.16 32.88 20113834 667965696.00
2025/03/17 32.92 33.55 32.43 33.40 25232726 841959360.00
2025/03/18 33.48 34.25 33.26 34.05 32458228 1112283008.00
2025/03/19 33.81 34.85 33.41 33.46 26912728 928417792.00
2025/03/20 33.56 33.76 32.86 32.94 22236400 749719680.00
2025/03/21 33.33 34.10 32.71 33.04 20908248 707800064.00
2025/03/24 32.83 32.95 31.60 31.98 19560276 637846656.00
2025/03/25 31.99 32.53 31.90 32.22 10580575 346770944.00
2025/03/26 32.18 32.63 31.99 31.99 10882301 356460672.00
2025/03/27 31.88 32.19 31.10 31.92 11145548 358607648.00
2025/03/28 31.91 32.11 31.26 31.27 9016245 289458368.00
2025/03/31 31.19 31.19 30.33 30.65 11742289 366140864.00
2025/04/01 30.75 31.16 30.57 30.96 8712395 273239584.00
2025/04/02 30.95 30.95 30.46 30.52 8221720 255763088.00
2025/04/03 30.18 30.75 30.14 30.40 6825482 211488864.00
2025/04/07 29.00 29.49 25.36 26.55 26923134 753970048.00
2025/04/08 26.83 27.60 26.64 26.96 15578298 429474816.00
2025/04/09 26.50 28.35 26.08 28.04 19297752 542931904.00
2025/04/10 28.43 28.99 28.15 28.36 13677938 397437728.00
2025/04/11 28.10 28.82 28.02 28.48 9944718 288529088.00
2025/04/14 28.86 28.87 28.41 28.48 9225712 268520704.00
2025/04/15 28.47 28.48 27.86 28.03 8446280 241340640.00
2025/04/16 28.10 28.67 27.32 27.57 11207476 316557600.00
2025/04/17 27.22 27.94 27.21 27.45 8923774 251763680.00
2025/04/18 27.39 27.71 27.11 27.51 8332246 232224864.00
2025/04/21 27.60 28.32 27.45 28.12 11366787 322645856.00
2025/04/22 27.90 28.82 27.79 28.35 16338330 472819904.00
2025/04/23 28.34 28.61 28.24 28.43 9423000 272420768.00
2025/04/24 28.44 28.68 27.80 28.45 14701066 423513568.00
2025/04/25 28.49 28.55 27.80 28.25 12113080 347383424.00
2025/04/28 28.20 28.35 27.99 28.10 6378842 182670224.00
2025/04/29 28.04 28.78 27.90 28.65 10490458 304896128.00
2025/04/30 28.65 28.73 28.38 28.56 8388926 243813744.00
2025/05/06 28.69 29.03 28.66 29.03 12398457 364407296.00
2025/05/07 29.40 30.09 29.13 29.69 20894432 628896384.00
2025/05/08 29.47 30.07 29.22 30.05 16044978 485038592.00
2025/05/09 30.30 30.45 29.44 29.47 12611937 380462912.00
2025/05/12 29.49 30.73 29.49 30.15 20772186 639157376.00
2025/05/13 30.38 30.63 29.61 29.90 16174325 493758784.00
2025/05/14 29.86 30.58 29.60 30.09 16979240 520339840.00
2025/05/15 30.39 31.22 30.23 30.25 27776930 867868160.00
2025/05/16 29.93 30.36 29.62 29.65 16370698 498437280.00
2025/05/19 29.95 30.75 29.94 30.47 19261372 595183296.00
2025/05/20 30.50 30.89 30.05 30.54 15950433 493828512.00
2025/05/21 30.59 30.60 30.10 30.13 10852766 327960704.00
2025/05/22 30.13 30.44 29.50 29.54 10824872 323175680.00
2025/05/23 29.49 30.31 29.43 29.55 10041850 299806848.00
2025/05/26 29.53 30.23 29.37 30.01 9256632 276965760.00
2025/05/27 29.91 29.91 29.45 29.71 7348376 218100352.00
2025/05/28 29.67 29.85 29.14 29.17 7162414 210382528.00
2025/05/29 29.20 29.82 29.20 29.67 7042101 208432704.00
2025/05/30 29.53 31.36 29.53 30.63 36277020 1112235264.00
2025/06/03 30.92 31.23 30.50 30.76 19715524 607930752.00
2025/06/04 30.69 31.27 30.63 30.88 16811070 519937888.00
2025/06/05 30.80 31.07 30.54 30.92 12403671 382475040.00
2025/06/06 31.05 31.53 30.86 30.95 14339542 447268480.00
2025/06/09 30.97 32.72 30.97 31.72 24899900 793815232.00
2025/06/10 31.61 31.68 30.60 30.73 17286480 536007296.00
2025/06/11 30.78 31.04 30.71 30.73 7575240 233617248.00
2025/06/12 30.82 30.89 30.54 30.69 8322349 255583984.00
2025/06/13 30.70 31.35 30.50 30.86 16279203 502618912.00
2025/06/16 31.48 31.49 30.92 31.02 14697788 458549600.00
2025/06/17 30.98 31.11 30.55 30.94 10750091 330781952.00
2025/06/18 30.83 30.93 30.55 30.63 9990532 306572480.00
2025/06/19 30.53 30.57 29.88 30.03 12005957 361860256.00
2025/06/20 29.93 30.08 29.51 29.55 9479031 281897152.00
2025/06/23 29.55 30.22 29.55 30.17 8078252 241586192.00
2025/06/24 30.02 30.45 29.71 30.41 10568530 320046368.00
2025/06/25 30.47 31.18 30.31 31.03 18938412 585135296.00
2025/06/26 31.05 31.43 30.82 30.85 17844216 556409984.00
2025/06/27 30.83 31.22 30.80 30.84 11008900 340836448.00
2025/06/30 30.85 31.74 30.85 31.67 19980474 630189504.00
2025/07/01 32.00 32.00 31.23 31.40 13330100 418746560.00
2025/07/02 31.27 31.36 30.90 31.05 10063375 312862848.00
2025/07/03 31.00 31.28 30.90 31.04 6977941 216585312.00
2025/07/04 31.00 31.00 30.48 30.57 10384920 318808928.00
2025/07/07 30.56 30.75 30.34 30.52 6813576 208094400.00
2025/07/08 30.46 30.99 30.43 30.99 9506832 293181472.00
2025/07/09 31.00 31.19 30.56 30.65 10434003 321941600.00
2025/07/10 30.51 30.68 30.30 30.67 9105910 277566560.00
2025/07/11 30.72 31.05 30.51 30.87 10390425 320042112.00
2025/07/14 31.06 31.39 30.67 30.77 10712598 331415616.00
2025/07/15 30.77 31.05 30.31 30.56 9445120 289301024.00
2025/07/16 30.63 30.66 30.36 30.50 6965420 212617232.00
2025/07/17 30.64 31.42 30.54 31.33 18456842 574148544.00
2025/07/18 31.34 31.60 31.16 31.57 16215370 509586048.00
2025/07/21 31.53 31.69 31.27 31.59 12143713 382361312.00
2025/07/22 31.63 31.92 31.39 31.58 11848114 374435520.00
2025/07/23 31.54 31.72 31.21 31.32 12323392 387317440.00
2025/07/24 31.26 31.75 31.25 31.72 15306619 483368128.00
2025/07/25 31.76 31.88 31.43 31.66 11620080 367501632.00
2025/07/28 31.70 32.21 31.51 32.00 15023519 480464928.00
2025/07/29 31.95 32.36 31.66 32.06 13305247 424460864.00
2025/07/30 32.00 32.32 31.63 31.84 15317594 490075136.00
2025/07/31 31.00 31.05 30.18 30.35 30922656 947340480.00
2025/08/01 30.35 30.78 29.96 30.42 16853046 511777376.00
2025/08/04 30.30 31.08 30.22 31.08 14908771 460189312.00
2025/08/05 31.09 31.93 30.98 31.40 17501806 550393600.00
2025/08/06 31.37 32.10 31.31 32.00 20779552 662790400.00
2025/08/07 32.12 32.26 31.59 31.68 14614159 464185152.00
2025/08/08 31.60 31.81 31.35 31.42 9629022 303556384.00
2025/08/11 31.40 31.94 31.39 31.75 12693621 403678912.00
2025/08/12 31.70 31.74 31.11 31.23 14206945 444919136.00
2025/08/13 31.28 31.58 31.04 31.48 14181993 444760192.00
2025/08/14 31.48 31.50 30.76 30.89 14472507 450209856.00
2025/08/15 30.81 31.94 30.80 31.85 21532654 679918208.00
2025/08/18 32.09 32.30 31.89 32.25 23618978 757955776.00
2025/08/19 31.64 31.66 31.02 31.28 34623680 1083519744.00
2025/08/20 31.26 31.49 30.92 31.49 23339898 728926016.00
2025/08/21 31.40 31.90 31.31 31.41 18399422 580223232.00
2025/08/22 31.32 32.00 31.25 31.98 23071194 730076032.00
2025/08/25 32.10 33.55 31.90 32.84 38814832 1266259072.00
2025/08/26 32.74 32.77 32.28 32.51 20845198 677870528.00
2025/08/27 32.50 32.67 31.65 31.65 26472860 854760960.00
2025/08/28 31.64 32.28 31.21 32.28 22666884 721357184.00
2025/08/29 32.50 32.65 31.80 31.96 18142982 581320448.00
2025/09/01 31.91 32.26 31.55 31.73 17674676 560481984.00
2025/09/02 31.75 31.75 30.50 30.99 23452116 725779776.00
2025/09/03 31.08 31.16 29.93 29.95 19043900 578279424.00
2025/09/04 29.90 30.34 29.37 30.30 18614580 555990656.00
2025/09/05 30.15 30.61 29.86 30.55 13411802 406039904.00
2025/09/08 30.60 30.82 30.25 30.72 12700808 388955424.00
2025/09/09 30.58 30.67 29.96 30.08 10792126 326410368.00
2025/09/10 30.10 30.32 29.90 29.98 7362613 221239408.00
2025/09/11 30.00 30.49 29.80 30.47 11257580 339971264.00
2025/09/12 30.49 30.76 30.23 30.30 11419587 348061472.00
2025/09/15 30.33 30.33 30.01 30.10 8537799 256938224.00
2025/09/16 30.03 30.16 29.73 29.90 11067872 330915296.00
2025/09/17 30.00 30.18 29.91 30.08 9744381 292684320.00
2025/09/18 30.06 30.17 29.50 29.70 14260746 426547168.00
2025/09/19 29.70 29.98 29.66 29.80 8645665 257763440.00
2025/09/22 29.80 29.92 29.37 29.67 8724245 257573696.00
2025/09/23 29.66 30.06 29.23 29.73 11865550 351578848.00
2025/09/24 29.57 30.19 29.41 30.16 13241398 397501792.00
2025/09/25 30.15 30.48 30.00 30.21 11354433 342473824.00
2025/09/26 30.17 30.70 29.95 30.59 16582745 504564000.00
2025/09/29 30.59 30.75 30.04 30.46 12012703 364917888.00
2025/09/30 30.50 30.57 30.24 30.35 10555659 320846240.00
2025/10/09 30.45 31.05 30.16 30.97 17801504 545886400.00
2025/10/10 30.90 30.97 30.46 30.55 11056999 338946048.00
2025/10/13 29.94 30.54 29.87 30.50 11439932 345794048.00
2025/10/14 30.51 30.83 30.03 30.11 12950947 393558528.00
2025/10/15 30.11 30.26 29.82 30.05 8978703 269540000.00
2025/10/16 30.04 30.27 29.30 29.40 13844702 410262720.00
2025/10/17 29.36 29.56 28.50 28.50 11275644 326683456.00
2025/10/20 28.80 28.88 28.20 28.38 8667720 247143008.00
2025/10/21 28.35 28.46 28.18 28.32 9995117 283331712.00
2025/10/22 28.29 28.30 28.05 28.12 6817357 191821072.00
2025/10/23 28.05 28.42 27.84 28.40 8394608 235998208.00
2025/10/24 28.54 28.93 28.50 28.67 10838523 310876256.00
2025/10/27 28.77 29.31 28.50 29.00 12633653 364402336.00
2025/10/28 28.78 29.04 28.65 28.86 8750868 252254560.00
2025/10/29 28.90 28.91 28.55 28.85 8052798 231323392.00
2025/10/30 28.83 28.83 28.37 28.37 8429814 240992992.00
2025/10/31 28.36 28.96 28.33 28.79 9651305 276542912.00
2025/11/03 28.80 28.88 28.42 28.66 6717631 191970576.00
2025/11/04 28.57 28.63 28.13 28.16 7431696 210532176.00
2025/11/05 28.01 28.25 27.95 28.18 7102667 199479456.00
2025/11/06 28.13 28.44 28.12 28.23 8281507 234208416.00
2025/11/07 28.28 29.19 28.12 28.95 20406728 589286912.00
2025/11/10 28.92 28.97 28.71 28.78 10246013 295174848.00
2025/11/11 28.90 28.97 28.54 28.61 9462231 271493280.00
2025/11/12 28.63 28.65 28.10 28.15 9281510 262771600.00
2025/11/13 28.27 28.84 28.15 28.79 10809446 309056832.00
2025/11/14 28.66 28.83 28.39 28.39 7019260 200764128.00
2025/11/17 28.92 28.99 28.57 28.71 9838128 283124352.00
2025/11/18 28.64 28.68 28.27 28.38 7106977 201776160.00
2025/11/19 28.51 28.60 28.21 28.40 6976484 198383056.00
2025/11/20 28.66 28.97 28.38 28.62 10397688 298231296.00
2025/11/21 28.50 28.88 27.91 28.62 14549948 413643424.00
2025/11/24 28.50 29.18 28.50 29.13 14383699 416606944.00
2025/11/25 29.08 29.19 28.76 29.09 12323278 357815680.00
2025/11/26 28.95 29.11 28.66 28.81 9706608 279636672.00
2025/11/27 28.71 28.93 28.69 28.81 6867968 197946480.00
2025/11/28 28.84 28.91 28.54 28.75 7199814 206873712.00
2025/12/01 28.88 29.40 28.88 29.21 12420215 363118784.00
2025/12/02 29.04 29.19 28.96 29.13 6194630 180063808.00
2025/12/03 29.18 29.69 28.50 29.61 20619572 603351232.00
2025/12/04 29.38 30.27 29.35 30.01 25167990 754936256.00
2025/12/05 29.94 30.06 29.74 30.01 14518560 434452288.00
2025/12/08 30.18 31.39 30.06 30.56 32003324 984928448.00
2025/12/09 30.38 30.79 30.35 30.45 17429748 532207424.00
2025/12/10 30.32 30.70 29.90 30.29 19086144 577229824.00
2025/12/11 30.31 31.00 30.10 30.79 28281768 869111680.00
2025/12/12 30.96 31.30 30.64 31.07 25377864 786247424.00
2025/12/15 30.85 31.75 30.76 31.12 25117430 785880192.00
2025/12/16 31.05 31.10 30.01 30.20 23652148 716546304.00
2025/12/17 30.02 30.29 29.52 29.94 17275184 515138752.00
2025/12/18 29.82 30.80 29.75 30.34 21934358 668374528.00
2025/12/19 30.37 31.14 30.37 30.53 17583870 539403584.00
2025/12/22 30.68 31.05 30.44 30.44 17000500 521520192.00
2025/12/23 30.48 30.88 29.85 29.98 17976420 544121024.00
2025/12/24 29.80 31.66 29.71 31.38 37446200 1162547328.00
2025/12/25 31.32 32.16 31.24 32.16 38559436 1225734016.00
2025/12/26 33.33 36.66 33.13 34.87 101640016 3535415808.00
2025/12/29 38.30 40.77 38.30 40.05 137443936 5417879040.00
2025/12/30 40.00 40.20 38.68 39.30 92777336 3653267456.00
2025/12/31 38.93 40.60 37.81 39.46 78677208 3074978304.00
2026/01/05 40.66 40.80 38.40 39.09 74090312 2909118976.00
2026/01/06 38.15 38.78 37.01 38.46 62504288 2363578368.00
2026/01/07 38.01 38.49 37.38 37.88 44015144 1662896768.00
2026/01/08 37.41 42.47 37.40 41.03 86043568 3486062080.00
2026/01/09 41.73 44.50 40.76 42.76 93278816 3941446144.00
2026/01/12 44.30 47.20 43.52 46.47 79428600 3602907904.00
2026/01/13 44.91 44.98 40.90 41.48 77701336 3276377600.00
2026/01/14 41.18 42.97 40.51 40.82 67877344 2822905600.00
2026/01/15 40.31 40.55 38.87 39.32 51670968 2041905536.00
2026/01/16 40.03 42.50 39.65 40.96 61899268 2534328064.00
2026/01/19 40.60 41.65 40.50 40.75 42486040 1742955904.00
2026/01/20 40.74 41.08 38.80 39.62 34977864 1383147648.00
2026/01/21 39.16 40.98 39.00 40.23 29443044 1180469888.00
2026/01/22 40.09 42.30 40.08 41.69 46279288 1914590720.00
2026/01/23 42.00 44.08 41.12 43.23 59984960 2566167296.00
2026/01/26 43.70 44.19 41.53 41.94 46914196 2003927424.00
2026/01/27 41.42 43.30 41.42 42.78 39953764 1704128256.00
2026/01/28 42.14 42.36 40.47 41.54 38180492 1574189184.00
2026/01/29 41.20 43.30 40.91 40.93 31467036 1320111616.00
2026/01/30 40.60 41.06 38.67 39.93 30666740 1217910400.00
2026/02/02 39.91 40.38 38.72 38.75 21410712 843968192.00
2026/02/03 39.23 41.30 39.00 41.05 28698880 1162433536.00
2026/02/04 41.00 41.70 40.35 40.88 20067396 821730752.00
2026/02/05 40.41 41.35 39.91 40.07 17956940 724419648.00
2026/02/06 39.75 40.29 39.10 39.44 15951379 633974784.00
2026/02/09 40.08 40.28 39.20 39.50 18707900 740871488.00
2026/02/10 39.33 39.52 38.50 39.00 18431130 719752960.00
2026/02/11 39.00 40.62 38.95 39.30 23120672 923401344.00
2026/02/12 39.05 39.84 39.02 39.62 16069861 634491008.00
2026/02/13 39.53 39.92 39.00 39.01 13838143 545060928.00
2026/02/24 39.58 39.92 38.78 39.38 13996833 551872704.00
2026/02/25 39.27 40.46 39.27 39.96 20267728 811763264.00
#Ъ§ОнРДдД:ЭЈДяаХ
