300458 ШЋжОПЦММ ШеЯп ЧАИДШЈ
      ШеЦк	    ПЊХЬ	    зюИп	    зюЕЭ	    ЪеХЬ	    ГЩНЛСП	    ГЩНЛЖю
2021/08/02 34.60 35.33 32.17 32.88 36197103 3040172288.00
2021/08/03 32.90 33.18 30.26 30.55 27754130 2192061952.00
2021/08/04 31.05 31.45 30.24 31.12 21565754 1684715776.00
2021/08/05 31.10 32.66 30.56 32.13 23224275 1867051904.00
2021/08/06 32.05 32.70 30.28 30.59 20502484 1601097984.00
2021/08/09 30.15 31.56 29.84 31.08 15600650 1207377920.00
2021/08/10 31.21 31.41 29.90 30.65 14098563 1082102656.00
2021/08/11 30.70 30.84 29.78 30.72 12407031 949929280.00
2021/08/12 30.73 31.84 30.43 30.82 17350992 1359466752.00
2021/08/13 30.52 30.52 28.93 29.27 18060771 1353480960.00
2021/08/16 29.28 31.68 29.27 30.31 19395205 1493547392.00
2021/08/17 30.48 30.69 28.25 28.42 16579880 1220264960.00
2021/08/18 29.31 29.66 28.52 28.78 11076457 813164864.00
2021/08/19 28.62 29.60 28.60 29.06 9648286 709356928.00
2021/08/20 28.26 29.88 27.86 28.60 16008606 1162631424.00
2021/08/23 28.93 29.96 28.43 29.51 15205511 1130956416.00
2021/08/24 30.14 30.63 29.01 29.84 14601446 1104563200.00
2021/08/25 30.14 31.66 29.86 30.56 18127619 1410184832.00
2021/08/26 30.22 30.75 29.18 29.29 13785843 1038015680.00
2021/08/27 29.01 29.89 28.76 29.12 9081294 671207616.00
2021/08/30 29.74 30.70 29.01 29.40 13452785 1013284224.00
2021/08/31 28.92 29.58 27.27 28.04 16357640 1164152832.00
2021/09/01 28.03 29.54 27.64 29.05 17242219 1251827072.00
2021/09/02 28.70 28.73 27.18 27.32 15573305 1091050496.00
2021/09/03 27.04 29.00 26.98 28.06 14567395 1032770624.00
2021/09/06 28.63 29.95 27.71 29.18 14923890 1099301760.00
2021/09/07 28.73 29.29 28.43 28.93 8640404 628314560.00
2021/09/08 29.02 29.54 28.41 28.77 9403494 685177024.00
2021/09/09 28.77 29.56 28.35 28.87 10037385 730679552.00
2021/09/10 28.52 31.09 28.14 30.91 23614960 1785651712.00
2021/09/13 30.70 30.84 27.31 27.42 26324148 1902168704.00
2021/09/14 27.27 29.07 27.27 28.34 17289958 1235731072.00
2021/09/15 28.01 29.20 27.31 28.33 12711547 906497856.00
2021/09/16 28.16 28.53 26.45 26.56 14014490 966839552.00
2021/09/17 26.66 27.51 26.56 26.90 7567589 516271328.00
2021/09/22 26.37 27.90 26.33 27.10 7350341 507702496.00
2021/09/23 27.31 29.08 26.86 28.16 13750257 982931328.00
2021/09/24 28.06 29.00 27.88 28.05 8873089 636242048.00
2021/09/27 28.10 28.91 27.63 27.83 9288954 661470848.00
2021/09/28 27.66 29.20 27.31 28.45 11899062 855362624.00
2021/09/29 27.86 28.14 26.91 26.91 10269253 709944960.00
2021/09/30 27.15 29.33 26.95 28.73 14824649 1064951552.00
2021/10/08 29.29 29.69 27.59 27.68 12742054 908534400.00
2021/10/11 27.31 27.85 27.11 27.24 7959628 550310528.00
2021/10/12 27.11 27.12 24.37 24.78 16186970 1042562624.00
2021/10/13 24.68 25.27 24.30 25.08 11160877 701083264.00
2021/10/14 25.37 26.01 24.89 24.96 9075419 581923136.00
2021/10/15 25.09 26.33 24.58 26.01 11551113 753020800.00
2021/10/18 25.69 26.00 25.02 25.94 9359718 602930240.00
2021/10/19 25.87 26.29 25.47 26.07 6668010 437368768.00
2021/10/20 26.10 26.40 25.51 25.58 7503721 490689056.00
2021/10/21 25.57 25.98 25.29 25.65 5697317 369661664.00
2021/10/22 26.10 26.76 25.58 25.80 12075911 799496768.00
2021/10/25 25.38 26.54 25.20 26.15 10609823 695546176.00
2021/10/26 25.89 26.45 25.49 25.61 11162478 730857920.00
2021/10/27 25.49 25.81 24.67 24.89 9161028 580076224.00
2021/10/28 24.88 25.24 23.75 23.90 9596436 591253184.00
2021/10/29 24.00 25.22 23.85 25.08 11911855 751033472.00
2021/11/01 25.08 25.69 24.78 25.47 7950818 510329504.00
2021/11/02 25.65 26.33 25.25 25.46 11430855 747218240.00
2021/11/03 25.57 25.92 24.60 24.78 9102009 579419008.00
2021/11/04 25.08 26.36 24.81 25.49 12348103 805810240.00
2021/11/05 26.22 28.17 26.06 26.23 21929455 1493820416.00
2021/11/08 25.69 25.69 23.18 23.75 23921855 1458762496.00
2021/11/09 23.42 24.21 23.26 24.10 14467996 871147456.00
2021/11/10 23.89 24.61 23.50 24.11 14858234 903028416.00
2021/11/11 23.71 27.29 23.63 26.59 31181780 2032478592.00
2021/11/12 26.54 27.29 26.18 26.80 19744669 1340342016.00
2021/11/15 26.80 27.72 26.52 26.57 15012234 1026984640.00
2021/11/16 26.59 27.30 26.21 26.36 13137771 889653376.00
2021/11/17 26.59 26.89 25.94 26.88 11847042 793540736.00
2021/11/18 26.95 27.13 25.82 25.97 14816757 984893760.00
2021/11/19 25.89 28.48 25.89 26.94 24081429 1662119552.00
2021/11/22 27.31 30.06 27.31 29.42 30602506 2225963776.00
2021/11/23 29.54 30.33 29.13 29.38 24468290 1828235136.00
2021/11/24 29.23 29.88 28.59 28.87 16101133 1186451840.00
2021/11/25 28.77 30.24 28.65 29.59 20507319 1533652480.00
2021/11/26 29.33 29.53 27.96 28.73 18391058 1329223680.00
2021/11/29 28.22 28.91 28.17 28.52 10361613 744156608.00
2021/11/30 28.61 28.90 27.59 27.88 14498710 1034888000.00
2021/12/01 27.69 29.42 27.66 28.80 15401071 1116872320.00
2021/12/02 28.75 30.22 28.07 29.98 25359266 1876037504.00
2021/12/03 30.55 31.73 29.99 30.18 33267237 2574034944.00
2021/12/06 30.45 30.95 28.90 28.92 21803337 1641469056.00
2021/12/07 29.05 29.48 27.87 28.29 14450930 1040593280.00
2021/12/08 28.66 29.16 28.36 28.89 10962628 799763904.00
2021/12/09 28.60 28.71 28.19 28.39 11119672 797619136.00
2021/12/10 28.17 28.17 27.20 27.66 14444372 1004600192.00
2021/12/13 27.66 27.90 27.38 27.57 9223245 643393984.00
2021/12/14 27.39 28.12 27.09 27.83 11638540 809978688.00
2021/12/15 28.03 28.03 26.83 26.89 11251536 776525504.00
2021/12/16 26.90 27.49 26.90 26.92 7673804 526323680.00
2021/12/17 26.90 26.90 25.31 25.32 14682295 956675200.00
2021/12/20 25.08 25.55 24.62 25.15 8138290 515783904.00
2021/12/21 25.18 25.63 25.18 25.59 6366490 410228832.00
2021/12/22 25.80 26.05 25.33 25.49 6315172 410566784.00
2021/12/23 25.29 25.68 25.07 25.34 5652411 363159552.00
2021/12/24 25.61 25.90 25.15 25.39 6804954 439601376.00
2021/12/27 25.39 25.60 24.42 24.45 8003753 503959744.00
2021/12/28 24.68 25.12 24.58 24.94 5352133 336503008.00
2021/12/29 24.83 24.98 24.49 24.61 4393452 274215264.00
2021/12/30 24.56 25.59 24.56 25.28 7945040 505704576.00
2021/12/31 25.36 25.39 24.88 24.99 4990344 316442976.00
2022/01/04 24.96 25.20 23.93 24.21 7298718 450369184.00
2022/01/05 24.07 24.22 23.24 23.44 7717111 461215200.00
2022/01/06 23.46 24.33 23.46 23.69 7449760 451168768.00
2022/01/07 23.59 24.05 23.26 23.50 6558159 392215264.00
2022/01/10 23.35 23.88 22.79 23.85 6589905 392489056.00
2022/01/11 23.70 23.90 23.50 23.65 3891986 233557904.00
2022/01/12 23.72 24.04 23.72 23.91 4717936 285842336.00
2022/01/13 24.07 24.07 23.17 23.18 4731405 282976384.00
2022/01/14 23.06 23.78 22.88 23.50 5285988 315902976.00
2022/01/17 23.41 24.22 23.39 24.17 6615595 401351072.00
2022/01/18 24.18 24.62 23.87 24.20 6946404 427298464.00
2022/01/19 23.87 24.19 23.32 23.51 4988635 299848672.00
2022/01/20 23.46 23.90 23.06 23.14 3919583 232579840.00
2022/01/21 22.90 23.10 21.37 21.70 9966458 557416000.00
2022/01/24 21.60 22.84 21.48 22.62 7555832 429341792.00
2022/01/25 22.42 22.65 21.74 21.74 4968854 280376000.00
2022/01/26 22.05 22.20 21.44 21.96 3824044 212553024.00
2022/01/27 21.97 22.39 20.84 20.87 5215864 283347808.00
2022/01/28 20.90 21.30 20.41 20.43 4372923 231708624.00
2022/02/07 21.07 21.21 20.55 20.71 4127349 219099904.00
2022/02/08 20.91 20.91 20.18 20.83 4437556 231847488.00
2022/02/09 20.75 21.22 20.63 21.18 4553203 243177056.00
2022/02/10 21.29 21.35 20.71 21.05 4454833 237718848.00
2022/02/11 21.00 21.20 20.46 20.51 4251285 224740784.00
2022/02/14 20.26 21.00 19.93 20.54 4631174 243543264.00
2022/02/15 20.64 21.15 20.64 20.89 4978920 264581680.00
2022/02/16 21.12 21.27 20.76 20.79 4041182 214960624.00
2022/02/17 20.72 21.20 20.58 20.87 5226816 277821504.00
2022/02/18 20.53 20.70 20.47 20.67 3564424 186591184.00
2022/02/21 20.67 21.18 20.66 21.05 4757419 253902944.00
2022/02/22 20.86 20.86 20.07 20.59 6362419 330701952.00
2022/02/23 20.43 21.89 20.42 21.66 11922317 649521152.00
2022/02/24 21.51 21.76 20.46 20.85 10341709 557055616.00
2022/02/25 21.65 22.31 21.44 21.80 12522691 695223936.00
2022/02/28 21.63 22.20 21.39 22.02 8740897 485788416.00
2022/03/01 22.08 22.16 21.52 21.99 6345809 351080672.00
2022/03/02 22.04 22.04 21.47 21.60 5665583 311647104.00
2022/03/03 21.76 21.84 21.18 21.19 4551618 247953040.00
2022/03/04 20.90 21.95 20.84 21.21 6644812 363418912.00
2022/03/07 21.04 21.18 19.98 20.04 7741959 401125952.00
2022/03/08 20.05 20.56 19.46 19.86 7812458 399799616.00
2022/03/09 19.86 20.29 18.73 19.54 7068993 353720032.00
2022/03/10 20.14 20.22 19.25 19.27 7006438 351376704.00
2022/03/11 18.77 19.55 18.51 19.50 6327480 306650592.00
2022/03/14 19.21 19.38 18.81 18.81 4481754 218209648.00
2022/03/15 18.71 18.98 17.69 17.69 7772633 364286880.00
2022/03/16 18.06 18.51 17.08 18.36 9926920 451830688.00
2022/03/17 18.67 19.30 18.49 18.93 10261004 498146560.00
2022/03/18 18.73 19.14 18.61 19.07 5954403 288000032.00
2022/03/21 19.03 19.56 18.84 19.27 7075609 346784960.00
2022/03/22 19.31 19.64 19.05 19.21 6189285 304622784.00
2022/03/23 19.22 19.47 18.93 19.27 5205961 255871888.00
2022/03/24 19.02 19.16 18.75 18.86 6008344 289719968.00
2022/03/25 20.02 21.46 19.54 21.03 27643634 1440964224.00
2022/03/28 20.59 21.03 20.35 20.45 14025849 734649920.00
2022/03/29 20.32 20.62 19.76 19.80 11657160 599540800.00
2022/03/30 20.05 21.03 20.05 20.78 13042780 686176704.00
2022/03/31 20.51 21.42 20.39 21.20 13683494 733500864.00
2022/04/01 20.86 21.55 20.67 20.74 12339799 662146880.00
2022/04/06 20.63 20.63 19.85 20.20 8712325 447286048.00
2022/04/07 20.13 20.13 19.07 19.09 8748428 435163584.00
2022/04/08 19.21 19.38 18.57 19.13 6813594 330386592.00
2022/04/11 18.69 18.81 17.83 17.95 6918221 322403456.00
2022/04/12 17.95 18.14 17.51 17.94 6862694 314000992.00
2022/04/13 17.76 17.76 16.94 17.05 7073287 312284864.00
2022/04/14 17.21 17.88 17.03 17.65 7650629 341356416.00
2022/04/15 17.34 17.83 17.10 17.53 6116116 273667168.00
2022/04/18 17.31 18.88 17.23 18.46 10032756 471337632.00
2022/04/19 18.24 18.61 18.10 18.16 5840568 272150080.00
2022/04/20 18.33 18.56 18.00 18.16 6159148 287589152.00
2022/04/21 18.06 18.52 17.55 17.67 6646523 307061088.00
2022/04/22 15.97 15.97 14.01 14.01 21459679 815039232.00
2022/04/25 13.98 14.18 13.54 13.62 11018726 395300448.00
2022/04/26 13.80 13.85 12.88 12.93 8990985 310719680.00
2022/04/27 12.73 14.09 12.54 13.97 10826217 373257376.00
2022/04/28 13.48 13.69 12.85 13.05 17114069 303697344.00
2022/04/29 13.35 13.80 13.25 13.69 19923062 362355680.00
2022/05/05 13.68 14.09 13.50 13.75 14592431 269763680.00
2022/05/06 13.17 13.71 13.09 13.32 11921643 214023072.00
2022/05/09 13.50 13.85 13.24 13.40 10132944 183220320.00
2022/05/10 13.02 13.93 12.96 13.65 15608237 285444832.00
2022/05/11 13.73 14.93 13.55 14.41 31010399 600797888.00
2022/05/12 14.19 14.79 14.10 14.61 18501468 359186144.00
2022/05/13 14.59 14.83 14.36 14.54 12973773 252346560.00
2022/05/16 14.56 14.82 14.19 14.31 12383402 239434816.00
2022/05/17 14.18 14.95 14.18 14.88 22199381 434833984.00
2022/05/18 14.87 15.12 14.67 14.79 17654300 351053888.00
2022/05/19 14.42 15.50 14.36 15.32 23870214 480437120.00
2022/05/20 15.31 15.51 15.03 15.30 16100586 327793856.00
2022/05/23 15.55 15.72 15.21 15.46 14239996 293347616.00
2022/05/24 15.26 15.46 14.45 14.49 20152139 404100224.00
2022/05/25 14.42 14.78 14.31 14.60 13157993 255637888.00
2022/05/26 14.73 14.78 14.01 14.48 16130274 310440704.00
2022/05/27 14.55 14.92 14.04 14.19 14781439 285457184.00
2022/05/30 14.12 14.85 14.07 14.55 16746583 326556096.00
2022/05/31 14.65 15.57 14.16 15.41 30432302 611773760.00
2022/06/01 15.45 15.62 15.12 15.22 19029849 389553280.00
2022/06/02 15.28 15.60 15.08 15.48 20802483 428249248.00
2022/06/06 15.42 16.06 15.36 16.02 28973769 612312448.00
2022/06/07 16.11 16.12 15.50 15.73 21095337 443592480.00
2022/06/08 15.64 15.92 15.27 15.64 16300574 339329408.00
2022/06/09 15.58 15.58 14.95 15.11 15068130 306393184.00
2022/06/10 14.97 15.55 14.96 15.42 17120214 350230176.00
2022/06/13 15.23 15.65 15.16 15.35 14495706 297588480.00
2022/06/14 15.23 15.26 14.41 15.07 20762781 411012256.00
2022/06/15 15.03 16.04 15.03 15.64 30867081 646526464.00
2022/06/16 15.78 16.86 15.78 16.45 36997381 811591872.00
2022/06/17 16.45 16.45 15.87 16.27 24953281 536650624.00
2022/06/20 16.25 16.87 16.25 16.63 28109325 622016832.00
2022/06/21 16.73 18.78 16.22 17.77 47913843 1119239040.00
2022/06/22 17.81 18.77 17.28 17.32 43613357 1045635968.00
2022/06/23 17.38 17.88 17.07 17.69 32700127 760225088.00
2022/06/24 17.59 18.36 17.53 18.05 31472491 751116992.00
2022/06/27 18.12 18.49 17.81 18.07 28090677 676755776.00
2022/06/28 18.26 21.33 17.38 20.55 60703900 1548085632.00
2022/06/29 20.42 23.57 20.25 21.85 87666125 2578096640.00
2022/06/30 21.88 23.22 21.18 22.72 64687004 1921322880.00
2022/07/01 22.01 22.27 21.56 21.62 44198224 1278699520.00
2022/07/04 20.68 22.99 19.88 22.20 45638297 1299885696.00
2022/07/05 22.04 23.38 21.96 22.82 49797262 1502860800.00
2022/07/06 22.66 23.09 21.64 21.65 41236211 1223340800.00
2022/07/07 21.58 22.26 21.25 21.79 34622177 995084032.00
2022/07/08 22.22 23.24 21.98 22.45 49152312 1477889792.00
2022/07/11 22.03 22.05 20.68 20.82 41004118 1151322240.00
2022/07/12 20.75 21.24 19.92 19.96 30824212 835004928.00
2022/07/13 19.98 20.25 19.23 19.56 26757740 695721664.00
2022/07/14 19.55 20.48 19.42 20.27 28816511 767277440.00
2022/07/15 20.20 20.57 19.58 19.58 27959650 744729664.00
2022/07/18 19.77 20.29 19.04 19.88 22014001 576292224.00
2022/07/19 20.06 20.18 19.30 19.69 20223896 527286464.00
2022/07/20 19.88 20.36 19.66 19.71 23344147 619759040.00
2022/07/21 19.86 21.24 19.42 20.81 43865691 1205070848.00
2022/07/22 20.93 20.93 19.84 20.08 26714063 718118080.00
2022/07/25 19.78 20.12 18.76 18.78 23012078 590967872.00
2022/07/26 18.72 19.24 18.35 19.10 16327916 407960000.00
2022/07/27 18.90 19.43 18.72 19.15 14588489 369589088.00
2022/07/28 19.34 19.92 19.27 19.39 20705742 540211968.00
2022/07/29 19.30 19.55 18.82 18.82 16986459 431046912.00
2022/08/01 18.64 19.25 18.27 19.05 15078306 378498528.00
2022/08/02 18.63 18.93 17.75 18.22 20734321 507841664.00
2022/08/03 18.32 19.41 18.32 18.79 25939742 650837440.00
2022/08/04 18.96 19.72 18.92 19.18 21875571 559058240.00
2022/08/05 19.23 21.92 19.08 21.73 61921432 1705742592.00
2022/08/08 21.88 22.18 21.12 21.46 46610450 1329436416.00
2022/08/09 21.60 22.18 20.51 21.82 43247356 1212651008.00
2022/08/10 21.18 22.04 20.88 21.34 36250716 1035819904.00
2022/08/11 21.41 22.50 21.41 21.66 36754747 1065595904.00
2022/08/12 22.76 23.25 21.25 21.27 45204523 1338335232.00
2022/08/15 20.63 21.32 20.61 20.82 30016585 833357632.00
2022/08/16 20.64 21.07 20.42 20.56 20926573 574591616.00
2022/08/17 20.58 20.93 20.35 20.90 19469841 535052384.00
2022/08/18 20.62 21.32 20.25 21.08 24655744 682057088.00
2022/08/19 21.02 21.62 20.08 20.09 26777821 738396736.00
2022/08/22 19.83 20.44 19.49 20.10 14717819 392668064.00
2022/08/23 19.96 20.32 19.51 19.65 17612263 462506816.00
2022/08/24 19.82 19.88 18.50 18.58 20758264 523721856.00
2022/08/25 18.62 18.81 17.92 18.18 15308342 371297920.00
2022/08/26 18.12 18.41 17.68 17.68 14563789 349251872.00
2022/08/29 17.30 17.88 17.19 17.34 13501026 313202304.00
2022/08/30 17.38 17.67 17.21 17.53 11298467 262439424.00
2022/08/31 17.28 17.63 16.75 16.88 14202926 323858720.00
2022/09/01 16.89 17.23 16.43 16.56 12036569 269209600.00
2022/09/02 16.69 17.13 16.58 17.08 13107798 294988672.00
2022/09/05 16.84 17.23 16.52 16.95 9716104 218222768.00
2022/09/06 16.95 17.23 16.85 17.15 10499524 238901952.00
2022/09/07 17.27 18.14 17.19 18.07 22846190 542815936.00
2022/09/08 17.90 17.98 17.59 17.60 12641235 298437568.00
2022/09/09 17.47 17.68 17.10 17.36 9788480 225660256.00
2022/09/13 17.36 17.77 17.18 17.23 9015347 209295600.00
2022/09/14 16.82 17.12 16.70 16.92 8370934 188465856.00
2022/09/15 16.95 17.07 16.12 16.26 12841327 281545760.00
2022/09/16 16.19 16.45 15.87 15.87 9032929 195297296.00
2022/09/19 15.90 16.21 15.68 15.82 6937906 147275648.00
2022/09/20 15.90 16.11 15.75 15.98 7187496 152959664.00
2022/09/21 15.88 16.22 15.47 16.09 7991679 169026672.00
2022/09/22 15.91 16.35 15.86 16.08 6651500 143425440.00
2022/09/23 16.02 16.15 15.33 15.35 8956678 187260624.00
2022/09/26 15.17 15.48 15.05 15.15 6211336 126788984.00
2022/09/27 15.22 16.03 15.22 15.98 11708843 244144880.00
2022/09/28 15.78 15.93 15.29 15.29 8331569 173145200.00
2022/09/29 15.49 15.62 15.08 15.18 7383494 151245024.00
2022/09/30 15.15 15.32 14.68 14.68 7256286 144835504.00
2022/10/10 14.69 14.80 14.04 14.12 7960374 152215152.00
2022/10/11 14.12 14.32 13.92 14.04 6476976 121880584.00
2022/10/12 14.06 14.99 14.00 14.91 11472968 221887040.00
2022/10/13 14.72 15.25 14.65 14.98 9344027 187977424.00
2022/10/14 15.35 15.48 15.04 15.28 9314260 189766976.00
2022/10/17 15.12 15.63 15.05 15.56 8599282 177516080.00
2022/10/18 15.65 15.73 15.32 15.45 7807026 161460096.00
2022/10/19 15.39 15.65 15.22 15.22 7996530 164583408.00
2022/10/20 15.18 16.11 15.02 15.78 20665325 434436160.00
2022/10/21 15.67 15.82 15.33 15.52 10961260 227104288.00
2022/10/24 15.56 16.08 15.10 15.36 11122046 232213104.00
2022/10/25 14.50 14.59 13.68 14.52 20170630 383214112.00
2022/10/26 14.75 15.29 14.38 15.09 15339217 307435136.00
2022/10/27 15.19 15.52 15.02 15.12 12213132 249016672.00
2022/10/28 14.97 15.38 14.33 14.38 12712190 253126144.00
2022/10/31 14.28 14.93 14.28 14.58 10039402 197141024.00
2022/11/01 14.48 15.02 14.48 15.02 11044490 218553072.00
2022/11/02 15.77 16.39 15.64 15.72 25812249 549270720.00
2022/11/03 15.52 16.11 15.45 15.99 21020914 443148256.00
2022/11/04 16.02 16.26 15.83 16.22 19766093 424185504.00
2022/11/07 16.02 16.38 16.00 16.04 12634690 272094272.00
2022/11/08 16.22 16.22 15.69 15.91 9539376 202065584.00
2022/11/09 15.92 16.00 15.65 15.81 7628230 161041264.00
2022/11/10 15.58 15.93 15.42 15.48 10335007 215592544.00
2022/11/11 16.03 16.26 15.87 15.88 16895821 361078976.00
2022/11/14 15.78 16.12 15.64 15.72 10160362 215159552.00
2022/11/15 15.72 17.26 15.62 16.91 32434666 717967744.00
2022/11/16 16.91 17.20 16.62 16.92 18515366 417513184.00
2022/11/17 16.72 17.42 16.47 17.42 24981080 566166208.00
2022/11/18 17.41 17.69 16.84 17.00 18348909 420923392.00
2022/11/21 16.79 17.07 16.50 16.81 11054264 246355824.00
2022/11/22 16.77 17.09 16.43 16.51 12902680 288395776.00
2022/11/23 16.42 16.59 15.94 16.25 10722857 231789040.00
2022/11/24 16.42 16.51 16.06 16.10 7181280 155438816.00
2022/11/25 16.06 16.42 15.74 15.74 8656770 185316624.00
2022/11/28 15.39 15.71 15.27 15.46 7576820 156768768.00
2022/11/29 15.57 15.98 15.42 15.85 8162927 171733216.00
2022/11/30 15.75 16.11 15.69 15.81 7271622 153874208.00
2022/12/01 16.12 16.39 15.82 15.85 10414172 223332608.00
2022/12/02 15.75 16.05 15.74 15.88 6124658 129962144.00
2022/12/05 16.02 16.15 15.80 16.06 8404863 179013456.00
2022/12/06 15.97 16.65 15.96 16.38 15486796 338667712.00
2022/12/07 16.27 16.33 16.05 16.20 8539159 184433456.00
2022/12/08 16.13 16.19 15.56 15.56 12391606 261510928.00
2022/12/09 15.48 15.77 15.41 15.55 10811154 224610976.00
2022/12/12 15.50 15.88 15.21 15.65 11816316 246021440.00
2022/12/13 15.54 15.57 15.14 15.15 9254875 189274112.00
2022/12/14 15.91 16.15 15.58 15.63 20030293 423539104.00
2022/12/15 15.58 17.11 15.48 16.58 32025928 710334784.00
2022/12/16 16.38 16.76 16.16 16.72 19789731 434438656.00
2022/12/19 16.50 16.60 15.88 16.04 14175308 306069152.00
2022/12/20 15.85 16.42 15.83 16.27 12929547 279002304.00
2022/12/21 16.32 17.28 16.28 16.71 21755031 487988832.00
2022/12/22 16.58 16.98 16.01 16.19 16413123 361147232.00
2022/12/23 15.83 15.95 15.15 15.30 14836990 306128256.00
2022/12/26 15.19 15.96 15.18 15.76 12163424 255750016.00
2022/12/27 15.79 15.85 15.45 15.72 8290298 172932448.00
2022/12/28 15.59 15.67 15.22 15.35 8260815 169759344.00
2022/12/29 15.28 15.44 15.15 15.24 6163819 125872760.00
2022/12/30 15.44 15.48 15.16 15.24 5534737 113060600.00
2023/01/03 15.20 15.61 15.03 15.58 7803360 160504992.00
2023/01/04 15.48 15.99 15.48 15.60 9640407 202701808.00
2023/01/05 15.53 15.88 15.45 15.88 8921847 187105600.00
2023/01/06 15.99 16.06 15.70 15.72 11191915 237500112.00
2023/01/09 15.76 16.08 15.73 15.88 7976100 169118112.00
2023/01/10 15.94 16.52 15.88 16.06 13580618 293532672.00
2023/01/11 16.00 16.35 15.65 15.68 11512852 245616080.00
2023/01/12 15.58 15.76 15.38 15.66 6422146 134098952.00
2023/01/13 15.69 15.73 15.43 15.58 5367406 111455688.00
2023/01/16 15.43 15.94 15.42 15.82 9279694 195676064.00
2023/01/17 15.88 16.28 15.82 15.99 12394879 265772848.00
2023/01/18 16.19 16.62 16.05 16.20 11909826 258589008.00
2023/01/19 16.16 17.23 16.09 16.87 22339950 498251424.00
2023/01/20 16.96 17.26 16.92 17.07 15178452 345104992.00
2023/01/30 17.35 17.45 16.91 17.05 16724035 381483328.00
2023/01/31 16.98 17.26 16.79 16.82 12757293 287721056.00
2023/02/01 16.81 17.25 16.79 17.16 15838433 360007648.00
2023/02/02 17.25 18.00 17.18 17.61 27933554 652531584.00
2023/02/03 17.65 17.88 17.32 17.60 16998658 397129088.00
2023/02/06 17.50 18.20 17.35 17.93 22558542 535820576.00
2023/02/07 18.02 18.34 17.58 18.18 27265016 650488960.00
2023/02/08 18.55 19.27 17.62 17.68 39327928 970219904.00
2023/02/09 17.65 18.61 17.57 18.58 35965340 869792064.00
2023/02/10 18.41 19.21 18.35 18.65 32135903 802757760.00
2023/02/13 18.55 18.98 18.39 18.74 20426944 506383232.00
2023/02/14 18.85 19.15 18.26 18.37 20454251 504936448.00
2023/02/15 18.32 18.68 18.12 18.58 18307427 448045760.00
2023/02/16 18.52 18.87 17.75 17.93 24139336 587630912.00
2023/02/17 18.04 18.12 17.27 17.30 19117327 446996192.00
2023/02/20 17.30 17.68 17.11 17.65 14077288 325347456.00
2023/02/21 17.57 17.89 17.38 17.59 10251194 240637648.00
2023/02/22 17.42 17.64 17.23 17.42 8123886 188254832.00
2023/02/23 17.49 17.54 17.19 17.28 8494270 196289536.00
2023/02/24 17.46 17.70 17.22 17.28 12522213 290345184.00
2023/02/27 16.98 17.31 16.83 16.84 10704163 242367664.00
2023/02/28 16.90 17.16 16.77 17.04 7605609 172188608.00
2023/03/01 17.00 17.60 16.88 17.55 14289114 329659776.00
2023/03/02 17.75 18.25 17.53 17.55 18662142 443275552.00
2023/03/03 18.04 18.27 17.42 18.01 25062952 596307136.00
2023/03/06 18.13 18.44 17.72 17.89 19210220 459976832.00
2023/03/07 17.67 17.85 16.96 16.98 17087011 394896384.00
2023/03/08 16.88 17.52 16.87 17.35 12003804 275889600.00
2023/03/09 17.29 17.65 17.22 17.59 13229609 308292736.00
2023/03/10 17.55 18.12 17.51 17.55 20529276 486757216.00
2023/03/13 17.49 17.76 17.05 17.72 16327603 378390080.00
2023/03/14 17.81 18.24 17.49 18.24 28657615 684135040.00
2023/03/15 18.04 18.50 17.88 17.95 21879110 527923840.00
2023/03/16 17.69 18.18 17.60 17.81 16230815 386466528.00
2023/03/17 18.28 18.81 17.97 18.55 32711758 800427904.00
2023/03/20 18.62 20.99 18.59 20.51 67669992 1797105664.00
2023/03/21 19.97 20.41 19.83 20.12 36932575 983603584.00
2023/03/22 19.94 20.42 19.61 20.36 36099445 960340928.00
2023/03/23 20.38 21.97 20.35 21.52 65944020 1862832640.00
2023/03/24 21.42 21.98 21.00 21.81 55194147 1574002176.00
2023/03/27 22.01 22.78 21.26 22.24 59015407 1725307904.00
2023/03/28 22.08 22.12 20.19 20.21 52995371 1465442048.00
2023/03/29 20.36 21.05 20.00 20.40 39424194 1075220864.00
2023/03/30 20.39 20.96 20.13 20.46 32216070 880064384.00
2023/03/31 20.35 20.71 19.88 20.58 28217385 761063808.00
2023/04/03 21.11 21.45 20.65 21.38 43191561 1209233920.00
2023/04/04 21.58 25.64 21.53 24.58 100682435 3178321664.00
2023/04/06 26.20 29.15 26.18 28.46 117889688 4278006528.00
2023/04/07 29.11 29.12 27.15 28.42 93314174 3454194688.00
2023/04/10 28.81 29.12 26.19 26.50 78076449 2807395584.00
2023/04/11 25.97 26.78 25.05 25.64 73545619 2507833088.00
2023/04/12 26.66 28.25 26.00 28.04 101649215 3671742720.00
2023/04/13 27.38 28.62 26.78 27.46 80552183 2944018688.00
2023/04/14 28.33 28.77 26.20 27.42 81583616 2992256256.00
2023/04/17 26.78 27.08 25.14 25.15 71298831 2429778688.00
2023/04/18 25.05 25.19 24.29 24.78 46453251 1517223168.00
2023/04/19 24.52 25.41 24.35 24.50 53417818 1759529472.00
2023/04/20 24.12 25.32 24.02 25.15 56514858 1852856192.00
2023/04/21 23.80 23.80 21.19 21.25 87309946 2575233792.00
2023/04/24 21.37 21.81 21.22 21.38 36901904 1051325312.00
2023/04/25 21.18 21.38 20.60 20.89 32931262 915238912.00
2023/04/26 20.92 20.96 19.45 19.62 41186566 1092781568.00
2023/04/27 19.65 20.54 19.48 19.77 28545641 754500224.00
2023/04/28 19.66 20.17 19.58 20.04 24810148 653671936.00
2023/05/04 19.89 20.00 19.07 19.27 26146579 668398400.00
2023/05/05 19.19 19.48 18.60 18.78 23397019 586972352.00
2023/05/08 18.84 19.24 18.57 19.10 20445919 513117120.00
2023/05/09 19.10 19.78 18.94 19.55 37050556 952952256.00
2023/05/10 19.68 19.68 18.78 19.07 24004401 605107840.00
2023/05/11 19.65 20.88 19.57 20.73 57176271 1537198720.00
2023/05/12 20.14 20.88 19.87 20.31 35835500 960430208.00
2023/05/15 20.34 20.35 19.39 19.98 24190761 629996224.00
2023/05/16 19.98 20.76 19.24 20.42 36156170 960329152.00
2023/05/17 20.08 20.63 19.90 20.09 25143042 671985472.00
2023/05/18 20.11 21.23 20.10 20.69 39514631 1077760256.00
2023/05/19 21.02 24.77 21.02 24.22 91107508 2752561664.00
2023/05/22 23.79 23.79 23.02 23.36 55821987 1717176960.00
2023/05/23 22.92 23.89 22.74 23.06 43107737 1328014976.00
2023/05/24 23.15 24.93 23.14 24.02 67608907 2147744768.00
2023/05/25 23.91 24.24 22.31 23.37 58279107 1775121664.00
2023/05/26 23.34 23.69 22.62 23.13 36224926 1107991040.00
2023/05/29 23.92 24.69 23.08 24.35 54274753 1708379392.00
2023/05/30 23.89 24.25 23.15 24.10 39797806 1241135104.00
2023/05/31 24.91 25.07 24.05 24.38 45054222 1455081600.00
2023/06/01 23.65 24.96 23.08 24.65 53278701 1680982016.00
2023/06/02 24.61 25.57 23.82 25.08 53106119 1733588864.00
2023/06/05 24.85 25.68 24.24 24.38 38570419 1266185856.00
2023/06/06 24.08 24.21 22.77 22.95 39015716 1207999872.00
2023/06/07 22.96 23.42 22.70 23.16 21008499 639145280.00
2023/06/08 23.01 23.17 21.94 22.31 26171900 771199424.00
2023/06/09 22.49 22.63 21.52 22.25 28370851 822364992.00
2023/06/12 22.25 23.06 22.19 22.31 26977559 803542016.00
2023/06/13 22.39 23.46 21.85 23.46 37354394 1129392000.00
2023/06/14 23.23 23.92 23.03 23.52 34424193 1068643008.00
2023/06/15 23.68 23.71 22.64 22.65 29304849 887803968.00
2023/06/16 22.58 23.08 22.24 22.93 23319203 698955648.00
2023/06/19 22.91 24.30 22.58 24.18 46370452 1447341312.00
2023/06/20 24.30 24.58 23.79 24.23 34850354 1108092032.00
2023/06/21 23.98 24.15 22.93 22.95 27295771 842749632.00
2023/06/26 22.38 22.62 20.88 21.35 33356976 944122112.00
2023/06/27 21.27 21.45 20.96 21.05 16376325 456927360.00
2023/06/28 21.15 21.26 19.97 20.60 18434675 498044480.00
2023/06/29 20.45 21.08 20.38 20.50 15185579 415706784.00
2023/06/30 20.38 20.81 20.35 20.65 13603515 369813344.00
2023/07/03 20.74 21.14 20.64 20.98 16432935 452754432.00
2023/07/04 20.87 22.05 20.83 21.77 25142911 713612928.00
2023/07/05 21.54 22.22 21.52 21.89 21714223 625889600.00
2023/07/06 21.62 22.00 21.53 21.56 12953473 371206976.00
2023/07/07 21.48 21.61 20.80 20.87 13286870 369284256.00
2023/07/10 21.08 21.15 20.67 20.77 8674914 238636096.00
2023/07/11 20.65 21.68 20.61 21.48 18119341 510681088.00
2023/07/12 21.30 22.04 21.29 21.32 18817649 536900608.00
2023/07/13 21.62 22.46 21.47 22.33 26099289 761660736.00
2023/07/14 22.38 22.87 22.00 22.00 22315327 657034176.00
2023/07/17 21.77 22.74 21.77 22.58 21041517 622333376.00
2023/07/18 22.47 23.04 22.12 22.19 19978399 592662272.00
2023/07/19 21.96 23.26 21.91 23.02 35237825 1065756864.00
2023/07/20 22.75 23.44 22.13 22.14 25773633 772927872.00
2023/07/21 21.92 22.82 21.79 22.58 18679743 553138624.00
2023/07/24 22.69 23.96 22.38 23.04 29603343 908736512.00
2023/07/25 23.21 23.38 22.62 23.15 21285404 643622848.00
2023/07/26 22.98 23.05 21.86 21.96 20578554 602751424.00
2023/07/27 21.61 21.94 20.81 20.99 22233888 624228096.00
2023/07/28 20.83 21.04 20.18 20.35 19699684 532159488.00
2023/07/31 20.35 20.55 20.09 20.40 15223169 408800736.00
2023/08/01 20.45 20.61 20.22 20.52 10589033 285812768.00
2023/08/02 20.38 20.52 19.74 19.76 16486033 435048064.00
2023/08/03 19.71 19.97 19.68 19.89 7932699 207779792.00
2023/08/04 19.94 20.23 19.70 19.85 12594908 330779488.00
2023/08/07 19.88 20.25 19.81 20.10 10546473 278812352.00
2023/08/08 20.01 20.21 19.80 19.91 7925829 209158464.00
2023/08/09 19.81 19.94 19.48 19.53 8471925 220065120.00
2023/08/10 19.52 19.90 19.46 19.90 7049207 183892528.00
2023/08/11 19.85 19.90 19.16 19.18 7572422 195088192.00
2023/08/14 18.92 19.41 18.77 19.36 6670099 167959824.00
2023/08/15 19.35 19.74 18.89 19.05 7665896 195442416.00
2023/08/16 18.85 19.12 18.54 18.55 8408298 208054128.00
2023/08/17 18.41 18.88 18.41 18.80 6432356 159070656.00
2023/08/18 18.65 18.93 18.08 18.08 8718967 212500688.00
2023/08/21 17.93 18.30 17.68 17.70 9343012 221275888.00
2023/08/22 17.92 18.03 17.36 17.96 10520989 246235088.00
2023/08/23 17.92 17.92 17.55 17.56 6210254 145652416.00
2023/08/24 17.85 18.02 17.55 17.70 7520632 177043584.00
2023/08/25 17.48 17.80 16.93 17.03 9616436 219637776.00
2023/08/28 18.35 18.35 16.84 16.87 12229113 281281696.00
2023/08/29 16.90 17.62 16.87 17.54 12180731 279409920.00
2023/08/30 17.71 18.58 17.65 18.01 21327752 510763552.00
2023/08/31 18.04 18.57 17.88 18.35 16818291 406651936.00
2023/09/01 18.23 18.50 18.00 18.03 9684546 232320544.00
2023/09/04 18.25 18.68 18.05 18.67 12527907 304436000.00
2023/09/05 18.79 19.20 18.67 18.81 17750150 444023872.00
2023/09/06 18.62 19.85 18.53 19.60 24344889 623005376.00
2023/09/07 19.40 19.54 18.95 18.97 15748144 399699456.00
2023/09/08 18.97 19.22 18.87 19.08 9328182 235166064.00
2023/09/11 19.02 19.38 18.92 19.11 11889722 300336544.00
2023/09/12 19.05 19.26 18.92 19.08 9343352 235622688.00
2023/09/13 19.00 19.19 18.46 18.68 11004171 272450592.00
2023/09/14 18.72 18.80 18.33 18.43 7432160 181376704.00
2023/09/15 18.68 18.97 18.12 18.64 9444825 231859696.00
2023/09/18 18.46 18.58 18.16 18.24 7690902 186606288.00
2023/09/19 18.23 18.23 17.81 17.99 7345039 174805888.00
2023/09/20 18.04 18.25 17.71 17.72 7753987 183450720.00
2023/09/21 17.67 18.00 17.61 17.77 6456173 151812272.00
2023/09/22 17.75 18.31 17.65 18.31 9380545 224130832.00
2023/09/25 18.15 18.22 17.54 17.67 11880648 278192032.00
2023/09/26 17.55 17.81 17.38 17.48 8531414 198177024.00
2023/09/27 17.38 17.81 17.38 17.56 7281025 170043232.00
2023/09/28 17.68 18.07 17.62 17.96 9391838 222194176.00
2023/10/09 17.87 18.31 17.77 18.17 8013157 191892496.00
2023/10/10 18.18 18.81 18.18 18.66 17681598 433734560.00
2023/10/11 18.96 19.15 18.68 18.88 23289915 580661632.00
2023/10/12 18.78 18.83 18.46 18.72 12916923 318179872.00
2023/10/13 18.82 19.11 18.76 18.92 16818297 421071104.00
2023/10/16 18.73 18.79 18.18 18.35 12578361 306475488.00
2023/10/17 18.39 18.57 18.02 18.24 7827448 188671936.00
2023/10/18 18.34 18.65 17.74 17.78 9778227 233484032.00
2023/10/19 17.63 19.21 17.61 18.39 24221256 597810368.00
2023/10/20 18.18 18.62 17.46 17.50 15576578 367585216.00
2023/10/23 17.10 17.72 16.82 16.97 9839873 223547328.00
2023/10/24 16.93 17.22 16.18 17.05 17046962 375716512.00
2023/10/25 17.05 17.71 16.96 17.41 13138730 300985344.00
2023/10/26 17.15 17.43 17.04 17.38 8591009 195887808.00
2023/10/27 17.36 17.68 17.07 17.58 10984231 252642640.00
2023/10/30 17.38 18.81 17.38 18.57 20754406 502634400.00
2023/10/31 18.57 19.15 18.41 18.93 25169421 626768576.00
2023/11/01 18.76 19.77 18.62 18.84 23193074 584718272.00
2023/11/02 19.04 19.11 18.45 18.46 16602135 411489056.00
2023/11/03 18.62 19.23 18.57 19.10 20511412 513739744.00
2023/11/06 19.12 19.41 18.93 19.32 20300420 515251296.00
2023/11/07 19.15 19.54 19.01 19.40 15516902 396729216.00
2023/11/08 19.42 19.88 19.28 19.49 21759980 561709312.00
2023/11/09 19.54 19.75 19.16 19.16 14525729 372095040.00
2023/11/10 19.02 19.51 19.00 19.12 11669177 296850304.00
2023/11/13 19.27 19.58 19.10 19.27 11261325 286663104.00
2023/11/14 19.22 19.88 19.18 19.69 17728684 458413984.00
2023/11/15 20.08 20.71 19.63 19.97 30098417 799588800.00
2023/11/16 19.65 20.06 19.45 19.46 16497207 428758112.00
2023/11/17 19.31 19.54 19.15 19.51 12386702 317197536.00
2023/11/20 19.55 19.58 19.18 19.32 12792903 326932448.00
2023/11/21 19.35 19.39 18.88 18.95 12571722 317685632.00
2023/11/22 18.85 18.92 18.44 18.44 11299380 278402656.00
2023/11/23 18.42 18.68 18.20 18.64 10116631 246949488.00
2023/11/24 18.54 18.54 17.96 18.01 10468777 250738304.00
2023/11/27 18.08 18.40 17.95 18.25 9432400 226711536.00
2023/11/28 18.22 18.53 18.15 18.33 8980590 217482288.00
2023/11/29 18.34 18.60 18.28 18.35 8082189 197096240.00
2023/11/30 18.35 18.35 17.81 17.97 9243779 219738928.00
2023/12/01 18.02 18.27 17.81 18.22 8073120 192399824.00
2023/12/04 18.29 18.29 17.92 17.94 8086135 193137504.00
2023/12/05 17.90 17.92 17.38 17.38 7886474 183369808.00
2023/12/06 17.35 17.50 17.13 17.22 9591404 218907840.00
2023/12/07 17.25 17.28 16.93 17.19 8939815 202367024.00
2023/12/08 17.27 17.61 17.15 17.54 13744377 317326688.00
2023/12/11 17.54 18.13 17.22 18.10 13443039 314731040.00
2023/12/12 18.19 18.32 17.92 18.25 12619235 302701888.00
2023/12/13 18.15 18.48 18.02 18.06 10515553 252432288.00
2023/12/14 18.19 18.42 17.97 18.01 10691928 256532160.00
2023/12/15 17.92 18.15 17.58 17.65 9848376 231597520.00
2023/12/18 17.47 17.95 17.00 17.05 8716071 199537152.00
2023/12/19 17.05 17.31 16.94 17.21 6897144 156273728.00
2023/12/20 17.24 17.34 16.78 16.78 7035279 158322768.00
2023/12/21 16.64 17.22 16.62 17.00 8071509 180414464.00
2023/12/22 16.98 17.08 16.44 16.52 10459203 231051104.00
2023/12/25 16.46 16.81 16.46 16.72 6421875 141870784.00
2023/12/26 16.72 16.77 16.18 16.21 6672823 144606128.00
2023/12/27 16.28 16.52 16.18 16.35 7418067 160681520.00
2023/12/28 16.29 16.91 16.12 16.84 9277150 203882016.00
2023/12/29 16.81 17.22 16.76 17.15 8036822 181607616.00
2024/01/02 17.15 17.15 16.72 16.75 7959767 177353184.00
2024/01/03 16.66 16.77 16.12 16.17 11504796 248990128.00
2024/01/04 16.15 16.20 15.70 15.77 9031038 189570960.00
2024/01/05 15.76 15.94 15.46 15.51 7305765 152056064.00
2024/01/08 15.52 15.52 14.98 14.98 7441388 149542448.00
2024/01/09 15.17 15.34 14.90 15.06 7410517 148690272.00
2024/01/10 14.96 15.01 14.55 14.70 8327793 163160464.00
2024/01/11 14.70 15.12 14.58 15.05 7688487 152248176.00
2024/01/12 15.00 15.02 14.65 14.69 6663861 130900584.00
2024/01/15 14.58 14.98 14.47 14.82 7773769 152459168.00
2024/01/16 14.82 14.85 14.43 14.69 6437640 124884528.00
2024/01/17 14.56 14.65 14.18 14.18 6025167 115380320.00
2024/01/18 14.18 14.40 13.83 14.33 9542776 178405344.00
2024/01/19 14.24 14.48 14.12 14.12 5779059 109532056.00
2024/01/22 14.08 14.15 13.03 13.18 10863581 196245200.00
2024/01/23 13.16 13.56 13.05 13.48 8881922 158189856.00
2024/01/24 13.62 13.81 12.97 13.48 8494282 150537632.00
2024/01/25 13.46 13.94 13.35 13.88 7544374 137639984.00
2024/01/26 13.78 13.88 13.43 13.43 8292970 149907344.00
2024/01/29 13.65 14.05 13.08 13.08 10140851 181089968.00
2024/01/30 13.18 13.30 12.62 12.64 8592547 147980832.00
2024/01/31 12.65 12.76 11.92 11.98 13132318 214959200.00
2024/02/01 11.92 12.32 11.75 11.97 10145599 162867280.00
2024/02/02 12.00 12.20 10.82 11.31 15313384 234216960.00
2024/02/05 11.15 11.38 9.82 10.22 20122538 281343616.00
2024/02/06 9.85 11.33 9.85 11.15 18610492 266929808.00
2024/02/07 11.24 12.58 11.22 11.98 22612336 364444736.00
2024/02/08 12.27 12.98 12.01 12.58 18201068 307141824.00
2024/02/19 13.31 13.51 12.77 13.15 22184176 387348384.00
2024/02/20 12.89 13.38 12.64 13.24 16216865 279674432.00
2024/02/21 13.08 13.53 12.92 13.05 16240031 286419808.00
2024/02/22 13.06 13.65 13.06 13.54 16747959 299809280.00
2024/02/23 13.68 13.82 13.38 13.75 14110674 255153152.00
2024/02/26 13.96 14.40 13.84 14.12 17660972 331262304.00
2024/02/27 14.05 14.61 13.85 14.59 18190928 344844960.00
2024/02/28 14.57 14.94 13.46 13.50 20718558 392800416.00
2024/02/29 13.50 14.68 13.50 14.53 21458762 408184256.00
2024/03/01 14.68 15.02 14.52 15.00 21919402 431701920.00
2024/03/04 15.15 16.08 14.61 16.04 37954768 774600896.00
2024/03/05 15.64 15.79 15.12 15.25 38197556 782625472.00
2024/03/06 14.98 15.34 14.72 14.95 22877088 454270080.00
2024/03/07 15.24 15.38 14.48 14.53 20125644 397720448.00
2024/03/08 14.77 14.92 14.51 14.83 14464666 283304736.00
2024/03/11 14.77 15.01 14.55 15.00 13797047 270678976.00
2024/03/12 15.00 15.39 14.86 15.08 15125101 302641504.00
2024/03/13 15.08 15.33 15.01 15.11 15391672 309640160.00
2024/03/14 14.86 15.11 14.70 14.94 12449210 246643552.00
2024/03/15 15.21 15.21 14.69 15.15 12188849 241632512.00
2024/03/18 15.32 15.55 15.15 15.47 16346617 332991328.00
2024/03/19 15.35 15.69 15.32 15.42 13995581 288221728.00
2024/03/20 15.38 15.66 15.33 15.54 11431243 234867024.00
2024/03/21 15.58 15.87 15.47 15.62 13140994 272674080.00
2024/03/22 15.68 15.86 15.18 15.27 15307833 314529536.00
2024/03/25 15.06 15.33 14.62 14.65 15260185 304337376.00
2024/03/26 14.62 14.92 14.36 14.50 11710736 227069648.00
2024/03/27 14.31 14.44 13.51 13.52 13761430 253912592.00
2024/03/28 13.62 14.31 13.48 14.08 13047665 241633248.00
2024/03/29 14.12 15.05 13.69 14.62 18625848 355005664.00
2024/04/01 14.73 15.03 14.51 14.98 13062481 256013088.00
2024/04/02 14.88 14.98 14.47 14.57 11155552 217158400.00
2024/04/03 14.50 14.92 14.15 14.58 11977741 231495152.00
2024/04/08 14.54 14.57 14.07 14.08 8493700 160868016.00
2024/04/09 14.02 14.38 13.88 14.28 8688153 163284528.00
2024/04/10 14.22 14.24 13.63 13.77 8489019 155884192.00
2024/04/11 13.98 14.76 13.85 13.88 18816578 356538496.00
2024/04/12 14.14 14.46 14.00 14.12 14386940 271400672.00
2024/04/15 13.82 14.39 13.50 13.72 14857538 273438976.00
2024/04/16 13.47 13.67 12.78 12.78 16133595 282161632.00
2024/04/17 13.15 13.96 13.08 13.92 17313200 313620160.00
2024/04/18 13.85 14.25 13.55 13.85 14593195 270131904.00
2024/04/19 13.76 14.00 13.55 13.72 13400685 245234352.00
2024/04/22 13.54 13.89 13.18 13.69 9298433 168649296.00
2024/04/23 13.75 14.38 13.58 14.23 18126858 335638176.00
2024/04/24 14.08 14.30 13.83 14.30 22084556 413670240.00
2024/04/25 14.15 15.13 14.03 14.53 24316788 470524640.00
2024/04/26 14.50 14.95 14.45 14.82 22481950 439784896.00
2024/04/29 14.82 15.42 14.82 15.35 21405408 432805728.00
2024/04/30 15.23 15.58 15.19 15.33 16176538 329159040.00
2024/05/06 15.56 15.72 15.18 15.32 16507714 334709952.00
2024/05/07 15.26 15.54 15.20 15.35 11456286 231974528.00
2024/05/08 15.32 15.32 14.88 14.93 11215735 222406512.00
2024/05/09 15.07 15.37 15.03 15.24 10518032 210739200.00
2024/05/10 15.31 15.38 14.92 14.98 9425840 187436288.00
2024/05/13 14.80 15.18 14.55 14.94 10084526 198146592.00
2024/05/14 15.05 15.38 14.91 14.96 11450376 227801296.00
2024/05/15 14.84 15.10 14.69 14.70 8415921 164770928.00
2024/05/16 14.81 14.92 14.40 14.44 13011447 250235888.00
2024/05/17 14.44 14.72 14.19 14.70 9679018 184705360.00
2024/05/20 14.70 14.93 14.53 14.80 9022667 175375424.00
2024/05/21 14.63 14.79 14.58 14.62 6243724 120588504.00
2024/05/22 14.65 14.79 14.50 14.76 8052342 155317392.00
2024/05/23 14.62 14.76 14.35 14.36 9051230 172571696.00
2024/05/24 14.27 14.42 13.80 13.82 10062429 186422640.00
2024/05/27 13.76 14.35 13.41 14.31 13374810 243353088.00
2024/05/28 14.27 15.24 14.17 14.62 21391100 416894816.00
2024/05/29 14.48 14.75 14.38 14.51 12489650 239233856.00
2024/05/30 14.35 15.23 14.20 15.17 27208800 535705920.00
2024/05/31 15.08 16.14 14.97 15.77 46517676 952876352.00
2024/06/03 15.70 16.64 15.56 16.32 54187640 1153563264.00
2024/06/04 16.04 16.20 15.65 15.85 34608520 721577472.00
2024/06/05 15.88 16.48 15.82 15.82 32878160 698353664.00
2024/06/06 16.00 16.39 15.56 15.96 33441284 702843584.00
2024/06/07 16.04 16.10 15.38 15.58 26846226 554400384.00
2024/06/11 15.50 16.28 15.27 16.23 32517068 683706944.00
2024/06/12 15.98 16.16 15.88 16.02 25174888 530036256.00
2024/06/13 16.02 16.22 15.68 15.69 30327590 635489280.00
2024/06/14 15.51 15.77 15.43 15.75 26390112 542977024.00
2024/06/17 15.66 16.28 15.59 16.27 31774800 672456704.00
2024/06/18 16.31 16.34 15.89 16.16 25380440 536790240.00
2024/06/19 16.16 16.31 15.69 16.00 25059840 526240416.00
2024/06/20 15.91 16.46 15.78 16.02 38644556 823863680.00
2024/06/21 15.65 16.92 15.19 16.90 47847156 1016172032.00
2024/06/24 16.65 17.89 16.30 17.28 60053688 1340264960.00
2024/06/25 17.08 17.47 16.35 16.37 42942200 954653504.00
2024/06/26 16.15 18.88 15.56 18.47 67977504 1541116288.00
2024/06/27 18.09 18.85 17.85 18.17 58071656 1398515200.00
2024/06/28 18.05 18.65 17.70 17.89 45168408 1077702016.00
2024/07/01 17.75 18.09 17.13 17.98 33053140 763270080.00
2024/07/02 17.73 17.87 17.24 17.25 26006400 598148928.00
2024/07/03 17.19 19.02 17.02 18.51 57657480 1380604544.00
2024/07/04 18.18 18.48 18.03 18.21 35212644 843405440.00
2024/07/05 18.05 18.85 17.16 17.34 50595560 1206747136.00
2024/07/08 17.54 18.21 17.05 17.38 33883240 785591296.00
2024/07/09 17.28 18.64 17.15 18.62 49975672 1192920704.00
2024/07/10 18.26 19.62 18.12 19.19 60861952 1506468224.00
2024/07/11 19.81 19.81 18.73 19.04 47711984 1198546048.00
2024/07/12 18.65 20.45 18.65 20.20 57740832 1487855232.00
2024/07/15 19.73 20.95 19.58 19.85 58470496 1562291200.00
2024/07/16 19.67 20.73 19.35 20.49 49638944 1310242304.00
2024/07/17 20.38 20.87 19.20 19.43 64218504 1699584128.00
2024/07/18 19.14 20.76 18.96 20.65 60375696 1572864768.00
2024/07/19 20.35 21.55 20.19 20.28 70084752 1913839744.00
2024/07/22 20.28 20.65 19.89 20.48 43298304 1151242368.00
2024/07/23 20.29 20.29 19.30 19.32 40197056 1043108928.00
2024/07/24 19.28 19.88 19.02 19.49 33100168 846160384.00
2024/07/25 19.15 19.22 18.05 18.08 45426168 1101176704.00
2024/07/26 17.96 18.36 17.76 17.82 33519102 791520128.00
2024/07/29 17.87 18.38 17.69 17.93 26121048 621380288.00
2024/07/30 17.73 18.35 17.43 18.32 31735298 752607168.00
2024/07/31 18.18 19.02 18.03 18.77 36642052 900286720.00
2024/08/01 18.75 20.32 18.74 19.89 51388296 1326862336.00
2024/08/02 19.58 20.33 19.40 19.57 35965728 932882496.00
2024/08/05 19.27 19.88 18.14 18.17 37378576 928643456.00
2024/08/06 18.75 18.85 17.88 18.25 25696950 613494784.00
2024/08/07 18.18 18.33 17.82 17.95 19410780 460617440.00
2024/08/08 17.80 18.41 17.45 18.12 27768972 655785984.00
2024/08/09 18.50 18.92 18.30 18.46 29694394 726690624.00
2024/08/12 18.12 18.41 17.83 18.02 18122910 430690656.00
2024/08/13 17.95 18.54 17.85 18.42 18441074 441649760.00
2024/08/14 18.35 18.50 17.97 17.97 17125096 410452384.00
2024/08/15 17.79 19.52 17.71 19.14 42888204 1065566336.00
2024/08/16 19.03 19.22 18.44 18.48 28911944 715600320.00
2024/08/19 18.33 18.78 18.18 18.30 17806350 431191072.00
2024/08/20 18.44 18.64 18.25 18.48 17335132 419440672.00
2024/08/21 18.31 18.55 16.82 17.05 39826640 917223936.00
2024/08/22 17.06 17.13 16.42 16.49 26420360 578364672.00
2024/08/23 16.38 16.49 16.08 16.38 16344597 350838752.00
2024/08/26 16.42 16.61 16.11 16.32 16360560 350876416.00
2024/08/27 16.19 16.28 15.87 15.95 14368965 303485216.00
2024/08/28 15.96 16.10 15.75 15.82 12856867 268699040.00
2024/08/29 15.78 16.36 15.71 16.17 18782756 398811136.00
2024/08/30 16.12 17.08 16.12 16.84 26166040 575713472.00
2024/09/02 16.68 16.87 15.99 16.00 18548316 399923008.00
2024/09/03 15.95 16.27 15.92 16.01 13838624 292670976.00
2024/09/04 15.65 16.14 15.55 15.88 11066701 231023584.00
2024/09/05 15.91 16.25 15.82 16.04 9858720 207646912.00
2024/09/06 16.04 16.25 15.64 15.66 12546310 262116144.00
2024/09/09 15.51 15.94 15.45 15.72 10043466 208305776.00
2024/09/10 15.78 16.08 15.45 15.95 13081384 270965408.00
2024/09/11 16.03 16.13 15.72 15.84 10960818 229059792.00
2024/09/12 15.97 16.07 15.56 15.58 9779791 203286448.00
2024/09/13 15.58 15.82 15.51 15.51 10278210 211682880.00
2024/09/18 15.54 15.67 15.24 15.55 8926400 181323792.00
2024/09/19 15.72 15.92 15.33 15.65 13717150 282255424.00
2024/09/20 15.64 15.73 15.19 15.43 14029010 283670240.00
2024/09/23 15.38 15.65 15.23 15.27 9319406 188722256.00
2024/09/24 15.35 15.87 15.21 15.85 19888810 408532384.00
2024/09/25 16.00 16.41 15.82 15.86 23366040 495852192.00
2024/09/26 15.78 16.65 15.73 16.65 26133432 557912896.00
2024/09/27 16.92 18.12 16.81 18.04 35250424 809828992.00
2024/09/30 19.04 21.65 18.58 21.65 55418680 1465367936.00
2024/10/08 26.02 26.02 24.88 26.02 57565756 1950178176.00
2024/10/09 26.73 30.79 24.73 27.85 121813304 4518534144.00
2024/10/10 27.85 28.22 24.39 25.91 76541560 2658290944.00
2024/10/11 25.39 27.88 25.39 26.28 70690920 2444260864.00
2024/10/14 26.28 30.57 24.43 29.03 99424536 3493322496.00
2024/10/15 28.27 30.05 27.29 27.41 91718568 3427557120.00
2024/10/16 26.18 28.12 25.98 27.81 50307880 1802816896.00
2024/10/17 28.27 28.61 27.32 27.32 53995080 1976080512.00
2024/10/18 27.50 32.81 27.33 31.72 120525912 4756365312.00
2024/10/21 32.40 35.72 30.90 31.05 141886144 6160932864.00
2024/10/22 31.03 33.26 30.42 31.85 102013696 4241120000.00
2024/10/23 30.58 31.45 30.15 30.35 65116408 2620573440.00
2024/10/24 30.20 31.25 29.96 30.13 50781852 2028421376.00
2024/10/25 30.35 30.64 29.67 29.84 49300484 1934951168.00
2024/10/28 29.81 30.18 29.25 30.16 45701424 1773401984.00
2024/10/29 30.16 31.33 29.52 29.63 59775968 2370306304.00
2024/10/30 29.04 29.55 28.55 29.07 46549188 1768623232.00
2024/10/31 29.36 31.03 28.78 30.49 65127384 2554641408.00
2024/11/01 30.19 30.19 27.85 27.95 55798352 2099618432.00
2024/11/04 27.52 28.58 27.51 28.58 28451186 1052231488.00
2024/11/05 28.58 30.10 28.35 29.73 46846084 1811193728.00
2024/11/06 29.71 30.19 29.04 29.39 50708256 1970536832.00
2024/11/07 29.05 30.38 28.96 29.92 38699840 1503906432.00
2024/11/08 30.48 31.18 29.92 30.24 57958864 2320677120.00
2024/11/11 30.44 32.33 30.42 32.12 65801408 2729685504.00
2024/11/12 32.35 32.41 30.12 30.78 50922436 2084320000.00
2024/11/13 30.48 30.79 29.72 30.64 29308168 1160412288.00
2024/11/14 30.31 30.56 29.05 29.17 27576024 1074235392.00
2024/11/15 29.08 29.45 27.78 27.87 29717368 1118087552.00
2024/11/18 27.72 28.15 25.73 26.03 34926920 1212935296.00
2024/11/19 26.35 27.60 26.35 27.48 27772960 977797568.00
2024/11/20 27.48 28.00 27.08 27.72 22750154 821410688.00
2024/11/21 27.59 27.88 27.04 27.47 20511612 740021568.00
2024/11/22 27.35 27.73 25.99 26.01 24426864 859171648.00
2024/11/25 26.35 26.54 25.16 25.88 19960324 669034240.00
2024/11/26 25.87 26.41 25.72 25.76 15206326 519191392.00
2024/11/27 25.60 26.69 25.10 26.65 21552870 732397376.00
2024/11/28 26.62 27.28 26.35 26.62 24109550 849039168.00
2024/11/29 26.58 27.61 26.23 27.09 26741378 946030016.00
2024/12/02 27.29 27.88 27.10 27.47 22810012 821138048.00
2024/12/03 27.47 27.55 26.58 26.95 22959096 812207552.00
2024/12/04 27.98 28.72 27.12 27.18 42645928 1563486720.00
2024/12/05 26.96 27.50 26.91 27.19 22776274 811723648.00
2024/12/06 27.24 27.70 26.65 27.45 22367120 796880960.00
2024/12/09 27.42 27.47 26.47 26.81 17607220 619820160.00
2024/12/10 27.96 29.73 27.39 28.68 55483432 2067432576.00
2024/12/11 28.39 30.96 28.28 30.48 74268808 2909127424.00
2024/12/12 29.88 30.04 29.10 30.01 44534828 1720775936.00
2024/12/13 29.42 31.96 29.42 30.52 64203484 2564017920.00
2024/12/16 31.50 33.50 30.34 30.99 85546720 3576011520.00
2024/12/17 30.23 30.42 28.01 28.10 55603924 2099980416.00
2024/12/18 28.18 31.09 27.43 30.72 70366576 2738938112.00
2024/12/19 29.77 31.96 29.65 31.38 69661512 2825671168.00
2024/12/20 31.04 34.85 30.92 32.48 96918816 4159085312.00
2024/12/23 32.53 33.81 31.72 32.78 70480688 3012784384.00
2024/12/24 33.04 33.44 31.08 32.58 61142752 2578577920.00
2024/12/25 32.58 33.46 31.02 31.29 56546804 2359944960.00
2024/12/26 30.74 34.10 30.65 34.03 87537056 3738844160.00
2024/12/27 33.65 34.02 32.43 32.45 63654024 2770800896.00
2024/12/30 32.16 33.32 31.45 32.04 41131180 1741224832.00
2024/12/31 32.02 32.33 29.49 29.62 53267656 2134748416.00
2025/01/02 29.43 29.65 27.28 27.82 48989288 1817412992.00
2025/01/03 27.86 28.12 26.73 26.82 37722680 1349169152.00
2025/01/06 26.82 27.35 25.81 26.19 27896734 967492160.00
2025/01/07 26.42 28.27 26.35 28.24 47953764 1722096256.00
2025/01/08 27.50 29.75 27.40 29.03 53516432 1987991296.00
2025/01/09 28.73 29.90 28.65 28.83 46422536 1775042048.00
2025/01/10 28.55 29.93 28.27 28.32 40806104 1555452288.00
2025/01/13 27.50 28.48 26.96 28.00 26420152 960376704.00
2025/01/14 28.53 29.89 27.90 29.89 41700616 1594976384.00
2025/01/15 29.80 31.35 29.64 30.53 52766024 2115582464.00
2025/01/16 30.96 31.14 29.25 29.79 47899588 1886978560.00
2025/01/17 29.82 32.47 29.23 31.82 69378800 2822597376.00
2025/01/20 31.88 32.27 31.41 31.87 48284236 2007998208.00
2025/01/21 32.32 38.27 32.11 37.56 135503680 6244305920.00
2025/01/22 36.73 36.81 35.60 36.02 86970016 4103117824.00
2025/01/23 36.35 37.57 35.37 35.68 77315952 3669258496.00
2025/01/24 35.45 36.65 34.84 36.54 78478552 3690104320.00
2025/01/27 36.55 38.23 34.96 36.08 78320320 3753601024.00
2025/02/05 37.92 39.04 36.39 36.96 80157880 3946697472.00
2025/02/06 36.19 42.08 35.97 39.95 101670624 5209128960.00
2025/02/07 39.81 41.72 38.18 39.05 109025936 5682990592.00
2025/02/10 39.04 42.02 38.64 40.86 90830704 4746600960.00
2025/02/11 40.12 41.69 39.46 39.77 68175480 3598264320.00
2025/02/12 39.04 40.19 38.12 39.78 64107460 3282589440.00
2025/02/13 39.32 39.52 36.82 36.86 78652168 3865195520.00
2025/02/14 36.81 37.02 35.91 36.35 49965644 2377571584.00
2025/02/17 36.71 37.27 36.54 37.26 48266096 2329201920.00
2025/02/18 37.19 37.79 36.02 36.35 47147176 2275020544.00
2025/02/19 36.46 39.01 36.46 38.96 84952368 4257992960.00
2025/02/20 39.02 43.37 38.84 41.63 107914784 5711961088.00
2025/02/21 40.99 42.88 40.38 41.73 91206544 4972418560.00
2025/02/24 41.58 42.73 40.58 41.95 69020968 3736259328.00
2025/02/25 40.45 42.38 39.81 41.12 62590576 3351829760.00
2025/02/26 41.46 44.47 40.70 42.78 96345808 5424036352.00
2025/02/27 43.42 43.87 40.58 43.62 83051544 4587957760.00
2025/02/28 43.62 45.58 41.35 41.72 91195664 5175005184.00
2025/03/03 43.81 45.13 40.58 41.10 77959792 4387481088.00
2025/03/04 39.05 49.04 38.62 47.77 129324032 7487386112.00
2025/03/05 48.96 51.25 46.58 47.12 139904992 8947846144.00
2025/03/06 48.30 48.81 46.58 47.12 88923600 5501122048.00
2025/03/07 46.73 48.10 45.08 45.58 77805776 4714897408.00
2025/03/10 45.96 46.95 45.35 46.00 50023544 3006969344.00
2025/03/11 44.85 46.30 44.71 45.46 43234384 2555497728.00
2025/03/12 45.48 47.50 45.20 46.58 61958672 3780332288.00
2025/03/13 45.96 46.08 43.35 43.38 52058172 3010356480.00
2025/03/14 43.18 44.86 43.05 44.64 38829752 2247497216.00
2025/03/17 44.19 45.25 43.68 44.81 30002180 1751443584.00
2025/03/18 45.08 46.35 44.55 45.24 41039196 2443618560.00
2025/03/19 46.01 47.26 45.35 45.72 52461564 3180257280.00
2025/03/20 44.81 45.58 43.42 43.93 45532096 2635779328.00
2025/03/21 43.48 43.85 41.59 41.68 43447036 2404839424.00
2025/03/24 41.65 42.38 40.25 41.55 34136432 1841726336.00
2025/03/25 41.62 41.72 39.25 39.40 32591424 1712318976.00
2025/03/26 39.58 41.07 39.48 39.76 26742650 1401385600.00
2025/03/27 39.60 41.42 39.50 40.29 35081696 1856478848.00
2025/03/28 40.58 41.34 39.60 39.72 26961382 1419177856.00
2025/03/31 39.35 40.86 38.73 40.48 30721754 1597284864.00
2025/04/01 40.75 40.92 39.65 39.68 23479600 1230249600.00
2025/04/02 39.65 40.01 39.22 39.38 16553600 855408448.00
2025/04/03 38.72 39.94 37.81 37.90 29440534 1486746112.00
2025/04/07 33.21 35.62 30.69 32.73 53203216 2341241088.00
2025/04/08 32.88 34.25 31.64 32.70 43985080 1894365184.00
2025/04/09 32.12 34.58 30.20 34.02 51427048 2232616192.00
2025/04/10 35.33 36.67 34.70 35.21 49775040 2323067392.00
2025/04/11 35.81 39.01 35.53 37.65 72464672 3532961280.00
2025/04/14 38.05 38.65 37.35 37.73 49125640 2426856448.00
2025/04/15 37.49 37.64 36.75 37.10 28852468 1399042560.00
2025/04/16 37.07 37.44 36.10 36.56 26718822 1280363392.00
2025/04/17 36.15 37.74 36.14 37.03 35494280 1728568448.00
2025/04/18 36.82 37.13 36.42 36.77 18822450 903178368.00
2025/04/21 36.73 37.68 36.35 37.56 25332794 1234119680.00
2025/04/22 37.28 38.18 36.89 37.27 27185504 1327908608.00
2025/04/23 37.59 38.93 37.41 38.69 44994324 2247238912.00
2025/04/24 38.42 38.52 37.42 37.56 29293190 1450282880.00
2025/04/25 37.73 38.50 37.51 37.75 25810058 1282952448.00
2025/04/28 37.73 38.03 37.41 37.59 16607632 818353984.00
2025/04/29 37.50 38.64 37.27 38.60 26355332 1315425152.00
2025/04/30 39.00 41.29 38.80 40.16 55739384 2235892992.00
2025/05/06 40.46 41.78 40.21 41.49 45213432 1857645056.00
2025/05/07 42.03 42.40 40.75 41.41 45020004 1866985472.00
2025/05/08 41.03 41.80 40.90 41.31 31833028 1315082368.00
2025/05/09 41.06 41.08 39.88 40.20 31966100 1288399232.00
2025/05/12 40.69 41.19 40.48 40.94 28171938 1150369024.00
2025/05/13 41.42 41.67 40.35 40.43 27964588 1144508800.00
2025/05/14 40.43 41.00 40.00 40.76 29980664 1214233216.00
2025/05/15 40.42 40.60 39.27 39.28 27097538 1074603776.00
2025/05/16 39.51 40.00 39.21 39.51 20039854 792478464.00
2025/05/19 39.25 40.75 39.25 40.17 32075304 1290763904.00
2025/05/20 39.89 40.50 39.70 40.07 22461156 901433280.00
2025/05/21 39.85 39.85 38.87 39.47 27426644 1077051904.00
2025/05/22 39.26 40.05 38.98 39.08 22045176 870755712.00
2025/05/23 38.98 39.19 38.12 38.19 25707902 992984128.00
2025/05/26 38.12 39.00 38.05 38.69 19201964 739387776.00
2025/05/27 38.50 38.68 37.73 37.77 18103438 687302400.00
2025/05/28 37.89 38.15 37.52 37.67 13623231 514444896.00
2025/05/29 37.70 38.50 37.70 38.28 20959028 801704384.00
2025/05/30 37.98 38.00 37.19 37.38 16394888 613857472.00
2025/06/03 36.98 37.98 36.76 37.68 18212610 686615232.00
2025/06/04 37.82 38.38 37.69 38.09 16687156 636788416.00
2025/06/05 37.98 38.82 37.86 38.69 23541020 903733632.00
2025/06/06 38.57 39.45 38.31 38.93 23357758 909146496.00
2025/06/09 38.90 39.68 38.70 39.42 23527988 923479936.00
2025/06/10 39.38 39.60 37.80 38.24 25223064 969525440.00
2025/06/11 38.26 39.30 38.20 38.77 20449510 794034816.00
2025/06/12 38.55 39.48 38.36 38.81 29074744 1136552320.00
2025/06/13 38.49 39.40 37.91 38.80 63860568 2481120256.00
2025/06/16 38.43 38.95 38.13 38.31 23622360 908856192.00
2025/06/17 38.32 38.88 37.55 37.84 22126430 840013632.00
2025/06/18 37.60 39.48 37.36 39.01 32318020 1249106944.00
2025/06/19 39.03 39.45 38.26 38.40 28799040 1119078656.00
2025/06/20 38.05 38.75 37.46 37.53 21093816 798069312.00
2025/06/23 37.17 38.30 37.01 37.85 18035348 682977664.00
2025/06/24 37.95 39.84 37.95 39.55 41425240 1628608128.00
2025/06/25 39.56 40.46 39.30 40.46 45291688 1808877440.00
2025/06/26 40.40 40.41 39.63 39.66 31612816 1263162112.00
2025/06/27 40.06 40.23 39.48 39.57 26863286 1069447296.00
2025/06/30 39.60 40.13 39.48 39.69 24693840 980985024.00
2025/07/01 39.71 40.83 39.28 40.09 38404728 1541479168.00
2025/07/02 39.75 39.76 38.33 38.50 30977228 1204225664.00
2025/07/03 38.54 38.94 38.20 38.65 16977852 654598912.00
2025/07/04 38.62 38.80 37.86 38.12 20860248 797484736.00
2025/07/07 38.18 38.26 37.61 37.82 13664409 517861920.00
2025/07/08 38.00 38.56 38.00 38.49 18197916 697780224.00
2025/07/09 38.35 38.51 37.84 37.92 16541531 631121344.00
2025/07/10 37.80 38.30 37.80 38.16 12574085 478146848.00
2025/07/11 38.09 38.72 37.84 38.57 21271620 817859392.00
2025/07/14 38.29 38.69 37.86 38.27 16322381 623427584.00
2025/07/15 38.29 38.65 38.01 38.54 20973298 804718848.00
2025/07/16 38.55 39.53 38.39 38.89 28663964 1120240384.00
2025/07/17 38.60 39.50 38.31 39.22 28574038 1112082944.00
2025/07/18 39.48 40.18 38.90 39.35 32134768 1269541760.00
2025/07/21 40.15 43.11 40.10 41.44 71208464 2959435776.00
2025/07/22 41.21 41.43 40.41 40.58 41648712 1700082048.00
2025/07/23 40.20 40.68 39.85 40.06 28331452 1138786944.00
2025/07/24 40.06 40.71 39.96 40.50 26430384 1067231296.00
2025/07/25 40.38 41.19 40.11 41.18 29936004 1215633024.00
2025/07/28 41.22 41.37 40.73 40.75 25251818 1034356736.00
2025/07/29 40.57 41.44 40.39 41.08 28543284 1170486016.00
2025/07/30 41.00 41.25 39.97 40.13 26862424 1092003200.00
2025/07/31 39.88 40.60 39.76 39.89 25909588 1041360064.00
2025/08/01 39.91 40.26 39.00 39.21 22220414 877250176.00
2025/08/04 39.09 39.79 38.98 39.76 15034864 592230912.00
2025/08/05 39.89 39.97 39.61 39.84 15152868 602897984.00
2025/08/06 39.91 40.98 39.68 40.75 28667700 1161235840.00
2025/08/07 40.79 41.29 40.42 40.73 35969620 1470188800.00
2025/08/08 40.55 40.66 39.55 39.57 27090826 1081946880.00
2025/08/11 39.50 40.37 39.48 40.05 20031520 802010240.00
2025/08/12 40.00 41.25 39.63 41.08 45399748 1843595392.00
2025/08/13 41.09 41.67 40.75 41.39 45342864 1868336768.00
2025/08/14 41.45 42.60 40.95 41.04 57541392 2402578944.00
2025/08/15 40.68 41.84 40.68 41.74 39368096 1632171648.00
2025/08/18 42.15 44.56 41.65 43.53 70873560 3051267840.00
2025/08/19 43.54 44.60 43.04 43.13 58500044 2553304320.00
2025/08/20 43.02 44.72 42.78 44.72 63124448 2761335296.00
2025/08/21 45.00 45.28 43.51 43.69 52868900 2340004608.00
2025/08/22 43.90 46.65 43.90 45.36 74123296 3344419584.00
2025/08/25 46.50 47.39 44.80 45.26 74602824 3420273152.00
2025/08/26 45.18 46.03 44.27 45.10 51833392 2340608768.00
2025/08/27 45.10 49.61 45.10 46.41 106622872 5027953152.00
2025/08/28 46.65 48.71 46.53 48.42 88487744 4213927168.00
2025/08/29 47.59 47.59 46.35 46.84 58677704 2749516800.00
2025/09/01 52.00 55.90 51.00 52.50 128037752 6813636096.00
2025/09/02 52.16 52.54 48.00 48.24 109348664 5444132864.00
2025/09/03 48.99 50.96 47.23 48.54 76493584 3748154112.00
2025/09/04 49.14 50.30 44.60 45.60 91149776 4337123840.00
2025/09/05 45.90 46.96 44.00 46.62 61618500 2816713728.00
2025/09/08 46.79 48.39 46.12 47.04 53384124 2523097088.00
2025/09/09 46.58 46.59 44.68 44.80 45648640 2073321344.00
2025/09/10 45.00 45.62 44.56 44.76 29531938 1329533056.00
2025/09/11 44.57 47.17 44.24 46.98 54884032 2540530432.00
2025/09/12 47.50 49.45 47.00 48.37 74496304 3601118720.00
2025/09/15 49.78 50.00 47.82 47.85 50959696 2466837760.00
2025/09/16 47.65 49.07 47.61 48.77 43478024 2110126592.00
2025/09/17 48.75 51.36 48.13 50.89 71491576 3575688960.00
2025/09/18 51.40 54.70 49.49 50.27 104685160 5442530816.00
2025/09/19 50.94 51.10 48.75 48.75 59272128 2955765760.00
2025/09/22 49.03 50.49 48.99 50.16 47708228 2386140672.00
2025/09/23 50.16 50.28 47.79 49.64 50659440 2479206656.00
2025/09/24 49.21 52.42 48.84 51.75 71718912 3667355904.00
2025/09/25 51.75 52.99 51.22 52.14 61640184 3221748992.00
2025/09/26 51.70 52.58 50.18 50.18 47296368 2420744704.00
2025/09/29 50.00 50.34 48.93 49.71 38807336 1923047168.00
2025/09/30 50.02 51.98 50.00 51.82 54132900 2772228608.00
2025/10/09 52.40 53.76 51.20 52.25 68243680 3589702912.00
2025/10/10 51.11 51.80 48.00 48.20 58425144 2890600704.00
2025/10/13 47.01 51.98 47.01 51.79 69959984 3553642240.00
2025/10/14 51.88 53.36 50.64 51.12 68106720 3525140224.00
2025/10/15 51.00 51.12 48.75 50.71 45740984 2274217984.00
2025/10/16 50.23 51.69 49.41 49.60 37190480 1872032512.00
2025/10/17 49.26 49.30 46.31 46.31 39968656 1904491520.00
2025/10/20 47.27 47.98 46.58 47.01 26153598 1236816128.00
2025/10/21 47.30 48.10 46.91 47.57 22604820 1074865024.00
2025/10/22 47.00 47.41 46.50 46.65 20143352 943689664.00
2025/10/23 46.45 46.85 45.26 46.69 22653124 1039567616.00
2025/10/24 46.99 48.34 46.95 48.22 31180352 1492282752.00
2025/10/27 48.80 49.32 48.03 48.79 33543542 1633770112.00
2025/10/28 48.71 49.26 47.95 48.21 28582778 1390312320.00
2025/10/29 47.97 48.68 47.50 47.93 27288656 1306975744.00
2025/10/30 47.98 48.02 46.50 46.54 29112514 1371454592.00
2025/10/31 46.40 46.98 45.78 45.81 26139028 1208102272.00
2025/11/03 45.70 45.91 44.08 45.78 27047844 1214952960.00
2025/11/04 45.47 45.58 44.07 44.35 19079438 853675584.00
2025/11/05 43.82 44.38 43.08 43.70 18651920 815418560.00
2025/11/06 44.00 44.73 43.85 44.59 18112882 804006656.00
2025/11/07 44.02 44.19 43.45 43.64 16171312 708343296.00
2025/11/10 43.99 44.43 43.51 43.95 15959393 700157312.00
2025/11/11 44.26 44.56 42.43 42.50 22902772 992390592.00
2025/11/12 42.42 43.09 41.80 42.65 17909168 761321088.00
2025/11/13 42.50 43.43 42.40 43.06 15689329 674212032.00
2025/11/14 42.63 42.68 41.40 41.40 19526292 820650880.00
2025/11/17 41.56 42.05 41.50 41.85 12709072 530776896.00
2025/11/18 41.67 42.40 41.43 41.85 12610782 529854688.00
2025/11/19 41.98 42.24 41.27 41.43 12948230 540120128.00
2025/11/20 41.92 42.16 41.33 41.35 10217799 425631744.00
2025/11/21 40.70 41.20 39.91 39.91 17802964 719080640.00
2025/11/24 40.30 41.33 39.95 40.97 15013163 609678336.00
2025/11/25 41.30 42.37 41.28 41.51 18092796 756557696.00
2025/11/26 41.11 42.71 41.11 41.90 22937326 967539264.00
2025/11/27 41.66 42.99 41.66 41.91 21368028 907422336.00
2025/11/28 42.17 42.22 41.60 41.98 12972706 543586880.00
2025/12/01 42.35 44.11 42.00 43.99 33704880 1458705408.00
2025/12/02 43.98 44.27 43.11 43.24 23699096 1033239296.00
2025/12/03 43.45 43.57 42.12 42.27 16763939 716009152.00
2025/12/04 42.26 42.64 41.57 42.42 13374388 563305216.00
2025/12/05 42.42 42.50 41.48 42.27 14689518 617144128.00
2025/12/08 42.25 42.94 42.20 42.64 17407548 742068480.00
2025/12/09 42.63 43.25 42.25 42.38 17489222 748032320.00
2025/12/10 42.03 42.57 41.66 42.53 14238673 600199808.00
2025/12/11 42.61 42.78 41.59 41.59 14664065 615870080.00
2025/12/12 41.53 43.06 41.32 42.86 24289740 1032532416.00
2025/12/15 42.56 42.56 41.46 41.49 17112788 716772736.00
2025/12/16 41.40 41.80 40.75 40.90 12767881 524888224.00
2025/12/17 40.83 41.76 40.41 41.69 14942798 614126720.00
2025/12/18 41.45 41.84 41.06 41.06 10817355 448231040.00
2025/12/19 41.36 41.68 40.73 40.80 12020913 494266592.00
2025/12/22 41.00 41.84 40.99 41.56 14478564 602271680.00
2025/12/23 41.36 41.82 41.03 41.20 11864625 490782560.00
2025/12/24 41.26 42.11 41.26 42.04 17938988 751241728.00
2025/12/25 42.11 42.69 41.94 42.50 15142549 642053696.00
2025/12/26 42.29 42.76 41.86 42.00 14320478 604831680.00
2025/12/29 41.93 42.45 41.67 41.74 13097245 550763712.00
2025/12/30 41.61 43.15 41.56 42.93 24692124 1051040256.00
2025/12/31 43.05 43.15 41.93 42.03 17121696 724712896.00
2026/01/05 42.42 43.53 42.42 43.53 26412224 1140032384.00
2026/01/06 43.79 44.35 43.36 44.00 30804094 1353130112.00
2026/01/07 44.29 45.21 43.97 44.66 40209000 1791732096.00
2026/01/08 44.30 45.07 43.93 44.09 26336348 1170196096.00
2026/01/09 44.09 44.91 43.91 44.82 26380684 1176805504.00
2026/01/12 45.28 46.47 44.50 46.44 40144628 1838122624.00
2026/01/13 46.74 46.74 43.92 44.11 38215328 1721895552.00
2026/01/14 44.35 45.95 44.35 44.90 39045272 1764654720.00
2026/01/15 44.89 45.79 44.68 45.66 29094886 1320215808.00
2026/01/16 46.07 46.74 45.60 46.55 40969624 1894772736.00
2026/01/19 46.41 46.66 45.43 45.52 25993540 1188546816.00
2026/01/20 45.52 46.41 45.00 45.52 27514124 1256954880.00
2026/01/21 44.00 46.30 43.86 45.79 31286656 1427937920.00
2026/01/22 46.42 46.83 45.04 45.37 26997132 1233514624.00
2026/01/23 47.33 48.99 46.20 46.83 63728992 3020538880.00
2026/01/26 46.85 47.77 45.13 45.27 38129184 1760378368.00
2026/01/27 45.00 46.79 44.88 46.58 37075280 1710725632.00
2026/01/28 46.91 48.20 46.12 46.40 38596712 1815157120.00
2026/01/29 46.00 46.57 44.52 44.55 35141416 1596225664.00
2026/01/30 44.44 47.30 43.60 46.05 45049292 2043010176.00
2026/02/02 45.12 45.30 42.75 42.88 38730512 1699621504.00
2026/02/03 43.39 44.00 43.04 43.69 18980012 826844288.00
2026/02/04 43.18 43.19 41.72 42.39 23454964 992098560.00
2026/02/05 41.71 41.98 41.10 41.38 15313712 634267712.00
2026/02/06 41.18 41.95 40.75 41.36 13118815 544569856.00
2026/02/09 42.10 42.24 41.86 41.99 12391558 521004000.00
2026/02/10 42.00 42.54 41.91 42.02 11935967 502933632.00
2026/02/11 41.90 42.13 41.72 41.75 10177728 426656288.00
2026/02/12 42.00 42.48 41.85 42.24 14259450 601607552.00
2026/02/13 42.02 42.47 41.95 41.96 12068759 509742176.00
2026/02/24 42.99 43.21 42.36 42.60 16643019 711261568.00
2026/02/25 42.66 42.84 42.34 42.72 13566406 578156864.00
#Ъ§ОнРДдД:ЭЈДяаХ
