301587 жаШ№ЙЩЗн ШеЯп ЧАИДШЈ
      ШеЦк	    ПЊХЬ	    зюИп	    зюЕЭ	    ЪеХЬ	    ГЩНЛСП	    ГЩНЛЖю
2024/04/08 39.66 42.18 37.10 37.27 20903632 830572736.00
2024/04/09 34.63 39.50 33.92 36.35 15681976 594107392.00
2024/04/10 36.52 41.62 36.52 37.67 17651524 692589824.00
2024/04/11 34.52 37.00 34.25 34.70 13687310 488655840.00
2024/04/12 34.43 39.02 34.02 37.90 15616016 576469632.00
2024/04/15 37.90 38.52 33.12 33.35 13961301 501993312.00
2024/04/16 31.00 31.42 27.76 27.98 10943435 327273856.00
2024/04/17 28.45 30.02 28.32 29.25 9748716 290559520.00
2024/04/18 28.53 30.26 27.63 29.41 8481920 249791136.00
2024/04/19 28.82 29.31 27.63 27.80 7610178 217636256.00
2024/04/22 27.95 29.90 27.67 28.79 8431427 246169440.00
2024/04/23 28.48 29.36 28.09 28.29 7233056 211198560.00
2024/04/24 28.81 29.40 28.33 29.29 6736335 198355360.00
2024/04/25 29.87 32.47 29.87 30.12 10973474 339952576.00
2024/04/26 28.47 29.51 28.46 28.88 8582073 252130720.00
2024/04/29 28.92 29.80 28.92 29.52 6890469 206251216.00
2024/04/30 29.42 30.07 28.02 28.20 6231330 181777184.00
2024/05/06 28.64 29.52 28.63 29.49 6203434 182978704.00
2024/05/07 29.57 30.31 29.12 29.80 6632609 200283232.00
2024/05/08 29.53 30.75 29.27 30.52 8756533 267789408.00
2024/05/09 32.02 32.72 30.12 30.25 11067402 350590464.00
2024/05/10 29.63 30.22 28.73 28.99 7431210 220465760.00
2024/05/13 28.40 28.40 27.81 27.86 4485733 127751208.00
2024/05/14 28.02 28.57 27.92 28.39 3630449 104295712.00
2024/05/15 28.21 29.02 28.02 28.41 4498132 130843656.00
2024/05/16 28.33 28.49 27.83 27.97 3988173 113976320.00
2024/05/17 27.97 29.09 27.66 29.07 5897619 171725760.00
2024/05/20 28.82 29.00 28.23 28.77 4403545 128491760.00
2024/05/21 28.57 29.77 28.53 29.56 6440930 192027424.00
2024/05/22 29.27 30.80 29.25 30.53 7758620 237526752.00
2024/05/23 30.17 31.87 29.85 30.17 10996632 343894240.00
2024/05/24 29.41 30.00 28.54 29.07 6734344 200072960.00
2024/05/27 28.82 29.09 28.00 28.68 4272403 123181296.00
2024/05/28 28.56 28.79 28.15 28.41 3157752 91205872.00
2024/05/29 29.00 30.85 28.69 29.63 8021046 243363776.00
2024/05/30 29.12 29.52 28.24 28.34 5911805 172926944.00
2024/05/31 28.25 29.47 28.25 28.93 4596677 135201680.00
2024/06/03 28.82 29.01 27.84 28.42 4626192 132843824.00
2024/06/04 28.21 34.20 27.86 34.20 16006304 528851168.00
2024/06/05 32.40 32.92 31.40 31.55 15678686 510555616.00
2024/06/06 31.52 33.81 31.18 31.89 14675574 481093760.00
2024/06/07 30.72 31.40 29.61 30.24 10534590 324645984.00
2024/06/11 29.75 30.32 28.32 30.27 6660350 199318176.00
2024/06/12 29.86 30.70 29.69 30.53 6310579 194326384.00
2024/06/13 30.20 31.59 30.02 31.37 8494394 266984720.00
2024/06/14 30.99 31.80 30.24 30.53 5848392 182640704.00
2024/06/17 30.68 31.37 29.53 31.23 6075316 189052928.00
2024/06/18 30.97 31.53 30.61 31.53 6226613 197014864.00
2024/06/19 31.62 32.74 30.42 30.54 7654619 245140672.00
2024/06/20 30.08 30.18 29.08 29.20 5882948 177321584.00
2024/06/21 28.82 29.37 28.57 29.28 3243100 95885336.00
2024/06/24 28.82 29.01 28.12 28.46 3353292 97305168.00
2024/06/25 28.61 29.21 28.23 29.21 3256678 95491216.00
2024/06/26 28.92 30.41 28.87 30.01 4514378 136649680.00
2024/06/27 29.59 30.00 28.62 28.71 3867728 115383464.00
2024/06/28 28.70 29.37 28.53 29.17 3040989 89895328.00
2024/07/01 29.05 29.34 28.53 29.31 2505676 73762304.00
2024/07/02 29.27 29.31 28.57 28.74 2262957 66483500.00
2024/07/03 28.60 29.24 28.60 28.98 2234597 65751684.00
2024/07/04 28.73 29.20 27.81 27.85 3379697 97631584.00
2024/07/05 27.33 27.35 24.58 25.48 4407940 115273240.00
2024/07/08 25.09 25.42 23.40 23.68 4203868 103612112.00
2024/07/09 23.68 24.70 23.62 24.66 3262280 80285608.00
2024/07/10 24.36 24.84 24.13 24.34 2623362 65446536.00
2024/07/11 25.46 25.84 24.72 25.26 3784185 97630904.00
2024/07/12 24.99 25.40 24.90 25.06 2538541 65134464.00
2024/07/15 24.72 25.22 24.29 24.54 1804657 45173760.00
2024/07/16 24.54 24.92 24.38 24.79 1756700 44191940.00
2024/07/17 24.75 24.89 24.00 24.01 2021230 50012328.00
2024/07/18 23.99 24.58 23.41 24.41 2350100 57479212.00
2024/07/19 24.21 24.70 24.11 24.45 1702215 42456096.00
2024/07/22 24.50 24.74 24.30 24.74 1637225 40955496.00
2024/07/23 24.72 24.72 24.07 24.07 1570700 39033688.00
2024/07/24 23.86 24.33 23.57 23.67 1486015 36162604.00
2024/07/25 23.69 24.05 23.42 23.72 1477169 35776308.00
2024/07/26 24.12 24.57 24.08 24.35 2217719 54892808.00
2024/07/29 24.35 24.50 23.91 24.35 2080401 51350164.00
2024/07/30 24.28 24.58 23.92 24.44 1715850 42474480.00
2024/07/31 24.51 25.07 24.19 25.02 2900185 73351856.00
2024/08/01 24.99 25.40 24.83 24.91 2238969 57095648.00
2024/08/02 24.73 25.15 24.58 24.84 1957487 49649244.00
2024/08/05 25.08 25.72 24.32 24.32 3352901 85811728.00
2024/08/06 24.45 25.02 24.44 25.02 2424262 61009288.00
2024/08/07 24.80 25.18 24.63 24.93 2331082 59385468.00
2024/08/08 25.01 25.10 23.93 24.20 2319254 57505772.00
2024/08/09 24.37 24.80 23.82 23.85 1552900 38425900.00
2024/08/12 23.85 23.87 22.92 23.32 1953900 46428812.00
2024/08/13 23.22 23.51 22.92 23.32 1206600 28560926.00
2024/08/14 23.20 23.42 23.04 23.04 1145000 27159880.00
2024/08/15 22.69 23.17 22.42 22.73 2113206 49148208.00
2024/08/16 22.76 23.15 22.65 22.67 1551504 36179312.00
2024/08/19 22.83 22.83 21.73 21.76 2228450 50507340.00
2024/08/20 21.72 21.90 21.32 21.62 1451750 31995056.00
2024/08/21 21.71 22.31 21.17 22.00 1916057 42632388.00
2024/08/22 21.83 22.65 21.53 21.77 2546724 57818688.00
2024/08/23 21.38 21.51 20.95 21.29 1902624 41288384.00
2024/08/26 21.07 22.15 21.07 21.83 1976900 44157088.00
2024/08/27 21.52 21.72 20.76 20.78 1789258 38682516.00
2024/08/28 20.69 21.10 20.52 20.83 1450708 30973346.00
2024/08/29 20.78 21.44 20.58 21.37 1459774 31662032.00
2024/08/30 21.25 21.88 21.25 21.46 1731600 38277960.00
2024/09/02 21.57 25.52 21.40 22.84 6036658 143711568.00
2024/09/03 22.84 24.04 22.13 23.50 5636497 132661104.00
2024/09/04 23.07 23.80 22.63 23.14 3995407 94691648.00
2024/09/05 23.03 23.12 22.25 22.58 3018957 69669912.00
2024/09/06 22.62 22.72 21.62 21.71 2150502 48466844.00
2024/09/09 21.46 21.81 21.31 21.61 1192202 26251312.00
2024/09/10 21.48 21.62 21.12 21.43 1378552 30084896.00
2024/09/11 21.43 22.02 21.29 21.82 2212400 49324940.00
2024/09/12 21.74 21.97 21.07 21.07 2000850 44031260.00
2024/09/13 21.07 21.25 20.17 20.17 1862700 39151632.00
2024/09/18 20.24 20.33 19.38 19.76 1433145 28868982.00
2024/09/19 19.76 20.23 19.69 20.09 1089552 22346302.00
2024/09/20 20.11 20.21 19.62 19.70 877700 17824020.00
2024/09/23 19.60 20.02 19.54 19.81 763750 15503158.00
2024/09/24 20.11 20.50 19.60 20.43 1877771 38842072.00
2024/09/25 20.71 21.16 20.54 20.82 2378169 50722528.00
2024/09/26 20.65 21.20 20.56 21.20 2137117 45744512.00
2024/09/27 21.83 23.14 21.62 22.77 4250431 97123296.00
2024/09/30 24.19 26.50 23.22 26.25 6955467 176451968.00
2024/10/08 31.20 31.21 26.97 29.45 9921099 291480640.00
2024/10/09 27.66 27.77 25.01 25.01 6088743 164180368.00
2024/10/10 25.18 26.72 25.17 25.42 4350592 114882536.00
2024/10/11 25.52 26.22 24.40 24.75 4334109 113229384.00
2024/10/14 24.75 25.54 24.18 25.49 2981877 75742560.00
2024/10/15 25.88 26.01 24.89 24.90 3194373 83096496.00
2024/10/16 24.18 24.87 23.94 24.08 2610181 64842892.00
2024/10/17 24.32 24.55 23.75 23.75 2145506 52796692.00
2024/10/18 23.79 25.40 23.71 24.86 3258871 81518376.00
2024/10/21 24.93 26.50 24.92 25.97 4258728 112201288.00
2024/10/22 26.11 26.11 25.26 25.82 2728626 71493608.00
2024/10/23 25.71 27.00 25.52 26.72 5167859 139194560.00
2024/10/24 27.02 27.41 25.80 25.89 4197644 112889536.00
2024/10/25 26.32 27.39 26.27 26.98 5508307 150357616.00
2024/10/28 26.62 26.67 26.02 26.37 4183825 111725304.00
2024/10/29 26.37 26.42 25.32 25.39 3378685 88435416.00
2024/10/30 25.13 25.23 24.53 24.89 2323989 58934368.00
2024/10/31 24.88 25.48 24.82 25.04 2024656 51665096.00
2024/11/01 24.80 25.09 23.82 24.00 2430207 60332524.00
2024/11/04 24.00 24.59 24.00 24.58 1543105 38468952.00
2024/11/05 24.53 25.14 24.51 25.13 2465783 62607268.00
2024/11/06 25.72 29.25 25.72 27.98 12175953 344583040.00
2024/11/07 28.88 30.92 27.52 27.86 12603684 371842880.00
2024/11/08 27.54 28.70 27.32 27.67 8113726 230161744.00
2024/11/11 27.63 28.18 27.22 28.08 6189134 175389232.00
2024/11/12 29.23 29.51 28.43 28.94 9123560 268784448.00
2024/11/13 28.02 29.94 27.92 28.91 5908376 174914448.00
2024/11/14 28.77 28.90 27.09 27.36 4820661 137015040.00
2024/11/15 27.08 27.36 26.16 26.26 3008397 82082240.00
2024/11/18 26.32 26.68 25.20 25.75 2435342 63776032.00
2024/11/19 25.75 26.98 25.52 26.85 2833994 75770504.00
2024/11/20 26.59 29.00 26.52 27.99 4517856 128866792.00
2024/11/21 27.52 27.98 26.76 27.38 3186611 88855688.00
2024/11/22 27.22 27.27 25.76 25.83 2511463 67811448.00
2024/11/25 25.82 26.82 25.82 26.73 2279431 61305564.00
2024/11/26 26.77 26.91 25.48 25.55 2074768 54883108.00
2024/11/27 25.32 26.15 24.61 26.14 2242929 57954140.00
2024/11/28 26.03 26.37 25.57 25.60 1531036 40349320.00
2024/11/29 25.62 26.10 25.19 25.87 1744376 45714804.00
2024/12/02 25.86 26.27 25.82 26.20 1708553 45444184.00
2024/12/03 26.04 26.29 25.62 26.11 1469503 38840888.00
2024/12/04 26.02 26.02 25.31 25.39 1771791 46259588.00
2024/12/05 25.42 26.22 25.14 25.97 1552471 40830548.00
2024/12/06 25.83 27.20 25.82 26.36 2200017 58839620.00
2024/12/09 26.27 26.84 26.04 26.82 2235678 60353020.00
2024/12/10 27.52 27.70 26.35 26.43 2617516 71725736.00
2024/12/11 26.47 26.82 26.25 26.66 1929855 52013068.00
2024/12/12 27.02 28.69 27.00 27.71 6271586 178332384.00
2024/12/13 27.40 27.62 26.54 26.70 3565536 97356608.00
2024/12/16 27.31 30.47 27.28 27.83 6785737 196073472.00
2024/12/17 27.69 28.70 26.36 26.52 5812869 162737744.00
2024/12/18 26.54 26.97 25.45 26.02 3399025 90012152.00
2024/12/19 25.55 26.31 25.34 25.73 2744251 71936552.00
2024/12/20 25.78 26.77 25.71 26.37 2979742 79862776.00
2024/12/23 26.42 26.60 24.72 24.82 3210404 83329160.00
2024/12/24 25.02 25.69 24.72 25.28 1797099 46198336.00
2024/12/25 25.42 25.49 24.14 24.48 1840504 45986356.00
2024/12/26 24.49 25.07 24.28 24.82 1485635 37661372.00
2024/12/27 24.81 25.25 24.67 24.79 1184952 30169334.00
2024/12/30 24.62 24.72 23.61 23.83 2912823 71431144.00
2024/12/31 23.99 24.10 22.96 23.02 1680912 39988096.00
2025/01/02 23.01 23.28 22.12 22.32 1528591 35435204.00
2025/01/03 22.47 22.47 21.16 21.17 1583484 35208044.00
2025/01/06 21.17 21.62 20.55 21.42 1350724 29334268.00
2025/01/07 21.34 22.20 21.32 22.20 1536884 34138480.00
2025/01/08 22.03 22.24 21.12 21.80 1368775 30277826.00
2025/01/09 21.70 22.82 21.41 22.45 1933783 44014732.00
2025/01/10 22.26 23.40 22.07 22.12 2905974 67725328.00
2025/01/13 21.67 22.46 21.34 22.12 1412012 31609614.00
2025/01/14 22.14 23.25 22.14 23.05 2049488 47829424.00
2025/01/15 23.02 23.10 22.64 22.77 1410584 32859986.00
2025/01/16 22.85 23.10 22.40 22.59 1437476 33372916.00
2025/01/17 22.58 22.71 22.25 22.40 1081556 24815264.00
2025/01/20 22.33 22.82 22.26 22.70 1349126 31199084.00
2025/01/21 22.70 22.79 21.92 22.37 1472817 33579232.00
2025/01/22 22.32 22.45 22.02 22.03 815248 18473004.00
2025/01/23 22.32 22.57 21.90 21.90 1269523 28910030.00
2025/01/24 21.92 22.32 21.78 22.25 1068062 24048838.00
2025/01/27 22.42 22.60 21.85 22.02 1160296 26408688.00
2025/02/05 22.20 22.47 22.10 22.35 931050 21243320.00
2025/02/06 22.37 23.42 22.19 23.12 2283452 53645500.00
2025/02/07 23.22 23.32 22.79 23.01 1831449 43264372.00
2025/02/10 23.22 23.32 22.80 23.32 1477271 34772944.00
2025/02/11 23.48 23.52 22.97 23.09 1283358 30220848.00
2025/02/12 23.08 23.41 22.83 23.38 1598112 37735132.00
2025/02/13 23.41 24.00 23.28 23.33 2513718 60670756.00
2025/02/14 23.40 23.97 23.32 23.51 2193217 52824416.00
2025/02/17 23.80 23.80 23.11 23.37 1589787 37870080.00
2025/02/18 23.59 24.01 23.39 23.70 3760190 91197584.00
2025/02/19 23.22 23.88 23.07 23.87 3140066 75713552.00
2025/02/20 23.91 25.50 23.38 24.61 4706239 116447408.00
2025/02/21 24.32 24.77 24.32 24.57 2981082 74597120.00
2025/02/24 24.52 24.62 24.10 24.48 1850100 45926320.00
2025/02/25 24.22 24.44 23.92 24.32 1816733 44894968.00
2025/02/26 24.24 25.30 24.24 25.04 3497482 88794688.00
2025/02/27 24.98 26.10 24.89 25.88 4970260 129699696.00
2025/02/28 25.57 25.62 24.49 24.53 3287546 83832200.00
2025/03/03 24.55 25.70 24.55 25.03 3276356 84115784.00
2025/03/04 24.77 25.58 24.57 25.47 2864506 73397544.00
2025/03/05 25.23 25.33 24.57 24.93 2311269 58521892.00
2025/03/06 24.90 25.82 24.75 25.30 3205595 82397816.00
2025/03/07 25.26 25.68 24.92 25.12 2876632 74248536.00
2025/03/10 24.93 25.29 24.64 24.73 2062200 52292836.00
2025/03/11 24.38 24.71 24.22 24.67 1754397 43768584.00
2025/03/12 24.77 24.82 24.37 24.55 1649614 41317224.00
2025/03/13 24.50 24.61 23.62 24.00 2043665 49984820.00
2025/03/14 23.96 24.30 23.62 24.27 1448225 35479324.00
2025/03/17 24.22 24.34 24.03 24.29 1171161 28906312.00
2025/03/18 24.29 25.92 24.27 25.92 6184345 159627168.00
2025/03/19 26.38 26.81 25.15 25.41 5384172 141751184.00
2025/03/20 25.44 25.69 24.74 24.91 2799335 71448864.00
2025/03/21 24.72 25.42 24.33 24.43 1911124 47919724.00
2025/03/24 24.38 24.40 22.88 23.51 2359667 56802296.00
2025/03/25 23.40 24.01 23.26 23.66 1333573 32260314.00
2025/03/26 23.66 24.43 23.38 24.15 1444537 35446212.00
2025/03/27 24.14 24.14 23.37 23.57 1348450 32606422.00
2025/03/28 23.59 23.63 22.87 22.87 1444074 34136468.00
2025/03/31 22.72 23.01 22.42 22.76 936827 21640688.00
2025/04/01 22.80 23.33 22.80 23.09 868589 20505074.00
2025/04/02 23.08 23.48 23.03 23.14 629983 14950579.00
2025/04/03 23.13 23.26 22.56 22.92 711806 16622431.00
2025/04/07 21.80 22.51 18.24 18.29 2788552 56013888.00
2025/04/08 18.67 19.07 18.19 18.48 3241362 61615192.00
2025/04/09 18.17 19.10 16.56 18.87 2879088 53747504.00
2025/04/10 19.34 19.96 19.33 19.36 1949527 39140068.00
2025/04/11 19.36 19.61 19.04 19.42 1373771 27347586.00
2025/04/14 19.91 20.02 19.65 19.69 1101350 22353994.00
2025/04/15 19.60 20.07 19.60 19.83 1346274 27297134.00
2025/04/16 19.80 19.96 19.17 19.48 1243118 24938482.00
2025/04/17 19.52 20.09 19.45 19.80 1430050 29065798.00
2025/04/18 19.71 19.90 19.45 19.75 858350 17271060.00
2025/04/21 19.74 20.09 19.64 20.03 1006436 20538468.00
2025/04/22 20.03 20.12 19.87 19.97 750524 15342546.00
2025/04/23 20.02 20.39 19.93 20.39 1449956 30032448.00
2025/04/24 20.30 20.50 20.02 20.11 1253200 25966548.00
2025/04/25 20.20 20.26 19.92 20.10 946100 19484712.00
2025/04/28 20.11 20.11 19.57 19.70 921479 18631718.00
2025/04/29 19.69 20.07 19.56 19.85 1148100 23376716.00
2025/04/30 20.20 20.21 19.86 20.07 1113200 22889980.00
2025/05/06 20.37 20.67 20.19 20.65 1286256 26964244.00
2025/05/07 20.86 21.19 20.55 20.82 1395493 29803956.00
2025/05/08 20.72 21.22 20.62 21.10 1145399 24675102.00
2025/05/09 21.10 21.18 20.64 20.75 936800 19945984.00
2025/05/12 21.01 21.15 20.94 21.11 876600 18892812.00
2025/05/13 21.32 21.38 20.92 20.92 973600 20981972.00
2025/05/14 20.87 21.10 20.67 20.77 958906 20410452.00
2025/05/15 20.83 20.97 20.62 20.76 880050 18702256.00
2025/05/16 20.76 21.06 20.72 21.00 943109 20224754.00
2025/05/19 21.10 21.12 20.78 21.09 582512 12503108.00
2025/05/20 21.09 21.31 20.94 21.31 985942 21342326.00
2025/05/21 21.32 21.58 21.04 21.25 1941806 42315288.00
2025/05/22 21.18 21.32 20.71 20.74 1170606 25112354.00
2025/05/23 20.75 21.13 20.62 20.70 1100454 23511050.00
2025/05/26 20.70 20.95 20.48 20.70 866656 18389018.00
2025/05/27 20.74 21.32 20.42 20.93 1910100 40945604.00
2025/05/28 20.98 21.15 20.52 20.56 1283096 27202712.00
2025/05/29 20.57 20.92 20.55 20.83 952965 20280178.00
2025/05/30 20.87 20.87 20.53 20.66 820739 17335154.00
2025/06/03 20.33 20.84 20.33 20.76 927206 19640782.00
2025/06/04 20.82 21.18 20.33 20.39 3013750 63441320.00
2025/06/05 20.51 20.61 20.19 20.40 1371450 28643500.00
2025/06/06 20.32 20.54 20.32 20.50 818506 17128084.00
2025/06/09 20.51 20.87 20.45 20.85 1433793 30470598.00
2025/06/10 20.78 22.52 20.78 21.86 6295018 140405936.00
2025/06/11 22.02 22.05 21.48 21.54 3109785 67797704.00
2025/06/12 21.54 21.69 21.27 21.49 2052591 44293884.00
2025/06/13 21.39 21.45 20.81 20.87 1797800 38086988.00
2025/06/16 20.78 21.22 20.78 21.12 1022150 21629048.00
2025/06/17 21.19 21.81 20.94 21.35 2160712 46352712.00
2025/06/18 21.35 21.48 20.87 21.28 1338348 28455180.00
2025/06/19 21.12 21.97 21.03 21.11 2986313 64745196.00
2025/06/20 21.00 21.97 21.00 21.60 3449471 74890456.00
2025/06/23 21.33 21.85 21.19 21.78 2543015 55356828.00
2025/06/24 21.78 22.71 21.62 22.67 4313144 96955464.00
2025/06/25 22.37 22.74 22.18 22.45 3347685 75371104.00
2025/06/26 22.35 22.99 22.23 22.26 2943100 66859768.00
2025/06/27 22.32 22.76 22.08 22.41 2951039 66356860.00
2025/06/30 22.41 22.43 22.08 22.35 1907927 42716384.00
2025/07/01 22.35 22.42 21.90 22.16 2173248 48389428.00
2025/07/02 22.10 22.29 21.95 22.14 1508300 33457216.00
2025/07/03 22.13 22.46 21.96 22.33 1936860 43288088.00
2025/07/04 22.27 22.27 21.78 21.87 1861215 41105292.00
2025/07/07 21.77 22.02 21.74 22.01 1069850 23538842.00
2025/07/08 22.01 22.44 21.91 22.37 2003400 44840424.00
2025/07/09 22.37 22.71 22.28 22.43 1973470 44568840.00
2025/07/10 22.34 22.46 22.08 22.22 1414176 31633286.00
2025/07/11 22.11 22.23 21.94 22.17 1295700 28795716.00
2025/07/14 22.17 22.42 22.08 22.38 1466932 32887812.00
2025/07/15 22.40 22.47 21.85 22.08 1684846 37446148.00
2025/07/16 22.07 22.30 21.91 22.21 1191953 26614836.00
2025/07/17 22.29 22.43 22.02 22.39 1222778 27445522.00
2025/07/18 22.36 22.67 22.29 22.60 1751200 39589060.00
2025/07/21 22.56 22.95 22.45 22.93 2117564 48410004.00
2025/07/22 22.87 23.45 22.66 23.04 2345675 53985596.00
2025/07/23 23.63 23.66 22.77 23.05 3131037 72597552.00
2025/07/24 23.47 23.47 22.89 23.20 3453898 80374520.00
2025/07/25 23.57 23.57 23.09 23.42 3018983 70712144.00
2025/07/28 23.31 23.82 23.23 23.77 3217655 76408376.00
2025/07/29 23.66 23.90 23.58 23.75 2558208 61070132.00
2025/07/30 23.77 23.77 22.88 23.22 2262253 53023836.00
2025/07/31 23.11 23.42 22.78 22.82 1942289 45056496.00
2025/08/01 22.85 23.04 22.78 23.01 1686090 38892360.00
2025/08/04 22.94 23.31 22.75 23.28 1404500 32715680.00
2025/08/05 23.40 23.50 23.15 23.17 1757450 41126956.00
2025/08/06 23.17 23.32 23.03 23.26 1521045 35492924.00
2025/08/07 23.25 23.35 23.00 23.19 1894519 44167768.00
2025/08/08 23.22 23.22 22.93 23.08 1705025 39472340.00
2025/08/11 23.03 23.70 23.03 23.58 3212238 75776176.00
2025/08/12 23.60 23.65 23.28 23.46 1600100 37701960.00
2025/08/13 23.55 23.85 23.35 23.64 1971903 46738812.00
2025/08/14 23.64 23.75 22.92 22.95 1937200 45319680.00
2025/08/15 22.92 23.39 22.92 23.28 1624458 38006932.00
2025/08/18 23.30 23.92 23.24 23.80 2865234 68323552.00
2025/08/19 23.77 23.90 23.53 23.86 1875103 44772772.00
2025/08/20 23.75 23.91 23.60 23.89 2491564 59517348.00
2025/08/21 23.95 23.99 23.52 23.67 2494719 59481840.00
2025/08/22 23.65 23.82 23.37 23.53 2029077 47983216.00
2025/08/25 23.72 23.95 23.27 23.53 3195702 75829880.00
2025/08/26 23.52 23.75 23.32 23.62 1912695 45388996.00
2025/08/27 23.62 23.78 22.76 22.79 2938877 69125072.00
2025/08/28 22.67 23.13 21.63 22.42 3424237 77008184.00
2025/08/29 22.38 22.95 22.18 22.64 2426112 55149860.00
2025/09/01 22.56 23.12 22.48 22.81 2256753 51736380.00
2025/09/02 23.26 24.82 23.13 24.17 11254785 274043520.00
2025/09/03 24.20 24.29 23.39 23.67 5957400 142230800.00
2025/09/04 23.52 24.64 23.03 23.49 6664966 159972896.00
2025/09/05 23.46 24.77 23.34 24.76 9588183 235602672.00
2025/09/08 24.87 25.06 24.25 24.47 7078112 173776304.00
2025/09/09 24.64 25.83 24.50 24.76 10956143 277868128.00
2025/09/10 24.32 24.66 23.98 24.15 5966700 145449232.00
2025/09/11 24.04 24.26 23.67 24.16 4964907 119737144.00
2025/09/12 24.12 24.27 23.47 23.97 5168642 124079768.00
2025/09/15 23.88 25.12 23.76 24.42 5893999 145197744.00
2025/09/16 24.27 25.58 23.72 24.85 7106191 175577168.00
2025/09/17 24.88 25.11 24.47 24.79 4955589 123320848.00
2025/09/18 24.87 24.87 23.81 24.11 4991742 121828696.00
2025/09/19 24.11 24.62 23.87 24.31 3797697 92495320.00
2025/09/22 24.17 25.34 23.92 24.94 6165741 152998976.00
2025/09/23 24.87 25.37 23.82 25.32 8303179 206910624.00
2025/09/24 25.36 25.43 24.73 25.40 6399243 161587184.00
2025/09/25 25.53 25.64 24.78 24.87 4744438 119890168.00
2025/09/26 24.67 25.67 24.40 25.52 7788993 197739024.00
2025/09/29 25.82 26.35 25.33 26.35 9798102 256282832.00
2025/09/30 25.89 26.15 25.28 25.28 7208110 186057504.00
2025/10/09 25.14 25.51 24.92 25.21 4436016 112578208.00
2025/10/10 25.07 25.16 24.23 24.25 4503074 110994440.00
2025/10/13 23.37 23.97 23.00 23.88 2481473 58724700.00
2025/10/14 23.86 24.20 23.11 23.14 2692603 63890772.00
2025/10/15 23.22 23.42 23.14 23.35 1739073 40751960.00
2025/10/16 23.33 23.77 23.14 23.47 1706531 40339932.00
2025/10/17 23.47 23.73 22.65 22.69 2118493 49229568.00
2025/10/20 22.85 23.14 22.75 22.93 1420400 32725928.00
2025/10/21 22.91 23.12 22.68 23.11 1655400 38157104.00
2025/10/22 23.09 23.09 22.82 23.04 1366506 31566644.00
2025/10/23 22.90 23.43 22.54 23.40 2261961 52292972.00
2025/10/24 23.37 23.77 23.29 23.73 1914000 45297408.00
2025/10/27 23.67 23.90 23.49 23.87 2038782 48608684.00
2025/10/28 23.86 24.09 23.70 23.89 1668923 40092424.00
2025/10/29 23.85 24.03 23.57 23.77 1794700 42977844.00
2025/10/30 23.78 23.96 23.55 23.58 1774913 42340796.00
2025/10/31 23.59 24.45 23.58 24.06 3393968 82494800.00
2025/11/03 24.06 24.16 23.58 23.87 1791400 42777136.00
2025/11/04 24.06 24.16 23.68 23.95 1950000 46857476.00
2025/11/05 23.58 24.32 23.58 24.24 2692796 65305092.00
2025/11/06 24.17 24.43 24.15 24.23 1820400 44444056.00
2025/11/07 24.13 24.97 24.12 24.69 3399550 84112744.00
2025/11/10 24.68 25.05 24.37 24.58 2234300 55157860.00
2025/11/11 24.51 25.01 24.50 24.83 2629203 65511780.00
2025/11/12 24.81 24.82 24.30 24.61 1844725 45270924.00
2025/11/13 24.61 25.49 24.59 25.27 4387306 110505296.00
2025/11/14 25.07 25.60 24.92 25.19 3118606 78575736.00
2025/11/17 25.03 25.50 24.83 25.08 2493600 62498720.00
2025/11/18 24.94 25.10 24.40 24.56 2117292 52177076.00
2025/11/19 24.63 25.04 23.95 24.01 1777500 43193628.00
2025/11/20 24.16 26.30 24.12 24.96 6737093 169942992.00
2025/11/21 24.76 24.99 22.87 22.92 6830283 162774944.00
2025/11/24 23.04 23.46 22.71 23.01 3339260 77049160.00
2025/11/25 23.03 23.72 23.03 23.38 2278307 53348312.00
2025/11/26 23.36 23.58 22.85 22.87 2034800 47120576.00
2025/11/27 22.87 23.58 22.81 23.37 2194719 51261508.00
2025/11/28 23.28 23.55 23.26 23.51 1356739 31798594.00
2025/12/01 23.65 25.10 23.53 24.03 3864423 93745168.00
2025/12/02 24.04 24.50 23.86 24.10 2749512 66436496.00
2025/12/03 24.15 24.40 23.27 23.35 2600464 61238700.00
2025/12/04 23.32 23.47 22.31 22.42 2715700 61519704.00
2025/12/05 22.44 23.04 22.00 23.00 2019714 45559264.00
2025/12/08 22.99 23.19 22.91 22.99 1761500 40562652.00
2025/12/09 22.88 23.09 22.65 22.65 1244150 28388928.00
2025/12/10 22.71 23.14 22.33 22.47 1978600 44720040.00
2025/12/11 22.48 22.66 21.98 22.01 1673611 37165836.00
2025/12/12 22.01 22.18 21.71 21.83 1500500 32937960.00
2025/12/15 21.72 22.07 21.64 21.84 1318700 28823086.00
2025/12/16 21.83 21.83 21.30 21.42 1252620 26855770.00
2025/12/17 21.36 21.57 20.96 21.42 1674800 35540460.00
2025/12/18 21.42 21.68 21.24 21.46 1200414 25868492.00
2025/12/19 21.69 21.90 21.45 21.82 1415750 30824284.00
2025/12/22 21.90 23.98 21.82 23.68 7108599 164797008.00
2025/12/23 23.68 23.68 22.97 23.13 4331167 100632312.00
2025/12/24 23.02 23.57 22.98 23.43 2274393 53131356.00
2025/12/25 23.49 23.70 23.18 23.59 2504209 58656792.00
2025/12/26 23.67 24.64 23.60 23.86 4015850 96726696.00
2025/12/29 23.67 24.07 23.51 23.85 2815700 66891372.00
2025/12/30 23.51 23.83 23.42 23.55 1997712 47110516.00
2025/12/31 23.50 23.84 23.22 23.40 1423919 33308080.00
2026/01/05 23.46 23.58 23.11 23.40 1987250 46511080.00
2026/01/06 23.56 23.62 23.31 23.40 2127500 49883112.00
2026/01/07 23.82 24.98 23.81 24.26 9191720 224044704.00
2026/01/08 24.00 24.06 23.10 23.91 6181364 147247728.00
2026/01/09 23.91 24.90 23.77 24.50 6384019 155422048.00
2026/01/12 24.83 24.95 24.27 24.92 6588756 162445488.00
2026/01/13 24.96 25.04 24.19 24.25 4363438 106867384.00
2026/01/14 24.44 24.66 23.72 24.22 4172000 101152160.00
2026/01/15 24.05 24.60 24.00 24.24 2185300 53108616.00
2026/01/16 24.26 24.73 24.24 24.68 3080530 75574712.00
2026/01/19 24.71 24.92 24.47 24.73 2855700 70588360.00
2026/01/20 24.65 24.92 24.35 24.47 2270756 55740556.00
2026/01/21 24.43 24.61 24.20 24.59 1964300 48174192.00
2026/01/22 24.52 25.00 24.52 24.83 2525612 62641260.00
2026/01/23 24.94 26.16 24.83 25.95 8505203 217438736.00
2026/01/26 25.70 25.70 24.57 24.75 5422511 135705696.00
2026/01/27 24.65 25.00 23.70 24.93 4392562 107023056.00
2026/01/28 24.68 24.88 24.22 24.24 2394295 58488328.00
2026/01/29 24.12 24.62 23.87 24.06 2471850 59979848.00
2026/01/30 24.03 24.17 23.54 24.08 2520400 60105576.00
2026/02/02 24.08 24.35 23.72 23.72 2304927 55600240.00
2026/02/03 23.99 24.35 23.80 24.29 2299500 55530224.00
2026/02/04 24.29 24.57 24.10 24.41 1944700 47350760.00
2026/02/05 24.30 24.48 24.11 24.30 1621400 39398776.00
2026/02/06 24.13 24.84 23.93 24.56 2279520 55961484.00
2026/02/09 24.84 25.01 24.76 24.98 2104160 52406908.00
2026/02/10 24.99 25.27 24.75 25.01 2182300 54589540.00
2026/02/11 25.02 25.66 24.92 25.47 4449177 113307192.00
2026/02/12 25.48 25.50 25.01 25.19 2357700 59413816.00
2026/02/13 25.04 25.37 24.97 24.99 1632977 41122640.00
2026/02/24 25.25 25.29 24.92 25.16 2061695 51783396.00
2026/02/25 25.16 25.45 25.04 25.36 2529311 63986252.00
#Ъ§ОнРДдД:ЭЈДяаХ
