301020 УмЗтПЦММ ШеЯп ЧАИДШЈ
      ШеЦк	    ПЊХЬ	    зюИп	    зюЕЭ	    ЪеХЬ	    ГЩНЛСП	    ГЩНЛЖю
2021/08/02 25.49 28.84 24.74 28.19 9201982 258501440.00
2021/08/03 27.76 27.94 26.68 27.34 7537994 214175088.00
2021/08/04 27.46 28.62 27.27 27.45 7009123 202429024.00
2021/08/05 27.11 29.37 26.76 28.68 10426839 305442976.00
2021/08/06 28.34 31.39 28.15 29.30 11705595 363420256.00
2021/08/09 28.44 31.09 27.40 30.24 10257033 309592384.00
2021/08/10 29.62 31.25 29.07 29.65 10025283 312895616.00
2021/08/11 30.30 34.69 29.69 33.09 13800694 457280480.00
2021/08/12 32.56 36.38 31.88 33.84 13648287 474953248.00
2021/08/13 33.24 36.77 32.50 35.39 12384505 437050784.00
2021/08/16 35.29 42.69 35.29 42.69 18828701 771211904.00
2021/08/17 43.89 45.39 37.39 37.54 17888157 749625216.00
2021/08/18 35.78 39.89 35.57 37.17 14334475 552684032.00
2021/08/19 35.99 37.03 33.67 34.04 12016735 428527072.00
2021/08/20 33.42 34.27 32.40 32.69 6831758 234128944.00
2021/08/23 32.86 34.75 32.79 34.05 7157789 250708576.00
2021/08/24 34.69 37.37 34.07 36.10 10125446 372560384.00
2021/08/25 35.84 37.97 34.85 36.98 10492401 395864512.00
2021/08/26 36.78 36.79 34.99 35.04 6738963 248754816.00
2021/08/27 35.29 36.34 33.77 33.93 7154070 256355120.00
2021/08/30 33.56 34.69 33.21 34.00 5852266 204942496.00
2021/08/31 33.89 33.89 29.75 29.78 9279147 297004576.00
2021/09/01 29.62 30.33 28.69 29.67 5484200 167180768.00
2021/09/02 29.77 30.65 29.03 30.32 4793593 148994704.00
2021/09/03 30.04 31.65 30.04 30.80 4861776 155829424.00
2021/09/06 30.61 31.49 29.19 31.31 5142357 162165792.00
2021/09/07 30.69 31.75 30.40 30.95 4246839 137167264.00
2021/09/08 30.97 31.29 30.05 30.16 4608400 146342752.00
2021/09/09 30.43 31.34 30.06 30.41 4371245 138823216.00
2021/09/10 30.02 30.21 28.89 29.06 4541651 138009472.00
2021/09/13 28.55 29.19 28.55 28.90 2444333 73200800.00
2021/09/14 28.90 29.24 28.11 28.39 2920596 87110200.00
2021/09/15 28.42 29.17 27.65 29.16 3232626 95982776.00
2021/09/16 29.28 29.28 27.57 27.59 3351239 98565464.00
2021/09/17 27.70 27.70 26.62 27.25 2558428 72059864.00
2021/09/22 26.69 28.19 26.59 27.76 2534100 72295744.00
2021/09/23 27.96 30.23 27.96 28.65 4425753 134033176.00
2021/09/24 27.92 30.30 27.38 29.84 5434061 163490592.00
2021/09/27 29.79 30.87 29.09 29.79 4106583 127762056.00
2021/09/28 29.19 30.59 29.18 30.44 3724850 115966648.00
2021/09/29 30.37 31.63 29.60 31.07 5609280 179415744.00
2021/09/30 31.08 31.48 30.44 30.89 3268777 104688488.00
2021/10/08 31.30 31.33 28.89 28.98 3561027 110607224.00
2021/10/11 28.68 29.09 27.47 28.42 2889257 84743232.00
2021/10/12 28.39 28.79 27.33 27.67 2239482 65171148.00
2021/10/13 27.50 29.27 27.50 28.98 2603649 77313216.00
2021/10/14 28.90 30.24 28.29 30.24 3331456 101879536.00
2021/10/15 29.92 30.57 29.70 30.15 2484798 77636184.00
2021/10/18 30.14 30.84 29.55 29.82 2745534 85880440.00
2021/10/19 29.63 31.15 29.37 31.09 4502976 142910816.00
2021/10/20 30.62 31.22 30.29 30.30 3711683 117676544.00
2021/10/21 30.16 30.46 29.39 29.48 2496700 77184712.00
2021/10/22 29.37 29.48 28.49 28.51 2188413 65379652.00
2021/10/25 28.64 30.09 28.34 30.08 2827139 86399424.00
2021/10/26 29.89 31.09 29.79 30.42 3151641 98789104.00
2021/10/27 28.89 29.50 27.08 27.29 5342438 154820384.00
2021/10/28 27.09 27.09 25.15 25.64 3538303 95668048.00
2021/10/29 25.64 26.27 25.39 26.06 1858685 50249264.00
2021/11/01 25.93 26.98 25.79 26.75 2120987 58480860.00
2021/11/02 26.64 26.95 25.69 25.88 2020704 55450648.00
2021/11/03 26.19 26.62 25.90 26.26 1473698 40305868.00
2021/11/04 26.04 27.32 26.04 27.17 2529634 70789504.00
2021/11/05 27.15 27.55 26.54 27.04 2327406 65771152.00
2021/11/08 27.97 28.64 27.21 27.34 2545069 73359840.00
2021/11/09 27.11 28.25 27.11 27.92 2633695 76202032.00
2021/11/10 27.77 28.37 27.58 28.25 2068780 60146712.00
2021/11/11 28.28 29.57 28.28 29.26 3804576 115226184.00
2021/11/12 28.93 30.15 28.62 29.74 4005410 122003656.00
2021/11/15 30.23 31.14 29.75 30.93 4940579 156348768.00
2021/11/16 30.94 31.15 29.47 29.48 4108046 127936960.00
2021/11/17 29.47 32.20 29.41 30.87 4986089 159662640.00
2021/11/18 32.02 34.17 30.89 31.08 8834011 295919872.00
2021/11/19 30.34 35.08 30.34 34.27 12020752 413152096.00
2021/11/22 33.88 36.33 33.49 34.44 11615376 415787040.00
2021/11/23 33.87 36.39 33.19 36.39 10773091 388239680.00
2021/11/24 35.76 36.15 34.87 35.41 8340393 304492256.00
2021/11/25 35.40 35.40 32.87 32.97 7470463 259283504.00
2021/11/26 32.61 34.47 32.61 33.05 5344703 185114128.00
2021/11/29 32.29 34.57 32.29 33.92 5480127 190807600.00
2021/11/30 34.62 35.86 33.69 34.34 7075887 253535456.00
2021/12/01 34.07 37.37 34.07 36.79 11658247 433768672.00
2021/12/02 36.59 37.17 35.07 35.34 7763498 287520512.00
2021/12/03 34.79 35.67 33.05 33.44 6541416 229029424.00
2021/12/06 32.90 33.68 31.79 32.03 5554146 186373248.00
2021/12/07 32.54 33.54 31.55 32.49 5809109 195694176.00
2021/12/08 32.69 36.74 31.90 34.89 9589396 343555104.00
2021/12/09 34.94 35.03 32.80 33.47 7138090 247813296.00
2021/12/10 33.13 33.13 32.02 32.17 4862164 163309744.00
2021/12/13 31.92 32.55 31.09 32.41 4667456 154132160.00
2021/12/14 32.38 33.23 31.65 33.04 4910849 165205056.00
2021/12/15 32.91 33.57 32.49 32.87 4012477 136922720.00
2021/12/16 32.69 36.47 32.42 35.13 9641508 342294080.00
2021/12/17 34.89 35.05 32.79 32.91 6707989 234963856.00
2021/12/20 32.80 34.57 32.58 33.00 5661459 196365232.00
2021/12/21 32.64 32.64 31.26 31.60 4687592 153688896.00
2021/12/22 31.89 32.29 30.92 31.89 3760474 123326944.00
2021/12/23 31.41 32.84 31.40 32.47 3727953 124284600.00
2021/12/24 32.12 32.84 29.41 29.51 4872784 157676560.00
2021/12/27 29.54 31.29 28.88 30.28 3392763 106694512.00
2021/12/28 31.29 31.29 29.45 29.69 2616773 81026712.00
2021/12/29 29.84 31.26 29.40 30.54 3120800 97780536.00
2021/12/30 30.31 30.89 29.96 30.24 2579761 81149640.00
2021/12/31 30.38 30.87 29.70 29.84 2188963 68361640.00
2022/01/04 29.40 29.90 29.19 29.46 2097000 64243524.00
2022/01/05 29.54 29.54 27.56 28.56 4199085 124125808.00
2022/01/06 27.96 29.37 27.89 28.86 3237238 96548056.00
2022/01/07 28.96 29.33 28.19 28.35 2121517 63406576.00
2022/01/10 28.13 28.99 28.13 28.58 1604351 47601200.00
2022/01/11 28.40 29.26 28.40 29.09 1902337 57104032.00
2022/01/12 29.43 29.96 29.13 29.57 2418113 74259216.00
2022/01/13 29.31 29.57 28.51 28.54 1780276 53411248.00
2022/01/14 28.55 29.19 28.29 28.77 1818169 54433248.00
2022/01/17 28.54 29.53 28.44 29.34 1572914 47567472.00
2022/01/18 29.34 29.34 28.29 28.41 1718462 51096012.00
2022/01/19 28.44 28.99 28.02 28.38 1592775 47051908.00
2022/01/20 28.18 28.30 26.79 26.79 2275460 64519756.00
2022/01/21 26.75 27.21 26.30 26.94 1162943 32407494.00
2022/01/24 26.94 27.39 26.45 26.86 964140 26928368.00
2022/01/25 26.86 26.92 25.67 25.68 1274433 34709460.00
2022/01/26 26.04 26.90 25.90 26.51 1540071 42536132.00
2022/01/27 26.40 26.45 25.27 25.89 1336375 36184060.00
2022/01/28 26.09 26.55 25.73 26.12 1235099 33739716.00
2022/02/07 26.51 27.47 26.51 27.44 2378125 66918636.00
2022/02/08 27.38 27.45 26.81 27.43 1378769 38962876.00
2022/02/09 27.18 27.65 27.08 27.44 1204693 34284624.00
2022/02/10 27.49 27.49 26.82 26.98 1067778 30035648.00
2022/02/11 26.81 27.02 26.05 26.15 1123606 30854560.00
2022/02/14 26.02 26.71 25.80 26.31 762660 20999194.00
2022/02/15 26.57 26.97 25.97 26.89 1009133 28062160.00
2022/02/16 26.83 27.31 26.72 27.20 1269645 35749108.00
2022/02/17 27.15 27.47 26.98 27.16 1188573 33659196.00
2022/02/18 27.04 27.25 26.49 26.91 870634 24246024.00
2022/02/21 26.75 27.06 26.64 26.99 943244 26373672.00
2022/02/22 27.06 27.29 26.27 26.65 1440058 40193196.00
2022/02/23 26.64 27.47 26.64 27.42 1804898 51163364.00
2022/02/24 27.29 28.36 26.94 27.88 3439327 99296536.00
2022/02/25 28.34 28.38 27.42 27.79 1876054 54108432.00
2022/02/28 27.57 27.79 26.94 27.15 1157073 32723518.00
2022/03/01 27.32 28.07 27.23 27.59 1205488 34526644.00
2022/03/02 27.99 28.35 27.61 28.18 2283246 66523752.00
2022/03/03 27.94 28.39 27.69 28.10 1869035 54481332.00
2022/03/04 27.74 27.99 27.16 27.16 1577101 45099652.00
2022/03/07 27.05 27.40 26.48 26.75 1216551 34030676.00
2022/03/08 27.08 27.08 25.39 25.62 1305469 35481340.00
2022/03/09 25.64 26.06 23.71 24.93 1319028 34221996.00
2022/03/10 25.34 25.76 24.98 25.05 1034282 27386284.00
2022/03/11 24.82 24.93 23.88 24.73 1166335 29673488.00
2022/03/14 24.28 24.57 23.88 23.89 752632 19092002.00
2022/03/15 23.74 23.87 22.40 22.59 1293647 31434146.00
2022/03/16 22.87 23.30 22.09 23.19 1274836 30485592.00
2022/03/17 23.42 25.49 23.25 24.51 2006026 51314964.00
2022/03/18 24.46 25.14 24.25 24.69 1287862 33280470.00
2022/03/21 24.57 25.48 24.45 25.30 1345856 35151228.00
2022/03/22 25.30 26.24 24.95 25.74 1641297 43856760.00
2022/03/23 28.14 30.99 26.81 27.17 5719413 168885488.00
2022/03/24 26.19 27.83 26.04 26.09 3651914 101447264.00
2022/03/25 25.89 26.07 25.07 25.07 2180566 58099032.00
2022/03/28 25.16 25.32 24.42 24.75 1197469 31137092.00
2022/03/29 24.75 24.99 24.01 24.20 1168169 29882484.00
2022/03/30 24.74 24.74 24.15 24.65 832369 21266376.00
2022/03/31 23.79 23.86 23.23 23.27 1756870 43341936.00
2022/04/01 23.45 23.48 22.89 22.92 1246288 30125986.00
2022/04/06 22.88 24.19 22.59 23.89 1347651 33266832.00
2022/04/07 23.73 23.87 23.06 23.09 1163468 28465302.00
2022/04/08 23.14 23.80 23.05 23.59 1119345 27495308.00
2022/04/11 23.30 23.31 21.93 22.06 1324018 31129604.00
2022/04/12 22.04 22.39 21.47 22.32 768598 17751718.00
2022/04/13 22.07 22.15 21.15 21.19 916862 20799766.00
2022/04/14 21.22 21.64 20.89 21.06 774328 17237336.00
2022/04/15 21.03 21.03 19.69 20.13 1558152 33041776.00
2022/04/18 20.12 21.14 19.51 21.03 1450034 31519532.00
2022/04/19 20.70 21.53 20.70 20.83 909197 20227048.00
2022/04/20 20.98 21.15 20.25 20.42 748128 16306122.00
2022/04/21 20.02 20.39 19.09 19.30 1016039 21091990.00
2022/04/22 19.27 19.48 18.84 18.87 661216 13305206.00
2022/04/25 18.79 18.79 16.67 16.70 1367567 25539546.00
2022/04/26 16.84 17.22 15.89 16.17 1130334 20069642.00
2022/04/27 15.91 16.85 15.41 16.77 1225275 21118276.00
2022/04/28 17.04 17.04 15.97 16.07 952912 16576889.00
2022/04/29 16.26 17.26 16.16 17.22 1096212 19732754.00
2022/05/05 17.22 17.90 17.08 17.63 830355 15546399.00
2022/05/06 17.18 17.67 17.00 17.44 555821 10309015.00
2022/05/09 17.41 17.89 17.30 17.82 566954 10690374.00
2022/05/10 17.49 18.35 17.37 18.17 748053 14357639.00
2022/05/11 18.27 18.96 18.00 18.55 1102284 21768056.00
2022/05/12 18.49 18.72 18.05 18.45 690769 13471634.00
2022/05/13 18.59 19.02 18.37 19.01 999790 19827716.00
2022/05/16 19.89 20.47 18.47 18.83 2042323 41732812.00
2022/05/17 18.76 19.19 18.34 18.99 1151164 22895822.00
2022/05/18 18.98 19.39 18.74 19.03 874156 17674618.00
2022/05/19 18.69 19.53 18.69 19.26 1070578 21622068.00
2022/05/20 19.26 19.43 19.01 19.24 759020 15417638.00
2022/05/23 19.29 19.80 19.19 19.66 942849 19437292.00
2022/05/24 19.57 20.44 18.79 18.84 2167182 45231960.00
2022/05/25 18.84 18.92 18.37 18.83 1115362 22068128.00
2022/05/26 18.83 19.07 18.22 18.85 766243 15136644.00
2022/05/27 19.00 20.32 18.48 19.99 2092498 43195152.00
2022/05/30 20.67 21.74 19.25 21.74 3669842 79059736.00
2022/05/31 20.49 21.45 20.44 21.04 3091384 68037288.00
2022/06/01 20.87 21.53 20.62 20.78 2117674 46831672.00
2022/06/02 20.60 21.13 20.24 20.81 1889298 41327436.00
2022/06/06 20.77 21.09 20.71 20.92 1863022 40957944.00
2022/06/07 20.92 20.92 20.19 20.46 1336909 28814714.00
2022/06/08 20.46 20.62 19.65 20.22 1222863 25911650.00
2022/06/09 20.22 21.19 19.58 19.78 1553870 33342588.00
2022/06/10 19.45 20.59 19.45 20.45 1592423 34040992.00
2022/06/13 20.54 22.29 20.19 21.84 3735153 84758904.00
2022/06/14 21.27 23.61 20.64 23.27 5934320 138547216.00
2022/06/15 23.45 23.74 22.05 22.05 4229076 98793080.00
2022/06/16 21.81 22.25 21.56 21.69 1982777 45002828.00
2022/06/17 21.58 22.59 21.36 22.34 2428319 55910896.00
2022/06/20 22.23 22.77 21.95 22.36 1897263 44011472.00
2022/06/21 22.28 22.50 21.68 21.96 1727647 39448744.00
2022/06/22 21.92 22.45 21.71 22.28 1466640 33678892.00
2022/06/23 23.16 24.67 22.36 23.96 5454798 133323928.00
2022/06/24 23.16 23.53 22.77 23.24 3948335 94474056.00
2022/06/27 23.10 23.19 22.76 23.11 2206052 52444688.00
2022/06/28 22.91 23.46 22.52 23.03 2129947 50946708.00
2022/06/29 22.89 23.12 21.77 21.77 2121392 49144624.00
2022/06/30 21.54 22.10 21.54 21.66 1229323 27815414.00
2022/07/01 21.49 21.64 20.89 21.12 1271360 28062946.00
2022/07/04 21.21 21.32 20.80 21.17 754285 16570396.00
2022/07/05 21.15 21.45 20.38 20.65 1097570 23686384.00
2022/07/06 20.62 21.03 20.40 20.72 734449 15890399.00
2022/07/07 20.97 21.26 20.54 21.10 969748 21169346.00
2022/07/08 21.28 21.61 20.95 20.98 788506 17426188.00
2022/07/11 20.86 21.18 20.11 20.26 772617 16441474.00
2022/07/12 20.21 20.36 19.22 19.28 1045945 21381298.00
2022/07/13 19.29 20.01 19.18 19.97 945701 19458926.00
2022/07/14 19.98 21.77 19.67 21.28 2291703 50243964.00
2022/07/15 21.73 21.82 20.88 20.97 1120328 24656434.00
2022/07/18 20.89 21.51 20.86 21.18 934728 20603488.00
2022/07/19 21.40 21.79 21.16 21.77 1222684 27344474.00
2022/07/20 22.66 22.66 21.45 21.67 1313115 29724880.00
2022/07/21 21.48 22.01 21.48 21.59 1074237 24298748.00
2022/07/22 21.66 21.95 21.24 21.56 762308 17093116.00
2022/07/25 21.44 22.06 20.97 21.64 1161285 25934034.00
2022/07/26 21.68 21.68 20.80 21.21 819591 17996444.00
2022/07/27 21.18 22.01 21.06 21.85 1323500 29863534.00
2022/07/28 22.04 22.66 21.77 22.48 1902667 44129128.00
2022/07/29 22.51 22.71 21.96 22.14 1068688 24734658.00
2022/08/01 21.89 22.96 21.89 22.72 1703116 39846824.00
2022/08/02 22.46 22.46 20.97 21.35 1651516 37102072.00
2022/08/03 21.35 22.43 21.17 21.38 1624926 36931236.00
2022/08/04 21.39 21.86 21.18 21.67 884521 19825688.00
2022/08/05 21.42 21.87 21.19 21.58 1072511 23935340.00
2022/08/08 21.63 22.57 21.26 22.55 1666124 38389980.00
2022/08/09 22.69 22.79 22.18 22.30 851321 19760354.00
2022/08/10 22.26 23.15 22.04 23.09 2077939 49255496.00
2022/08/11 23.40 23.85 22.93 23.23 2657470 64305272.00
2022/08/12 23.06 23.79 22.82 22.95 1966668 47460440.00
2022/08/15 22.68 23.12 22.56 22.97 1080871 25642744.00
2022/08/16 22.73 23.34 22.58 22.91 1446212 34504708.00
2022/08/17 22.89 22.91 22.38 22.55 1197104 28062800.00
2022/08/18 22.46 22.88 22.26 22.62 924700 21697400.00
2022/08/19 22.64 22.94 21.60 21.65 1476348 33665180.00
2022/08/22 21.83 21.85 21.06 21.28 983776 21753542.00
2022/08/23 20.86 21.60 20.76 21.17 912726 20066158.00
2022/08/24 21.13 21.34 19.86 19.91 1141700 24202054.00
2022/08/25 19.98 20.21 19.22 19.46 771321 15667764.00
2022/08/26 19.46 20.36 19.44 19.86 1084956 22463952.00
2022/08/29 19.55 20.34 19.23 20.27 896719 18667902.00
2022/08/30 20.18 20.34 19.54 19.71 794433 16459138.00
2022/08/31 19.71 19.71 18.57 18.62 910650 17981818.00
2022/09/01 18.66 19.00 18.65 18.65 442362 8683430.00
2022/09/02 19.08 19.09 18.66 19.02 339205 6698521.00
2022/09/05 19.02 19.28 18.86 19.05 464291 9235879.00
2022/09/06 19.05 19.36 18.87 19.24 530385 10589776.00
2022/09/07 19.34 19.41 19.01 19.15 541340 10851122.00
2022/09/08 19.15 19.35 19.02 19.13 695036 13954434.00
2022/09/09 19.02 19.17 18.64 18.86 636648 12496091.00
2022/09/13 18.86 19.36 18.85 19.28 681329 13605422.00
2022/09/14 19.06 19.11 18.78 19.03 352449 6993342.50
2022/09/15 19.10 19.21 17.94 18.30 827324 15942945.00
2022/09/16 18.30 18.30 17.71 17.71 389788 7313959.00
2022/09/19 17.71 17.86 17.19 17.31 342100 6259842.50
2022/09/20 17.48 17.91 17.48 17.82 310400 5771117.00
2022/09/21 17.79 17.93 17.38 17.76 342300 6373369.00
2022/09/22 17.57 17.95 17.36 17.39 344538 6362583.50
2022/09/23 17.40 17.64 16.76 16.88 492606 8799162.00
2022/09/26 16.95 17.24 16.57 16.85 361313 6417164.50
2022/09/27 16.85 17.32 16.79 17.22 390448 7004316.50
2022/09/28 17.16 17.21 16.57 16.63 323466 5705669.50
2022/09/29 17.02 17.12 16.56 16.74 420513 7443442.00
2022/09/30 16.58 16.85 16.22 16.28 299400 5167379.00
2022/10/10 16.65 16.66 15.71 15.82 361300 6094045.00
2022/10/11 15.97 16.22 15.69 16.05 251298 4217520.00
2022/10/12 16.05 16.69 15.72 16.67 383718 6561040.00
2022/10/13 16.60 17.03 16.59 16.85 593624 10538457.00
2022/10/14 16.99 17.18 16.86 17.05 431031 7706300.50
2022/10/17 16.86 17.70 16.86 17.67 701219 12776576.00
2022/10/18 17.72 17.76 17.52 17.56 426400 7866653.00
2022/10/19 17.56 17.71 17.42 17.46 376048 6917030.00
2022/10/20 17.38 17.57 17.08 17.28 290500 5272651.00
2022/10/21 17.46 17.56 17.16 17.52 327258 5976136.00
2022/10/24 17.56 17.87 17.29 17.35 549859 10142353.00
2022/10/25 17.50 17.51 16.82 17.20 419382 7547108.50
2022/10/26 17.19 17.56 17.11 17.34 494448 8993745.00
2022/10/27 17.25 17.63 17.23 17.25 393500 7187697.00
2022/10/28 17.24 17.24 15.92 16.12 549722 9569296.00
2022/10/31 16.08 16.74 16.08 16.53 401819 6981631.50
2022/11/01 16.61 17.24 16.61 17.24 552944 9864366.00
2022/11/02 16.97 17.63 16.97 17.53 490449 9000363.00
2022/11/03 17.53 18.22 17.26 17.78 1010707 18759380.00
2022/11/04 17.66 18.73 17.57 18.23 1849981 35424088.00
2022/11/07 17.57 18.61 17.57 18.00 1231947 23361650.00
2022/11/08 18.01 18.28 17.68 17.90 692609 12971807.00
2022/11/09 17.90 18.00 17.70 17.70 459000 8565698.00
2022/11/10 17.70 17.76 17.39 17.47 499028 9177978.00
2022/11/11 18.01 18.01 17.34 17.41 570428 10521670.00
2022/11/14 17.52 17.53 17.26 17.29 476684 8691974.00
2022/11/15 17.44 17.92 17.19 17.90 666562 12359619.00
2022/11/16 17.90 18.25 17.77 18.07 740299 13988602.00
2022/11/17 18.03 18.52 17.65 18.35 935754 17879060.00
2022/11/18 18.34 18.35 17.80 17.93 751993 14259085.00
2022/11/21 17.79 18.08 17.60 18.08 452409 8462632.00
2022/11/22 18.07 18.25 17.67 17.79 460900 8681635.00
2022/11/23 17.90 17.90 17.29 17.60 418421 7694569.00
2022/11/24 17.60 18.00 17.60 17.82 323809 6027478.00
2022/11/25 17.94 17.94 17.26 17.26 456900 8359413.00
2022/11/28 17.17 17.27 16.82 17.01 387010 6892630.50
2022/11/29 16.92 17.41 16.92 17.35 408882 7396274.00
2022/11/30 17.50 17.66 17.26 17.38 443100 8104445.00
2022/12/01 17.70 17.85 17.41 17.59 554312 10269862.00
2022/12/02 17.54 17.76 17.53 17.74 434962 8057100.00
2022/12/05 17.76 17.94 17.71 17.86 436600 8149672.00
2022/12/06 18.13 18.13 17.61 17.74 428200 7971728.00
2022/12/07 17.81 17.83 17.54 17.54 354100 6541698.00
2022/12/08 17.69 17.69 17.38 17.53 272510 4996764.50
2022/12/09 17.62 17.74 17.31 17.43 424221 7763134.50
2022/12/12 17.41 17.55 17.10 17.44 431021 7806305.00
2022/12/13 17.49 19.07 17.49 18.80 3327223 63764452.00
2022/12/14 18.95 18.95 18.04 18.38 1959754 37650096.00
2022/12/15 18.26 18.96 18.09 18.72 1934913 37542288.00
2022/12/16 18.61 18.61 17.86 18.20 1420752 26986124.00
2022/12/19 18.17 18.19 17.62 17.71 736809 13742966.00
2022/12/20 17.69 18.28 17.47 17.95 897895 16876944.00
2022/12/21 17.78 17.80 17.01 17.01 903845 16438325.00
2022/12/22 17.19 17.26 16.19 16.30 805112 13969355.00
2022/12/23 16.04 16.36 15.92 16.18 405345 6876982.00
2022/12/26 16.16 16.55 15.98 16.50 381036 6564869.00
2022/12/27 16.51 16.74 16.06 16.41 603761 10313659.00
2022/12/28 16.43 16.48 15.94 15.98 450121 7624260.50
2022/12/29 16.09 16.42 15.99 16.04 348921 5929492.50
2022/12/30 16.12 16.25 15.76 15.85 489500 8191542.00
2023/01/03 15.76 16.34 15.75 16.30 427175 7257610.00
2023/01/04 16.35 16.44 16.15 16.25 368175 6302638.00
2023/01/05 16.25 16.53 16.16 16.47 562307 9675085.00
2023/01/06 16.47 16.74 16.34 16.60 558733 9721567.00
2023/01/09 16.61 16.84 16.50 16.64 430926 7546724.00
2023/01/10 16.58 16.67 16.41 16.51 309857 5371327.00
2023/01/11 16.55 16.55 16.19 16.26 394900 6792172.00
2023/01/12 16.30 16.59 16.30 16.46 337774 5857229.00
2023/01/13 16.50 16.58 16.36 16.56 327900 5680488.50
2023/01/16 16.56 16.82 16.56 16.79 368500 6473158.00
2023/01/17 16.79 16.85 16.64 16.65 273258 4800075.50
2023/01/18 16.65 16.78 16.60 16.76 353100 6190086.00
2023/01/19 16.85 17.04 16.72 16.94 385358 6845337.00
2023/01/20 16.91 17.11 16.91 17.05 337984 6042186.50
2023/01/30 17.14 17.76 17.14 17.61 774718 14270029.00
2023/01/31 17.46 17.85 17.39 17.81 594400 11044271.00
2023/02/01 17.84 17.96 17.66 17.91 596142 11138702.00
2023/02/02 18.06 18.06 17.73 17.78 539921 10074610.00
2023/02/03 17.75 18.03 17.51 17.75 471121 8725801.00
2023/02/06 17.84 17.84 17.45 17.74 370900 6890062.00
2023/02/07 17.72 18.40 17.71 18.21 969395 18354880.00
2023/02/08 18.22 18.34 18.06 18.23 604264 11511365.00
2023/02/09 18.21 18.45 18.18 18.35 623769 11955688.00
2023/02/10 18.30 18.58 18.22 18.45 629340 12122788.00
2023/02/13 18.61 20.36 18.27 19.46 3560295 72291072.00
2023/02/14 19.30 21.53 18.93 20.89 5001772 104433424.00
2023/02/15 20.56 20.86 20.16 20.26 3292860 70207344.00
2023/02/16 20.56 20.57 19.19 19.41 2406709 49903012.00
2023/02/17 19.45 19.80 19.28 19.37 1334872 27180780.00
2023/02/20 19.35 19.94 19.04 19.63 1405853 28650788.00
2023/02/21 19.73 19.73 19.11 19.26 1164647 23526418.00
2023/02/22 19.16 19.67 19.16 19.35 679578 13757431.00
2023/02/23 19.35 19.64 19.19 19.30 900890 18230906.00
2023/02/24 19.28 19.54 18.99 19.11 697631 13943585.00
2023/02/27 19.11 19.18 18.66 18.74 538407 10597977.00
2023/02/28 18.87 18.90 18.57 18.80 450853 8823331.00
2023/03/01 18.85 19.31 18.69 19.05 645900 12761878.00
2023/03/02 19.10 19.29 18.61 18.66 700802 13770389.00
2023/03/03 18.66 19.55 18.49 19.54 1607191 32048250.00
2023/03/06 19.55 20.63 19.35 20.16 2976248 62336872.00
2023/03/07 19.93 20.05 19.17 19.21 2031487 41501012.00
2023/03/08 18.86 19.10 18.78 18.92 896817 17700076.00
2023/03/09 18.83 19.04 18.66 18.86 699181 13742473.00
2023/03/10 18.86 19.13 18.66 18.68 851531 16764098.00
2023/03/13 18.66 18.72 18.02 18.15 918460 17517474.00
2023/03/14 18.16 18.26 17.51 17.74 712240 13279927.00
2023/03/15 17.81 18.21 17.81 17.94 423701 8000462.00
2023/03/16 17.86 17.95 17.49 17.49 491601 9091425.00
2023/03/17 17.65 17.80 17.56 17.59 366421 6788575.50
2023/03/20 17.56 17.80 17.17 17.73 445261 8175787.00
2023/03/21 17.73 18.10 17.67 18.04 364200 6840850.00
2023/03/22 18.10 18.45 17.98 18.16 416700 7932731.00
2023/03/23 18.01 18.35 17.98 18.15 452121 8590365.00
2023/03/24 18.25 18.34 18.09 18.27 504414 9622184.00
2023/03/27 18.23 18.69 18.23 18.66 856043 16573850.00
2023/03/28 18.73 19.14 18.58 19.07 1109902 21954460.00
2023/03/29 18.82 20.04 18.82 19.60 2208441 45001284.00
2023/03/30 19.54 20.14 18.98 19.33 1982801 40213664.00
2023/03/31 19.30 20.93 19.26 20.11 2967668 62551116.00
2023/04/03 19.69 19.92 19.31 19.76 2415652 49295548.00
2023/04/04 19.64 19.71 19.10 19.22 1419821 28618004.00
2023/04/06 19.14 19.29 18.95 19.16 1024800 20447128.00
2023/04/07 19.13 19.58 19.11 19.51 1004900 20321592.00
2023/04/10 19.37 19.86 19.15 19.43 910200 18483748.00
2023/04/11 19.29 19.35 18.96 19.12 774321 15465767.00
2023/04/12 19.35 19.50 19.04 19.08 525900 10521096.00
2023/04/13 19.12 20.07 19.12 19.97 2632733 54333148.00
2023/04/14 19.95 19.95 19.52 19.82 1453519 29850130.00
2023/04/17 19.78 19.92 19.23 19.44 1201948 24391532.00
2023/04/18 19.37 19.44 18.86 18.91 1092232 21703174.00
2023/04/19 19.35 19.35 18.82 18.93 749648 14881639.00
2023/04/20 18.80 18.95 18.26 18.28 1056700 20346626.00
2023/04/21 18.40 18.52 17.81 17.82 868300 16518179.00
2023/04/24 17.61 17.95 17.41 17.86 544752 10106815.00
2023/04/25 17.72 17.72 16.91 17.26 736585 13294750.00
2023/04/26 17.17 17.68 17.13 17.57 548700 10055459.00
2023/04/27 17.41 17.82 17.40 17.58 507422 9367483.00
2023/04/28 17.43 17.93 17.43 17.89 535353 9975737.00
2023/05/04 17.89 18.45 17.86 18.41 646240 12341205.00
2023/05/05 18.28 18.42 18.05 18.23 435055 8276376.00
2023/05/08 18.44 18.44 17.82 18.09 538200 10185829.00
2023/05/09 18.11 18.40 17.78 17.79 472388 8886080.00
2023/05/10 17.66 19.05 17.66 18.85 1234894 24014836.00
2023/05/11 18.94 18.96 18.66 18.71 653840 12796286.00
2023/05/12 19.12 20.25 18.98 19.24 2082950 42187888.00
2023/05/15 19.02 19.94 18.89 19.71 2342927 47541700.00
2023/05/16 19.55 19.55 19.21 19.34 1357788 27387284.00
2023/05/17 19.34 19.95 19.23 19.75 1406979 28791934.00
2023/05/18 19.82 20.08 19.46 19.85 1396845 28892978.00
2023/05/19 19.72 20.25 19.63 20.08 1489840 31086810.00
2023/05/22 20.00 20.21 19.79 20.12 1005616 20994116.00
2023/05/23 20.13 20.22 19.84 19.85 1127921 23479920.00
2023/05/24 19.96 20.04 19.69 19.74 993600 20567428.00
2023/05/25 19.64 19.97 19.52 19.73 728005 14980124.00
2023/05/26 19.86 20.10 19.42 19.97 954621 19681128.00
2023/05/29 19.88 20.10 19.36 19.48 759500 15477732.00
2023/05/30 19.56 19.70 19.30 19.61 561088 11430559.00
2023/05/31 19.59 19.73 19.24 19.33 618700 12532716.00
2023/06/01 19.39 19.58 19.08 19.25 772500 15578765.00
2023/06/02 19.18 19.86 19.18 19.77 1060171 21766118.00
2023/06/05 19.67 19.97 19.53 19.63 799300 16387843.00
2023/06/06 19.47 19.54 18.91 18.92 772421 15397249.00
2023/06/07 19.14 19.14 18.77 18.86 536500 10600960.00
2023/06/08 19.01 19.21 18.69 18.69 519015 10229872.00
2023/06/09 18.80 19.35 18.68 19.28 860534 17168232.00
2023/06/12 19.16 20.84 19.16 20.77 3089437 65253308.00
2023/06/13 20.85 21.03 20.40 20.69 2670039 57434380.00
2023/06/14 20.74 20.96 20.23 20.30 1334100 28349240.00
2023/06/15 20.44 21.13 20.10 20.42 1726710 36675808.00
2023/06/16 20.44 20.94 20.44 20.46 1181370 25076820.00
2023/06/19 20.41 21.06 20.41 20.74 1356326 28957792.00
2023/06/20 20.71 21.12 20.36 20.61 1091154 23131010.00
2023/06/21 20.62 21.09 20.35 20.77 1622207 34650300.00
2023/06/26 20.69 21.48 20.53 20.84 2963800 64172824.00
2023/06/27 20.62 21.83 20.35 21.54 7002503 154655360.00
2023/06/28 20.99 20.99 18.34 19.85 5612447 113512056.00
2023/06/29 20.01 22.69 19.98 21.39 6948398 153917808.00
2023/06/30 20.72 22.55 20.72 21.95 7701836 173275168.00
2023/07/03 21.64 22.33 21.26 21.47 4779417 106552872.00
2023/07/04 20.55 21.46 20.25 21.29 4427607 96060248.00
2023/07/05 21.19 23.09 20.67 22.80 10334380 237317536.00
2023/07/06 22.26 22.27 21.53 21.73 6423054 145008800.00
2023/07/07 21.56 22.84 21.47 22.30 6137151 140531440.00
2023/07/10 22.14 24.19 21.86 23.67 9772972 235946224.00
2023/07/11 23.22 26.00 22.96 25.45 11797466 296522784.00
2023/07/12 24.54 25.20 23.78 24.14 9316029 234153584.00
2023/07/13 23.74 24.07 22.95 23.41 6499240 155950272.00
2023/07/14 23.29 23.46 22.16 22.24 5787329 135380960.00
2023/07/17 21.92 22.11 21.42 21.54 3151070 70263960.00
2023/07/18 21.54 21.79 21.22 21.67 2495325 55550844.00
2023/07/19 21.32 21.53 20.49 20.66 3976913 85349792.00
2023/07/20 20.87 20.90 20.39 20.52 1927812 41046600.00
2023/07/21 20.61 20.61 19.74 19.81 2535194 52471056.00
2023/07/24 19.84 20.04 19.56 19.99 1183007 24329406.00
2023/07/25 20.08 21.22 19.99 20.96 3375900 72082192.00
2023/07/26 20.96 21.08 20.47 20.53 1907900 40734312.00
2023/07/27 20.83 21.13 20.54 20.58 2047400 44041436.00
2023/07/28 20.52 20.77 19.95 20.19 1971687 41203720.00
2023/07/31 20.42 20.51 20.12 20.21 1487948 31150454.00
2023/08/01 20.22 20.22 19.82 19.97 1134222 23388322.00
2023/08/02 19.98 20.68 19.83 20.33 1553400 32521408.00
2023/08/03 19.99 20.27 19.80 19.86 1258596 25944402.00
2023/08/04 19.77 20.18 19.77 20.09 1109655 22944154.00
2023/08/07 20.06 20.09 19.75 19.87 882000 18129296.00
2023/08/08 19.93 20.57 19.85 20.52 2181517 45628788.00
2023/08/09 20.38 21.00 20.02 20.08 2173900 45716208.00
2023/08/10 20.06 20.33 19.96 20.02 824133 17123546.00
2023/08/11 20.06 20.09 19.52 19.56 1286676 26290546.00
2023/08/14 19.32 19.63 19.14 19.62 970042 19423374.00
2023/08/15 19.82 19.92 19.36 19.47 724500 14659025.00
2023/08/16 19.50 19.59 19.09 19.12 684029 13662013.00
2023/08/17 19.17 19.98 19.00 19.93 1319500 26754040.00
2023/08/18 20.01 20.26 19.68 19.91 1087635 22568826.00
2023/08/21 20.15 20.15 19.64 19.65 814865 16713196.00
2023/08/22 19.69 20.03 19.44 19.92 982259 20030656.00
2023/08/23 19.94 19.94 19.35 19.54 957948 19362552.00
2023/08/24 19.48 19.64 18.88 18.88 1269848 25098146.00
2023/08/25 18.87 18.87 18.05 18.21 1493521 28426318.00
2023/08/28 19.24 19.46 18.09 18.14 1488000 28725884.00
2023/08/29 18.31 19.49 18.27 19.47 2214147 43819836.00
2023/08/30 19.34 19.96 19.32 19.92 1473121 30151912.00
2023/08/31 19.97 20.10 19.69 19.83 923314 18904266.00
2023/09/01 19.97 20.09 19.67 20.06 1062100 21892802.00
2023/09/04 20.16 20.28 19.87 20.04 715448 14775730.00
2023/09/05 20.19 20.21 19.90 20.03 675608 13987107.00
2023/09/06 19.94 20.32 19.93 20.27 816192 17002904.00
2023/09/07 20.33 20.41 19.94 19.99 885200 18422916.00
2023/09/08 19.87 20.56 19.87 20.29 1654394 34636044.00
2023/09/11 20.54 20.63 20.10 20.43 1227035 25851750.00
2023/09/12 20.48 20.62 20.28 20.47 765700 16140170.00
2023/09/13 20.49 20.51 19.95 20.09 762000 15868502.00
2023/09/14 20.09 20.12 19.78 19.93 752087 15504636.00
2023/09/15 19.95 20.14 19.61 19.64 621700 12694872.00
2023/09/18 19.69 20.46 19.46 20.13 1028200 21374774.00
2023/09/19 20.13 20.13 19.49 19.55 676293 13770400.00
2023/09/20 19.56 20.02 19.31 19.34 560215 11314446.00
2023/09/21 19.56 19.56 18.96 19.00 577692 11469707.00
2023/09/22 19.00 19.65 18.92 19.65 773292 15493170.00
2023/09/25 19.70 19.82 19.34 19.58 680177 13750835.00
2023/09/26 19.58 19.64 19.20 19.33 456833 9181737.00
2023/09/27 19.61 19.79 19.25 19.31 984600 19877868.00
2023/09/28 19.33 19.81 19.33 19.62 646848 13122745.00
2023/10/09 19.71 20.14 19.62 19.85 908600 18623624.00
2023/10/10 19.95 20.18 19.71 19.78 691800 14214186.00
2023/10/11 19.80 19.88 19.52 19.69 659100 13430945.00
2023/10/12 19.84 20.14 19.70 20.06 1121317 23110664.00
2023/10/13 20.06 20.14 19.66 19.69 713700 14648886.00
2023/10/16 20.09 20.09 19.44 19.58 879210 17846854.00
2023/10/17 19.82 19.89 19.26 19.38 842100 16929296.00
2023/10/18 19.30 19.38 18.94 18.97 610427 12053269.00
2023/10/19 18.83 18.99 18.51 18.56 1015600 19687392.00
2023/10/20 18.57 18.99 18.31 18.41 860500 16547213.00
2023/10/23 18.40 18.72 17.94 18.03 1080286 20421062.00
2023/10/24 17.99 18.82 17.99 18.73 836169 16051731.00
2023/10/25 18.74 19.44 18.72 19.34 912117 18151692.00
2023/10/26 19.34 19.53 18.98 19.52 742417 14782476.00
2023/10/27 19.50 19.64 19.31 19.44 851400 17112084.00
2023/10/30 19.63 19.63 19.20 19.46 1062434 21278066.00
2023/10/31 19.55 19.55 19.28 19.40 564646 11311238.00
2023/11/01 19.54 19.63 19.25 19.61 730892 14752166.00
2023/11/02 19.64 19.69 19.29 19.32 541900 10888506.00
2023/11/03 19.42 19.74 19.33 19.57 665341 13467089.00
2023/11/06 19.65 20.00 19.60 19.98 876797 18008216.00
2023/11/07 20.30 20.33 19.95 20.19 861541 17933076.00
2023/11/08 20.10 20.29 19.92 20.03 857800 17795032.00
2023/11/09 20.13 21.83 19.92 21.24 6451700 139492016.00
2023/11/10 20.74 21.71 20.46 21.31 6811625 147426592.00
2023/11/13 21.33 21.46 20.85 21.16 4224434 91824520.00
2023/11/14 21.23 21.23 20.72 21.02 2730958 59010824.00
2023/11/15 21.24 21.43 20.81 21.20 3021518 65783776.00
2023/11/16 21.07 21.40 20.84 20.88 1854930 40241592.00
2023/11/17 20.78 21.66 20.78 21.65 4226044 93424744.00
2023/11/20 21.64 21.64 21.15 21.32 2328429 51092180.00
2023/11/21 21.33 21.43 21.04 21.21 1764606 38548112.00
2023/11/22 21.20 21.52 20.86 20.88 1444413 31411620.00
2023/11/23 20.84 21.25 20.76 21.12 1608528 35019600.00
2023/11/24 21.22 21.22 20.59 20.69 1484900 31776032.00
2023/11/27 21.35 21.39 20.76 21.20 2230911 48642272.00
2023/11/28 21.34 22.02 20.94 21.94 3775060 84427064.00
2023/11/29 22.64 23.80 22.17 22.25 7363808 172714848.00
2023/11/30 21.87 22.13 21.11 21.57 4334821 96460512.00
2023/12/01 21.55 21.55 20.93 21.19 2417800 52610368.00
2023/12/04 21.15 21.40 21.01 21.20 1731101 37833708.00
2023/12/05 21.06 21.89 21.06 21.24 3127645 69146360.00
2023/12/06 21.11 21.63 20.95 21.18 1676951 36755620.00
2023/12/07 21.28 21.28 20.50 20.56 2492789 53258988.00
2023/12/08 20.70 21.01 20.51 20.51 2033000 43468416.00
2023/12/11 20.51 20.80 20.25 20.59 1181900 25088320.00
2023/12/12 20.68 20.82 20.45 20.72 977600 20831658.00
2023/12/13 20.66 21.07 20.48 20.81 1025130 21963450.00
2023/12/14 21.07 21.11 20.64 20.66 1025400 21923186.00
2023/12/15 20.79 20.83 20.49 20.60 678575 14470824.00
2023/12/18 20.61 20.86 20.34 20.43 806501 17148234.00
2023/12/19 20.47 20.60 20.18 20.44 862219 18111098.00
2023/12/20 20.81 20.92 20.39 20.44 693927 14763840.00
2023/12/21 20.72 20.72 19.80 20.27 939200 19529948.00
2023/12/22 20.49 20.49 20.05 20.19 791889 16526098.00
2023/12/25 20.14 20.29 20.01 20.20 1162100 24172132.00
2023/12/26 20.20 20.22 19.68 19.74 846436 17340608.00
2023/12/27 19.75 20.12 19.66 19.87 602027 12349447.00
2023/12/28 19.90 20.61 19.79 20.54 872400 18316324.00
2023/12/29 20.55 21.09 20.46 21.07 891499 19218690.00
2024/01/02 21.32 21.32 21.06 21.24 911996 19962504.00
2024/01/03 21.55 21.55 20.82 20.98 609921 13196662.00
2024/01/04 20.88 21.18 20.64 20.83 485890 10430877.00
2024/01/05 20.88 21.34 20.48 20.54 1692600 36537972.00
2024/01/08 20.30 20.69 19.94 19.99 667907 13967899.00
2024/01/09 19.97 20.49 19.81 19.93 919743 19101428.00
2024/01/10 19.90 20.10 19.37 19.57 867604 17654386.00
2024/01/11 19.81 20.03 19.47 19.77 1236400 25151752.00
2024/01/12 19.77 20.10 19.63 19.74 924900 18971452.00
2024/01/15 19.81 19.81 19.22 19.62 895780 18107184.00
2024/01/16 19.65 19.72 19.11 19.33 911200 18251886.00
2024/01/17 19.32 19.45 18.78 18.78 879500 17425180.00
2024/01/18 18.58 18.97 17.99 18.62 1070848 20362668.00
2024/01/19 18.81 18.81 18.14 18.26 738942 14058811.00
2024/01/22 17.84 18.51 16.80 17.01 1022500 18719266.00
2024/01/23 16.63 17.03 16.37 16.50 1454621 25024788.00
2024/01/24 16.58 17.05 16.04 16.66 1206121 20739624.00
2024/01/25 16.73 17.59 16.56 17.51 985192 17576742.00
2024/01/26 17.51 17.94 17.50 17.63 926000 17024070.00
2024/01/29 17.69 17.88 17.00 17.00 738500 13217752.00
2024/01/30 16.71 17.02 16.24 16.31 826000 14262355.00
2024/01/31 16.34 16.34 15.06 15.15 1158400 18730490.00
2024/02/01 15.14 15.15 14.35 14.78 1215600 18702722.00
2024/02/02 14.80 15.01 13.19 13.67 1413000 20776728.00
2024/02/05 13.52 13.64 11.14 11.37 2279911 28628560.00
2024/02/06 11.37 12.35 10.43 11.69 2926798 34704624.00
2024/02/07 11.77 11.79 10.69 10.89 2633378 31255404.00
2024/02/08 10.89 12.43 10.44 12.39 2437579 29795680.00
2024/02/19 12.66 13.33 12.66 13.09 1911547 26112858.00
2024/02/20 13.09 13.31 12.66 13.17 1308954 17935426.00
2024/02/21 12.96 14.11 12.96 13.70 1697600 24436334.00
2024/02/22 13.66 14.12 13.46 14.08 1253571 18202640.00
2024/02/23 14.10 15.24 14.10 15.12 1889721 28909078.00
2024/02/26 15.08 15.75 15.00 15.15 2091783 33464448.00
2024/02/27 15.16 15.99 15.14 15.98 1961751 32153608.00
2024/02/28 16.14 16.69 14.27 14.31 3591051 58174320.00
2024/02/29 13.95 17.30 13.95 17.30 3194567 51980284.00
2024/03/01 20.89 20.89 20.15 20.89 7953201 171200240.00
2024/03/04 19.04 22.77 17.98 21.13 14977452 299426496.00
2024/03/05 19.15 20.31 18.88 18.88 10121346 203744688.00
2024/03/06 18.72 20.00 18.71 18.86 7557507 150889872.00
2024/03/07 18.45 19.26 17.74 17.77 6698772 128223088.00
2024/03/08 17.71 18.05 17.11 17.96 4776178 87256816.00
2024/03/11 17.83 18.71 17.52 18.21 4684710 87794328.00
2024/03/12 18.18 18.44 17.83 18.19 3444539 64594092.00
2024/03/13 18.33 18.91 17.89 18.75 5767135 110881200.00
2024/03/14 18.41 18.44 17.42 17.70 4132640 77017736.00
2024/03/15 17.74 18.31 17.45 18.31 3124725 58078968.00
2024/03/18 18.64 18.83 18.38 18.72 4576325 88294664.00
2024/03/19 18.58 19.19 18.53 18.62 4341103 84401416.00
2024/03/20 18.69 19.11 18.49 18.74 3363696 65300440.00
2024/03/21 18.89 20.84 18.67 20.51 8530857 172862816.00
2024/03/22 19.85 22.00 19.43 20.16 9017197 190249328.00
2024/03/25 19.64 19.75 18.42 18.43 5243463 103872608.00
2024/03/26 18.31 18.74 17.64 18.02 3781620 70802288.00
2024/03/27 17.92 18.08 16.90 16.94 3163333 57043516.00
2024/03/28 17.22 18.18 17.13 17.85 3071400 56581344.00
2024/03/29 17.99 18.89 17.89 18.89 3684288 70748704.00
2024/04/01 18.58 19.09 18.58 18.96 2974724 58136460.00
2024/04/02 18.95 19.42 18.95 19.06 2690297 53346956.00
2024/04/03 19.09 19.66 18.55 19.24 3251034 64487480.00
2024/04/08 19.07 19.13 17.92 17.95 3136015 59644672.00
2024/04/09 18.07 18.34 17.79 18.14 1827631 34203208.00
2024/04/10 18.33 18.40 17.18 17.46 1993104 36404364.00
2024/04/11 17.46 18.85 17.14 18.63 3543800 66993536.00
2024/04/12 18.37 18.42 17.26 17.54 2977900 54747512.00
2024/04/15 17.34 17.74 15.97 16.35 2802600 48291620.00
2024/04/16 16.11 16.33 14.14 14.66 2829602 44310616.00
2024/04/17 15.36 16.77 15.18 16.77 2838800 48085740.00
2024/04/18 16.74 16.79 15.99 16.04 2509100 42527976.00
2024/04/19 16.04 16.33 15.75 16.16 1590626 26683808.00
2024/04/22 16.35 16.35 15.39 16.00 1340300 22130926.00
2024/04/23 15.91 16.43 15.90 16.28 1321634 22345332.00
2024/04/24 16.28 16.82 16.28 16.79 1342455 23203908.00
2024/04/25 17.05 17.26 16.66 17.00 1791997 31700476.00
2024/04/26 16.87 17.18 16.50 17.16 2232144 39388088.00
2024/04/29 17.42 17.74 17.27 17.72 1953292 35615512.00
2024/04/30 17.74 17.76 17.18 17.29 1653877 29856378.00
2024/05/06 17.33 17.88 17.33 17.84 1535900 28227882.00
2024/05/07 17.94 18.79 17.58 18.46 3017700 57063216.00
2024/05/08 18.22 18.98 17.66 17.87 3593100 67527064.00
2024/05/09 17.71 18.10 17.48 17.76 2276217 42146936.00
2024/05/10 17.79 17.79 17.25 17.28 1936000 34948600.00
2024/05/13 17.29 17.29 16.51 16.63 1682300 29405840.00
2024/05/14 16.95 17.20 16.80 17.06 1280600 22682164.00
2024/05/15 17.04 17.28 16.76 16.81 1120837 19814850.00
2024/05/16 16.97 17.27 16.92 17.11 1047237 18607972.00
2024/05/17 17.22 17.36 16.94 17.35 1042100 18585932.00
2024/05/20 17.52 17.52 17.22 17.26 745700 13394662.00
2024/05/21 17.25 17.28 16.96 17.04 937100 16645017.00
2024/05/22 17.30 17.39 16.75 17.35 1061400 19013328.00
2024/05/23 17.37 17.43 16.83 16.86 1178800 20826238.00
2024/05/24 16.83 16.97 16.58 16.66 843000 14654724.00
2024/05/27 16.60 16.85 16.27 16.76 866700 14847048.00
2024/05/28 16.74 16.80 16.43 16.52 745246 12877550.00
2024/05/29 16.48 17.09 16.48 16.94 1022446 17670156.00
2024/05/30 16.94 17.66 16.82 16.93 1904600 33678748.00
2024/05/31 17.09 17.24 16.82 17.09 1151300 20157068.00
2024/06/03 17.23 17.70 16.82 16.96 1829400 32329160.00
2024/06/04 16.76 17.02 16.04 16.23 1711000 28553120.00
2024/06/05 16.22 16.25 15.74 15.74 1022100 16729102.00
2024/06/06 15.73 15.89 14.54 14.80 1625394 25089834.00
2024/06/07 14.77 15.49 14.77 15.44 1349400 21297292.00
2024/06/11 15.44 15.52 14.90 15.49 1209700 18989804.00
2024/06/12 15.64 16.03 15.51 15.95 1129763 18472588.00
2024/06/13 15.97 16.14 15.69 15.96 980221 16059199.00
2024/06/14 15.96 16.04 15.64 15.87 662100 10776765.00
2024/06/17 15.87 16.21 15.77 15.85 1060600 17432942.00
2024/06/18 15.85 16.29 15.76 16.26 906900 15033109.00
2024/06/19 16.27 16.42 16.11 16.19 1140215 19042554.00
2024/06/20 16.18 16.31 15.78 15.78 915694 15076366.00
2024/06/21 15.78 15.78 15.23 15.53 773900 12337953.00
2024/06/24 15.45 15.46 14.62 14.66 1141000 17562496.00
2024/06/25 14.65 15.07 14.61 14.77 780513 11928342.00
2024/06/26 14.84 15.52 14.52 15.50 912496 14191006.00
2024/06/27 15.40 15.73 15.24 15.27 762896 12177827.00
2024/06/28 15.27 15.60 15.25 15.36 883096 14046204.00
2024/07/01 15.29 15.42 14.84 15.33 975000 15165826.00
2024/07/02 15.31 16.34 15.24 16.02 2174090 35330016.00
2024/07/03 15.72 19.32 15.57 19.32 8607544 160686864.00
2024/07/04 17.90 20.64 17.90 19.47 13184774 258879328.00
2024/07/05 18.18 19.47 17.65 18.71 8796958 167073728.00
2024/07/08 17.92 20.37 17.84 19.33 10044806 199055712.00
2024/07/09 18.57 23.25 18.20 21.60 15619323 331435968.00
2024/07/10 20.54 20.96 19.84 20.01 10573221 219395344.00
2024/07/11 20.09 20.46 19.63 20.42 8393493 172603136.00
2024/07/12 19.91 19.92 19.16 19.23 6952249 138146096.00
2024/07/15 18.83 19.41 18.41 18.55 5934919 114154128.00
2024/07/16 18.49 18.71 18.22 18.64 4365845 82726184.00
2024/07/17 18.36 18.39 17.25 17.28 6429576 116470464.00
2024/07/18 17.09 17.10 16.34 16.75 4187400 71602888.00
2024/07/19 16.70 16.94 16.59 16.73 2675200 46140008.00
2024/07/22 16.75 16.89 16.55 16.84 2371300 40856272.00
2024/07/23 16.89 16.91 16.29 16.29 2274083 38697200.00
2024/07/24 16.21 16.46 15.99 16.12 1932500 32112138.00
2024/07/25 15.94 16.43 15.70 16.17 1711800 28517096.00
2024/07/26 16.17 16.51 16.17 16.49 2004490 33774120.00
2024/07/29 16.52 16.58 16.30 16.47 1354000 22857356.00
2024/07/30 16.46 16.60 16.10 16.44 1539100 25949824.00
2024/07/31 16.45 16.91 16.43 16.89 2762984 47533588.00
2024/08/01 16.79 17.12 16.75 16.84 2121692 36806644.00
2024/08/02 16.63 16.82 16.29 16.30 1805100 30696844.00
2024/08/05 16.18 16.34 15.53 15.53 2082984 34076596.00
2024/08/06 15.72 15.92 15.60 15.91 1472174 23927596.00
2024/08/07 15.91 16.27 15.84 16.10 1490200 24675092.00
2024/08/08 16.10 16.10 15.47 15.69 1322844 21374108.00
2024/08/09 15.94 16.11 15.69 15.73 931600 15171652.00
2024/08/12 15.30 16.04 15.30 15.73 1388400 22538424.00
2024/08/13 15.74 16.05 15.54 16.05 1334300 21729500.00
2024/08/14 16.05 16.15 15.85 15.92 986000 16214346.00
2024/08/15 15.85 16.10 15.62 16.07 1155700 18940756.00
2024/08/16 16.24 16.27 15.97 16.10 1019800 16890038.00
2024/08/19 16.12 16.21 15.72 15.73 1281100 20977804.00
2024/08/20 15.75 15.82 15.39 15.52 1107100 17727982.00
2024/08/21 15.54 15.80 15.54 15.66 862300 13919215.00
2024/08/22 15.64 15.74 15.24 15.24 978000 15545661.00
2024/08/23 15.24 15.40 15.02 15.32 1080400 16940674.00
2024/08/26 15.24 15.66 15.19 15.58 851201 13592107.00
2024/08/27 15.58 15.58 15.15 15.22 896100 14133745.00
2024/08/28 15.20 15.67 15.12 15.48 1094200 17399710.00
2024/08/29 15.49 15.84 15.27 15.80 1173600 18877524.00
2024/08/30 15.90 16.26 15.70 16.04 2142800 35416224.00
2024/09/02 16.02 16.33 15.92 15.94 1893200 31435812.00
2024/09/03 15.93 16.22 15.87 16.01 1166500 19213296.00
2024/09/04 15.92 18.42 15.64 17.26 6297280 110358112.00
2024/09/05 17.22 17.26 16.49 16.76 5559550 95488168.00
2024/09/06 16.64 16.72 16.22 16.30 2751901 46451216.00
2024/09/09 16.32 16.72 16.20 16.43 2578247 43570332.00
2024/09/10 16.28 16.61 16.04 16.45 1927584 32286714.00
2024/09/11 16.25 16.40 16.10 16.28 1381000 23059820.00
2024/09/12 16.28 16.38 15.80 15.80 2139800 35371832.00
2024/09/13 15.93 15.94 15.48 15.48 1603300 25798584.00
2024/09/18 15.48 15.68 15.03 15.46 1469000 23162528.00
2024/09/19 15.47 15.85 15.40 15.67 1325538 21397936.00
2024/09/20 15.71 15.83 15.56 15.70 856500 13827209.00
2024/09/23 15.68 15.79 15.48 15.70 699200 11298196.00
2024/09/24 15.77 16.13 15.62 16.08 1902738 31225142.00
2024/09/25 16.23 16.51 16.06 16.14 2740170 45888700.00
2024/09/26 16.14 16.55 16.10 16.54 2138452 35998232.00
2024/09/27 16.81 17.69 16.60 17.55 4724845 82827240.00
2024/09/30 18.24 20.48 17.71 20.04 7180279 137717504.00
2024/10/08 23.69 23.69 20.11 21.96 8213112 180551632.00
2024/10/09 21.11 21.11 18.99 19.23 5321800 108571128.00
2024/10/10 19.55 20.12 19.01 19.39 3348058 66577064.00
2024/10/11 19.39 19.43 18.29 18.61 2692800 51481544.00
2024/10/14 18.83 19.40 18.46 19.37 2327765 45024340.00
2024/10/15 19.19 19.68 18.89 18.89 2062500 40412564.00
2024/10/16 18.59 19.42 18.54 18.95 1716501 33235512.00
2024/10/17 19.15 19.36 18.65 18.77 1799460 34831344.00
2024/10/18 18.69 19.79 18.60 19.52 2660262 52189136.00
2024/10/21 19.52 20.55 19.30 20.15 3883300 78973704.00
2024/10/22 20.29 20.32 19.75 20.01 2384000 48572556.00
2024/10/23 20.00 20.42 19.80 20.05 2522665 51554180.00
2024/10/24 20.06 20.38 19.59 19.60 2186900 44027560.00
2024/10/25 19.75 20.53 19.67 20.47 3788296 77884048.00
2024/10/28 20.46 20.57 20.09 20.55 2222800 45915728.00
2024/10/29 20.63 20.89 19.83 19.83 2466900 50519244.00
2024/10/30 19.83 20.10 19.47 19.69 1937400 38860564.00
2024/10/31 19.58 20.02 19.58 19.84 1768648 35609240.00
2024/11/01 19.74 19.86 18.78 18.80 2468294 48022364.00
2024/11/04 18.80 19.49 18.72 19.38 1553400 30445484.00
2024/11/05 19.46 20.27 19.46 20.08 2127100 43069924.00
2024/11/06 20.25 20.38 19.85 19.95 2383800 48709808.00
2024/11/07 19.95 20.57 19.94 20.57 2582100 53379248.00
2024/11/08 20.80 21.09 20.19 20.44 3196700 66524544.00
2024/11/11 20.20 21.06 20.20 21.05 2443000 51512420.00
2024/11/12 21.11 21.54 20.68 21.01 3561200 76434848.00
2024/11/13 21.00 21.15 20.37 21.07 2493700 52720656.00
2024/11/14 21.09 21.19 20.21 20.28 1851213 38747468.00
2024/11/15 20.22 20.54 19.70 19.82 1705900 34896032.00
2024/11/18 19.83 20.02 19.13 19.36 1692300 33576312.00
2024/11/19 19.57 20.14 19.42 20.12 1436700 28783384.00
2024/11/20 20.03 20.37 19.97 20.16 1449720 29714542.00
2024/11/21 20.22 20.61 19.95 20.36 1830673 37709512.00
2024/11/22 20.34 20.45 19.09 19.17 2282600 45900752.00
2024/11/25 19.14 19.59 19.11 19.59 1487500 29252352.00
2024/11/26 19.69 19.74 19.05 19.08 1269600 24901384.00
2024/11/27 18.85 19.35 18.31 19.32 1607200 30753622.00
2024/11/28 19.29 19.48 19.10 19.15 1078800 21151152.00
2024/11/29 19.14 19.65 18.97 19.53 1426500 28094768.00
2024/12/02 19.60 20.11 19.57 20.09 1948000 39276140.00
2024/12/03 20.05 20.36 19.94 20.21 1886748 38681708.00
2024/12/04 20.34 21.07 20.00 20.16 2697000 56045492.00
2024/12/05 19.99 20.53 19.97 20.36 1889000 38906996.00
2024/12/06 20.36 20.50 19.86 20.35 1965200 40290268.00
2024/12/09 20.35 21.01 20.27 20.58 2303500 48138136.00
2024/12/10 21.04 21.47 20.49 20.63 2150229 45507844.00
2024/12/11 20.49 20.77 20.27 20.73 1659675 34596844.00
2024/12/12 20.73 20.94 20.40 20.76 1362500 28608064.00
2024/12/13 20.69 20.75 20.25 20.28 1616600 33525264.00
2024/12/16 20.29 20.56 20.22 20.37 1267600 26200630.00
2024/12/17 20.37 20.37 19.38 19.48 1838700 36982152.00
2024/12/18 19.61 19.84 18.99 19.61 1413100 27971812.00
2024/12/19 19.57 19.69 19.18 19.52 1170100 23088628.00
2024/12/20 19.49 20.34 19.45 20.11 1705012 34643076.00
2024/12/23 20.31 20.47 19.15 19.21 2612100 52381872.00
2024/12/24 19.32 19.81 18.87 19.21 1633000 31957144.00
2024/12/25 19.25 19.32 18.59 18.79 1419800 27180676.00
2024/12/26 18.79 19.59 18.70 19.36 1580200 30957812.00
2024/12/27 19.30 19.82 19.27 19.41 1351100 26833284.00
2024/12/30 18.88 19.34 18.70 19.00 1239331 23933652.00
2024/12/31 18.91 19.09 18.42 18.44 1522210 28993562.00
2025/01/02 18.29 18.74 17.68 17.76 1646200 30500276.00
2025/01/03 17.76 18.03 16.98 17.02 1456800 25878536.00
2025/01/06 16.95 17.27 16.28 17.00 1419100 24451774.00
2025/01/07 17.00 18.39 16.98 17.80 1729202 30897054.00
2025/01/08 17.72 17.80 16.92 17.51 1371300 24288936.00
2025/01/09 17.29 17.81 17.29 17.62 882321 15860667.00
2025/01/10 17.58 17.83 16.91 16.91 1040421 18404572.00
2025/01/13 16.91 17.19 16.40 17.11 1159900 19919184.00
2025/01/14 17.19 18.02 17.18 18.00 1307100 23473952.00
2025/01/15 17.97 18.10 17.77 17.87 1103200 20073098.00
2025/01/16 17.88 18.16 17.72 17.83 1068700 19508962.00
2025/01/17 17.62 18.07 17.62 17.92 750527 13666252.00
2025/01/20 17.98 18.37 17.81 18.34 1260102 23312338.00
2025/01/21 18.37 18.42 17.97 18.33 968811 17936582.00
2025/01/22 18.12 18.43 18.02 18.27 825800 15351794.00
2025/01/23 18.44 18.74 18.28 18.29 987213 18602750.00
2025/01/24 18.40 18.70 18.17 18.64 1135025 21289906.00
2025/01/27 18.80 18.86 18.47 18.51 905421 17148588.00
2025/02/05 18.55 18.74 18.47 18.66 875534 16567065.00
2025/02/06 18.59 18.98 18.59 18.98 1200200 22984260.00
2025/02/07 18.98 19.16 18.69 18.99 1719461 33196836.00
2025/02/10 19.08 19.09 18.81 19.09 1232126 23740774.00
2025/02/11 19.11 19.18 18.80 19.06 1098975 21160816.00
2025/02/12 19.07 19.09 18.80 18.94 1295892 24948280.00
2025/02/13 18.92 19.02 18.60 18.62 946021 18053564.00
2025/02/14 18.62 18.85 18.46 18.60 852600 16137575.00
2025/02/17 18.69 18.97 18.61 18.92 1344300 25729814.00
2025/02/18 18.92 19.07 18.32 18.35 1414300 26860146.00
2025/02/19 18.29 18.98 18.29 18.97 1435565 27427336.00
2025/02/20 18.97 19.26 18.76 19.26 1595544 30904682.00
2025/02/21 19.32 19.38 18.99 19.22 1390798 27105954.00
2025/02/24 19.15 19.27 18.92 19.16 1378000 26763828.00
2025/02/25 18.95 19.48 18.87 19.25 1569221 30675874.00
2025/02/26 19.25 19.79 19.25 19.63 2029269 40397760.00
2025/02/27 19.68 19.77 19.19 19.56 1655700 32711782.00
2025/02/28 19.37 19.53 18.87 18.92 1317500 25612856.00
2025/03/03 18.95 19.28 18.75 18.95 1402300 27163482.00
2025/03/04 18.89 19.33 18.74 19.31 1405600 27433568.00
2025/03/05 19.31 19.48 19.16 19.42 1187300 23293512.00
2025/03/06 19.45 19.97 19.45 19.78 1727100 34602256.00
2025/03/07 19.89 20.10 19.69 20.00 1981844 40057560.00
2025/03/10 19.90 20.77 19.79 20.34 3796000 78141072.00
2025/03/11 19.99 20.89 19.89 20.79 3990000 82947712.00
2025/03/12 21.09 24.99 21.09 22.68 12336256 282230976.00
2025/03/13 22.64 24.59 21.81 24.19 14428631 335376608.00
2025/03/14 23.54 25.67 22.61 25.09 14101198 341658208.00
2025/03/17 24.69 26.58 23.89 24.49 14182579 363061536.00
2025/03/18 24.19 24.69 23.34 23.99 10328002 249294400.00
2025/03/19 23.69 24.09 22.87 23.13 7613242 179696272.00
2025/03/20 22.89 23.54 22.60 23.31 6244831 146150336.00
2025/03/21 22.69 22.84 21.92 21.99 6319665 142507248.00
2025/03/24 22.09 22.19 20.92 21.53 4208936 91732920.00
2025/03/25 21.49 21.95 21.13 21.60 3419315 74757680.00
2025/03/26 21.68 22.14 21.64 21.92 3538000 78705568.00
2025/03/27 21.79 21.86 21.14 21.56 2955521 64413044.00
2025/03/28 21.50 21.79 21.22 21.24 2070092 45160324.00
2025/03/31 21.02 21.38 20.39 21.29 3084700 65093188.00
2025/04/01 21.29 21.75 21.19 21.25 2380396 51754728.00
2025/04/02 21.11 21.55 21.06 21.13 1682996 36359340.00
2025/04/03 20.70 21.19 20.49 20.76 1816400 38366648.00
2025/04/07 19.19 19.69 16.55 16.55 3645700 65696488.00
2025/04/08 16.55 17.37 16.20 16.88 3544837 60608672.00
2025/04/09 16.38 17.34 15.14 17.19 3595400 60329660.00
2025/04/10 17.55 18.24 17.55 17.73 3042100 55523632.00
2025/04/11 17.58 18.22 17.37 17.97 2290400 41790476.00
2025/04/14 18.20 18.48 18.17 18.20 1784600 33203590.00
2025/04/15 18.38 18.46 18.04 18.28 1647900 30554210.00
2025/04/16 18.21 18.29 17.52 17.88 1568800 28577780.00
2025/04/17 17.75 18.15 17.63 17.82 1254100 22946332.00
2025/04/18 17.82 17.94 17.59 17.78 1134200 20518904.00
2025/04/21 17.69 18.19 17.64 18.19 1516175 27780500.00
2025/04/22 18.01 18.29 17.98 18.15 1324500 24411794.00
2025/04/23 18.31 18.97 18.27 18.83 2450840 46540504.00
2025/04/24 18.83 19.03 18.53 18.79 2141040 40864496.00
2025/04/25 19.10 19.44 18.83 19.16 2298600 44791292.00
2025/04/28 19.22 19.24 18.79 18.97 1552000 29915302.00
2025/04/29 19.11 19.58 18.77 19.34 1718700 33810652.00
2025/04/30 19.39 19.82 19.39 19.69 1578000 31496704.00
2025/05/06 19.70 20.47 19.70 20.28 2180300 44778656.00
2025/05/07 20.48 20.66 20.14 20.33 2211640 45808724.00
2025/05/08 20.26 21.06 20.14 20.89 3035700 64125828.00
2025/05/09 20.86 20.89 20.39 20.42 1904340 39754456.00
2025/05/12 20.79 20.94 20.48 20.69 1723700 36215252.00
2025/05/13 20.92 20.95 20.46 20.54 1284000 26871220.00
2025/05/14 20.44 20.74 20.19 20.33 1632100 33714516.00
2025/05/15 20.35 20.57 20.10 20.26 1213200 25011762.00
2025/05/16 20.22 20.68 20.00 20.47 1446300 30181060.00
2025/05/19 20.54 20.57 20.19 20.48 1389400 28797112.00
2025/05/20 20.48 20.79 20.34 20.78 1336287 27940198.00
2025/05/21 20.79 20.84 20.07 20.29 2198400 45467908.00
2025/05/22 20.09 20.59 19.90 19.96 1727960 35391816.00
2025/05/23 19.96 20.29 19.70 19.78 1656900 33669288.00
2025/05/26 19.78 20.22 19.71 19.95 1098100 22174408.00
2025/05/27 19.79 20.18 19.59 19.96 1149400 23176716.00
2025/05/28 19.96 20.28 19.80 19.84 1229800 24980868.00
2025/05/29 20.02 20.97 19.97 20.70 3225300 67029692.00
2025/05/30 20.70 21.05 20.15 20.72 3098587 64453108.00
2025/06/03 20.75 21.40 20.55 21.08 3923387 82899728.00
2025/06/04 21.09 21.20 20.71 20.79 2601800 54696228.00
2025/06/05 20.76 20.99 20.61 20.90 1907000 39993316.00
2025/06/06 20.83 20.93 20.73 20.89 1511287 31718864.00
2025/06/09 20.89 21.21 20.78 21.12 2217400 47007232.00
2025/06/10 21.06 21.28 20.51 20.80 2080587 43798692.00
2025/06/11 20.81 22.03 20.81 21.72 4738621 102826480.00
2025/06/12 21.83 21.97 21.31 21.51 3420900 74105968.00
2025/06/13 21.45 21.55 20.86 21.04 2771200 58959504.00
2025/06/16 21.02 21.19 20.91 21.02 1699400 35990512.00
2025/06/17 20.99 21.12 20.66 20.87 1418100 29754524.00
2025/06/18 20.84 20.96 20.47 20.95 1499500 31338208.00
2025/06/19 20.81 21.06 20.35 20.37 1908800 39785112.00
2025/06/20 20.35 20.90 20.07 20.16 1745600 35898280.00
2025/06/23 20.05 20.48 20.03 20.45 1207200 24711676.00
2025/06/24 20.61 21.68 20.52 21.64 3532760 75661448.00
2025/06/25 21.69 21.74 21.32 21.57 2384400 51585888.00
2025/06/26 21.57 21.64 21.16 21.32 1818000 39167280.00
2025/06/27 21.44 21.82 21.42 21.54 1968629 42709808.00
2025/06/30 21.71 21.71 21.45 21.68 1902500 41386324.00
2025/07/01 21.68 22.06 21.53 21.79 2297300 50318164.00
2025/07/02 21.75 21.80 21.45 21.64 1373160 29839572.00
2025/07/03 21.77 21.83 21.49 21.80 1569700 34301316.00
2025/07/04 21.77 21.77 21.41 21.47 1578973 34267008.00
2025/07/07 21.36 21.68 21.33 21.67 1213700 26325906.00
2025/07/08 21.88 22.45 21.59 22.23 3907050 86966560.00
2025/07/09 22.20 22.29 21.98 22.08 2767700 61634464.00
2025/07/10 22.05 22.45 21.91 22.08 2266100 50557952.00
2025/07/11 21.98 22.13 21.70 21.83 1969273 43354796.00
2025/07/14 21.86 22.37 21.81 22.29 2237973 49931008.00
2025/07/15 22.21 22.43 21.84 22.14 1947400 43269896.00
2025/07/16 22.12 22.55 22.06 22.35 2071771 46651568.00
2025/07/17 22.33 23.09 22.17 22.99 3387371 77463536.00
2025/07/18 22.94 23.06 22.65 22.85 2704900 62138532.00
2025/07/21 22.87 24.09 22.58 23.69 5939300 139557088.00
2025/07/22 23.37 24.01 23.13 23.33 5042929 119329440.00
2025/07/23 23.25 23.33 22.75 22.87 3024264 69972200.00
2025/07/24 22.87 23.05 22.71 22.76 2107893 48427356.00
2025/07/25 22.75 22.93 22.68 22.88 1859971 42703132.00
2025/07/28 22.90 23.21 22.84 23.19 2135300 49525352.00
2025/07/29 23.03 23.16 22.69 22.87 1900600 43705644.00
2025/07/30 22.87 22.92 22.25 22.43 2190610 49605076.00
2025/07/31 22.33 22.76 22.08 22.16 1951820 43975120.00
2025/08/01 22.16 22.50 22.15 22.29 1623800 36482620.00
2025/08/04 22.27 22.71 22.18 22.65 1469700 33365992.00
2025/08/05 22.65 23.34 22.65 23.29 2707200 62793628.00
2025/08/06 23.19 23.54 23.19 23.36 2265770 53285832.00
2025/08/07 23.38 23.51 23.11 23.19 1866496 43729472.00
2025/08/08 23.19 23.29 22.88 23.25 1459996 33965320.00
2025/08/11 23.16 24.00 23.16 24.00 2970696 71084832.00
2025/08/12 23.93 23.93 23.55 23.76 1756420 41903804.00
2025/08/13 23.80 24.23 23.55 23.97 2338300 56216856.00
2025/08/14 23.97 24.43 23.25 23.25 2316087 54918836.00
2025/08/15 23.20 25.22 22.81 24.85 6362118 155363056.00
2025/08/18 24.57 24.93 24.37 24.59 5995497 148340928.00
2025/08/19 24.48 25.18 24.28 24.61 3872846 96044976.00
2025/08/20 24.48 26.14 24.28 26.13 9342387 239689728.00
2025/08/21 26.11 26.21 24.89 25.10 7077621 179651120.00
2025/08/22 24.89 25.14 24.37 24.46 5187148 128305400.00
2025/08/25 24.48 24.66 23.88 24.40 5505607 134098880.00
2025/08/26 24.33 24.41 23.96 24.24 2568577 62606812.00
2025/08/27 24.15 24.41 23.50 23.52 3903944 94366352.00
2025/08/28 23.53 23.87 22.66 23.47 3619090 84866120.00
2025/08/29 23.46 23.65 23.10 23.64 2249500 53034592.00
2025/09/01 23.51 23.81 23.37 23.72 2147900 51027232.00
2025/09/02 23.60 23.71 22.89 23.32 2570860 60075320.00
2025/09/03 23.31 23.61 22.50 22.57 1758000 40640364.00
2025/09/04 22.57 22.93 22.28 22.69 1828756 41835760.00
2025/09/05 22.69 23.11 22.58 23.11 1425956 32909208.00
2025/09/08 23.11 23.54 23.04 23.53 1594300 37327392.00
2025/09/09 23.31 23.55 23.08 23.15 1477500 34591036.00
2025/09/10 23.13 23.45 22.95 23.12 1098300 25629116.00
2025/09/11 23.07 23.63 22.85 23.62 2372121 55699344.00
2025/09/12 23.62 23.62 23.17 23.23 1899800 44703392.00
2025/09/15 23.25 23.37 23.07 23.22 1171100 27388654.00
2025/09/16 23.23 23.65 23.08 23.65 1874650 44192596.00
2025/09/17 23.65 24.07 23.45 23.81 2866729 68786880.00
2025/09/18 23.91 23.95 22.96 23.18 2518550 59690904.00
2025/09/19 23.18 23.41 22.93 22.96 1763795 40980828.00
2025/09/22 23.17 23.75 22.88 23.01 1721500 40176128.00
2025/09/23 22.94 23.12 21.89 22.72 2527344 56972860.00
2025/09/24 22.65 22.89 22.37 22.88 1507625 34511392.00
2025/09/25 22.78 23.02 22.40 22.42 1861500 42541804.00
2025/09/26 22.48 22.88 22.23 22.38 1503570 33901528.00
2025/09/29 22.38 22.96 22.11 22.81 1516900 34361344.00
2025/09/30 22.88 22.88 22.64 22.75 1027093 23364730.00
2025/10/09 22.75 22.97 22.46 22.83 1258507 28643296.00
2025/10/10 22.85 23.15 22.76 22.85 1169800 26852640.00
2025/10/13 22.46 22.60 21.40 22.50 1618700 36023068.00
2025/10/14 22.56 24.18 22.52 22.66 2713163 63011448.00
2025/10/15 22.66 22.89 22.41 22.51 1998293 45184556.00
2025/10/16 22.49 22.95 22.35 22.43 1495500 33724004.00
2025/10/17 22.43 22.51 21.84 21.84 1340044 29674166.00
2025/10/20 21.95 22.48 21.95 22.25 1246000 27763424.00
2025/10/21 22.38 22.68 22.11 22.64 1504700 33872120.00
2025/10/22 22.48 22.79 22.48 22.70 1168200 26491288.00
2025/10/23 22.55 23.08 22.55 23.06 1920787 43948712.00
2025/10/24 23.30 23.30 22.87 23.08 1322596 30494798.00
2025/10/27 23.42 23.68 22.97 23.58 2179744 50936524.00
2025/10/28 23.52 23.90 23.36 23.75 1949121 46215960.00
2025/10/29 23.78 23.78 23.46 23.58 1292060 30441866.00
2025/10/30 23.48 23.68 23.20 23.26 1454100 34051072.00
2025/10/31 23.26 23.52 23.02 23.40 1177907 27575520.00
2025/11/03 23.42 23.54 23.26 23.47 937126 21941816.00
2025/11/04 23.48 23.70 23.25 23.47 1315508 30890660.00
2025/11/05 23.19 23.98 23.19 23.82 3042787 72406080.00
2025/11/06 23.84 23.98 23.62 23.95 1840975 43894036.00
2025/11/07 23.90 23.90 23.44 23.56 1626800 38478332.00
2025/11/10 23.53 23.69 23.40 23.55 1047400 24636828.00
2025/11/11 23.61 23.63 23.30 23.42 1245400 29160992.00
2025/11/12 23.47 23.50 23.19 23.34 1119400 26118162.00
2025/11/13 23.40 23.45 23.15 23.38 1280075 29870552.00
2025/11/14 23.43 24.30 23.32 23.89 4345630 103919136.00
2025/11/17 23.84 23.89 23.42 23.57 1974000 46618868.00
2025/11/18 23.43 23.65 22.88 23.03 2489416 57537064.00
2025/11/19 22.96 23.15 22.60 22.70 1549400 35319576.00
2025/11/20 22.99 22.99 22.62 22.67 822300 18724808.00
2025/11/21 22.64 22.87 21.50 21.65 1775401 39173532.00
2025/11/24 21.76 22.14 21.60 21.94 872475 19080222.00
2025/11/25 22.04 22.48 21.98 21.98 1090581 24281904.00
2025/11/26 22.01 22.32 21.86 21.96 928006 20487688.00
2025/11/27 22.44 22.44 21.82 22.18 891900 19803668.00
2025/11/28 22.48 22.48 22.13 22.34 962900 21526896.00
2025/12/01 22.43 22.95 22.43 22.81 1509400 34329296.00
2025/12/02 22.74 22.74 22.46 22.52 890009 20089222.00
2025/12/03 22.62 22.67 22.22 22.40 866157 19379414.00
2025/12/04 22.40 22.40 22.06 22.11 671700 14916949.00
2025/12/05 22.11 22.54 22.01 22.48 822600 18383826.00
2025/12/08 22.52 22.70 22.51 22.58 664100 15014654.00
2025/12/09 22.58 23.50 22.58 22.84 3053400 70385624.00
2025/12/10 22.63 23.00 22.55 22.80 1509919 34395268.00
2025/12/11 22.80 22.86 22.22 22.23 1334146 29947194.00
2025/12/12 24.43 24.43 22.85 22.90 5849353 136973968.00
2025/12/15 22.93 23.59 22.50 23.15 3911604 90111704.00
2025/12/16 23.10 23.10 22.07 22.17 2767894 62136580.00
2025/12/17 22.01 22.38 21.31 21.77 2462215 53435064.00
2025/12/18 21.65 22.10 21.53 21.85 1266430 27730142.00
2025/12/19 21.81 22.28 21.81 21.97 1024300 22630972.00
2025/12/22 22.40 22.40 21.86 21.87 1288829 28352026.00
2025/12/23 21.85 22.16 21.67 21.89 1336084 29266314.00
2025/12/24 21.86 22.03 21.78 21.97 850200 18644976.00
2025/12/25 22.09 22.16 21.89 22.06 1104596 24347766.00
2025/12/26 22.11 22.11 21.58 21.79 2060699 44997948.00
2025/12/29 21.76 22.05 21.67 21.79 1132050 24713680.00
2025/12/30 21.76 22.10 21.59 21.85 969500 21162998.00
2025/12/31 21.82 22.19 21.69 22.10 1503494 32950520.00
2026/01/05 22.16 22.40 21.92 22.17 1808270 40164400.00
2026/01/06 22.26 22.37 22.00 22.32 2110931 46922964.00
2026/01/07 22.32 22.64 22.24 22.44 1959231 44046608.00
2026/01/08 22.46 22.64 22.26 22.58 1625021 36549008.00
2026/01/09 22.58 22.66 22.40 22.64 1601600 36121012.00
2026/01/12 22.60 23.16 22.58 23.09 2115191 48469888.00
2026/01/13 23.10 23.31 22.76 23.12 1927700 44452312.00
2026/01/14 23.22 23.46 22.81 23.00 2307101 53519096.00
2026/01/15 22.92 23.38 22.90 23.36 1602637 37185080.00
2026/01/16 23.40 23.47 23.21 23.40 1857326 43383620.00
2026/01/19 23.39 23.66 23.26 23.61 1812970 42727900.00
2026/01/20 23.65 23.89 23.31 23.69 1927363 45546152.00
2026/01/21 23.47 23.89 23.33 23.88 1887500 44723428.00
2026/01/22 23.96 23.98 23.72 23.90 1588067 37896432.00
2026/01/23 23.83 24.02 23.80 23.85 2193507 52521636.00
2026/01/26 24.00 24.01 23.20 23.45 2331848 54841940.00
2026/01/27 23.50 23.56 22.71 23.46 1872648 43509616.00
2026/01/28 23.47 23.54 23.00 23.09 1158800 26842302.00
2026/01/29 23.20 23.35 22.61 22.75 1563100 35902056.00
2026/01/30 22.71 23.26 22.56 23.21 1801550 41420664.00
2026/02/02 23.10 23.32 22.77 22.84 1545900 35718236.00
2026/02/03 22.93 23.73 22.82 23.50 2159400 50528280.00
2026/02/04 23.52 23.85 23.32 23.44 1967900 46364784.00
2026/02/05 23.35 23.57 23.25 23.32 1163700 27269308.00
2026/02/06 23.30 23.65 23.03 23.26 1777700 41629856.00
2026/02/09 23.45 23.54 23.21 23.40 1846500 43161416.00
2026/02/10 23.44 23.49 23.21 23.48 1895800 44335292.00
2026/02/11 23.40 23.75 23.31 23.53 1959500 46168080.00
2026/02/12 23.56 23.72 23.31 23.49 1269300 29922816.00
2026/02/13 23.36 23.84 23.33 23.45 2102720 49701464.00
2026/02/24 23.54 24.09 23.54 24.03 2199533 52581860.00
2026/02/25 24.02 24.11 23.82 23.88 1735233 41465596.00
#Ъ§ОнРДдД:ЭЈДяаХ
