300464 аЧЛеЙЩЗн ШеЯп ЧАИДШЈ
      ШеЦк	    ПЊХЬ	    зюИп	    зюЕЭ	    ЪеХЬ	    ГЩНЛСП	    ГЩНЛЖю
2021/08/02 11.15 11.80 11.15 11.67 8605258 99182048.00
2021/08/03 11.74 12.10 11.68 11.75 9485158 112094552.00
2021/08/04 11.65 11.90 11.61 11.82 8403350 98684952.00
2021/08/05 11.69 11.81 11.33 11.38 8619282 99368152.00
2021/08/06 11.24 11.50 11.24 11.39 6289117 71354792.00
2021/08/09 11.39 11.47 11.27 11.38 6438995 73086512.00
2021/08/10 11.31 11.75 11.25 11.73 11669980 134999920.00
2021/08/11 11.72 12.29 11.69 11.85 14901709 178328704.00
2021/08/12 11.89 12.13 11.66 11.71 10193074 119947328.00
2021/08/13 11.62 11.68 11.26 11.39 11240742 127864608.00
2021/08/16 11.39 11.95 11.31 11.79 11514450 133969816.00
2021/08/17 11.80 11.82 11.26 11.33 9711333 111093912.00
2021/08/18 11.32 11.45 11.17 11.40 5126300 58089496.00
2021/08/19 11.40 11.41 11.21 11.33 4554750 51390032.00
2021/08/20 11.29 11.29 9.83 10.25 16144742 167840640.00
2021/08/23 10.20 10.36 10.06 10.33 8133642 83218800.00
2021/08/24 10.34 10.35 9.84 9.90 14424350 143652128.00
2021/08/25 9.94 9.94 9.49 9.60 9642300 93155976.00
2021/08/26 9.68 9.86 9.51 9.62 9078700 87906264.00
2021/08/27 9.60 9.62 9.20 9.49 10966047 102729920.00
2021/08/30 9.38 9.72 9.25 9.66 11531550 109471672.00
2021/08/31 9.59 9.99 9.40 9.48 13944177 134101816.00
2021/09/01 9.41 9.60 9.30 9.55 7510148 70952224.00
2021/09/02 9.48 9.57 9.36 9.43 5540600 52374764.00
2021/09/03 9.45 9.88 9.41 9.88 13784497 134308768.00
2021/09/06 9.86 9.97 9.65 9.93 8763300 86174776.00
2021/09/07 9.86 10.20 9.78 10.06 9993988 100125240.00
2021/09/08 10.04 10.22 9.94 10.14 11026900 111222240.00
2021/09/09 10.09 10.38 9.99 10.23 10727595 109359848.00
2021/09/10 10.20 10.24 9.94 9.98 8207069 82401872.00
2021/09/13 9.92 10.39 9.86 10.34 13733992 140060528.00
2021/09/14 10.38 10.38 9.99 10.02 9657500 98069584.00
2021/09/15 9.92 10.08 9.88 9.96 6384739 63536336.00
2021/09/16 9.92 10.06 9.59 9.61 8246104 80679336.00
2021/09/17 9.67 9.67 9.37 9.58 5729250 54508744.00
2021/09/22 9.52 9.56 9.39 9.47 3965900 37511472.00
2021/09/23 9.47 9.77 9.47 9.64 4889100 47178928.00
2021/09/24 9.65 9.98 9.47 9.82 9213142 89890224.00
2021/09/27 9.91 10.33 9.66 10.15 14358104 143273648.00
2021/09/28 10.02 10.14 9.87 9.96 6740576 67122624.00
2021/09/29 9.91 9.92 9.52 9.52 5263200 50871060.00
2021/09/30 9.56 9.80 9.55 9.74 2974550 28845124.00
2021/10/08 9.79 10.17 9.75 10.06 8982700 90018360.00
2021/10/11 10.03 10.60 9.96 10.38 19814276 205797680.00
2021/10/12 10.20 10.31 9.35 9.43 21107387 204263248.00
2021/10/13 9.30 9.37 9.00 9.16 10260437 93416680.00
2021/10/14 9.10 9.24 9.09 9.20 4616500 42349056.00
2021/10/15 9.17 9.24 8.78 8.81 10101023 90581744.00
2021/10/18 8.70 8.73 8.43 8.67 7194205 61704952.00
2021/10/19 8.22 8.34 8.06 8.13 16094754 131121176.00
2021/10/20 8.08 8.08 7.73 7.85 12687150 99703504.00
2021/10/21 7.79 7.94 7.73 7.92 7099303 55931872.00
2021/10/22 7.92 7.93 7.66 7.73 6468150 50342220.00
2021/10/25 7.67 7.77 7.53 7.74 5577038 42579764.00
2021/10/26 7.72 7.80 7.55 7.56 5423700 41564680.00
2021/10/27 7.66 7.70 7.27 7.36 6533995 48309988.00
2021/10/28 7.35 7.56 7.22 7.50 7001238 51913652.00
2021/10/29 7.43 7.68 7.38 7.52 6121973 46268092.00
2021/11/01 7.55 7.67 7.43 7.56 6089266 46057124.00
2021/11/02 7.59 7.73 7.28 7.36 7713339 58120388.00
2021/11/03 7.39 7.69 7.33 7.66 8492901 64239064.00
2021/11/04 7.71 7.72 7.55 7.69 5192271 39627132.00
2021/11/05 7.68 7.85 7.61 7.78 6277671 48760420.00
2021/11/08 7.76 7.79 7.57 7.69 4485469 34355688.00
2021/11/09 7.69 7.73 7.55 7.60 4577036 34848376.00
2021/11/10 7.58 7.76 7.48 7.75 5620621 42786428.00
2021/11/11 7.71 7.91 7.66 7.84 5767698 44996384.00
2021/11/12 7.85 8.04 7.71 7.93 7561777 59555348.00
2021/11/15 7.90 8.24 7.90 8.20 8725236 70965176.00
2021/11/16 8.21 8.29 8.04 8.04 7040192 57369920.00
2021/11/17 8.02 8.21 7.98 8.12 5061600 41083256.00
2021/11/18 8.15 8.15 7.93 8.00 5626974 45086668.00
2021/11/19 8.03 8.12 7.92 8.04 3745590 30072108.00
2021/11/22 8.07 8.10 7.96 8.00 3243080 25979790.00
2021/11/23 8.00 8.13 7.95 8.09 4552190 36635708.00
2021/11/24 8.08 8.29 7.98 8.17 6868200 55924568.00
2021/11/25 8.16 8.93 8.08 8.47 22978354 195863360.00
2021/11/26 8.38 8.56 8.18 8.20 12258363 101593952.00
2021/11/29 8.00 9.12 7.96 8.90 25906161 224428288.00
2021/11/30 9.20 10.68 8.95 10.68 47155624 470608256.00
2021/12/01 10.88 10.99 10.01 10.32 53642235 553462912.00
2021/12/02 9.90 9.98 9.08 9.18 43886510 416000512.00
2021/12/03 9.20 9.31 8.96 8.97 22152655 201128784.00
2021/12/06 9.03 9.05 8.67 8.69 15876910 139411152.00
2021/12/07 8.74 8.89 8.62 8.88 14818655 130124576.00
2021/12/08 8.80 8.92 8.70 8.82 11415800 100406496.00
2021/12/09 8.71 9.04 8.70 8.81 12161600 107817160.00
2021/12/10 8.77 9.00 8.73 8.74 10653856 93960896.00
2021/12/13 8.74 8.81 8.53 8.69 10598391 91821168.00
2021/12/14 8.67 8.92 8.58 8.87 11007915 96738656.00
2021/12/15 9.10 9.20 8.80 8.82 13498900 121086488.00
2021/12/16 8.82 8.94 8.73 8.88 8026700 70907616.00
2021/12/17 8.84 8.88 8.60 8.62 9521214 82748736.00
2021/12/20 8.56 8.67 8.34 8.34 7537750 64004744.00
2021/12/21 8.37 8.76 8.35 8.68 9083400 78061656.00
2021/12/22 8.72 8.72 8.57 8.64 5654774 48731280.00
2021/12/23 8.60 8.64 8.40 8.44 6096750 51650464.00
2021/12/24 8.42 8.43 8.10 8.23 7281497 60054928.00
2021/12/27 8.23 8.31 8.12 8.26 4261450 35088788.00
2021/12/28 8.28 8.36 8.19 8.34 4334900 35922716.00
2021/12/29 8.35 8.45 8.20 8.35 5014350 41801320.00
2021/12/30 8.32 8.45 8.30 8.40 5063694 42442400.00
2021/12/31 8.40 8.49 8.32 8.33 5318406 44680608.00
2022/01/04 8.32 8.62 8.30 8.57 7612600 64907160.00
2022/01/05 8.48 8.66 8.43 8.62 6394700 54627540.00
2022/01/06 8.60 8.67 8.54 8.59 5144800 44357980.00
2022/01/07 8.41 8.58 8.31 8.33 6917700 58376132.00
2022/01/10 8.33 8.49 8.06 8.48 7309850 60763756.00
2022/01/11 8.48 8.60 8.34 8.35 5537200 46815868.00
2022/01/12 8.35 8.51 8.35 8.50 4012400 33920200.00
2022/01/13 8.44 8.63 8.44 8.55 5790000 49468408.00
2022/01/14 8.58 8.58 8.25 8.27 5600600 47084160.00
2022/01/17 8.32 8.59 8.31 8.55 6404899 54594900.00
2022/01/18 8.50 8.55 8.14 8.18 10190600 84422624.00
2022/01/19 8.20 8.42 8.18 8.32 5878400 48759688.00
2022/01/20 8.35 8.38 7.90 7.92 7187750 57751368.00
2022/01/21 7.90 8.02 7.76 7.88 4210700 33212920.00
2022/01/24 7.86 7.93 7.66 7.69 5126600 39878776.00
2022/01/25 7.65 7.73 7.30 7.30 5258149 39139644.00
2022/01/26 7.32 7.45 7.17 7.27 4414200 32309540.00
2022/01/27 6.74 6.92 6.60 6.67 9482200 64027468.00
2022/01/28 6.75 7.10 6.73 6.98 7539997 52293248.00
2022/02/07 7.12 7.20 6.92 7.05 4839600 34049252.00
2022/02/08 7.05 7.25 6.96 7.25 5949300 42569944.00
2022/02/09 7.25 7.31 7.20 7.25 3251199 23561828.00
2022/02/10 7.27 7.27 7.12 7.20 3625800 26033028.00
2022/02/11 7.18 7.19 6.90 6.94 4920200 34346184.00
2022/02/14 6.90 7.06 6.85 6.94 2847600 19817068.00
2022/02/15 6.99 7.00 6.81 6.88 3771540 25967614.00
2022/02/16 6.94 7.03 6.89 7.00 4677600 32632590.00
2022/02/17 7.05 7.09 6.88 6.91 4237800 29577832.00
2022/02/18 6.87 6.99 6.80 6.95 3355888 23220292.00
2022/02/21 6.98 7.17 6.93 7.14 4255300 30162744.00
2022/02/22 7.07 7.16 6.97 6.98 3702400 26075094.00
2022/02/23 7.00 7.16 6.98 7.10 3590300 25440002.00
2022/02/24 7.06 7.16 6.74 6.83 5682200 39419028.00
2022/02/25 6.85 7.19 6.85 6.94 5155500 36287000.00
2022/02/28 6.98 7.05 6.72 6.86 4190700 28634068.00
2022/03/01 6.79 6.94 6.79 6.92 3205600 22095564.00
2022/03/02 6.89 7.02 6.82 6.98 3235900 22511652.00
2022/03/03 7.02 7.02 6.86 6.88 3401200 23542140.00
2022/03/04 6.88 6.90 6.76 6.77 3326700 22664512.00
2022/03/07 6.77 6.77 6.61 6.69 3418206 22845284.00
2022/03/08 6.67 6.72 6.30 6.41 5629400 36448784.00
2022/03/09 6.43 6.49 5.90 6.09 6177207 38287940.00
2022/03/10 6.28 6.43 6.19 6.21 6119395 38533156.00
2022/03/11 6.11 6.33 6.07 6.31 4043300 25004090.00
2022/03/14 6.31 6.37 6.15 6.15 3967750 24860026.00
2022/03/15 6.15 6.20 5.85 5.88 4972800 30008336.00
2022/03/16 5.95 6.19 5.90 6.18 6589487 39900160.00
2022/03/17 6.30 6.34 6.20 6.22 5030560 31536502.00
2022/03/18 6.24 6.35 6.20 6.33 4413457 27736318.00
2022/03/21 6.30 6.45 6.30 6.44 3583400 22943298.00
2022/03/22 6.44 6.52 6.30 6.46 4068750 26119530.00
2022/03/23 6.44 6.70 6.37 6.41 5554207 36043864.00
2022/03/24 6.42 6.95 6.31 6.64 12487108 82757440.00
2022/03/25 6.88 7.97 6.70 7.97 25329826 194102048.00
2022/03/28 7.81 7.91 7.21 7.30 39754231 298459008.00
2022/03/29 7.35 7.81 7.10 7.70 36443601 272560512.00
2022/03/30 7.37 7.48 7.13 7.26 24724975 179894192.00
2022/03/31 7.26 7.45 7.05 7.44 24018154 173997504.00
2022/04/01 7.26 7.69 7.12 7.24 17354408 127452160.00
2022/04/06 7.14 7.30 7.10 7.16 13679957 98400960.00
2022/04/07 7.08 7.19 6.86 6.86 12556494 87849456.00
2022/04/08 6.85 6.95 6.62 6.62 10503951 70799504.00
2022/04/11 6.62 6.78 6.38 6.46 7829294 51517176.00
2022/04/12 6.46 6.62 6.31 6.59 6418700 41489300.00
2022/04/13 6.65 7.35 6.45 7.07 22389500 155477424.00
2022/04/14 7.17 7.22 6.78 6.90 16592300 115755040.00
2022/04/15 6.75 6.85 6.40 6.50 12236346 80248200.00
2022/04/18 6.41 6.52 6.21 6.47 5876195 37579760.00
2022/04/19 6.45 6.65 6.40 6.52 4986595 32494908.00
2022/04/20 6.46 6.72 6.44 6.51 5915000 38903904.00
2022/04/21 6.46 6.50 6.07 6.12 6380600 39963544.00
2022/04/22 6.08 6.45 5.96 6.24 9141700 56589616.00
2022/04/25 6.10 6.25 5.62 5.63 8497171 50660312.00
2022/04/26 5.58 5.67 5.10 5.21 9112065 49075412.00
2022/04/27 5.13 5.32 4.91 5.29 7582250 38587308.00
2022/04/28 5.25 5.28 5.01 5.08 5224450 26742040.00
2022/04/29 5.04 6.10 5.04 6.10 20438257 117899600.00
2022/05/05 5.89 6.08 5.78 6.05 21172922 125289528.00
2022/05/06 5.82 6.44 5.75 6.15 22944815 142604464.00
2022/05/09 5.92 6.22 5.92 6.14 15017550 91529200.00
2022/05/10 6.11 6.28 6.03 6.05 11452000 69980536.00
2022/05/11 6.17 6.34 6.02 6.02 11301650 70064032.00
2022/05/12 5.98 6.30 5.95 6.08 10353520 63149116.00
2022/05/13 6.13 6.15 5.93 5.98 7038150 42289764.00
2022/05/16 5.99 6.27 5.99 6.21 10954977 67520992.00
2022/05/17 6.16 6.18 5.80 5.97 9745720 58208732.00
2022/05/18 6.05 6.26 5.93 6.25 12219035 74815664.00
2022/05/19 6.09 6.19 5.99 6.14 8275215 50598864.00
2022/05/20 6.15 6.44 6.15 6.37 13260250 83504992.00
2022/05/23 6.34 6.47 6.30 6.38 9830300 62686452.00
2022/05/24 6.35 6.45 5.90 5.92 10135500 62188020.00
2022/05/25 5.92 6.14 5.92 6.07 5262400 31932094.00
2022/05/26 6.08 6.16 5.90 6.05 6810629 41080448.00
2022/05/27 6.21 6.66 6.15 6.31 15926700 100642704.00
2022/05/30 6.25 6.37 6.07 6.10 9853400 60923568.00
2022/05/31 6.08 6.09 5.91 6.01 7067100 42343312.00
2022/06/01 6.07 6.15 5.94 6.05 5446300 32961392.00
2022/06/02 5.99 6.09 5.91 6.01 5942800 35553836.00
2022/06/06 6.01 6.12 6.00 6.08 5506900 33411008.00
2022/06/07 6.07 6.11 5.89 5.97 6943500 41506992.00
2022/06/08 5.97 6.15 5.92 6.09 7710400 46590852.00
2022/06/09 6.04 6.06 5.83 5.87 8717900 51422620.00
2022/06/10 5.82 5.90 5.76 5.88 3780995 22150490.00
2022/06/13 5.83 5.95 5.80 5.90 3821214 22558848.00
2022/06/14 5.90 5.94 5.76 5.94 5242400 30759852.00
2022/06/15 5.99 6.15 5.94 5.96 7555400 45401704.00
2022/06/16 5.95 6.28 5.95 6.24 12291750 75617768.00
2022/06/17 6.24 6.45 6.09 6.18 8695045 54153548.00
2022/06/20 6.22 6.33 6.21 6.27 6673989 41889312.00
2022/06/21 6.21 6.49 6.20 6.41 10297510 65510104.00
2022/06/22 6.42 6.58 6.33 6.34 8358450 53925696.00
2022/06/23 6.37 6.45 6.27 6.33 5747680 36299348.00
2022/06/24 6.39 6.40 6.31 6.39 5206300 33131862.00
2022/06/27 6.41 6.58 6.37 6.52 7343900 47751780.00
2022/06/28 6.57 6.64 6.44 6.59 6497190 42447824.00
2022/06/29 6.63 6.77 6.57 6.70 9512600 63484436.00
2022/06/30 6.75 7.20 6.60 6.94 18115700 125395760.00
2022/07/01 6.80 7.05 6.70 6.81 12423100 84590720.00
2022/07/04 6.80 6.93 6.78 6.86 6817300 46649480.00
2022/07/05 6.91 7.39 6.82 6.97 14755125 103707440.00
2022/07/06 6.91 7.20 6.79 7.17 12654220 88838776.00
2022/07/07 7.07 7.22 7.01 7.05 10482623 74435568.00
2022/07/08 7.05 7.19 7.01 7.07 6137795 43557188.00
2022/07/11 7.04 7.08 6.86 6.91 5292800 36804364.00
2022/07/12 6.90 6.95 6.50 6.58 8990100 59963960.00
2022/07/13 6.58 6.81 6.54 6.75 5958200 40091360.00
2022/07/14 6.85 6.85 6.68 6.70 5945233 40140040.00
2022/07/15 6.76 6.79 6.36 6.36 7571300 49287508.00
2022/07/18 6.55 6.67 6.37 6.61 6951533 45885352.00
2022/07/19 6.70 6.70 6.52 6.63 5376200 35437388.00
2022/07/20 6.64 6.72 6.60 6.62 3992571 26506714.00
2022/07/21 6.63 6.75 6.58 6.59 6066500 40275016.00
2022/07/22 6.56 6.71 6.37 6.48 5903900 38553672.00
2022/07/25 6.46 6.55 6.31 6.32 3948600 25225088.00
2022/07/26 6.33 6.41 6.23 6.37 3229750 20360362.00
2022/07/27 6.33 6.42 6.33 6.38 3055700 19487488.00
2022/07/28 6.42 6.53 6.39 6.42 3741114 24161800.00
2022/07/29 6.39 6.47 6.23 6.25 3450700 21772154.00
2022/08/01 6.25 6.30 6.19 6.28 2413350 15103065.00
2022/08/02 6.26 6.26 5.85 5.94 5935100 35513664.00
2022/08/03 5.92 6.09 5.90 5.93 3267408 19665602.00
2022/08/04 5.92 6.06 5.90 6.05 2942312 17648998.00
2022/08/05 6.08 6.13 6.04 6.12 2729232 16635578.00
2022/08/08 6.12 6.17 6.04 6.13 2421200 14814890.00
2022/08/09 6.13 6.16 6.02 6.09 2827892 17173842.00
2022/08/10 6.04 6.10 6.02 6.07 2272540 13771168.00
2022/08/11 6.07 6.21 6.07 6.21 3131890 19321688.00
2022/08/12 6.20 6.31 6.18 6.20 2577636 16084648.00
2022/08/15 6.18 6.29 6.12 6.22 2808900 17416460.00
2022/08/16 6.22 6.27 6.16 6.24 2374790 14732901.00
2022/08/17 6.22 6.29 6.19 6.23 1986000 12355344.00
2022/08/18 6.25 6.26 6.11 6.14 2397814 14746032.00
2022/08/19 6.16 6.26 6.08 6.10 3263500 20128660.00
2022/08/22 6.10 6.14 6.06 6.11 2319308 14175739.00
2022/08/23 6.13 6.15 6.02 6.07 2356700 14308020.00
2022/08/24 6.07 6.09 5.87 5.88 3610750 21458594.00
2022/08/25 5.91 5.99 5.81 5.94 3910240 23059324.00
2022/08/26 5.91 5.95 5.79 5.80 3021980 17760588.00
2022/08/29 5.79 5.95 5.66 5.92 3311107 19370026.00
2022/08/30 5.96 6.06 5.91 6.02 4622700 27733550.00
2022/08/31 6.02 6.03 5.90 5.94 3969800 23670910.00
2022/09/01 5.97 6.02 5.87 5.89 2974600 17662910.00
2022/09/02 5.92 6.02 5.87 5.99 2953500 17669170.00
2022/09/05 5.99 6.09 5.94 6.01 2770930 16600072.00
2022/09/06 6.02 6.04 5.93 6.02 1921200 11512322.00
2022/09/07 5.99 6.02 5.95 5.99 1940300 11599144.00
2022/09/08 6.00 6.04 5.92 5.93 1642400 9792991.00
2022/09/09 5.91 5.96 5.89 5.95 2161200 12820620.00
2022/09/13 5.95 6.08 5.95 6.03 3722100 22447320.00
2022/09/14 5.99 6.02 5.95 6.01 2267200 13556028.00
2022/09/15 6.04 6.06 5.81 5.86 4189200 24796376.00
2022/09/16 5.88 5.90 5.67 5.67 2451900 14145226.00
2022/09/19 5.63 5.74 5.43 5.51 3505800 19351578.00
2022/09/20 5.50 5.67 5.50 5.55 1958374 10902204.00
2022/09/21 5.60 5.82 5.45 5.76 4663400 26542512.00
2022/09/22 5.70 6.37 5.58 6.03 12958141 78278440.00
2022/09/23 5.93 5.97 5.59 5.61 11204633 64313852.00
2022/09/26 5.62 5.92 5.61 5.75 10322945 59326132.00
2022/09/27 5.63 6.02 5.61 5.98 12437691 72916808.00
2022/09/28 5.93 6.49 5.91 6.24 23249616 144931584.00
2022/09/29 6.14 6.21 5.97 6.03 14326213 86784176.00
2022/09/30 5.98 6.02 5.61 5.65 10299719 59097480.00
2022/10/10 5.65 5.69 5.27 5.32 10025734 54034540.00
2022/10/11 5.40 6.00 5.33 5.73 14449490 82149112.00
2022/10/12 5.59 5.72 5.50 5.71 12030886 67546624.00
2022/10/13 5.63 5.95 5.57 5.86 11082900 63526656.00
2022/10/14 5.79 6.05 5.78 5.96 15324860 91171488.00
2022/10/17 5.93 6.03 5.87 5.97 9974551 59417020.00
2022/10/18 6.00 6.04 5.91 5.92 7544000 44908800.00
2022/10/19 5.89 6.18 5.87 6.10 16376134 99411936.00
2022/10/20 6.03 6.57 6.02 6.16 20518216 128990152.00
2022/10/21 6.01 6.13 5.89 5.92 12537500 75214568.00
2022/10/24 5.84 6.03 5.62 5.65 11001616 63688088.00
2022/10/25 5.65 5.95 5.60 5.80 10667200 62027236.00
2022/10/26 5.78 6.02 5.74 6.02 9514300 56048324.00
2022/10/27 5.90 6.07 5.88 5.99 9555248 57128212.00
2022/10/28 5.99 6.03 5.61 5.63 8835179 51032912.00
2022/10/31 5.62 5.85 5.60 5.79 6224886 35756800.00
2022/11/01 5.84 5.88 5.72 5.87 4951463 28685790.00
2022/11/02 5.87 5.92 5.81 5.86 5715800 33543964.00
2022/11/03 5.83 5.87 5.75 5.79 4038450 23421124.00
2022/11/04 5.76 5.92 5.72 5.90 7123550 41449888.00
2022/11/07 5.88 6.00 5.87 6.00 6400150 38078036.00
2022/11/08 6.00 6.01 5.90 5.98 4056950 24118648.00
2022/11/09 5.97 6.02 5.95 6.00 4336050 25966108.00
2022/11/10 6.00 6.02 5.91 5.98 4716193 28110236.00
2022/11/11 6.08 6.11 5.97 5.98 6806933 41072724.00
2022/11/14 5.94 6.01 5.89 5.92 4711627 28046584.00
2022/11/15 5.89 6.05 5.88 6.05 5001351 29939580.00
2022/11/16 6.05 6.25 6.00 6.23 9381900 57917272.00
2022/11/17 6.19 6.35 6.15 6.33 9642830 60658360.00
2022/11/18 6.33 6.45 6.22 6.25 9082501 57474580.00
2022/11/21 6.27 6.29 6.06 6.13 6176233 37807704.00
2022/11/22 6.15 6.17 5.97 6.01 4805582 29093690.00
2022/11/23 6.01 6.02 5.79 5.87 6001967 35249764.00
2022/11/24 5.90 6.03 5.84 5.92 4779200 28221528.00
2022/11/25 5.98 6.12 5.90 5.93 7482000 44704816.00
2022/11/28 5.79 6.03 5.71 6.02 7293133 43051904.00
2022/11/29 5.99 6.05 5.95 6.02 4724100 28350960.00
2022/11/30 6.03 6.08 5.96 5.99 3966500 23877192.00
2022/12/01 6.00 6.10 5.99 6.01 3561800 21513458.00
2022/12/02 6.05 6.22 6.00 6.17 7327800 44981288.00
2022/12/05 6.17 6.28 6.15 6.22 5941800 36935488.00
2022/12/06 6.24 6.25 6.08 6.11 3922800 24071558.00
2022/12/07 6.13 6.30 6.08 6.25 7723567 48004076.00
2022/12/08 6.25 6.86 6.22 6.59 28524877 186213296.00
2022/12/09 6.50 6.56 6.28 6.44 20560800 131527808.00
2022/12/12 6.39 6.43 6.21 6.24 12203500 76577824.00
2022/12/13 6.20 6.44 6.19 6.43 11143025 70985520.00
2022/12/14 6.42 6.61 6.36 6.52 12103713 78922840.00
2022/12/15 6.58 6.58 6.37 6.38 6916900 44401656.00
2022/12/16 6.38 6.45 6.25 6.44 6306834 40194932.00
2022/12/19 6.49 6.55 6.26 6.31 7320100 46559940.00
2022/12/20 6.26 6.39 6.15 6.20 5446900 33888380.00
2022/12/21 6.23 6.25 6.08 6.16 5546100 34117120.00
2022/12/22 6.19 6.27 6.01 6.07 5113600 31317730.00
2022/12/23 6.06 6.16 5.91 6.12 4730001 28709110.00
2022/12/26 6.09 6.26 6.08 6.21 4128700 25497668.00
2022/12/27 6.21 6.27 6.05 6.08 4667901 28505540.00
2022/12/28 6.16 6.16 5.83 5.89 6850733 40525584.00
2022/12/29 5.87 5.95 5.81 5.91 4134044 24385520.00
2022/12/30 5.88 6.19 5.88 6.04 6754201 40974052.00
2023/01/03 5.99 6.17 5.99 6.09 5705651 34623328.00
2023/01/04 6.07 6.20 6.03 6.11 7121000 43351664.00
2023/01/05 6.10 6.34 6.02 6.14 9094097 55679896.00
2023/01/06 6.10 6.16 6.03 6.05 6372700 38633744.00
2023/01/09 6.03 6.10 6.02 6.07 2998633 18181098.00
2023/01/10 6.11 6.11 5.98 6.02 3567501 21468534.00
2023/01/11 6.07 6.18 6.00 6.03 4633500 28209268.00
2023/01/12 6.08 6.09 5.99 6.02 2964233 17848370.00
2023/01/13 5.98 6.03 5.98 6.02 2145584 12888753.00
2023/01/16 6.02 6.05 6.00 6.03 2983500 17973016.00
2023/01/17 6.04 6.04 5.87 5.89 4505600 26679534.00
2023/01/18 5.86 5.96 5.86 5.93 2177400 12899072.00
2023/01/19 5.93 5.99 5.88 5.98 2191400 13035631.00
2023/01/20 6.00 6.00 5.91 5.96 2695800 16049937.00
2023/01/30 6.01 6.17 5.99 6.15 6798900 41522488.00
2023/01/31 6.17 6.18 6.10 6.18 2821150 17341422.00
2023/02/01 6.18 6.25 6.14 6.23 5379925 33387156.00
2023/02/02 6.25 6.72 6.20 6.54 18958261 123736488.00
2023/02/03 6.54 6.80 6.53 6.62 14303495 94995680.00
2023/02/06 6.58 6.67 6.47 6.52 9147700 59851616.00
2023/02/07 6.49 6.58 6.46 6.53 4716300 30743444.00
2023/02/08 6.53 6.53 6.43 6.45 4510840 29178212.00
2023/02/09 6.45 6.55 6.35 6.50 7396200 47825432.00
2023/02/10 6.52 6.55 6.43 6.54 3570000 23181686.00
2023/02/13 6.54 6.56 6.42 6.48 3859000 25000820.00
2023/02/14 6.50 6.52 6.41 6.48 3909800 25319832.00
2023/02/15 6.49 6.52 6.41 6.50 3179700 20548336.00
2023/02/16 6.53 6.61 6.27 6.31 6836100 44155584.00
2023/02/17 6.31 6.43 6.26 6.28 3980375 25212932.00
2023/02/20 6.33 6.34 6.20 6.33 3388800 21290146.00
2023/02/21 6.34 6.37 6.24 6.32 3068600 19352574.00
2023/02/22 6.28 6.34 6.15 6.32 4553400 28451564.00
2023/02/23 6.32 6.32 6.20 6.25 2851500 17815854.00
2023/02/24 6.25 6.29 6.19 6.19 2183600 13594038.00
2023/02/27 6.17 6.25 6.08 6.08 3233400 19795158.00
2023/02/28 6.11 6.18 6.07 6.17 2960425 18127228.00
2023/03/01 6.17 6.26 6.14 6.24 2830400 17581070.00
2023/03/02 6.24 6.39 6.21 6.27 4336900 27393664.00
2023/03/03 6.27 6.38 6.24 6.32 3647300 22967030.00
2023/03/06 6.29 6.37 6.26 6.28 3154600 19907528.00
2023/03/07 6.27 6.39 6.23 6.23 4675100 29549924.00
2023/03/08 6.21 6.44 6.20 6.44 8226861 52367524.00
2023/03/09 6.48 6.54 6.37 6.53 7295300 47203372.00
2023/03/10 6.47 6.58 6.40 6.50 5059600 32872644.00
2023/03/13 6.47 6.56 6.42 6.53 4795500 31130684.00
2023/03/14 6.50 6.52 6.35 6.37 6714700 43024464.00
2023/03/15 6.37 6.53 6.36 6.47 5280300 34181892.00
2023/03/16 6.38 6.45 6.31 6.32 4764600 30264820.00
2023/03/17 6.37 6.78 6.37 6.61 16969450 111417912.00
2023/03/20 6.54 6.69 6.44 6.60 14859689 97432160.00
2023/03/21 6.59 7.20 6.54 7.01 34733503 239591440.00
2023/03/22 6.91 7.22 6.89 6.91 30859274 215758688.00
2023/03/23 6.92 6.98 6.76 6.80 15607140 106642232.00
2023/03/24 6.78 6.87 6.70 6.79 11132150 75561016.00
2023/03/27 6.82 7.05 6.71 6.88 11626487 79521088.00
2023/03/28 6.82 6.87 6.63 6.63 7943790 53234560.00
2023/03/29 6.64 6.69 6.55 6.58 5827000 38418036.00
2023/03/30 6.56 6.60 6.45 6.51 5210900 33956192.00
2023/03/31 6.48 6.60 6.43 6.57 5214590 33936580.00
2023/04/03 6.59 6.62 6.47 6.61 5678450 37162152.00
2023/04/04 6.59 6.59 6.40 6.42 6755648 43577360.00
2023/04/06 6.41 6.42 6.30 6.36 5646700 35874844.00
2023/04/07 6.40 6.51 6.36 6.49 5508500 35532076.00
2023/04/10 6.47 6.48 6.22 6.27 6438700 40660796.00
2023/04/11 6.26 6.34 6.19 6.33 4147000 25993644.00
2023/04/12 6.35 6.46 6.30 6.43 5222800 33468948.00
2023/04/13 6.43 6.75 6.42 6.64 13324834 88524520.00
2023/04/14 6.61 6.68 6.44 6.53 7381450 48284560.00
2023/04/17 6.56 6.59 6.33 6.33 5726000 36595916.00
2023/04/18 6.30 6.32 6.08 6.10 7306800 45031504.00
2023/04/19 6.05 6.08 5.92 5.95 7034600 42025248.00
2023/04/20 5.98 5.99 5.70 5.79 8004516 46210464.00
2023/04/21 5.74 5.79 5.48 5.51 6593334 36941676.00
2023/04/24 5.71 5.77 5.60 5.74 9489250 54180932.00
2023/04/25 5.70 5.89 5.56 5.79 8156200 46641088.00
2023/04/26 5.75 5.97 5.69 5.89 8107650 47331472.00
2023/04/27 5.85 5.85 5.66 5.68 6345303 36377144.00
2023/04/28 5.66 5.93 5.63 5.92 6518800 38150784.00
2023/05/04 5.86 6.17 5.86 6.14 7902199 47936792.00
2023/05/05 6.18 6.20 6.06 6.15 4837900 29656218.00
2023/05/08 6.15 6.20 6.01 6.08 4905400 29836356.00
2023/05/09 6.08 6.33 5.99 6.23 11548000 71699536.00
2023/05/10 6.17 6.24 6.04 6.09 5994100 36628556.00
2023/05/11 6.06 6.31 6.06 6.28 5713500 35595616.00
2023/05/12 6.28 6.58 6.19 6.20 9089600 57793032.00
2023/05/15 6.10 6.23 6.08 6.16 6060300 37250084.00
2023/05/16 6.18 6.18 5.95 5.98 6045500 36297864.00
2023/05/17 5.96 6.45 5.93 6.34 13273400 83527152.00
2023/05/18 6.34 6.45 6.25 6.43 10187719 64711968.00
2023/05/19 6.41 6.45 6.23 6.31 5876800 37069352.00
2023/05/22 6.31 6.32 6.14 6.18 4712700 29145508.00
2023/05/23 6.18 7.18 6.10 6.81 36149059 241783552.00
2023/05/24 6.64 7.03 6.57 6.98 40226501 273573664.00
2023/05/25 6.80 6.83 6.59 6.70 22547191 150808176.00
2023/05/26 6.71 6.73 6.48 6.67 14054100 92921032.00
2023/05/29 6.61 6.66 6.44 6.49 12411200 80858224.00
2023/05/30 6.53 6.55 6.40 6.54 10437150 67831560.00
2023/05/31 6.46 6.69 6.43 6.53 11522900 75855264.00
2023/06/01 6.48 6.59 6.42 6.47 10192700 66211452.00
2023/06/02 6.43 6.74 6.42 6.66 16675199 110970824.00
2023/06/05 6.64 6.71 6.53 6.69 11986599 79365984.00
2023/06/06 6.69 6.69 6.46 6.49 10109474 66109512.00
2023/06/07 6.45 6.70 6.41 6.64 11382400 75291872.00
2023/06/08 6.60 6.80 6.53 6.65 12179200 81348352.00
2023/06/09 6.60 6.61 5.91 5.96 25651099 158635168.00
2023/06/12 5.86 6.19 5.84 6.17 13252800 80416992.00
2023/06/13 6.22 6.34 6.11 6.30 10649034 66546532.00
2023/06/14 6.30 6.42 6.20 6.34 7686200 48706592.00
2023/06/15 6.40 6.56 6.36 6.53 9200500 59610536.00
2023/06/16 6.53 6.56 6.40 6.44 5830200 37617108.00
2023/06/19 6.44 6.55 6.38 6.41 5185000 33534344.00
2023/06/20 6.46 6.47 6.28 6.33 4391500 27800904.00
2023/06/21 6.34 6.78 6.32 6.50 13611898 89479064.00
2023/06/26 6.43 6.54 6.25 6.32 8726300 55502332.00
2023/06/27 6.34 6.66 6.34 6.66 12290600 80958192.00
2023/06/28 6.62 6.75 6.55 6.73 12869200 85638104.00
2023/06/29 6.70 6.83 6.65 6.75 9330950 62966944.00
2023/06/30 6.80 6.81 6.62 6.67 9273150 62210796.00
2023/07/03 6.72 6.90 6.63 6.89 12609200 85492888.00
2023/07/04 6.99 6.99 6.68 6.69 13292200 89907792.00
2023/07/05 6.74 6.76 6.59 6.61 6327400 42054856.00
2023/07/06 6.62 6.80 6.58 6.65 6436900 43133968.00
2023/07/07 6.65 6.79 6.59 6.69 8572900 57559228.00
2023/07/10 6.70 6.73 6.52 6.54 5582150 36784448.00
2023/07/11 6.54 6.68 6.49 6.63 4745600 31415178.00
2023/07/12 6.62 6.83 6.55 6.62 6834700 45859992.00
2023/07/13 6.62 6.79 6.54 6.77 6514066 43786152.00
2023/07/14 6.75 6.81 6.66 6.80 6317650 42648992.00
2023/07/17 6.79 6.81 6.62 6.70 5633600 37626628.00
2023/07/18 6.71 6.71 6.57 6.62 4378400 28979992.00
2023/07/19 6.64 6.69 6.57 6.63 3871800 25686636.00
2023/07/20 6.66 7.10 6.64 7.10 35315334 245072240.00
2023/07/21 7.03 7.21 6.87 6.97 32411627 227300928.00
2023/07/24 6.89 7.53 6.65 7.35 42340293 303606784.00
2023/07/25 7.24 7.30 7.08 7.18 30112126 215848048.00
2023/07/26 7.18 7.18 6.82 6.87 26714496 184447072.00
2023/07/27 6.86 6.88 6.45 6.46 22979200 151513712.00
2023/07/28 6.41 6.49 6.31 6.43 11318350 72421640.00
2023/07/31 6.44 6.45 6.33 6.41 9034800 57690244.00
2023/08/01 6.39 6.41 6.23 6.34 9971293 62876808.00
2023/08/02 6.31 6.46 6.27 6.43 7683300 49094320.00
2023/08/03 6.39 6.45 6.35 6.38 4677500 29880810.00
2023/08/04 6.40 6.59 6.32 6.48 9363426 60552128.00
2023/08/07 6.48 6.54 6.32 6.35 7718900 49565216.00
2023/08/08 6.32 6.44 6.30 6.38 4602809 29359296.00
2023/08/09 6.38 6.41 6.22 6.23 4969800 31293508.00
2023/08/10 6.21 6.30 6.21 6.27 2968950 18588822.00
2023/08/11 6.25 6.34 6.19 6.20 4207205 26365798.00
2023/08/14 6.15 6.28 6.11 6.27 3584000 22232216.00
2023/08/15 6.29 6.39 6.21 6.28 4129350 25992756.00
2023/08/16 6.26 6.32 6.15 6.26 3850000 23989474.00
2023/08/17 6.22 6.37 6.19 6.36 4405200 27790600.00
2023/08/18 6.38 6.38 6.23 6.25 3976500 25102624.00
2023/08/21 6.25 6.30 6.15 6.15 3425400 21295684.00
2023/08/22 6.19 6.20 5.99 6.10 5744300 34880064.00
2023/08/23 6.07 6.13 5.93 5.95 3945600 23647738.00
2023/08/24 5.99 6.08 5.90 6.01 3217400 19313268.00
2023/08/25 6.00 6.04 5.82 5.85 4381700 25860404.00
2023/08/28 6.18 6.25 5.89 5.91 4922900 29672412.00
2023/08/29 5.85 6.09 5.81 6.09 5710000 34351696.00
2023/08/30 6.03 6.20 6.03 6.10 3942700 24159136.00
2023/08/31 6.12 6.18 6.01 6.05 2810800 17046406.00
2023/09/01 6.05 6.16 6.05 6.12 3145455 19176986.00
2023/09/04 6.15 6.20 6.11 6.20 4528600 27926320.00
2023/09/05 6.20 6.24 6.13 6.22 3964800 24531336.00
2023/09/06 6.21 6.21 6.15 6.18 3059700 18896764.00
2023/09/07 6.19 6.20 6.04 6.06 3794100 23161684.00
2023/09/08 6.04 6.09 5.96 5.97 3261400 19606580.00
2023/09/11 6.01 6.03 5.93 6.01 3314633 19840382.00
2023/09/12 6.00 6.01 5.92 5.96 2844450 16963222.00
2023/09/13 5.99 5.99 5.85 5.89 3058300 18014624.00
2023/09/14 5.89 5.91 5.77 5.78 2997000 17420550.00
2023/09/15 5.82 5.84 5.75 5.80 2004000 11596195.00
2023/09/18 5.80 5.98 5.74 5.97 4251100 25137428.00
2023/09/19 5.94 5.99 5.82 5.85 2951700 17381248.00
2023/09/20 5.83 5.89 5.73 5.75 2399200 13909728.00
2023/09/21 5.73 5.78 5.68 5.70 1951700 11168872.00
2023/09/22 5.70 5.88 5.68 5.87 2709212 15739704.00
2023/09/25 5.85 5.96 5.82 5.83 2190200 12847533.00
2023/09/26 5.81 5.94 5.78 5.89 2349412 13757839.00
2023/09/27 5.83 6.11 5.83 6.08 6008700 36201388.00
2023/09/28 6.04 6.10 5.97 6.08 4737088 28594100.00
2023/10/09 6.06 6.11 5.96 6.06 3587535 21677560.00
2023/10/10 6.08 6.14 6.03 6.05 2675135 16253736.00
2023/10/11 6.08 6.09 5.92 5.95 3714200 22113294.00
2023/10/12 5.96 6.04 5.91 6.02 2978900 17823184.00
2023/10/13 6.00 6.00 5.88 5.92 2789600 16538164.00
2023/10/16 5.91 5.92 5.80 5.83 2815400 16466894.00
2023/10/17 5.86 5.95 5.80 5.87 2275000 13361420.00
2023/10/18 5.87 5.87 5.72 5.74 1956898 11254237.00
2023/10/19 5.74 5.85 5.71 5.72 1960000 11295079.00
2023/10/20 5.74 5.80 5.67 5.71 2570993 14681180.00
2023/10/23 5.67 5.73 5.52 5.55 2791800 15584413.00
2023/10/24 5.56 5.78 5.55 5.77 3543600 20253318.00
2023/10/25 5.85 5.85 5.77 5.81 3470412 20140438.00
2023/10/26 5.78 5.84 5.72 5.77 2392312 13775363.00
2023/10/27 5.75 5.94 5.75 5.91 4042100 23771894.00
2023/10/30 5.91 5.95 5.83 5.91 2942825 17369266.00
2023/10/31 5.92 6.06 5.89 5.98 5510712 32892914.00
2023/11/01 5.95 6.16 5.94 6.11 6831150 41476804.00
2023/11/02 6.10 6.14 6.05 6.06 4022650 24471300.00
2023/11/03 6.10 6.14 6.05 6.06 3561000 21669676.00
2023/11/06 6.08 6.13 6.07 6.12 3084900 18835088.00
2023/11/07 6.12 6.20 6.08 6.18 3806000 23372878.00
2023/11/08 6.17 6.19 6.10 6.15 2714500 16671629.00
2023/11/09 6.13 6.18 6.06 6.09 3251600 19867236.00
2023/11/10 6.12 6.20 6.02 6.16 3689900 22639520.00
2023/11/13 6.16 6.35 6.16 6.31 6746000 42351652.00
2023/11/14 6.31 6.33 6.20 6.24 5227500 32629316.00
2023/11/15 6.29 6.30 6.24 6.27 2660800 16686706.00
2023/11/16 6.30 6.33 6.25 6.26 2571600 16144068.00
2023/11/17 6.24 6.33 6.23 6.28 2575050 16198322.00
2023/11/20 6.27 6.37 6.24 6.36 4256600 26890358.00
2023/11/21 6.39 6.41 6.30 6.32 3387200 21504438.00
2023/11/22 6.33 6.39 6.30 6.31 3575500 22699492.00
2023/11/23 6.31 6.37 6.29 6.34 3071600 19457754.00
2023/11/24 6.33 6.37 6.29 6.30 2751165 17388930.00
2023/11/27 6.29 6.34 6.23 6.30 4220400 26501900.00
2023/11/28 6.26 6.38 6.23 6.37 2707362 17158094.00
2023/11/29 6.34 6.40 6.31 6.32 2811400 17850648.00
2023/11/30 6.33 6.36 6.23 6.30 2881500 18107236.00
2023/12/01 6.28 6.43 6.28 6.37 4155000 26488704.00
2023/12/04 6.34 6.42 6.32 6.35 3144600 19984012.00
2023/12/05 6.35 6.37 6.23 6.24 3324900 20927500.00
2023/12/06 6.22 6.40 6.22 6.36 4330750 27445000.00
2023/12/07 6.36 6.38 6.29 6.33 2995400 18967108.00
2023/12/08 6.34 6.35 6.12 6.13 4498350 27958264.00
2023/12/11 6.12 6.21 6.05 6.18 3773700 23204658.00
2023/12/12 6.26 6.26 6.18 6.24 3952900 24610432.00
2023/12/13 6.27 6.32 6.20 6.21 3921900 24557070.00
2023/12/14 6.22 6.35 6.20 6.25 3290800 20677736.00
2023/12/15 6.26 6.33 6.19 6.30 4176400 26152570.00
2023/12/18 6.27 6.29 6.17 6.19 3779300 23508756.00
2023/12/19 6.17 6.24 6.14 6.19 3037950 18784924.00
2023/12/20 6.22 6.26 6.16 6.16 2977900 18477478.00
2023/12/21 6.20 6.39 6.06 6.32 5952700 37055928.00
2023/12/22 6.33 6.36 6.08 6.11 6558600 40717420.00
2023/12/25 6.14 6.16 5.94 6.00 4525800 27160564.00
2023/12/26 5.97 6.00 5.81 5.84 3877650 22740828.00
2023/12/27 5.86 5.91 5.76 5.87 3158300 18398178.00
2023/12/28 5.89 5.93 5.72 5.83 4547300 26612280.00
2023/12/29 5.87 6.03 5.82 6.02 3854300 22924504.00
2024/01/02 6.04 6.13 6.02 6.13 3690800 22492062.00
2024/01/03 6.13 6.14 6.03 6.09 3822200 23223716.00
2024/01/04 6.11 6.13 6.05 6.11 2294100 13970923.00
2024/01/05 6.16 6.16 6.00 6.03 2582450 15669452.00
2024/01/08 6.02 6.04 5.92 5.92 3037400 18165896.00
2024/01/09 6.03 6.06 5.92 5.99 3566800 21394434.00
2024/01/10 5.99 6.03 5.90 5.92 3097400 18453250.00
2024/01/11 5.91 5.96 5.86 5.93 4683100 27656008.00
2024/01/12 5.91 5.98 5.80 5.82 3728081 21903724.00
2024/01/15 5.80 5.91 5.79 5.85 2756700 16108835.00
2024/01/16 5.83 5.88 5.71 5.78 2972400 17207534.00
2024/01/17 5.79 5.84 5.62 5.63 3604180 20654682.00
2024/01/18 5.63 5.70 5.35 5.48 4835900 26416472.00
2024/01/19 5.53 5.63 5.47 5.50 4668800 25844400.00
2024/01/22 5.48 5.66 5.12 5.13 5670200 30212534.00
2024/01/23 5.08 5.16 4.96 5.04 5413795 27228742.00
2024/01/24 5.05 5.25 4.98 5.18 5104000 26178562.00
2024/01/25 5.20 5.41 5.14 5.40 3803500 20106336.00
2024/01/26 5.42 5.51 5.34 5.40 3972100 21603900.00
2024/01/29 5.48 5.48 5.14 5.19 4272200 22423248.00
2024/01/30 5.18 5.22 4.95 4.96 3814800 19299604.00
2024/01/31 4.93 5.16 4.53 4.56 5372675 25320248.00
2024/02/01 4.47 4.55 4.26 4.45 6710650 29552638.00
2024/02/02 4.44 4.57 4.06 4.18 7108250 30532390.00
2024/02/05 4.06 4.14 3.49 3.68 12896143 47682236.00
2024/02/06 3.35 3.68 3.11 3.44 13470985 44642352.00
2024/02/07 3.44 3.46 2.99 3.17 18761290 57877648.00
2024/02/08 3.05 3.51 3.03 3.51 12563919 40674332.00
2024/02/19 3.51 3.82 3.51 3.68 8008753 29525378.00
2024/02/20 3.71 3.83 3.60 3.79 4567800 17041930.00
2024/02/21 3.79 4.04 3.70 3.91 5663700 22324548.00
2024/02/22 3.86 4.04 3.86 4.04 4443850 17732616.00
2024/02/23 4.06 4.30 4.05 4.30 5814100 24416782.00
2024/02/26 4.36 4.62 4.31 4.50 6171769 27545102.00
2024/02/27 4.52 4.60 4.40 4.58 4226652 19076786.00
2024/02/28 4.60 4.71 4.01 4.05 9089452 39615236.00
2024/02/29 3.93 4.21 3.93 4.20 6293350 26013752.00
2024/03/01 4.21 4.32 4.20 4.28 4032700 17161204.00
2024/03/04 4.30 4.39 4.09 4.28 4696500 19908628.00
2024/03/05 4.27 4.27 4.12 4.16 3009100 12567270.00
2024/03/06 4.15 4.26 4.10 4.24 3111100 13034354.00
2024/03/07 4.26 4.32 4.19 4.22 3129300 13314809.00
2024/03/08 4.25 4.29 4.16 4.22 2135100 9015859.00
2024/03/11 4.27 4.37 4.21 4.36 3151700 13508385.00
2024/03/12 4.36 4.47 4.36 4.45 3390700 15013652.00
2024/03/13 4.49 4.52 4.42 4.49 2785200 12438217.00
2024/03/14 4.45 4.54 4.40 4.47 2325900 10411213.00
2024/03/15 4.44 4.55 4.42 4.52 2606880 11709427.00
2024/03/18 4.57 4.67 4.52 4.66 3190780 14667309.00
2024/03/19 4.66 4.72 4.63 4.65 2293762 10701654.00
2024/03/20 4.66 4.73 4.64 4.71 2255300 10548753.00
2024/03/21 4.71 4.75 4.60 4.68 3074900 14366364.00
2024/03/22 4.69 4.75 4.52 4.57 3476420 15979360.00
2024/03/25 4.60 4.62 4.32 4.36 4375263 19420668.00
2024/03/26 4.37 4.44 4.28 4.37 3249634 14183027.00
2024/03/27 4.33 4.44 4.20 4.21 3517062 15148906.00
2024/03/28 4.20 4.40 4.20 4.35 3547961 15348726.00
2024/03/29 4.35 4.46 4.31 4.45 3059399 13434476.00
2024/04/01 4.48 4.56 4.40 4.53 3723000 16800592.00
2024/04/02 4.55 4.64 4.48 4.54 3734372 16929808.00
2024/04/03 4.53 4.54 4.42 4.46 3561000 15885959.00
2024/04/08 4.46 4.49 4.22 4.24 4041779 17517518.00
2024/04/09 4.23 4.34 4.20 4.33 2995262 12870185.00
2024/04/10 4.37 4.41 4.13 4.16 3542200 14876888.00
2024/04/11 4.16 4.23 4.09 4.16 3267200 13650561.00
2024/04/12 4.25 4.31 4.16 4.18 4101472 17369738.00
2024/04/15 4.20 4.20 3.61 3.66 8946800 34017076.00
2024/04/16 3.73 3.73 3.14 3.15 9699770 31521066.00
2024/04/17 3.19 3.52 3.19 3.52 8180150 28068112.00
2024/04/18 3.56 3.59 3.32 3.50 5299700 18428434.00
2024/04/19 3.55 3.56 3.40 3.43 4067200 14056087.00
2024/04/22 3.49 3.49 3.28 3.41 3269650 11076407.00
2024/04/23 3.47 3.68 3.47 3.61 6795550 24449256.00
2024/04/24 3.61 3.84 3.59 3.83 6510994 24305134.00
2024/04/25 3.82 3.87 3.68 3.81 5789997 21977872.00
2024/04/26 3.87 3.97 3.70 3.83 4359100 16527788.00
2024/04/29 3.81 4.03 3.72 4.03 4432872 17543568.00
2024/04/30 4.10 4.10 3.88 3.97 4226150 16731304.00
2024/05/06 4.02 4.19 4.02 4.17 5028507 20694308.00
2024/05/07 4.17 4.19 4.08 4.18 3702350 15400930.00
2024/05/08 4.15 4.20 4.04 4.07 3379700 13827511.00
2024/05/09 4.07 4.18 4.05 4.14 3125600 12969272.00
2024/05/10 4.14 4.18 4.00 4.04 2434854 9868912.00
2024/05/13 4.00 4.03 3.85 3.92 4185800 16475338.00
2024/05/14 3.88 4.05 3.88 4.01 4431200 17703640.00
2024/05/15 4.02 4.10 3.93 3.96 3315200 13305631.00
2024/05/16 3.95 4.12 3.95 4.10 3597150 14661240.00
2024/05/17 4.10 4.16 4.05 4.13 3147200 12903982.00
2024/05/20 4.13 4.21 4.04 4.07 3795754 15562927.00
2024/05/21 4.06 4.09 3.98 4.02 3797100 15314845.00
2024/05/22 4.05 4.08 3.97 4.02 2770300 11174385.00
2024/05/23 4.01 4.03 3.89 3.92 3588600 14132058.00
2024/05/24 3.90 3.97 3.85 3.85 2395500 9360048.00
2024/05/27 4.00 4.62 3.98 4.62 42733470 195263280.00
2024/05/28 4.34 4.49 4.12 4.24 43929670 186592704.00
2024/05/29 4.12 4.93 4.02 4.68 49650969 222820688.00
2024/05/30 4.53 4.76 4.38 4.62 39717537 180456160.00
2024/05/31 4.60 4.64 4.33 4.33 28169030 125249384.00
2024/06/03 4.27 4.53 4.07 4.19 24828849 106367976.00
2024/06/04 4.03 4.09 3.56 3.64 28596881 106522024.00
2024/06/05 3.60 3.64 3.40 3.45 18843062 65327944.00
2024/06/06 3.42 3.54 3.30 3.39 16238500 55144224.00
2024/06/07 3.41 3.56 3.41 3.50 11828162 41282992.00
2024/06/11 3.49 3.50 3.35 3.45 8585300 29337624.00
2024/06/12 3.76 3.99 3.65 3.66 22588550 86305192.00
2024/06/13 3.64 3.80 3.56 3.67 18140050 66192328.00
2024/06/14 3.67 3.70 3.57 3.59 10418600 37592984.00
2024/06/17 3.56 3.58 3.49 3.51 7495883 26390716.00
2024/06/18 3.51 3.66 3.50 3.60 8822700 31755322.00
2024/06/19 3.68 3.73 3.56 3.63 8573850 31163918.00
2024/06/20 3.60 3.64 3.47 3.49 7801500 27593484.00
2024/06/21 3.49 3.53 3.38 3.45 5808600 20075400.00
2024/06/24 3.46 3.47 3.28 3.36 7412000 24848668.00
2024/06/25 3.36 3.43 3.34 3.39 4844850 16355167.00
2024/06/26 3.38 3.55 3.33 3.54 6443550 22208384.00
2024/06/27 3.50 3.60 3.49 3.51 5974700 21207940.00
2024/06/28 3.48 3.60 3.47 3.52 5247400 18606608.00
2024/07/01 3.52 3.55 3.42 3.51 4682300 16283552.00
2024/07/02 3.51 3.62 3.48 3.58 5678650 20313140.00
2024/07/03 3.60 3.62 3.54 3.59 4251050 15226874.00
2024/07/04 3.62 3.62 3.44 3.44 4322800 15116483.00
2024/07/05 3.44 3.55 3.32 3.54 4278400 14914562.00
2024/07/08 3.57 3.57 3.37 3.40 4281200 14672669.00
2024/07/09 3.39 3.46 3.33 3.46 5078200 17239496.00
2024/07/10 3.44 3.45 3.34 3.36 3847600 13039748.00
2024/07/11 3.44 3.75 3.38 3.61 9825950 35171384.00
2024/07/12 3.60 3.61 3.49 3.53 7067400 25040772.00
2024/07/15 3.50 3.54 3.39 3.43 4285412 14711069.00
2024/07/16 3.43 3.46 3.38 3.44 3716912 12714494.00
2024/07/17 3.45 3.47 3.40 3.42 3164700 10845879.00
2024/07/18 3.38 3.39 3.30 3.35 3251350 10867060.00
2024/07/19 3.31 3.40 3.31 3.38 2843000 9556737.00
2024/07/22 3.37 3.46 3.33 3.43 2804650 9533453.00
2024/07/23 3.45 3.48 3.35 3.36 3350700 11457776.00
2024/07/24 3.36 3.40 3.28 3.29 3265500 10839499.00
2024/07/25 3.31 3.36 3.24 3.31 3304800 10927567.00
2024/07/26 3.33 3.38 3.32 3.37 3511700 11767005.00
2024/07/29 3.35 3.44 3.30 3.42 4207900 14240965.00
2024/07/30 3.42 3.46 3.38 3.46 3584450 12323130.00
2024/07/31 3.46 3.55 3.42 3.55 4591397 16137598.00
2024/08/01 3.56 3.60 3.52 3.57 3782650 13476908.00
2024/08/02 3.53 3.58 3.47 3.48 3753500 13216963.00
2024/08/05 3.46 3.53 3.38 3.40 4020400 13942847.00
2024/08/06 3.42 3.59 3.42 3.53 5929550 20761242.00
2024/08/07 3.53 3.58 3.47 3.50 4786900 16761073.00
2024/08/08 3.50 3.56 3.40 3.55 5360247 18703548.00
2024/08/09 3.54 3.58 3.43 3.46 4056800 14147749.00
2024/08/12 3.44 3.50 3.37 3.40 4117900 14025041.00
2024/08/13 3.33 3.45 3.33 3.41 5564700 18904970.00
2024/08/14 3.41 3.43 3.37 3.39 5246100 17831052.00
2024/08/15 3.39 3.54 3.35 3.53 8521901 29471966.00
2024/08/16 3.55 3.83 3.49 3.67 20981601 76641896.00
2024/08/19 3.68 4.09 3.58 3.90 30203937 116054800.00
2024/08/20 3.77 3.83 3.66 3.76 19928700 74412736.00
2024/08/21 3.71 3.81 3.66 3.73 12901327 47998372.00
2024/08/22 3.76 3.78 3.59 3.61 9692100 35221916.00
2024/08/23 3.57 3.63 3.40 3.51 10826300 37750816.00
2024/08/26 3.46 3.56 3.42 3.50 6860300 23934110.00
2024/08/27 3.50 3.50 3.31 3.34 7537054 25528028.00
2024/08/28 3.35 3.51 3.30 3.44 7642300 26108604.00
2024/08/29 3.43 3.56 3.37 3.53 7596300 26438528.00
2024/08/30 3.53 3.65 3.52 3.59 8104050 29172464.00
2024/09/02 3.59 3.65 3.53 3.54 6400000 22974768.00
2024/09/03 3.53 3.62 3.50 3.56 5430500 19338460.00
2024/09/04 3.52 3.55 3.44 3.49 5327000 18643836.00
2024/09/05 3.47 4.19 3.47 4.19 52731326 214585552.00
2024/09/06 4.10 4.98 4.04 4.47 77926291 353015936.00
2024/09/09 4.05 4.20 3.90 4.10 50328285 204255040.00
2024/09/10 4.18 4.54 4.02 4.37 59396740 257373280.00
2024/09/11 4.01 4.30 3.93 4.23 44915740 184592096.00
2024/09/12 4.15 4.35 4.03 4.12 36332280 149525600.00
2024/09/13 4.09 4.09 3.78 3.87 35532740 137598816.00
2024/09/18 3.81 3.82 3.56 3.63 22841440 83097288.00
2024/09/19 3.61 3.78 3.60 3.72 22451800 83229560.00
2024/09/20 3.77 3.78 3.66 3.68 15035050 55770864.00
2024/09/23 3.68 3.77 3.61 3.74 12861000 47804672.00
2024/09/24 3.73 3.99 3.72 3.89 21601406 83102032.00
2024/09/25 3.89 4.05 3.86 3.95 25834500 102163296.00
2024/09/26 3.93 4.03 3.90 4.02 20945700 83435040.00
2024/09/27 4.07 4.31 4.00 4.25 28007750 115990584.00
2024/09/30 4.40 4.94 4.29 4.92 39918320 183707936.00
2024/10/08 5.80 5.80 5.08 5.76 46080296 252069056.00
2024/10/09 5.49 5.49 4.79 4.81 34950330 179322464.00
2024/10/10 4.94 5.16 4.85 4.94 19568122 97634984.00
2024/10/11 4.93 4.95 4.60 4.66 16586050 78674456.00
2024/10/14 4.62 4.84 4.58 4.84 14139000 66861440.00
2024/10/15 4.82 5.30 4.73 5.04 29952406 152047200.00
2024/10/16 4.97 5.09 4.86 4.95 17962400 89331984.00
2024/10/17 4.92 5.06 4.85 4.88 13914700 69136880.00
2024/10/18 4.83 5.08 4.80 4.98 16799580 82729640.00
2024/10/21 5.00 5.12 4.94 5.09 19218754 96938088.00
2024/10/22 5.01 5.15 4.96 5.03 14264900 72037024.00
2024/10/23 5.05 5.16 4.94 5.07 21059200 106235232.00
2024/10/24 5.05 5.05 4.84 4.87 13092300 64033392.00
2024/10/25 4.90 5.03 4.88 4.99 11479600 57018268.00
2024/10/28 5.03 5.21 4.99 5.21 16762900 86355384.00
2024/10/29 5.23 5.29 5.06 5.06 14049697 72218016.00
2024/10/30 4.99 4.99 4.76 4.83 15709830 76204448.00
2024/10/31 4.80 4.89 4.76 4.81 12622500 60885436.00
2024/11/01 4.83 4.85 4.55 4.57 14279050 66371344.00
2024/11/04 4.60 4.74 4.56 4.73 7726750 36120332.00
2024/11/05 4.77 4.89 4.74 4.86 9851500 47558088.00
2024/11/06 4.86 4.96 4.78 4.87 12894865 62921284.00
2024/11/07 4.86 5.14 4.76 5.14 16926235 85301936.00
2024/11/08 5.19 5.23 5.06 5.14 14418150 74198800.00
2024/11/11 5.14 5.28 5.05 5.27 13601300 70551064.00
2024/11/12 5.32 5.40 5.18 5.27 17539300 92786056.00
2024/11/13 5.27 5.54 5.20 5.32 20273450 108646320.00
2024/11/14 5.31 5.34 5.10 5.12 13672373 71555024.00
2024/11/15 5.11 6.14 5.10 6.14 46878911 276963040.00
2024/11/18 6.11 6.19 5.55 5.67 69906736 403522368.00
2024/11/19 5.62 5.65 5.18 5.44 43203734 232140944.00
2024/11/20 5.44 5.74 5.38 5.67 43203302 240489264.00
2024/11/21 5.66 6.12 5.54 5.80 56911588 332482880.00
2024/11/22 5.69 6.15 5.50 5.58 52271879 308510080.00
2024/11/25 5.46 5.72 5.34 5.59 33858066 185625072.00
2024/11/26 5.54 5.64 5.23 5.25 24550733 132461160.00
2024/11/27 5.29 5.44 5.00 5.43 24594498 129672992.00
2024/11/28 5.49 5.92 5.47 5.49 28793787 161581808.00
2024/11/29 5.56 6.59 5.56 6.59 32152000 208684784.00
2024/12/02 7.20 7.91 6.98 7.52 137787074 1023827712.00
2024/12/03 7.04 7.18 6.70 6.70 86663573 594743424.00
2024/12/04 6.38 6.60 6.25 6.28 51610648 329903584.00
2024/12/05 6.31 6.54 6.26 6.37 38171950 244618192.00
2024/12/06 6.25 6.65 6.15 6.46 46226644 293560320.00
2024/12/09 6.35 6.48 6.25 6.33 26216429 165895424.00
2024/12/10 6.56 7.04 6.38 6.80 66052955 441506976.00
2024/12/11 6.70 7.28 6.60 7.15 63917397 446135840.00
2024/12/12 7.09 7.48 6.82 7.18 53644600 377721856.00
2024/12/13 7.00 7.19 6.89 6.89 31142700 217979952.00
2024/12/16 6.78 6.81 6.50 6.57 28536600 189616192.00
2024/12/17 6.67 6.73 6.18 6.22 22393450 143518544.00
2024/12/18 6.17 6.44 5.95 6.36 18143500 113169376.00
2024/12/19 6.25 7.28 6.21 6.89 40051801 267849712.00
2024/12/20 7.12 7.50 6.76 6.78 63840000 453145888.00
2024/12/23 6.68 6.85 6.18 6.19 36865350 237300672.00
2024/12/24 6.13 6.41 5.95 6.41 34113850 212612000.00
2024/12/25 6.30 6.35 5.68 5.73 32429045 191705680.00
2024/12/26 5.80 6.61 5.80 6.07 28389597 173304976.00
2024/12/27 6.00 6.05 5.77 5.82 27436850 161924000.00
2024/12/30 5.70 5.74 5.32 5.37 25613850 139566912.00
2024/12/31 5.44 5.48 5.14 5.17 15924500 83430488.00
2025/01/02 5.21 5.39 5.07 5.16 17476500 91520280.00
2025/01/03 5.20 5.24 4.75 4.77 20529100 100652720.00
2025/01/06 4.78 4.90 4.50 4.89 18011600 85603864.00
2025/01/07 4.90 4.99 4.80 4.99 16397000 80302408.00
2025/01/08 4.99 5.13 4.83 5.01 17074102 85047896.00
2025/01/09 4.96 5.25 4.93 5.10 18213534 93089720.00
2025/01/10 5.05 5.08 4.78 4.79 15759784 77662304.00
2025/01/13 4.73 4.88 4.56 4.83 13801000 65430344.00
2025/01/14 5.02 5.21 4.99 5.20 26016394 133295984.00
2025/01/15 5.18 5.41 5.15 5.24 23285700 122646744.00
2025/01/16 5.43 5.55 5.17 5.49 33281458 178382608.00
2025/01/17 5.35 6.50 5.35 5.69 51686146 307417088.00
2025/01/20 5.47 5.58 5.25 5.45 37466100 202182016.00
2025/01/21 5.34 5.39 5.04 5.16 30863000 159606656.00
2025/01/22 5.15 5.15 4.97 4.99 15966600 80274664.00
2025/01/23 5.12 5.19 4.96 4.96 14169300 71816896.00
2025/01/24 4.93 5.08 4.88 5.03 13036800 65038148.00
2025/01/27 5.04 5.09 4.78 4.82 17162900 84602144.00
2025/02/05 4.88 5.06 4.81 5.03 15291300 76097224.00
2025/02/06 4.98 5.13 4.94 5.13 13810600 69781800.00
2025/02/07 5.13 5.28 5.09 5.17 14414150 74836040.00
2025/02/10 5.18 5.32 5.18 5.31 15714200 82495824.00
2025/02/11 5.35 5.35 5.19 5.25 15085900 78982880.00
2025/02/12 5.23 5.31 5.18 5.26 14443502 75740144.00
2025/02/13 5.26 5.29 5.16 5.19 12466902 65069872.00
2025/02/14 5.18 5.23 5.14 5.22 12665700 65836416.00
2025/02/17 5.20 5.35 5.20 5.31 16147200 85287032.00
2025/02/18 5.32 5.35 5.02 5.03 15883500 81986352.00
2025/02/19 5.01 5.16 5.01 5.15 9377250 47832392.00
2025/02/20 5.15 5.80 5.12 5.55 47912399 262789920.00
2025/02/21 5.49 5.54 5.30 5.46 35246036 190425232.00
2025/02/24 5.41 5.50 5.33 5.38 19160466 103371552.00
2025/02/25 5.32 5.42 5.29 5.34 14450900 77372736.00
2025/02/26 5.37 5.39 5.30 5.34 14014100 74795792.00
2025/02/27 5.36 5.39 5.18 5.27 14244264 75202752.00
2025/02/28 5.23 5.28 5.01 5.02 14351699 73420952.00
2025/03/03 5.02 5.13 4.95 5.06 10198800 51538800.00
2025/03/04 5.03 5.12 5.00 5.11 7679000 38883440.00
2025/03/05 5.07 5.11 4.93 5.02 11350803 56612420.00
2025/03/06 5.01 5.16 5.00 5.16 13818000 70567968.00
2025/03/07 5.12 5.16 4.96 4.97 13670000 69014728.00
2025/03/10 4.97 5.01 4.90 4.93 8491126 42005544.00
2025/03/11 4.83 4.96 4.82 4.94 9006500 44105616.00
2025/03/12 4.94 5.04 4.93 5.00 9824700 49007384.00
2025/03/13 4.97 5.04 4.85 4.99 13497824 66399264.00
2025/03/14 4.99 5.15 4.94 5.13 16061676 81768864.00
2025/03/17 5.12 5.25 5.06 5.14 15001950 76833344.00
2025/03/18 5.14 5.25 5.07 5.19 17288900 89285496.00
2025/03/19 5.24 5.24 5.09 5.12 9755000 49965320.00
2025/03/20 5.12 5.23 5.07 5.17 11739500 60538908.00
2025/03/21 5.19 5.25 5.13 5.14 12948550 67146744.00
2025/03/24 5.10 5.15 4.71 4.89 16150900 79044352.00
2025/03/25 4.89 4.96 4.73 4.87 8940307 43233872.00
2025/03/26 4.90 4.95 4.83 4.90 5879850 28921444.00
2025/03/27 4.86 4.92 4.78 4.83 6683080 32445800.00
2025/03/28 4.83 4.84 4.68 4.69 8605500 40826176.00
2025/03/31 4.60 4.69 4.54 4.63 6741500 31028532.00
2025/04/01 4.61 4.73 4.61 4.64 4089600 19132772.00
2025/04/02 4.66 4.68 4.61 4.62 4022464 18675952.00
2025/04/03 4.60 4.72 4.55 4.67 5732900 26559008.00
2025/04/07 4.26 4.39 3.74 3.77 12875700 51411752.00
2025/04/08 3.81 4.07 3.81 3.94 10409545 41202736.00
2025/04/09 3.85 4.16 3.55 4.11 11934848 46483716.00
2025/04/10 4.21 4.40 4.21 4.35 9719880 42049636.00
2025/04/11 4.37 4.47 4.32 4.33 8963279 39306112.00
2025/04/14 4.37 4.72 4.37 4.49 15012100 68345536.00
2025/04/15 4.47 4.89 4.44 4.82 25246600 118362368.00
2025/04/16 4.73 5.58 4.73 4.94 46811250 240617600.00
2025/04/17 4.73 5.10 4.66 4.70 33389526 158979696.00
2025/04/18 4.70 4.75 4.37 4.41 24500000 109314304.00
2025/04/21 4.44 5.29 4.44 5.29 42873974 220664240.00
2025/04/22 5.45 5.65 5.08 5.11 76234276 408702880.00
2025/04/23 5.21 5.33 4.97 5.04 43325600 221291632.00
2025/04/24 4.87 5.00 4.76 4.78 31902700 154342832.00
2025/04/25 4.84 4.97 4.72 4.88 29114298 141027072.00
2025/04/28 4.88 5.03 4.58 4.62 26460900 126566376.00
2025/04/29 4.60 4.72 4.49 4.67 15544400 72051832.00
2025/04/30 4.68 4.80 4.61 4.61 13261900 61959664.00
2025/05/06 4.68 4.84 4.67 4.84 16642550 79629120.00
2025/05/07 4.90 4.98 4.81 4.90 17012700 82980120.00
2025/05/08 4.90 5.17 4.84 5.03 23572576 118504120.00
2025/05/09 5.01 5.02 4.87 4.94 14616900 72076056.00
2025/05/12 5.10 5.15 4.94 5.07 18075900 90945008.00
2025/05/13 5.17 5.34 5.06 5.09 28234500 146178672.00
2025/05/14 5.15 5.51 5.01 5.42 51924885 272898720.00
2025/05/15 5.30 5.75 5.24 5.48 59303610 327100576.00
2025/05/16 5.32 5.56 5.21 5.32 38507476 207511648.00
2025/05/19 5.26 5.33 5.13 5.31 26349150 137604176.00
2025/05/20 5.39 5.40 5.21 5.37 20933900 110971720.00
2025/05/21 5.33 5.36 5.15 5.18 20711680 107628160.00
2025/05/22 5.50 6.16 5.36 5.49 72637265 414003104.00
2025/05/23 5.32 5.48 5.05 5.08 50357530 262433312.00
2025/05/26 4.93 5.13 4.88 5.11 25731373 129619560.00
2025/05/27 5.11 6.13 5.09 6.13 86597033 496925152.00
2025/05/28 6.02 6.11 5.72 5.97 90340956 529374432.00
2025/05/29 5.85 5.87 5.70 5.81 52895133 305918368.00
2025/05/30 5.75 5.84 5.55 5.60 36725000 207114368.00
2025/06/03 5.64 5.89 5.53 5.82 51467606 295300672.00
2025/06/04 5.75 5.81 5.66 5.70 32490180 185594304.00
2025/06/05 5.68 5.78 5.54 5.61 27027300 152177440.00
2025/06/06 5.58 5.64 5.48 5.53 17172000 94974336.00
2025/06/09 5.57 5.70 5.55 5.68 23788400 134257424.00
2025/06/10 5.68 5.82 5.54 5.77 44565700 254685456.00
2025/06/11 5.72 6.11 5.66 6.03 61547050 366413728.00
2025/06/12 5.98 6.31 5.86 5.91 54534860 330324448.00
2025/06/13 5.91 5.96 5.50 5.53 43138700 242076384.00
2025/06/16 5.44 5.73 5.44 5.70 26878750 151764848.00
2025/06/17 5.73 5.77 5.54 5.59 20015536 111921192.00
2025/06/18 5.58 5.60 5.44 5.46 18423400 100880968.00
2025/06/19 5.47 5.50 5.27 5.31 19288300 103225536.00
2025/06/20 5.31 5.52 5.14 5.14 19072800 100792440.00
2025/06/23 5.09 5.41 5.06 5.41 18550127 98503928.00
2025/06/24 5.42 5.51 5.35 5.46 13477800 73362640.00
2025/06/25 5.46 5.54 5.37 5.46 16376600 89383280.00
2025/06/26 5.50 5.62 5.38 5.49 19216400 105828432.00
2025/06/27 5.45 5.68 5.41 5.53 21426600 118281896.00
2025/06/30 5.51 5.59 5.42 5.57 19191000 106198392.00
2025/07/01 5.57 5.60 5.40 5.52 16382600 89838216.00
2025/07/02 5.50 5.53 5.46 5.49 11593000 63562836.00
2025/07/03 5.50 5.52 5.41 5.46 9995800 54533876.00
2025/07/04 5.47 5.48 5.34 5.36 12169400 65657828.00
2025/07/07 5.36 5.51 5.35 5.48 11390800 62171860.00
2025/07/08 5.47 5.55 5.45 5.51 13212000 72760080.00
2025/07/09 5.51 5.64 5.46 5.54 14765800 82132160.00
2025/07/10 5.55 5.69 5.50 5.67 23076150 129768632.00
2025/07/11 5.66 5.66 5.42 5.54 22193000 122200672.00
2025/07/14 5.57 5.58 5.46 5.49 10770500 59258988.00
2025/07/15 5.46 5.48 5.22 5.31 17408700 92499904.00
2025/07/16 5.36 5.65 5.32 5.39 16620350 90573560.00
2025/07/17 5.37 5.54 5.34 5.48 17777410 96543936.00
2025/07/18 5.48 5.51 5.39 5.41 11079500 60141028.00
2025/07/21 5.41 5.49 5.39 5.47 10676464 58315308.00
2025/07/22 5.48 5.49 5.37 5.41 11610300 62920792.00
2025/07/23 5.40 5.41 5.29 5.33 12550600 67138304.00
2025/07/24 5.33 5.44 5.31 5.44 9052250 48993772.00
2025/07/25 5.42 5.48 5.38 5.47 9237450 50353100.00
2025/07/28 5.47 5.59 5.44 5.55 13058250 72203048.00
2025/07/29 5.54 5.59 5.40 5.48 10000600 54641968.00
2025/07/30 5.45 5.51 5.40 5.47 11173650 60916016.00
2025/07/31 5.44 5.51 5.35 5.37 10646335 57925400.00
2025/08/01 5.38 5.52 5.33 5.52 14923464 81670888.00
2025/08/04 5.48 5.60 5.36 5.58 14631499 80384832.00
2025/08/05 5.59 5.62 5.57 5.62 10988100 61445292.00
2025/08/06 5.63 5.66 5.56 5.66 10599899 59594944.00
2025/08/07 5.69 5.73 5.61 5.64 15576800 88270128.00
2025/08/08 5.65 5.66 5.50 5.56 11558900 64252736.00
2025/08/11 5.58 5.75 5.56 5.73 14401000 81880024.00
2025/08/12 5.81 5.83 5.68 5.71 13056000 74936088.00
2025/08/13 5.75 5.75 5.63 5.70 10983099 62456500.00
2025/08/14 5.68 5.71 5.53 5.53 13476900 75245416.00
2025/08/15 5.53 5.88 5.49 5.69 23485380 134330496.00
2025/08/18 5.78 5.96 5.68 5.91 24068628 140748880.00
2025/08/19 5.95 5.95 5.82 5.88 14479862 84947432.00
2025/08/20 5.88 6.12 5.82 6.11 23061812 138447584.00
2025/08/21 6.12 6.23 6.03 6.06 21866912 133753904.00
2025/08/22 6.08 6.09 5.90 6.01 18831300 112793792.00
2025/08/25 6.06 6.06 5.90 5.95 14631200 87168672.00
2025/08/26 6.03 6.03 5.88 5.99 11800200 70658984.00
2025/08/27 6.01 6.16 5.86 5.87 21337850 128982592.00
2025/08/28 5.89 6.04 5.50 5.80 23622800 136419872.00
2025/08/29 5.81 5.81 5.65 5.67 11757100 67030652.00
2025/09/01 5.67 5.82 5.61 5.71 14444600 82949952.00
2025/09/02 5.71 5.73 5.49 5.64 15501700 86626200.00
2025/09/03 5.65 5.68 5.38 5.42 12305800 68134368.00
2025/09/04 5.42 5.67 5.39 5.55 16994500 94359320.00
2025/09/05 5.55 5.61 5.40 5.59 11094500 61260264.00
2025/09/08 5.60 5.74 5.60 5.72 11676000 66397096.00
2025/09/09 5.76 5.76 5.61 5.65 10141100 57509252.00
2025/09/10 5.70 5.77 5.63 5.70 8310650 47378116.00
2025/09/11 5.70 5.70 5.53 5.69 11447300 64145096.00
2025/09/12 5.68 5.75 5.51 5.51 12590300 70264872.00
2025/09/15 5.50 5.59 5.45 5.57 10772300 59524784.00
2025/09/16 5.57 6.06 5.53 5.86 31523250 183562368.00
2025/09/17 5.84 5.89 5.75 5.77 17453200 101524360.00
2025/09/18 5.77 5.77 5.50 5.55 15265300 86126816.00
2025/09/19 5.60 5.81 5.43 5.50 17456800 97248352.00
2025/09/22 5.51 5.65 5.37 5.63 18721000 102814816.00
2025/09/23 5.57 5.60 5.16 5.37 21359100 113676848.00
2025/09/24 5.35 5.59 5.29 5.51 18023111 98861840.00
2025/09/25 5.50 5.85 5.45 5.67 23574750 134648704.00
2025/09/26 5.79 6.19 5.69 6.08 50123349 302443264.00
2025/09/29 6.09 6.55 5.98 6.45 56799780 356722368.00
2025/09/30 6.55 7.74 6.51 7.74 70395231 516515456.00
2025/10/09 8.20 8.74 7.80 8.39 88404485 738381952.00
2025/10/10 8.21 8.50 8.06 8.27 54051006 446814176.00
2025/10/13 8.20 8.39 7.86 8.19 45282430 370720960.00
2025/10/14 8.13 8.71 7.83 8.70 65642822 539310016.00
2025/10/15 8.49 8.49 7.48 7.72 59251576 463833056.00
2025/10/16 7.66 7.69 7.17 7.20 44589528 326619040.00
2025/10/17 7.64 8.16 7.13 7.14 54045576 409146432.00
2025/10/20 7.22 7.25 6.78 6.88 45117700 312866176.00
2025/10/21 6.89 7.14 6.83 7.09 31785554 223442352.00
2025/10/22 7.08 7.16 6.94 7.03 19139700 134371760.00
2025/10/23 7.05 7.06 6.78 6.93 18935600 129883736.00
2025/10/24 6.95 6.97 6.76 6.78 20019000 136984096.00
2025/10/27 6.84 7.03 6.81 6.94 25429200 176327568.00
2025/10/28 7.40 7.58 6.95 7.01 57486755 413902560.00
2025/10/29 6.94 7.34 6.86 7.26 43626400 311805568.00
2025/10/30 7.24 7.24 7.00 7.00 30174000 213595088.00
2025/10/31 7.05 7.45 7.05 7.36 39001400 284059680.00
2025/11/03 7.39 7.49 7.22 7.40 25004900 183588640.00
2025/11/04 7.36 7.68 7.28 7.56 31350000 234668608.00
2025/11/05 7.49 7.69 7.40 7.63 23561800 178910208.00
2025/11/06 7.58 7.63 7.44 7.58 20836650 156991024.00
2025/11/07 7.50 7.58 7.41 7.49 19945800 149149184.00
2025/11/10 7.51 7.68 7.46 7.60 19370000 147140256.00
2025/11/11 7.60 7.67 7.47 7.52 14607400 110239208.00
2025/11/12 7.52 7.55 7.37 7.40 12061800 89526496.00
2025/11/13 7.40 7.50 7.29 7.40 12669834 93631568.00
2025/11/14 7.32 8.50 7.32 7.74 56228856 444174016.00
2025/11/17 7.56 7.66 7.42 7.62 35383500 267950416.00
2025/11/18 7.66 8.03 7.52 7.89 46897184 368234944.00
2025/11/19 7.73 7.88 7.53 7.66 29638400 227493920.00
2025/11/20 7.68 7.70 7.42 7.52 20097800 150805952.00
2025/11/21 7.44 7.59 7.10 7.12 21469100 155587312.00
2025/11/24 7.20 7.30 7.00 7.23 14231000 101512736.00
2025/11/25 7.24 7.40 7.23 7.27 12683550 92873888.00
2025/11/26 7.25 7.65 7.25 7.40 24855600 184746144.00
2025/11/27 7.30 7.68 7.24 7.40 23996600 178566032.00
2025/11/28 7.40 7.50 7.25 7.45 18129500 134215312.00
2025/12/01 7.48 7.48 6.83 6.87 29844300 212163296.00
2025/12/02 6.88 7.16 6.83 7.09 23467026 164037648.00
2025/12/03 7.08 7.18 6.97 7.08 15581550 110383488.00
2025/12/04 7.09 7.09 6.68 6.86 16536100 113181088.00
2025/12/05 6.91 6.99 6.80 6.96 12888876 89251480.00
2025/12/08 6.98 7.26 6.97 7.17 17493500 125178944.00
2025/12/09 7.18 7.32 7.09 7.13 13076800 93757056.00
2025/12/10 7.13 7.45 7.13 7.35 25932850 190220384.00
2025/12/11 7.37 7.42 7.19 7.21 16753900 121926416.00
2025/12/12 7.20 7.26 7.07 7.15 13324800 95201136.00
2025/12/15 7.13 7.13 6.78 6.85 20238800 139279120.00
2025/12/16 6.85 6.91 6.52 6.55 12847000 85795904.00
2025/12/17 6.56 6.65 6.35 6.56 16191300 104929296.00
2025/12/18 6.53 6.76 6.50 6.60 12302200 81367584.00
2025/12/19 6.63 6.91 6.57 6.82 13145000 88643056.00
2025/12/22 6.82 6.89 6.71 6.73 12122250 82233960.00
2025/12/23 6.74 6.88 6.54 6.71 11819700 79004408.00
2025/12/24 6.67 6.78 6.65 6.76 6539450 44006524.00
2025/12/25 6.76 6.81 6.66 6.71 7510700 50448056.00
2025/12/26 6.71 6.72 6.40 6.42 17794400 116256776.00
2025/12/29 6.46 6.55 6.39 6.52 13864100 89719248.00
2025/12/30 6.48 6.49 6.22 6.35 13404500 85001008.00
2025/12/31 6.34 6.37 6.10 6.34 13081300 82178360.00
2026/01/05 6.34 6.44 6.31 6.36 12138700 77298272.00
2026/01/06 6.37 6.42 6.28 6.41 12525600 79800664.00
2026/01/07 6.38 6.42 6.21 6.31 13230050 83375592.00
2026/01/08 6.32 6.44 6.23 6.40 10978450 69745416.00
2026/01/09 6.40 6.49 6.30 6.46 14342600 91852528.00
2026/01/12 6.48 6.63 6.41 6.60 18356392 119961536.00
2026/01/13 6.64 6.72 6.47 6.51 17731650 117037672.00
2026/01/14 6.49 7.01 6.48 6.75 33116350 225137264.00
2026/01/15 6.68 6.70 6.39 6.43 21193700 138135216.00
2026/01/16 6.40 6.49 6.21 6.43 16992900 107819784.00
2026/01/19 6.40 6.50 6.35 6.45 10489800 67522296.00
2026/01/20 6.47 6.55 6.35 6.38 11852600 76214984.00
2026/01/21 6.35 6.45 6.31 6.45 9509850 61080412.00
2026/01/22 6.45 6.57 6.39 6.55 10393750 67635328.00
2026/01/23 6.63 6.83 6.53 6.80 20966500 139981664.00
2026/01/26 6.75 6.81 6.44 6.54 19827000 130422608.00
2026/01/27 6.51 6.85 6.49 6.80 28283676 190660720.00
2026/01/28 6.73 6.93 6.67 6.81 24819376 169110240.00
2026/01/29 6.80 6.98 6.61 6.76 22239100 152027760.00
2026/01/30 6.74 6.78 6.56 6.72 16798750 112019960.00
2026/02/02 6.69 7.00 6.68 6.78 21635950 148683312.00
2026/02/03 6.88 6.92 6.63 6.80 14695100 99560088.00
2026/02/04 6.79 6.80 6.63 6.67 12932912 86678704.00
2026/02/05 6.72 6.81 6.71 6.77 13076312 88445208.00
2026/02/06 6.70 6.88 6.56 6.78 13293500 89905320.00
2026/02/09 6.87 7.04 6.84 7.03 16829200 116886984.00
2026/02/10 7.08 7.14 6.99 7.06 13910898 98275408.00
2026/02/11 7.06 7.07 6.87 6.91 11056850 76769552.00
2026/02/12 6.94 6.96 6.76 6.78 11878800 81007840.00
2026/02/13 6.80 6.90 6.76 6.77 8206100 56031824.00
2026/02/24 6.83 7.15 6.79 7.06 15420499 107925328.00
2026/02/25 7.09 7.15 6.98 7.09 11029656 77874304.00
#Ъ§ОнРДдД:ЭЈДяаХ
